--------------------------------------------------------------------------------
CPU name:	Intel(R) Xeon(R) Gold 6132 CPU @ 2.60GHz
CPU type:	Intel Skylake SP processor
CPU clock:	2.59 GHz
--------------------------------------------------------------------------------
Region Setup, Group 1: MEM_DP
+-------------------+----------+----------+----------+----------+----------+----------+----------+----------+----------+----------+----------+----------+----------+----------+----------+----------+----------+----------+----------+----------+----------+----------+----------+----------+----------+----------+----------+----------+----------+----------+----------+
|    Region Info    |  Core 0  |  Core 1  |  Core 2  |  Core 3  |  Core 4  |  Core 5  |  Core 6  |  Core 7  |  Core 8  |  Core 9  |  Core 10 |  Core 11 |  Core 12 |  Core 13 |  Core 14 |  Core 15 |  Core 16 |  Core 17 |  Core 18 |  Core 19 |  Core 20 |  Core 21 |  Core 22 |  Core 23 |  Core 24 |  Core 25 |  Core 26 |  Core 27 |  Core 28 |  Core 29 |  Core 30 |
+-------------------+----------+----------+----------+----------+----------+----------+----------+----------+----------+----------+----------+----------+----------+----------+----------+----------+----------+----------+----------+----------+----------+----------+----------+----------+----------+----------+----------+----------+----------+----------+----------+
| RDTSC Runtime [s] | 6.077760 | 6.080887 | 6.080857 | 6.080863 | 6.080873 | 6.080836 | 6.080850 | 6.080826 | 6.080924 | 6.080846 | 6.080910 | 6.080908 | 6.080911 | 6.080779 | 6.077529 | 6.080834 | 6.080771 | 6.080763 | 6.080832 | 6.080851 | 6.080845 | 6.080850 | 6.080776 | 6.080817 | 6.080766 | 6.080873 | 6.080820 | 6.080882 | 6.077554 | 6.080789 | 6.080801 |
|     call count    |        2 |        2 |        2 |        2 |        2 |        2 |        2 |        2 |        2 |        2 |        2 |        2 |        2 |        2 |        2 |        2 |        2 |        2 |        2 |        2 |        2 |        2 |        2 |        2 |        2 |        2 |        2 |        2 |        2 |        2 |        2 |
+-------------------+----------+----------+----------+----------+----------+----------+----------+----------+----------+----------+----------+----------+----------+----------+----------+----------+----------+----------+----------+----------+----------+----------+----------+----------+----------+----------+----------+----------+----------+----------+----------+
+------------------------------------------+---------+------------+------------+------------+------------+------------+------------+------------+------------+------------+------------+------------+------------+------------+------------+------------+------------+------------+------------+------------+------------+------------+------------+------------+------------+------------+------------+------------+------------+------------+------------+------------+
|                   Event                  | Counter |   Core 0   |   Core 1   |   Core 2   |   Core 3   |   Core 4   |   Core 5   |   Core 6   |   Core 7   |   Core 8   |   Core 9   |   Core 10  |   Core 11  |   Core 12  |   Core 13  |   Core 14  |   Core 15  |   Core 16  |   Core 17  |   Core 18  |   Core 19  |   Core 20  |   Core 21  |   Core 22  |   Core 23  |   Core 24  |   Core 25  |   Core 26  |   Core 27  |   Core 28  |   Core 29  |   Core 30  |
+------------------------------------------+---------+------------+------------+------------+------------+------------+------------+------------+------------+------------+------------+------------+------------+------------+------------+------------+------------+------------+------------+------------+------------+------------+------------+------------+------------+------------+------------+------------+------------+------------+------------+------------+
|             INSTR_RETIRED_ANY            |  FIXC0  | 4013698000 | 1131219000 | 1129210000 | 1129255000 | 1129029000 | 1128199000 | 1129327000 | 1127961000 | 1124143000 | 1124616000 | 1125446000 | 1126134000 | 1125627000 | 1123940000 | 1109990000 | 1111045000 | 1107211000 | 1107700000 | 1106446000 | 1106312000 | 1104633000 | 1106398000 | 1104434000 | 1105571000 | 1105847000 | 1101970000 | 1101745000 | 1101955000 | 1102486000 | 1102874000 | 1097650000 |
|           CPU_CLK_UNHALTED_CORE          |  FIXC1  | 2865062000 | 1465150000 | 1453011000 | 1443917000 | 1470958000 | 1442832000 | 1477680000 | 1445211000 | 1442241000 | 1441430000 | 1465989000 | 1472177000 | 1469887000 | 1449304000 | 1201198000 | 1214515000 | 1214697000 | 1216450000 | 1200692000 | 1196683000 | 1171919000 | 1200144000 | 1168013000 | 1182732000 | 1198039000 | 1179242000 | 1174714000 | 1179354000 | 1187740000 | 1192342000 | 1093339000 |
|           CPU_CLK_UNHALTED_REF           |  FIXC2  | 3919386000 | 2006356000 | 1989727000 | 1977270000 | 2014281000 | 1975818000 | 2023495000 | 1979014000 | 1974838000 | 1973838000 | 2007441000 | 2015958000 | 2012931000 | 1984605000 | 1645131000 | 1663275000 | 1663656000 | 1665890000 | 1644331000 | 1638781000 | 1605012000 | 1643625000 | 1599594000 | 1619723000 | 1640944000 | 1614999000 | 1608738000 | 1615178000 | 1629474000 | 1635845000 | 1500106000 |
|              PWR_PKG_ENERGY              |   PWR0  |   224.8643 |          0 |          0 |          0 |          0 |          0 |          0 |          0 |          0 |          0 |          0 |          0 |          0 |          0 |   231.4895 |          0 |          0 |          0 |          0 |          0 |          0 |          0 |          0 |          0 |          0 |          0 |          0 |          0 |   194.9132 |          0 |          0 |
|              PWR_DRAM_ENERGY             |   PWR3  |    32.7926 |          0 |          0 |          0 |          0 |          0 |          0 |          0 |          0 |          0 |          0 |          0 |          0 |          0 |    24.1706 |          0 |          0 |          0 |          0 |          0 |          0 |          0 |          0 |          0 |          0 |          0 |          0 |          0 |    20.0686 |          0 |          0 |
| FP_ARITH_INST_RETIRED_128B_PACKED_DOUBLE |   PMC0  |     761098 |          0 |          0 |          0 |          0 |          0 |          0 |          0 |          0 |          0 |          0 |          0 |          0 |          0 |          0 |          0 |          0 |          0 |          0 |          0 |          0 |          0 |          0 |          0 |          0 |          0 |          0 |          0 |          0 |          0 |          0 |
|    FP_ARITH_INST_RETIRED_SCALAR_DOUBLE   |   PMC1  |  421006000 |  278395300 |  278206800 |  278351600 |  278080300 |  278232300 |  278080100 |  278173600 |  277143100 |  277241700 |  277143100 |  277241800 |  277146600 |  277100800 |  277001900 |  277099100 |  276983300 |  277081000 |  276968400 |  277067200 |  276970000 |  277068400 |  276970200 |  277067700 |  276970800 |  276119800 |  276119800 |  276119800 |  276119800 |  276119800 |  276118800 |
| FP_ARITH_INST_RETIRED_256B_PACKED_DOUBLE |   PMC2  |     402100 |          0 |          0 |          0 |          0 |          0 |          0 |          0 |          0 |          0 |          0 |          0 |          0 |          0 |          0 |          0 |          0 |          0 |          0 |          0 |          0 |          0 |          0 |          0 |          0 |          0 |          0 |          0 |          0 |          0 |          0 |
| FP_ARITH_INST_RETIRED_512B_PACKED_DOUBLE |   PMC3  |    8148557 |          0 |          0 |          0 |          0 |          0 |          0 |          0 |          0 |          0 |          0 |          0 |          0 |          0 |          0 |          0 |          0 |          0 |          0 |          0 |          0 |          0 |          0 |          0 |          0 |          0 |          0 |          0 |          0 |          0 |          0 |
|               CAS_COUNT_RD               | MBOX0C0 |   18700650 |          0 |          0 |          0 |          0 |          0 |          0 |          0 |          0 |          0 |          0 |          0 |          0 |          0 |    5283731 |          0 |          0 |          0 |          0 |          0 |          0 |          0 |          0 |          0 |          0 |          0 |          0 |          0 |     955077 |          0 |          0 |
|               CAS_COUNT_WR               | MBOX0C1 |   25667870 |          0 |          0 |          0 |          0 |          0 |          0 |          0 |          0 |          0 |          0 |          0 |          0 |          0 |    6813406 |          0 |          0 |          0 |          0 |          0 |          0 |          0 |          0 |          0 |          0 |          0 |          0 |          0 |    1269829 |          0 |          0 |
|               CAS_COUNT_RD               | MBOX1C0 |   18779130 |          0 |          0 |          0 |          0 |          0 |          0 |          0 |          0 |          0 |          0 |          0 |          0 |          0 |    8592174 |          0 |          0 |          0 |          0 |          0 |          0 |          0 |          0 |          0 |          0 |          0 |          0 |          0 |     946315 |          0 |          0 |
|               CAS_COUNT_WR               | MBOX1C1 |   25654540 |          0 |          0 |          0 |          0 |          0 |          0 |          0 |          0 |          0 |          0 |          0 |          0 |          0 |   10827790 |          0 |          0 |          0 |          0 |          0 |          0 |          0 |          0 |          0 |          0 |          0 |          0 |          0 |    1262812 |          0 |          0 |
|               CAS_COUNT_RD               | MBOX2C0 |   18795080 |          0 |          0 |          0 |          0 |          0 |          0 |          0 |          0 |          0 |          0 |          0 |          0 |          0 |    4779120 |          0 |          0 |          0 |          0 |          0 |          0 |          0 |          0 |          0 |          0 |          0 |          0 |          0 |     963628 |          0 |          0 |
|               CAS_COUNT_WR               | MBOX2C1 |   25636450 |          0 |          0 |          0 |          0 |          0 |          0 |          0 |          0 |          0 |          0 |          0 |          0 |          0 |    6168168 |          0 |          0 |          0 |          0 |          0 |          0 |          0 |          0 |          0 |          0 |          0 |          0 |          0 |    1282606 |          0 |          0 |
|               CAS_COUNT_RD               | MBOX3C0 |   18606150 |          0 |          0 |          0 |          0 |          0 |          0 |          0 |          0 |          0 |          0 |          0 |          0 |          0 |    4544473 |          0 |          0 |          0 |          0 |          0 |          0 |          0 |          0 |          0 |          0 |          0 |          0 |          0 |     813947 |          0 |          0 |
|               CAS_COUNT_WR               | MBOX3C1 |   25108380 |          0 |          0 |          0 |          0 |          0 |          0 |          0 |          0 |          0 |          0 |          0 |          0 |          0 |    6246566 |          0 |          0 |          0 |          0 |          0 |          0 |          0 |          0 |          0 |          0 |          0 |          0 |          0 |    1179404 |          0 |          0 |
|               CAS_COUNT_RD               | MBOX4C0 |   18561960 |          0 |          0 |          0 |          0 |          0 |          0 |          0 |          0 |          0 |          0 |          0 |          0 |          0 |    6856622 |          0 |          0 |          0 |          0 |          0 |          0 |          0 |          0 |          0 |          0 |          0 |          0 |          0 |     810297 |          0 |          0 |
|               CAS_COUNT_WR               | MBOX4C1 |   25115240 |          0 |          0 |          0 |          0 |          0 |          0 |          0 |          0 |          0 |          0 |          0 |          0 |          0 |    9348277 |          0 |          0 |          0 |          0 |          0 |          0 |          0 |          0 |          0 |          0 |          0 |          0 |          0 |    1176811 |          0 |          0 |
|               CAS_COUNT_RD               | MBOX5C0 |   18528820 |          0 |          0 |          0 |          0 |          0 |          0 |          0 |          0 |          0 |          0 |          0 |          0 |          0 |    4212358 |          0 |          0 |          0 |          0 |          0 |          0 |          0 |          0 |          0 |          0 |          0 |          0 |          0 |     822463 |          0 |          0 |
|               CAS_COUNT_WR               | MBOX5C1 |   25074000 |          0 |          0 |          0 |          0 |          0 |          0 |          0 |          0 |          0 |          0 |          0 |          0 |          0 |    5850073 |          0 |          0 |          0 |          0 |          0 |          0 |          0 |          0 |          0 |          0 |          0 |          0 |          0 |    1187443 |          0 |          0 |
+------------------------------------------+---------+------------+------------+------------+------------+------------+------------+------------+------------+------------+------------+------------+------------+------------+------------+------------+------------+------------+------------+------------+------------+------------+------------+------------+------------+------------+------------+------------+------------+------------+------------+------------+
+-----------------------------------------------+---------+-------------+------------+------------+--------------+
|                     Event                     | Counter |     Sum     |     Min    |     Max    |      Avg     |
+-----------------------------------------------+---------+-------------+------------+------------+--------------+
|             INSTR_RETIRED_ANY STAT            |  FIXC0  | 37452071000 | 1097650000 | 4013698000 | 1.208131e+09 |
|           CPU_CLK_UNHALTED_CORE STAT          |  FIXC1  | 41976662000 | 1093339000 | 2865062000 | 1.354086e+09 |
|           CPU_CLK_UNHALTED_REF STAT           |  FIXC2  | 57489260000 | 1500106000 | 3919386000 | 1.854492e+09 |
|              PWR_PKG_ENERGY STAT              |   PWR0  |    651.2670 |          0 |   231.4895 |      21.0086 |
|              PWR_DRAM_ENERGY STAT             |   PWR3  |     77.0318 |          0 |    32.7926 |       2.4849 |
| FP_ARITH_INST_RETIRED_128B_PACKED_DOUBLE STAT |   PMC0  |      761098 |          0 |     761098 |   24551.5484 |
|    FP_ARITH_INST_RETIRED_SCALAR_DOUBLE STAT   |   PMC1  |  8735508900 |  276118800 |  421006000 | 2.817906e+08 |
| FP_ARITH_INST_RETIRED_256B_PACKED_DOUBLE STAT |   PMC2  |      402100 |          0 |     402100 |   12970.9677 |
| FP_ARITH_INST_RETIRED_512B_PACKED_DOUBLE STAT |   PMC3  |     8148557 |          0 |    8148557 |  262856.6774 |
|               CAS_COUNT_RD STAT               | MBOX0C0 |    24939458 |          0 |   18700650 |  804498.6452 |
|               CAS_COUNT_WR STAT               | MBOX0C1 |    33751105 |          0 |   25667870 | 1.088745e+06 |
|               CAS_COUNT_RD STAT               | MBOX1C0 |    28317619 |          0 |   18779130 |  913471.5806 |
|               CAS_COUNT_WR STAT               | MBOX1C1 |    37745142 |          0 |   25654540 | 1.217585e+06 |
|               CAS_COUNT_RD STAT               | MBOX2C0 |    24537828 |          0 |   18795080 |  791542.8387 |
|               CAS_COUNT_WR STAT               | MBOX2C1 |    33087224 |          0 |   25636450 | 1.067330e+06 |
|               CAS_COUNT_RD STAT               | MBOX3C0 |    23964570 |          0 |   18606150 |  773050.6452 |
|               CAS_COUNT_WR STAT               | MBOX3C1 |    32534350 |          0 |   25108380 | 1.049495e+06 |
|               CAS_COUNT_RD STAT               | MBOX4C0 |    26228879 |          0 |   18561960 |  846092.8710 |
|               CAS_COUNT_WR STAT               | MBOX4C1 |    35640328 |          0 |   25115240 |      1149688 |
|               CAS_COUNT_RD STAT               | MBOX5C0 |    23563641 |          0 |   18528820 |  760117.4516 |
|               CAS_COUNT_WR STAT               | MBOX5C1 |    32111516 |          0 |   25074000 | 1.035855e+06 |
+-----------------------------------------------+---------+-------------+------------+------------+--------------+
+-----------------------------------+-----------+-----------+-----------+-----------+-----------+-----------+-----------+-----------+-----------+-----------+-----------+-----------+-----------+-----------+-----------+-----------+-----------+-----------+-----------+-----------+-----------+-----------+-----------+-----------+-----------+-----------+-----------+-----------+-----------+-----------+-----------+
|               Metric              |   Core 0  |   Core 1  |   Core 2  |   Core 3  |   Core 4  |   Core 5  |   Core 6  |   Core 7  |   Core 8  |   Core 9  |  Core 10  |  Core 11  |  Core 12  |  Core 13  |  Core 14  |  Core 15  |  Core 16  |  Core 17  |  Core 18  |  Core 19  |  Core 20  |  Core 21  |  Core 22  |  Core 23  |  Core 24  |  Core 25  |  Core 26  |  Core 27  |  Core 28  |  Core 29  |  Core 30  |
+-----------------------------------+-----------+-----------+-----------+-----------+-----------+-----------+-----------+-----------+-----------+-----------+-----------+-----------+-----------+-----------+-----------+-----------+-----------+-----------+-----------+-----------+-----------+-----------+-----------+-----------+-----------+-----------+-----------+-----------+-----------+-----------+-----------+
|        Runtime (RDTSC) [s]        |    6.0778 |    6.0809 |    6.0809 |    6.0809 |    6.0809 |    6.0808 |    6.0808 |    6.0808 |    6.0809 |    6.0808 |    6.0809 |    6.0809 |    6.0809 |    6.0808 |    6.0775 |    6.0808 |    6.0808 |    6.0808 |    6.0808 |    6.0809 |    6.0808 |    6.0808 |    6.0808 |    6.0808 |    6.0808 |    6.0809 |    6.0808 |    6.0809 |    6.0776 |    6.0808 |    6.0808 |
|        Runtime unhalted [s]       |    1.1046 |    0.5649 |    0.5602 |    0.5567 |    0.5671 |    0.5563 |    0.5697 |    0.5572 |    0.5560 |    0.5557 |    0.5652 |    0.5676 |    0.5667 |    0.5588 |    0.4631 |    0.4682 |    0.4683 |    0.4690 |    0.4629 |    0.4614 |    0.4518 |    0.4627 |    0.4503 |    0.4560 |    0.4619 |    0.4546 |    0.4529 |    0.4547 |    0.4579 |    0.4597 |    0.4215 |
|            Clock [MHz]            | 1896.0411 | 1894.1129 | 1894.1186 | 1894.1223 | 1894.1396 | 1894.0899 | 1894.1311 | 1894.1491 | 1894.2537 | 1894.1476 | 1894.1732 | 1894.1323 | 1894.0299 | 1894.1623 | 1893.8513 | 1893.9591 | 1893.8091 | 1893.9989 | 1893.9746 | 1894.0436 | 1893.8740 | 1893.9233 | 1893.9551 | 1893.9886 | 1893.6904 | 1893.9236 | 1893.9940 | 1893.8935 | 1890.6264 | 1890.5600 | 1890.4477 |
|                CPI                |    0.7138 |    1.2952 |    1.2868 |    1.2786 |    1.3029 |    1.2789 |    1.3085 |    1.2813 |    1.2830 |    1.2817 |    1.3026 |    1.3073 |    1.3058 |    1.2895 |    1.0822 |    1.0931 |    1.0971 |    1.0982 |    1.0852 |    1.0817 |    1.0609 |    1.0847 |    1.0576 |    1.0698 |    1.0834 |    1.0701 |    1.0662 |    1.0702 |    1.0773 |    1.0811 |    0.9961 |
|             Energy [J]            |  224.8643 |         0 |         0 |         0 |         0 |         0 |         0 |         0 |         0 |         0 |         0 |         0 |         0 |         0 |  231.4895 |         0 |         0 |         0 |         0 |         0 |         0 |         0 |         0 |         0 |         0 |         0 |         0 |         0 |  194.9132 |         0 |         0 |
|             Power [W]             |   36.9979 |         0 |         0 |         0 |         0 |         0 |         0 |         0 |         0 |         0 |         0 |         0 |         0 |         0 |   38.0894 |         0 |         0 |         0 |         0 |         0 |         0 |         0 |         0 |         0 |         0 |         0 |         0 |         0 |   32.0710 |         0 |         0 |
|          Energy DRAM [J]          |   32.7926 |         0 |         0 |         0 |         0 |         0 |         0 |         0 |         0 |         0 |         0 |         0 |         0 |         0 |   24.1706 |         0 |         0 |         0 |         0 |         0 |         0 |         0 |         0 |         0 |         0 |         0 |         0 |         0 |   20.0686 |         0 |         0 |
|           Power DRAM [W]          |    5.3955 |         0 |         0 |         0 |         0 |         0 |         0 |         0 |         0 |         0 |         0 |         0 |         0 |         0 |    3.9770 |         0 |         0 |         0 |         0 |         0 |         0 |         0 |         0 |         0 |         0 |         0 |         0 |         0 |    3.3021 |         0 |         0 |
|            DP [MFLOP/s]           |   80.5108 |   45.7820 |   45.7512 |   45.7750 |   45.7303 |   45.7556 |   45.7305 |   45.7460 |   45.5758 |   45.5926 |   45.5759 |   45.5922 |   45.5765 |   45.5700 |   45.5780 |   45.5693 |   45.5507 |   45.5668 |   45.5478 |   45.5639 |   45.5479 |   45.5641 |   45.5485 |   45.5642 |   45.5487 |   45.4079 |   45.4083 |   45.4079 |   45.4327 |   45.4085 |   45.4083 |
|          AVX DP [MFLOP/s]         |   10.9904 |         0 |         0 |         0 |         0 |         0 |         0 |         0 |         0 |         0 |         0 |         0 |         0 |         0 |         0 |         0 |         0 |         0 |         0 |         0 |         0 |         0 |         0 |         0 |         0 |         0 |         0 |         0 |         0 |         0 |         0 |
|          Packed [MUOPS/s]         |    1.5321 |         0 |         0 |         0 |         0 |         0 |         0 |         0 |         0 |         0 |         0 |         0 |         0 |         0 |         0 |         0 |         0 |         0 |         0 |         0 |         0 |         0 |         0 |         0 |         0 |         0 |         0 |         0 |         0 |         0 |         0 |
|          Scalar [MUOPS/s]         |   69.2699 |   45.7820 |   45.7512 |   45.7750 |   45.7303 |   45.7556 |   45.7305 |   45.7460 |   45.5758 |   45.5926 |   45.5759 |   45.5922 |   45.5765 |   45.5700 |   45.5780 |   45.5693 |   45.5507 |   45.5668 |   45.5478 |   45.5639 |   45.5479 |   45.5641 |   45.5485 |   45.5642 |   45.5487 |   45.4079 |   45.4083 |   45.4079 |   45.4327 |   45.4085 |   45.4083 |
|  Memory read bandwidth [MBytes/s] | 1179.0848 |         0 |         0 |         0 |         0 |         0 |         0 |         0 |         0 |         0 |         0 |         0 |         0 |         0 |  360.8675 |         0 |         0 |         0 |         0 |         0 |         0 |         0 |         0 |         0 |         0 |         0 |         0 |         0 |   55.9354 |         0 |         0 |
|  Memory read data volume [GBytes] |    7.1662 |         0 |         0 |         0 |         0 |         0 |         0 |         0 |         0 |         0 |         0 |         0 |         0 |         0 |    2.1932 |         0 |         0 |         0 |         0 |         0 |         0 |         0 |         0 |         0 |         0 |         0 |         0 |         0 |    0.3400 |         0 |         0 |
| Memory write bandwidth [MBytes/s] | 1603.2905 |         0 |         0 |         0 |         0 |         0 |         0 |         0 |         0 |         0 |         0 |         0 |         0 |         0 |  476.5545 |         0 |         0 |         0 |         0 |         0 |         0 |         0 |         0 |         0 |         0 |         0 |         0 |         0 |   77.4933 |         0 |         0 |
| Memory write data volume [GBytes] |    9.7444 |         0 |         0 |         0 |         0 |         0 |         0 |         0 |         0 |         0 |         0 |         0 |         0 |         0 |    2.8963 |         0 |         0 |         0 |         0 |         0 |         0 |         0 |         0 |         0 |         0 |         0 |         0 |         0 |    0.4710 |         0 |         0 |
|    Memory bandwidth [MBytes/s]    | 2782.3753 |         0 |         0 |         0 |         0 |         0 |         0 |         0 |         0 |         0 |         0 |         0 |         0 |         0 |  837.4220 |         0 |         0 |         0 |         0 |         0 |         0 |         0 |         0 |         0 |         0 |         0 |         0 |         0 |  133.4288 |         0 |         0 |
|    Memory data volume [GBytes]    |   16.9106 |         0 |         0 |         0 |         0 |         0 |         0 |         0 |         0 |         0 |         0 |         0 |         0 |         0 |    5.0895 |         0 |         0 |         0 |         0 |         0 |         0 |         0 |         0 |         0 |         0 |         0 |         0 |         0 |    0.8109 |         0 |         0 |
|       Operational intensity       |    0.0289 |    0.0165 |    0.0165 |    0.0165 |    0.0164 |    0.0165 |    0.0164 |    0.0164 |    0.0164 |    0.0164 |    0.0164 |    0.0164 |    0.0164 |    0.0164 |    0.0544 |    0.0544 |    0.0544 |    0.0544 |    0.0544 |    0.0544 |    0.0544 |    0.0544 |    0.0544 |    0.0544 |    0.0544 |    0.0543 |    0.0543 |    0.0543 |    0.3405 |    0.3405 |    0.3405 |
+-----------------------------------+-----------+-----------+-----------+-----------+-----------+-----------+-----------+-----------+-----------+-----------+-----------+-----------+-----------+-----------+-----------+-----------+-----------+-----------+-----------+-----------+-----------+-----------+-----------+-----------+-----------+-----------+-----------+-----------+-----------+-----------+-----------+
+----------------------------------------+------------+-----------+-----------+-----------+
|                 Metric                 |     Sum    |    Min    |    Max    |    Avg    |
+----------------------------------------+------------+-----------+-----------+-----------+
|        Runtime (RDTSC) [s] STAT        |   188.4964 |    6.0775 |    6.0809 |    6.0805 |
|        Runtime unhalted [s] STAT       |    16.1836 |    0.4215 |    1.1046 |    0.5221 |
|            Clock [MHz] STAT            | 58706.3168 | 1890.4477 | 1896.0411 | 1893.7522 |
|                CPI STAT                |    35.7708 |    0.7138 |    1.3085 |    1.1539 |
|             Energy [J] STAT            |   651.2670 |         0 |  231.4895 |   21.0086 |
|             Power [W] STAT             |   107.1583 |         0 |   38.0894 |    3.4567 |
|          Energy DRAM [J] STAT          |    77.0318 |         0 |   32.7926 |    2.4849 |
|           Power DRAM [W] STAT          |    12.6746 |         0 |    5.3955 |    0.4089 |
|            DP [MFLOP/s] STAT           |  1447.8879 |   45.4079 |   80.5108 |   46.7061 |
|          AVX DP [MFLOP/s] STAT         |    10.9904 |         0 |   10.9904 |    0.3545 |
|          Packed [MUOPS/s] STAT         |     1.5321 |         0 |    1.5321 |    0.0494 |
|          Scalar [MUOPS/s] STAT         |  1436.6470 |   45.4079 |   69.2699 |   46.3435 |
|  Memory read bandwidth [MBytes/s] STAT |  1595.8877 |         0 | 1179.0848 |   51.4802 |
|  Memory read data volume [GBytes] STAT |     9.6994 |         0 |    7.1662 |    0.3129 |
| Memory write bandwidth [MBytes/s] STAT |  2157.3383 |         0 | 1603.2905 |   69.5916 |
| Memory write data volume [GBytes] STAT |    13.1117 |         0 |    9.7444 |    0.4230 |
|    Memory bandwidth [MBytes/s] STAT    |  3753.2261 |         0 | 2782.3753 |  121.0718 |
|    Memory data volume [GBytes] STAT    |    22.8110 |         0 |   16.9106 |    0.7358 |
|       Operational intensity STAT       |     2.0253 |    0.0164 |    0.3405 |    0.0653 |
+----------------------------------------+------------+-----------+-----------+-----------+
--------------------------------------------------------------------------------
CPU name:	Intel(R) Xeon(R) Gold 6132 CPU @ 2.60GHz
CPU type:	Intel Skylake SP processor
CPU clock:	2.59 GHz
--------------------------------------------------------------------------------
Region Solve, Group 1: MEM_DP
+-------------------+-----------+-----------+-----------+-----------+-----------+-----------+-----------+-----------+-----------+-----------+-----------+-----------+-----------+-----------+-----------+-----------+-----------+-----------+-----------+-----------+-----------+-----------+-----------+-----------+-----------+-----------+-----------+-----------+-----------+-----------+-----------+
|    Region Info    |   Core 0  |   Core 1  |   Core 2  |   Core 3  |   Core 4  |   Core 5  |   Core 6  |   Core 7  |   Core 8  |   Core 9  |  Core 10  |  Core 11  |  Core 12  |  Core 13  |  Core 14  |  Core 15  |  Core 16  |  Core 17  |  Core 18  |  Core 19  |  Core 20  |  Core 21  |  Core 22  |  Core 23  |  Core 24  |  Core 25  |  Core 26  |  Core 27  |  Core 28  |  Core 29  |  Core 30  |
+-------------------+-----------+-----------+-----------+-----------+-----------+-----------+-----------+-----------+-----------+-----------+-----------+-----------+-----------+-----------+-----------+-----------+-----------+-----------+-----------+-----------+-----------+-----------+-----------+-----------+-----------+-----------+-----------+-----------+-----------+-----------+-----------+
| RDTSC Runtime [s] | 35.779080 | 35.781070 | 35.781070 | 35.781070 | 35.781070 | 35.781070 | 35.781070 | 35.781070 | 35.781070 | 35.781070 | 35.781070 | 35.781070 | 35.781070 | 35.781070 | 35.779080 | 35.781060 | 35.781060 | 35.781060 | 35.781060 | 35.781060 | 35.781060 | 35.781060 | 35.781060 | 35.781060 | 35.781060 | 35.781060 | 35.781060 | 35.781060 | 35.779070 | 35.781060 | 35.781060 |
|     call count    |         1 |         1 |         1 |         1 |         1 |         1 |         1 |         1 |         1 |         1 |         1 |         1 |         1 |         1 |         1 |         1 |         1 |         1 |         1 |         1 |         1 |         1 |         1 |         1 |         1 |         1 |         1 |         1 |         1 |         1 |         1 |
+-------------------+-----------+-----------+-----------+-----------+-----------+-----------+-----------+-----------+-----------+-----------+-----------+-----------+-----------+-----------+-----------+-----------+-----------+-----------+-----------+-----------+-----------+-----------+-----------+-----------+-----------+-----------+-----------+-----------+-----------+-----------+-----------+
+------------------------------------------+---------+--------------+--------------+--------------+--------------+--------------+--------------+--------------+--------------+--------------+--------------+--------------+--------------+--------------+--------------+--------------+--------------+--------------+--------------+--------------+--------------+--------------+--------------+--------------+--------------+--------------+--------------+--------------+--------------+--------------+--------------+--------------+
|                   Event                  | Counter |    Core 0    |    Core 1    |    Core 2    |    Core 3    |    Core 4    |    Core 5    |    Core 6    |    Core 7    |    Core 8    |    Core 9    |    Core 10   |    Core 11   |    Core 12   |    Core 13   |    Core 14   |    Core 15   |    Core 16   |    Core 17   |    Core 18   |    Core 19   |    Core 20   |    Core 21   |    Core 22   |    Core 23   |    Core 24   |    Core 25   |    Core 26   |    Core 27   |    Core 28   |    Core 29   |    Core 30   |
+------------------------------------------+---------+--------------+--------------+--------------+--------------+--------------+--------------+--------------+--------------+--------------+--------------+--------------+--------------+--------------+--------------+--------------+--------------+--------------+--------------+--------------+--------------+--------------+--------------+--------------+--------------+--------------+--------------+--------------+--------------+--------------+--------------+--------------+
|             INSTR_RETIRED_ANY            |  FIXC0  | 123186900000 | 115407700000 | 115907500000 | 116285000000 | 115908000000 | 115578900000 | 114635300000 | 114890100000 | 113522800000 | 113566300000 | 113934200000 | 114261300000 | 113900900000 | 113386700000 | 113306100000 | 112746200000 | 113291400000 | 113348400000 | 113662300000 | 113982500000 | 113620700000 | 113237300000 | 113170300000 | 114314700000 | 114017100000 | 114585900000 | 114932800000 | 115034700000 | 114724000000 | 114238200000 | 113766000000 |
|           CPU_CLK_UNHALTED_CORE          |  FIXC1  |  55515680000 |  62745010000 |  62716000000 |  62771690000 |  62769510000 |  62726420000 |  62838370000 |  62905140000 |  62937210000 |  62933220000 |  62925440000 |  62956680000 |  62947770000 |  62925480000 |  62739400000 |  62725880000 |  62759310000 |  62745080000 |  62734400000 |  62699340000 |  62671930000 |  62681800000 |  62654620000 |  62664210000 |  62665520000 |  62670680000 |  62673430000 |  62676920000 |  62650460000 |  62647320000 |  62833300000 |
|           CPU_CLK_UNHALTED_REF           |  FIXC2  |  75968840000 |  85862140000 |  85822460000 |  85898660000 |  85895660000 |  85836660000 |  85989760000 |  86081240000 |  86125190000 |  86119710000 |  86109060000 |  86151790000 |  86139620000 |  86109090000 |  85873880000 |  85855790000 |  85901060000 |  85881690000 |  85866880000 |  85819250000 |  85781530000 |  85795380000 |  85757930000 |  85770970000 |  85772770000 |  85780130000 |  85783590000 |  85788640000 |  85752810000 |  85748630000 |  86002440000 |
|              PWR_PKG_ENERGY              |   PWR0  |    2408.4620 |            0 |            0 |            0 |            0 |            0 |            0 |            0 |            0 |            0 |            0 |            0 |            0 |            0 |    2538.9890 |            0 |            0 |            0 |            0 |            0 |            0 |            0 |            0 |            0 |            0 |            0 |            0 |            0 |    1535.1050 |            0 |            0 |
|              PWR_DRAM_ENERGY             |   PWR3  |     359.8060 |            0 |            0 |            0 |            0 |            0 |            0 |            0 |            0 |            0 |            0 |            0 |            0 |            0 |     364.0289 |            0 |            0 |            0 |            0 |            0 |            0 |            0 |            0 |            0 |            0 |            0 |            0 |            0 |     200.6229 |            0 |            0 |
| FP_ARITH_INST_RETIRED_128B_PACKED_DOUBLE |   PMC0  |       714138 |            0 |            0 |            0 |            0 |            0 |            0 |            0 |            0 |            0 |            0 |            0 |            0 |            0 |            0 |            0 |            0 |            0 |            0 |            0 |            0 |            0 |            0 |            0 |            0 |            0 |            0 |            0 |            0 |            0 |            0 |
|    FP_ARITH_INST_RETIRED_SCALAR_DOUBLE   |   PMC1  |  30715970000 |  31003130000 |  31424870000 |  31765680000 |  31611420000 |  31289800000 |  30894700000 |  30994540000 |  30624090000 |  30632720000 |  30732890000 |  30762460000 |  30429710000 |  30116200000 |  30123000000 |  29986510000 |  30117440000 |  30116480000 |  30389560000 |  30688800000 |  30650070000 |  30547700000 |  30534480000 |  30830260000 |  30734420000 |  31030550000 |  31367580000 |  31471970000 |  31143090000 |  30734670000 |  30551580000 |
| FP_ARITH_INST_RETIRED_256B_PACKED_DOUBLE |   PMC2  |      1138324 |            0 |            0 |            0 |            0 |            0 |            0 |            0 |            0 |            0 |            0 |            0 |            0 |            0 |            0 |            0 |            0 |            0 |            0 |            0 |            0 |            0 |            0 |            0 |            0 |            0 |            0 |            0 |            0 |            0 |            0 |
| FP_ARITH_INST_RETIRED_512B_PACKED_DOUBLE |   PMC3  |     10452010 |            0 |            0 |            0 |            0 |            0 |            0 |            0 |            0 |            0 |            0 |            0 |            0 |            0 |            0 |            0 |            0 |            0 |            0 |            0 |            0 |            0 |            0 |            0 |            0 |            0 |            0 |            0 |            0 |            0 |            0 |
|               CAS_COUNT_RD               | MBOX0C0 |   1168547000 |            0 |            0 |            0 |            0 |            0 |            0 |            0 |            0 |            0 |            0 |            0 |            0 |            0 |   1196013000 |            0 |            0 |            0 |            0 |            0 |            0 |            0 |            0 |            0 |            0 |            0 |            0 |            0 |    277151000 |            0 |            0 |
|               CAS_COUNT_WR               | MBOX0C1 |    303680800 |            0 |            0 |            0 |            0 |            0 |            0 |            0 |            0 |            0 |            0 |            0 |            0 |            0 |    326338300 |            0 |            0 |            0 |            0 |            0 |            0 |            0 |            0 |            0 |            0 |            0 |            0 |            0 |     69789070 |            0 |            0 |
|               CAS_COUNT_RD               | MBOX1C0 |   1168489000 |            0 |            0 |            0 |            0 |            0 |            0 |            0 |            0 |            0 |            0 |            0 |            0 |            0 |   1198401000 |            0 |            0 |            0 |            0 |            0 |            0 |            0 |            0 |            0 |            0 |            0 |            0 |            0 |    277274800 |            0 |            0 |
|               CAS_COUNT_WR               | MBOX1C1 |    303445200 |            0 |            0 |            0 |            0 |            0 |            0 |            0 |            0 |            0 |            0 |            0 |            0 |            0 |    329643500 |            0 |            0 |            0 |            0 |            0 |            0 |            0 |            0 |            0 |            0 |            0 |            0 |            0 |     69836000 |            0 |            0 |
|               CAS_COUNT_RD               | MBOX2C0 |   1168974000 |            0 |            0 |            0 |            0 |            0 |            0 |            0 |            0 |            0 |            0 |            0 |            0 |            0 |   1195876000 |            0 |            0 |            0 |            0 |            0 |            0 |            0 |            0 |            0 |            0 |            0 |            0 |            0 |    277273800 |            0 |            0 |
|               CAS_COUNT_WR               | MBOX2C1 |    303868900 |            0 |            0 |            0 |            0 |            0 |            0 |            0 |            0 |            0 |            0 |            0 |            0 |            0 |    325837700 |            0 |            0 |            0 |            0 |            0 |            0 |            0 |            0 |            0 |            0 |            0 |            0 |            0 |     69866890 |            0 |            0 |
|               CAS_COUNT_RD               | MBOX3C0 |   1167403000 |            0 |            0 |            0 |            0 |            0 |            0 |            0 |            0 |            0 |            0 |            0 |            0 |            0 |   1193096000 |            0 |            0 |            0 |            0 |            0 |            0 |            0 |            0 |            0 |            0 |            0 |            0 |            0 |    275191900 |            0 |            0 |
|               CAS_COUNT_WR               | MBOX3C1 |    302131200 |            0 |            0 |            0 |            0 |            0 |            0 |            0 |            0 |            0 |            0 |            0 |            0 |            0 |    323622800 |            0 |            0 |            0 |            0 |            0 |            0 |            0 |            0 |            0 |            0 |            0 |            0 |            0 |     68857740 |            0 |            0 |
|               CAS_COUNT_RD               | MBOX4C0 |   1166982000 |            0 |            0 |            0 |            0 |            0 |            0 |            0 |            0 |            0 |            0 |            0 |            0 |            0 |   1194199000 |            0 |            0 |            0 |            0 |            0 |            0 |            0 |            0 |            0 |            0 |            0 |            0 |            0 |    275109800 |            0 |            0 |
|               CAS_COUNT_WR               | MBOX4C1 |    301959000 |            0 |            0 |            0 |            0 |            0 |            0 |            0 |            0 |            0 |            0 |            0 |            0 |            0 |    325497200 |            0 |            0 |            0 |            0 |            0 |            0 |            0 |            0 |            0 |            0 |            0 |            0 |            0 |     68862990 |            0 |            0 |
|               CAS_COUNT_RD               | MBOX5C0 |   1167146000 |            0 |            0 |            0 |            0 |            0 |            0 |            0 |            0 |            0 |            0 |            0 |            0 |            0 |   1192791000 |            0 |            0 |            0 |            0 |            0 |            0 |            0 |            0 |            0 |            0 |            0 |            0 |            0 |    275198100 |            0 |            0 |
|               CAS_COUNT_WR               | MBOX5C1 |    302090200 |            0 |            0 |            0 |            0 |            0 |            0 |            0 |            0 |            0 |            0 |            0 |            0 |            0 |    323480700 |            0 |            0 |            0 |            0 |            0 |            0 |            0 |            0 |            0 |            0 |            0 |            0 |            0 |     68848040 |            0 |            0 |
+------------------------------------------+---------+--------------+--------------+--------------+--------------+--------------+--------------+--------------+--------------+--------------+--------------+--------------+--------------+--------------+--------------+--------------+--------------+--------------+--------------+--------------+--------------+--------------+--------------+--------------+--------------+--------------+--------------+--------------+--------------+--------------+--------------+--------------+
+-----------------------------------------------+---------+---------------+--------------+--------------+--------------+
|                     Event                     | Counter |      Sum      |      Min     |      Max     |      Avg     |
+-----------------------------------------------+---------+---------------+--------------+--------------+--------------+
|             INSTR_RETIRED_ANY STAT            |  FIXC0  | 3550350200000 | 112746200000 | 123186900000 | 1.145274e+11 |
|           CPU_CLK_UNHALTED_CORE STAT          |  FIXC1  | 1938507220000 |  55515680000 |  62956680000 | 6.253249e+10 |
|           CPU_CLK_UNHALTED_REF STAT           |  FIXC2  | 2653043250000 |  75968840000 |  86151790000 | 8.558204e+10 |
|              PWR_PKG_ENERGY STAT              |   PWR0  |     6482.5560 |            0 |    2538.9890 |     209.1147 |
|              PWR_DRAM_ENERGY STAT             |   PWR3  |      924.4578 |            0 |     364.0289 |      29.8212 |
| FP_ARITH_INST_RETIRED_128B_PACKED_DOUBLE STAT |   PMC0  |        714138 |            0 |       714138 |   23036.7097 |
|    FP_ARITH_INST_RETIRED_SCALAR_DOUBLE STAT   |   PMC1  |  954016340000 |  29986510000 |  31765680000 | 3.077472e+10 |
| FP_ARITH_INST_RETIRED_256B_PACKED_DOUBLE STAT |   PMC2  |       1138324 |            0 |      1138324 |   36720.1290 |
| FP_ARITH_INST_RETIRED_512B_PACKED_DOUBLE STAT |   PMC3  |      10452010 |            0 |     10452010 |  337161.6129 |
|               CAS_COUNT_RD STAT               | MBOX0C0 |    2641711000 |            0 |   1196013000 | 8.521648e+07 |
|               CAS_COUNT_WR STAT               | MBOX0C1 |     699808170 |            0 |    326338300 | 2.257446e+07 |
|               CAS_COUNT_RD STAT               | MBOX1C0 |    2644164800 |            0 |   1198401000 | 8.529564e+07 |
|               CAS_COUNT_WR STAT               | MBOX1C1 |     702924700 |            0 |    329643500 | 2.267499e+07 |
|               CAS_COUNT_RD STAT               | MBOX2C0 |    2642123800 |            0 |   1195876000 |     85229800 |
|               CAS_COUNT_WR STAT               | MBOX2C1 |     699573490 |            0 |    325837700 | 2.256689e+07 |
|               CAS_COUNT_RD STAT               | MBOX3C0 |    2635690900 |            0 |   1193096000 | 8.502229e+07 |
|               CAS_COUNT_WR STAT               | MBOX3C1 |     694611740 |            0 |    323622800 | 2.240683e+07 |
|               CAS_COUNT_RD STAT               | MBOX4C0 |    2636290800 |            0 |   1194199000 | 8.504164e+07 |
|               CAS_COUNT_WR STAT               | MBOX4C1 |     696319190 |            0 |    325497200 | 2.246191e+07 |
|               CAS_COUNT_RD STAT               | MBOX5C0 |    2635135100 |            0 |   1192791000 | 8.500436e+07 |
|               CAS_COUNT_WR STAT               | MBOX5C1 |     694418940 |            0 |    323480700 | 2.240061e+07 |
+-----------------------------------------------+---------+---------------+--------------+--------------+--------------+
+-----------------------------------+------------+-----------+-----------+-----------+-----------+-----------+-----------+-----------+-----------+-----------+-----------+-----------+-----------+-----------+------------+-----------+-----------+-----------+-----------+-----------+-----------+-----------+-----------+-----------+-----------+-----------+-----------+-----------+-----------+-----------+-----------+
|               Metric              |   Core 0   |   Core 1  |   Core 2  |   Core 3  |   Core 4  |   Core 5  |   Core 6  |   Core 7  |   Core 8  |   Core 9  |  Core 10  |  Core 11  |  Core 12  |  Core 13  |   Core 14  |  Core 15  |  Core 16  |  Core 17  |  Core 18  |  Core 19  |  Core 20  |  Core 21  |  Core 22  |  Core 23  |  Core 24  |  Core 25  |  Core 26  |  Core 27  |  Core 28  |  Core 29  |  Core 30  |
+-----------------------------------+------------+-----------+-----------+-----------+-----------+-----------+-----------+-----------+-----------+-----------+-----------+-----------+-----------+-----------+------------+-----------+-----------+-----------+-----------+-----------+-----------+-----------+-----------+-----------+-----------+-----------+-----------+-----------+-----------+-----------+-----------+
|        Runtime (RDTSC) [s]        |    35.7791 |   35.7811 |   35.7811 |   35.7811 |   35.7811 |   35.7811 |   35.7811 |   35.7811 |   35.7811 |   35.7811 |   35.7811 |   35.7811 |   35.7811 |   35.7811 |    35.7791 |   35.7811 |   35.7811 |   35.7811 |   35.7811 |   35.7811 |   35.7811 |   35.7811 |   35.7811 |   35.7811 |   35.7811 |   35.7811 |   35.7811 |   35.7811 |   35.7791 |   35.7811 |   35.7811 |
|        Runtime unhalted [s]       |    21.4035 |   24.1906 |   24.1795 |   24.2009 |   24.2001 |   24.1835 |   24.2266 |   24.2524 |   24.2647 |   24.2632 |   24.2602 |   24.2723 |   24.2688 |   24.2602 |    24.1885 |   24.1833 |   24.1962 |   24.1907 |   24.1866 |   24.1730 |   24.1625 |   24.1663 |   24.1558 |   24.1595 |   24.1600 |   24.1620 |   24.1630 |   24.1644 |   24.1542 |   24.1530 |   24.2247 |
|            Clock [MHz]            |  1895.4483 | 1895.4366 | 1895.4362 | 1895.4363 | 1895.4367 | 1895.4375 | 1895.4396 | 1895.4372 | 1895.4357 | 1895.4362 | 1895.4363 | 1895.4367 | 1895.4362 | 1895.4368 |  1895.0080 | 1894.9988 | 1895.0096 | 1895.0072 | 1895.0114 | 1895.0035 | 1895.0080 | 1895.0005 | 1895.0060 | 1895.0079 | 1895.0077 | 1895.0011 | 1895.0079 | 1895.0018 | 1894.9933 | 1894.9907 | 1895.0072 |
|                CPI                |     0.4507 |    0.5437 |    0.5411 |    0.5398 |    0.5415 |    0.5427 |    0.5482 |    0.5475 |    0.5544 |    0.5542 |    0.5523 |    0.5510 |    0.5527 |    0.5550 |     0.5537 |    0.5563 |    0.5540 |    0.5536 |    0.5519 |    0.5501 |    0.5516 |    0.5535 |    0.5536 |    0.5482 |    0.5496 |    0.5469 |    0.5453 |    0.5449 |    0.5461 |    0.5484 |    0.5523 |
|             Energy [J]            |  2408.4620 |         0 |         0 |         0 |         0 |         0 |         0 |         0 |         0 |         0 |         0 |         0 |         0 |         0 |  2538.9890 |         0 |         0 |         0 |         0 |         0 |         0 |         0 |         0 |         0 |         0 |         0 |         0 |         0 | 1535.1050 |         0 |         0 |
|             Power [W]             |    67.3148 |         0 |         0 |         0 |         0 |         0 |         0 |         0 |         0 |         0 |         0 |         0 |         0 |         0 |    70.9629 |         0 |         0 |         0 |         0 |         0 |         0 |         0 |         0 |         0 |         0 |         0 |         0 |         0 |   42.9051 |         0 |         0 |
|          Energy DRAM [J]          |   359.8060 |         0 |         0 |         0 |         0 |         0 |         0 |         0 |         0 |         0 |         0 |         0 |         0 |         0 |   364.0289 |         0 |         0 |         0 |         0 |         0 |         0 |         0 |         0 |         0 |         0 |         0 |         0 |         0 |  200.6229 |         0 |         0 |
|           Power DRAM [W]          |    10.0563 |         0 |         0 |         0 |         0 |         0 |         0 |         0 |         0 |         0 |         0 |         0 |         0 |         0 |    10.1744 |         0 |         0 |         0 |         0 |         0 |         0 |         0 |         0 |         0 |         0 |         0 |         0 |         0 |    5.6073 |         0 |         0 |
|            DP [MFLOP/s]           |   860.9938 |  866.4674 |  878.2541 |  887.7789 |  883.4677 |  874.4792 |  863.4370 |  866.2273 |  855.8741 |  856.1153 |  858.9148 |  859.7412 |  850.4416 |  841.6797 |   841.9166 |  838.0554 |  841.7146 |  841.6878 |  849.3197 |  857.6828 |  856.6004 |  853.7394 |  853.3699 |  861.6363 |  858.9578 |  867.2340 |  876.6532 |  879.5706 |  870.4276 |  858.9648 |  853.8478 |
|          AVX DP [MFLOP/s]         |     2.4643 |         0 |         0 |         0 |         0 |         0 |         0 |         0 |         0 |         0 |         0 |         0 |         0 |         0 |          0 |         0 |         0 |         0 |         0 |         0 |         0 |         0 |         0 |         0 |         0 |         0 |         0 |         0 |         0 |         0 |         0 |
|          Packed [MUOPS/s]         |     0.3439 |         0 |         0 |         0 |         0 |         0 |         0 |         0 |         0 |         0 |         0 |         0 |         0 |         0 |          0 |         0 |         0 |         0 |         0 |         0 |         0 |         0 |         0 |         0 |         0 |         0 |         0 |         0 |         0 |         0 |         0 |
|          Scalar [MUOPS/s]         |   858.4897 |  866.4674 |  878.2541 |  887.7789 |  883.4677 |  874.4792 |  863.4370 |  866.2273 |  855.8741 |  856.1153 |  858.9148 |  859.7412 |  850.4416 |  841.6797 |   841.9166 |  838.0554 |  841.7146 |  841.6878 |  849.3197 |  857.6828 |  856.6004 |  853.7394 |  853.3699 |  861.6363 |  858.9578 |  867.2340 |  876.6532 |  879.5706 |  870.4276 |  858.9648 |  853.8478 |
|  Memory read bandwidth [MBytes/s] | 12534.7724 |         0 |         0 |         0 |         0 |         0 |         0 |         0 |         0 |         0 |         0 |         0 |         0 |         0 | 12826.0443 |         0 |         0 |         0 |         0 |         0 |         0 |         0 |         0 |         0 |         0 |         0 |         0 |         0 | 2964.3242 |         0 |         0 |
|  Memory read data volume [GBytes] |   448.4826 |         0 |         0 |         0 |         0 |         0 |         0 |         0 |         0 |         0 |         0 |         0 |         0 |         0 |   458.9041 |         0 |         0 |         0 |         0 |         0 |         0 |         0 |         0 |         0 |         0 |         0 |         0 |         0 |  106.0608 |         0 |         0 |
| Memory write bandwidth [MBytes/s] |  3250.4810 |         0 |         0 |         0 |         0 |         0 |         0 |         0 |         0 |         0 |         0 |         0 |         0 |         0 |  3495.9785 |         0 |         0 |         0 |         0 |         0 |         0 |         0 |         0 |         0 |         0 |         0 |         0 |         0 |  744.2308 |         0 |         0 |
| Memory write data volume [GBytes] |   116.2992 |         0 |         0 |         0 |         0 |         0 |         0 |         0 |         0 |         0 |         0 |         0 |         0 |         0 |   125.0829 |         0 |         0 |         0 |         0 |         0 |         0 |         0 |         0 |         0 |         0 |         0 |         0 |         0 |   26.6279 |         0 |         0 |
|    Memory bandwidth [MBytes/s]    | 15785.2534 |         0 |         0 |         0 |         0 |         0 |         0 |         0 |         0 |         0 |         0 |         0 |         0 |         0 | 16322.0227 |         0 |         0 |         0 |         0 |         0 |         0 |         0 |         0 |         0 |         0 |         0 |         0 |         0 | 3708.5550 |         0 |         0 |
|    Memory data volume [GBytes]    |   564.7818 |         0 |         0 |         0 |         0 |         0 |         0 |         0 |         0 |         0 |         0 |         0 |         0 |         0 |   583.9870 |         0 |         0 |         0 |         0 |         0 |         0 |         0 |         0 |         0 |         0 |         0 |         0 |         0 |  132.6886 |         0 |         0 |
|       Operational intensity       |     0.0545 |    0.0549 |    0.0556 |    0.0562 |    0.0560 |    0.0554 |    0.0547 |    0.0549 |    0.0542 |    0.0542 |    0.0544 |    0.0545 |    0.0539 |    0.0533 |     0.0516 |    0.0513 |    0.0516 |    0.0516 |    0.0520 |    0.0526 |    0.0525 |    0.0523 |    0.0523 |    0.0528 |    0.0526 |    0.0531 |    0.0537 |    0.0539 |    0.2347 |    0.2316 |    0.2303 |
+-----------------------------------+------------+-----------+-----------+-----------+-----------+-----------+-----------+-----------+-----------+-----------+-----------+-----------+-----------+-----------+------------+-----------+-----------+-----------+-----------+-----------+-----------+-----------+-----------+-----------+-----------+-----------+-----------+-----------+-----------+-----------+-----------+
+----------------------------------------+------------+-----------+------------+-----------+
|                 Metric                 |     Sum    |    Min    |     Max    |    Avg    |
+----------------------------------------+------------+-----------+------------+-----------+
|        Runtime (RDTSC) [s] STAT        |  1109.2081 |   35.7791 |    35.7811 |   35.7809 |
|        Runtime unhalted [s] STAT       |   747.3702 |   21.4035 |    24.2723 |   24.1087 |
|            Clock [MHz] STAT            | 58751.1969 | 1894.9907 |  1895.4483 | 1895.1999 |
|                CPI STAT                |    16.9348 |    0.4507 |     0.5563 |    0.5463 |
|             Energy [J] STAT            |  6482.5560 |         0 |  2538.9890 |  209.1147 |
|             Power [W] STAT             |   181.1828 |         0 |    70.9629 |    5.8446 |
|          Energy DRAM [J] STAT          |   924.4578 |         0 |   364.0289 |   29.8212 |
|           Power DRAM [W] STAT          |    25.8380 |         0 |    10.1744 |    0.8335 |
|            DP [MFLOP/s] STAT           | 26665.2508 |  838.0554 |   887.7789 |  860.1694 |
|          AVX DP [MFLOP/s] STAT         |     2.4643 |         0 |     2.4643 |    0.0795 |
|          Packed [MUOPS/s] STAT         |     0.3439 |         0 |     0.3439 |    0.0111 |
|          Scalar [MUOPS/s] STAT         | 26662.7467 |  838.0554 |   887.7789 |  860.0886 |
|  Memory read bandwidth [MBytes/s] STAT | 28325.1409 |         0 | 12826.0443 |  913.7142 |
|  Memory read data volume [GBytes] STAT |  1013.4475 |         0 |   458.9041 |   32.6919 |
| Memory write bandwidth [MBytes/s] STAT |  7490.6903 |         0 |  3495.9785 |  241.6352 |
| Memory write data volume [GBytes] STAT |   268.0100 |         0 |   125.0829 |    8.6455 |
|    Memory bandwidth [MBytes/s] STAT    | 35815.8311 |         0 | 16322.0227 | 1155.3494 |
|    Memory data volume [GBytes] STAT    |  1281.4574 |         0 |   583.9870 |   41.3373 |
|       Operational intensity STAT       |     2.1972 |    0.0513 |     0.2347 |    0.0709 |
+----------------------------------------+------------+-----------+------------+-----------+
