--------------------------------------------------------------------------------
CPU name:	Intel(R) Xeon(R) Gold 6132 CPU @ 2.60GHz
CPU type:	Intel Skylake SP processor
CPU clock:	2.59 GHz
--------------------------------------------------------------------------------
Region Setup, Group 1: MEM_DP
+-------------------+----------+----------+----------+----------+----------+----------+----------+----------+----------+----------+----------+----------+----------+----------+----------+----------+
|    Region Info    |  Core 0  |  Core 1  |  Core 2  |  Core 3  |  Core 4  |  Core 5  |  Core 6  |  Core 7  |  Core 8  |  Core 9  |  Core 10 |  Core 11 |  Core 12 |  Core 13 |  Core 14 |  Core 15 |
+-------------------+----------+----------+----------+----------+----------+----------+----------+----------+----------+----------+----------+----------+----------+----------+----------+----------+
| RDTSC Runtime [s] | 5.932910 | 5.934717 | 5.934700 | 5.934686 | 5.934686 | 5.934705 | 5.934738 | 5.934722 | 5.934714 | 5.934734 | 5.934730 | 5.934690 | 5.934684 | 5.934721 | 5.932802 | 5.934642 |
|     call count    |        2 |        2 |        2 |        2 |        2 |        2 |        2 |        2 |        2 |        2 |        2 |        2 |        2 |        2 |        2 |        2 |
+-------------------+----------+----------+----------+----------+----------+----------+----------+----------+----------+----------+----------+----------+----------+----------+----------+----------+
+------------------------------------------+---------+------------+------------+------------+------------+------------+------------+------------+------------+------------+------------+------------+------------+------------+------------+------------+------------+
|                   Event                  | Counter |   Core 0   |   Core 1   |   Core 2   |   Core 3   |   Core 4   |   Core 5   |   Core 6   |   Core 7   |   Core 8   |   Core 9   |   Core 10  |   Core 11  |   Core 12  |   Core 13  |   Core 14  |   Core 15  |
+------------------------------------------+---------+------------+------------+------------+------------+------------+------------+------------+------------+------------+------------+------------+------------+------------+------------+------------+------------+
|             INSTR_RETIRED_ANY            |  FIXC0  | 5021382000 | 2131284000 | 2131515000 | 2130324000 | 2130355000 | 2130346000 | 2129984000 | 2130444000 | 2130293000 | 2130439000 | 2130511000 | 2131083000 | 2130430000 | 2130328000 | 2118122000 | 2114424000 |
|           CPU_CLK_UNHALTED_CORE          |  FIXC1  | 3306537000 | 1864948000 | 1883158000 | 1859176000 | 1859181000 | 1855819000 | 1845951000 | 1855247000 | 1852014000 | 1855635000 | 1868115000 | 1876036000 | 1861079000 | 1861042000 | 1655085000 | 1588081000 |
|           CPU_CLK_UNHALTED_REF           |  FIXC2  | 4522427000 | 2553042000 | 2578126000 | 2545222000 | 2545133000 | 2540627000 | 2527082000 | 2539822000 | 2535315000 | 2540396000 | 2557443000 | 2568318000 | 2547940000 | 2547718000 | 2268734000 | 2176460000 |
|              PWR_PKG_ENERGY              |   PWR0  |   219.1923 |          0 |          0 |          0 |          0 |          0 |          0 |          0 |          0 |          0 |          0 |          0 |          0 |          0 |   181.7566 |          0 |
|              PWR_DRAM_ENERGY             |   PWR3  |    32.3869 |          0 |          0 |          0 |          0 |          0 |          0 |          0 |          0 |          0 |          0 |          0 |          0 |          0 |    20.7376 |          0 |
| FP_ARITH_INST_RETIRED_128B_PACKED_DOUBLE |   PMC0  |     761098 |          0 |          0 |          0 |          0 |          0 |          0 |          0 |          0 |          0 |          0 |          0 |          0 |          0 |          0 |          0 |
|    FP_ARITH_INST_RETIRED_SCALAR_DOUBLE   |   PMC1  |  680817800 |  536988900 |  536989100 |  536981300 |  536978400 |  536979200 |  536983800 |  536982900 |  536981600 |  536973600 |  536975900 |  536976800 |  536977300 |  536974100 |  536973800 |  536973200 |
| FP_ARITH_INST_RETIRED_256B_PACKED_DOUBLE |   PMC2  |     402100 |          0 |          0 |          0 |          0 |          0 |          0 |          0 |          0 |          0 |          0 |          0 |          0 |          0 |          0 |          0 |
| FP_ARITH_INST_RETIRED_512B_PACKED_DOUBLE |   PMC3  |    8148557 |          0 |          0 |          0 |          0 |          0 |          0 |          0 |          0 |          0 |          0 |          0 |          0 |          0 |          0 |          0 |
|               CAS_COUNT_RD               | MBOX0C0 |   20567820 |          0 |          0 |          0 |          0 |          0 |          0 |          0 |          0 |          0 |          0 |          0 |          0 |          0 |    1194882 |          0 |
|               CAS_COUNT_WR               | MBOX0C1 |   24082580 |          0 |          0 |          0 |          0 |          0 |          0 |          0 |          0 |          0 |          0 |          0 |          0 |          0 |    1617171 |          0 |
|               CAS_COUNT_RD               | MBOX1C0 |   19896030 |          0 |          0 |          0 |          0 |          0 |          0 |          0 |          0 |          0 |          0 |          0 |          0 |          0 |    1212903 |          0 |
|               CAS_COUNT_WR               | MBOX1C1 |   23126240 |          0 |          0 |          0 |          0 |          0 |          0 |          0 |          0 |          0 |          0 |          0 |          0 |          0 |    1634563 |          0 |
|               CAS_COUNT_RD               | MBOX2C0 |   19854640 |          0 |          0 |          0 |          0 |          0 |          0 |          0 |          0 |          0 |          0 |          0 |          0 |          0 |    1238898 |          0 |
|               CAS_COUNT_WR               | MBOX2C1 |   23081510 |          0 |          0 |          0 |          0 |          0 |          0 |          0 |          0 |          0 |          0 |          0 |          0 |          0 |    1668993 |          0 |
|               CAS_COUNT_RD               | MBOX3C0 |   18578520 |          0 |          0 |          0 |          0 |          0 |          0 |          0 |          0 |          0 |          0 |          0 |          0 |          0 |    1076261 |          0 |
|               CAS_COUNT_WR               | MBOX3C1 |   22835660 |          0 |          0 |          0 |          0 |          0 |          0 |          0 |          0 |          0 |          0 |          0 |          0 |          0 |    1560950 |          0 |
|               CAS_COUNT_RD               | MBOX4C0 |   19385580 |          0 |          0 |          0 |          0 |          0 |          0 |          0 |          0 |          0 |          0 |          0 |          0 |          0 |    1080931 |          0 |
|               CAS_COUNT_WR               | MBOX4C1 |   24033160 |          0 |          0 |          0 |          0 |          0 |          0 |          0 |          0 |          0 |          0 |          0 |          0 |          0 |    1567953 |          0 |
|               CAS_COUNT_RD               | MBOX5C0 |   18600000 |          0 |          0 |          0 |          0 |          0 |          0 |          0 |          0 |          0 |          0 |          0 |          0 |          0 |    1068724 |          0 |
|               CAS_COUNT_WR               | MBOX5C1 |   22887990 |          0 |          0 |          0 |          0 |          0 |          0 |          0 |          0 |          0 |          0 |          0 |          0 |          0 |    1554868 |          0 |
+------------------------------------------+---------+------------+------------+------------+------------+------------+------------+------------+------------+------------+------------+------------+------------+------------+------------+------------+------------+
+-----------------------------------------------+---------+-------------+------------+------------+--------------+
|                     Event                     | Counter |     Sum     |     Min    |     Max    |      Avg     |
+-----------------------------------------------+---------+-------------+------------+------------+--------------+
|             INSTR_RETIRED_ANY STAT            |  FIXC0  | 36951264000 | 2114424000 | 5021382000 |   2309454000 |
|           CPU_CLK_UNHALTED_CORE STAT          |  FIXC1  | 30747104000 | 1588081000 | 3306537000 |   1921694000 |
|           CPU_CLK_UNHALTED_REF STAT           |  FIXC2  | 42093805000 | 2176460000 | 4522427000 | 2.630863e+09 |
|              PWR_PKG_ENERGY STAT              |   PWR0  |    400.9489 |          0 |   219.1923 |      25.0593 |
|              PWR_DRAM_ENERGY STAT             |   PWR3  |     53.1245 |          0 |    32.3869 |       3.3203 |
| FP_ARITH_INST_RETIRED_128B_PACKED_DOUBLE STAT |   PMC0  |      761098 |          0 |     761098 |   47568.6250 |
|    FP_ARITH_INST_RETIRED_SCALAR_DOUBLE STAT   |   PMC1  |  8735507700 |  536973200 |  680817800 | 5.459692e+08 |
| FP_ARITH_INST_RETIRED_256B_PACKED_DOUBLE STAT |   PMC2  |      402100 |          0 |     402100 |   25131.2500 |
| FP_ARITH_INST_RETIRED_512B_PACKED_DOUBLE STAT |   PMC3  |     8148557 |          0 |    8148557 |  509284.8125 |
|               CAS_COUNT_RD STAT               | MBOX0C0 |    21762702 |          0 |   20567820 | 1.360169e+06 |
|               CAS_COUNT_WR STAT               | MBOX0C1 |    25699751 |          0 |   24082580 | 1.606234e+06 |
|               CAS_COUNT_RD STAT               | MBOX1C0 |    21108933 |          0 |   19896030 | 1.319308e+06 |
|               CAS_COUNT_WR STAT               | MBOX1C1 |    24760803 |          0 |   23126240 | 1.547550e+06 |
|               CAS_COUNT_RD STAT               | MBOX2C0 |    21093538 |          0 |   19854640 | 1.318346e+06 |
|               CAS_COUNT_WR STAT               | MBOX2C1 |    24750503 |          0 |   23081510 | 1.546906e+06 |
|               CAS_COUNT_RD STAT               | MBOX3C0 |    19654781 |          0 |   18578520 | 1.228424e+06 |
|               CAS_COUNT_WR STAT               | MBOX3C1 |    24396610 |          0 |   22835660 | 1.524788e+06 |
|               CAS_COUNT_RD STAT               | MBOX4C0 |    20466511 |          0 |   19385580 | 1.279157e+06 |
|               CAS_COUNT_WR STAT               | MBOX4C1 |    25601113 |          0 |   24033160 | 1.600070e+06 |
|               CAS_COUNT_RD STAT               | MBOX5C0 |    19668724 |          0 |   18600000 | 1.229295e+06 |
|               CAS_COUNT_WR STAT               | MBOX5C1 |    24442858 |          0 |   22887990 | 1.527679e+06 |
+-----------------------------------------------+---------+-------------+------------+------------+--------------+
+-----------------------------------+-----------+-----------+-----------+-----------+-----------+-----------+-----------+-----------+-----------+-----------+-----------+-----------+-----------+-----------+-----------+-----------+
|               Metric              |   Core 0  |   Core 1  |   Core 2  |   Core 3  |   Core 4  |   Core 5  |   Core 6  |   Core 7  |   Core 8  |   Core 9  |  Core 10  |  Core 11  |  Core 12  |  Core 13  |  Core 14  |  Core 15  |
+-----------------------------------+-----------+-----------+-----------+-----------+-----------+-----------+-----------+-----------+-----------+-----------+-----------+-----------+-----------+-----------+-----------+-----------+
|        Runtime (RDTSC) [s]        |    5.9329 |    5.9347 |    5.9347 |    5.9347 |    5.9347 |    5.9347 |    5.9347 |    5.9347 |    5.9347 |    5.9347 |    5.9347 |    5.9347 |    5.9347 |    5.9347 |    5.9328 |    5.9346 |
|        Runtime unhalted [s]       |    1.2748 |    0.7190 |    0.7260 |    0.7168 |    0.7168 |    0.7155 |    0.7117 |    0.7153 |    0.7140 |    0.7154 |    0.7202 |    0.7233 |    0.7175 |    0.7175 |    0.6381 |    0.6123 |
|            Clock [MHz]            | 1896.4132 | 1894.6976 | 1894.5836 | 1894.6369 | 1894.7082 | 1894.6363 | 1894.6630 | 1894.6527 | 1894.7132 | 1894.6207 | 1894.6491 | 1894.6261 | 1894.5530 | 1894.6804 | 1892.2036 | 1892.5750 |
|                CPI                |    0.6585 |    0.8750 |    0.8835 |    0.8727 |    0.8727 |    0.8711 |    0.8667 |    0.8708 |    0.8694 |    0.8710 |    0.8768 |    0.8803 |    0.8736 |    0.8736 |    0.7814 |    0.7511 |
|             Energy [J]            |  219.1923 |         0 |         0 |         0 |         0 |         0 |         0 |         0 |         0 |         0 |         0 |         0 |         0 |         0 |  181.7566 |         0 |
|             Power [W]             |   36.9452 |         0 |         0 |         0 |         0 |         0 |         0 |         0 |         0 |         0 |         0 |         0 |         0 |         0 |   30.6359 |         0 |
|          Energy DRAM [J]          |   32.3869 |         0 |         0 |         0 |         0 |         0 |         0 |         0 |         0 |         0 |         0 |         0 |         0 |         0 |   20.7376 |         0 |
|           Power DRAM [W]          |    5.4589 |         0 |         0 |         0 |         0 |         0 |         0 |         0 |         0 |         0 |         0 |         0 |         0 |         0 |    3.4954 |         0 |
|            DP [MFLOP/s]           |  126.2680 |   90.4826 |   90.4829 |   90.4818 |   90.4813 |   90.4812 |   90.4815 |   90.4816 |   90.4815 |   90.4798 |   90.4803 |   90.4810 |   90.4812 |   90.4801 |   90.5093 |   90.4811 |
|          AVX DP [MFLOP/s]         |   11.2587 |         0 |         0 |         0 |         0 |         0 |         0 |         0 |         0 |         0 |         0 |         0 |         0 |         0 |         0 |         0 |
|          Packed [MUOPS/s]         |    1.5695 |         0 |         0 |         0 |         0 |         0 |         0 |         0 |         0 |         0 |         0 |         0 |         0 |         0 |         0 |         0 |
|          Scalar [MUOPS/s]         |  114.7528 |   90.4826 |   90.4829 |   90.4818 |   90.4813 |   90.4812 |   90.4815 |   90.4816 |   90.4815 |   90.4798 |   90.4803 |   90.4810 |   90.4812 |   90.4801 |   90.5093 |   90.4811 |
|  Memory read bandwidth [MBytes/s] | 1260.8460 |         0 |         0 |         0 |         0 |         0 |         0 |         0 |         0 |         0 |         0 |         0 |         0 |         0 |   74.1380 |         0 |
|  Memory read data volume [GBytes] |    7.4805 |         0 |         0 |         0 |         0 |         0 |         0 |         0 |         0 |         0 |         0 |         0 |         0 |         0 |    0.4398 |         0 |
| Memory write bandwidth [MBytes/s] | 1510.7286 |         0 |         0 |         0 |         0 |         0 |         0 |         0 |         0 |         0 |         0 |         0 |         0 |         0 |  103.6084 |         0 |
| Memory write data volume [GBytes] |    8.9630 |         0 |         0 |         0 |         0 |         0 |         0 |         0 |         0 |         0 |         0 |         0 |         0 |         0 |    0.6147 |         0 |
|    Memory bandwidth [MBytes/s]    | 2771.5746 |         0 |         0 |         0 |         0 |         0 |         0 |         0 |         0 |         0 |         0 |         0 |         0 |         0 |  177.7464 |         0 |
|    Memory data volume [GBytes]    |   16.4435 |         0 |         0 |         0 |         0 |         0 |         0 |         0 |         0 |         0 |         0 |         0 |         0 |         0 |    1.0545 |         0 |
|       Operational intensity       |    0.0456 |    0.0327 |    0.0327 |    0.0327 |    0.0327 |    0.0327 |    0.0327 |    0.0327 |    0.0327 |    0.0327 |    0.0327 |    0.0327 |    0.0327 |    0.0327 |    0.5092 |    0.5092 |
+-----------------------------------+-----------+-----------+-----------+-----------+-----------+-----------+-----------+-----------+-----------+-----------+-----------+-----------+-----------+-----------+-----------+-----------+
+----------------------------------------+------------+-----------+-----------+-----------+
|                 Metric                 |     Sum    |    Min    |    Max    |    Avg    |
+----------------------------------------+------------+-----------+-----------+-----------+
|        Runtime (RDTSC) [s] STAT        |    94.9514 |    5.9328 |    5.9347 |    5.9345 |
|        Runtime unhalted [s] STAT       |    11.8542 |    0.6123 |    1.2748 |    0.7409 |
|            Clock [MHz] STAT            | 30311.6126 | 1892.2036 | 1896.4132 | 1894.4758 |
|                CPI STAT                |    13.5482 |    0.6585 |    0.8835 |    0.8468 |
|             Energy [J] STAT            |   400.9489 |         0 |  219.1923 |   25.0593 |
|             Power [W] STAT             |    67.5811 |         0 |   36.9452 |    4.2238 |
|          Energy DRAM [J] STAT          |    53.1245 |         0 |   32.3869 |    3.3203 |
|           Power DRAM [W] STAT          |     8.9543 |         0 |    5.4589 |    0.5596 |
|            DP [MFLOP/s] STAT           |  1483.5152 |   90.4798 |  126.2680 |   92.7197 |
|          AVX DP [MFLOP/s] STAT         |    11.2587 |         0 |   11.2587 |    0.7037 |
|          Packed [MUOPS/s] STAT         |     1.5695 |         0 |    1.5695 |    0.0981 |
|          Scalar [MUOPS/s] STAT         |  1472.0000 |   90.4798 |  114.7528 |   92.0000 |
|  Memory read bandwidth [MBytes/s] STAT |  1334.9840 |         0 | 1260.8460 |   83.4365 |
|  Memory read data volume [GBytes] STAT |     7.9203 |         0 |    7.4805 |    0.4950 |
| Memory write bandwidth [MBytes/s] STAT |  1614.3370 |         0 | 1510.7286 |  100.8961 |
| Memory write data volume [GBytes] STAT |     9.5777 |         0 |    8.9630 |    0.5986 |
|    Memory bandwidth [MBytes/s] STAT    |  2949.3210 |         0 | 2771.5746 |  184.3326 |
|    Memory data volume [GBytes] STAT    |    17.4980 |         0 |   16.4435 |    1.0936 |
|       Operational intensity STAT       |     1.4891 |    0.0327 |    0.5092 |    0.0931 |
+----------------------------------------+------------+-----------+-----------+-----------+
--------------------------------------------------------------------------------
CPU name:	Intel(R) Xeon(R) Gold 6132 CPU @ 2.60GHz
CPU type:	Intel Skylake SP processor
CPU clock:	2.59 GHz
--------------------------------------------------------------------------------
Region Solve, Group 1: MEM_DP
+-------------------+-----------+-----------+-----------+-----------+-----------+-----------+-----------+-----------+-----------+-----------+-----------+-----------+-----------+-----------+-----------+-----------+
|    Region Info    |   Core 0  |   Core 1  |   Core 2  |   Core 3  |   Core 4  |   Core 5  |   Core 6  |   Core 7  |   Core 8  |   Core 9  |  Core 10  |  Core 11  |  Core 12  |  Core 13  |  Core 14  |  Core 15  |
+-------------------+-----------+-----------+-----------+-----------+-----------+-----------+-----------+-----------+-----------+-----------+-----------+-----------+-----------+-----------+-----------+-----------+
| RDTSC Runtime [s] | 61.229880 | 61.230940 | 61.230940 | 61.230930 | 61.230940 | 61.230940 | 61.230940 | 61.230940 | 61.230940 | 61.230940 | 61.230940 | 61.230940 | 61.230940 | 61.230940 | 61.229870 | 61.230930 |
|     call count    |         1 |         1 |         1 |         1 |         1 |         1 |         1 |         1 |         1 |         1 |         1 |         1 |         1 |         1 |         1 |         1 |
+-------------------+-----------+-----------+-----------+-----------+-----------+-----------+-----------+-----------+-----------+-----------+-----------+-----------+-----------+-----------+-----------+-----------+
+------------------------------------------+---------+--------------+--------------+--------------+--------------+--------------+--------------+--------------+--------------+--------------+--------------+--------------+--------------+--------------+--------------+--------------+--------------+
|                   Event                  | Counter |    Core 0    |    Core 1    |    Core 2    |    Core 3    |    Core 4    |    Core 5    |    Core 6    |    Core 7    |    Core 8    |    Core 9    |    Core 10   |    Core 11   |    Core 12   |    Core 13   |    Core 14   |    Core 15   |
+------------------------------------------+---------+--------------+--------------+--------------+--------------+--------------+--------------+--------------+--------------+--------------+--------------+--------------+--------------+--------------+--------------+--------------+--------------+
|             INSTR_RETIRED_ANY            |  FIXC0  | 229470200000 | 222535400000 | 222633300000 | 221082600000 | 219194500000 | 219929100000 | 219973000000 | 218971800000 | 218941900000 | 219925700000 | 220027800000 | 219199900000 | 221046300000 | 222723200000 | 222878900000 | 221136000000 |
|           CPU_CLK_UNHALTED_CORE          |  FIXC1  |  99775160000 | 107286000000 | 108931800000 | 110039900000 | 110749000000 | 110815100000 | 110800800000 | 110599300000 | 110607900000 | 110805600000 | 110555400000 | 110305900000 | 108181600000 | 107497000000 | 107293200000 | 107378100000 |
|           CPU_CLK_UNHALTED_REF           |  FIXC2  | 136540400000 | 146813600000 | 149066000000 | 150582200000 | 151552500000 | 151643000000 | 151623200000 | 151347700000 | 151359300000 | 151630000000 | 151287700000 | 150946200000 | 148039600000 | 147102500000 | 146861500000 | 146977900000 |
|              PWR_PKG_ENERGY              |   PWR0  |    3826.3430 |            0 |            0 |            0 |            0 |            0 |            0 |            0 |            0 |            0 |            0 |            0 |            0 |            0 |    2139.1820 |            0 |
|              PWR_DRAM_ENERGY             |   PWR3  |     686.2532 |            0 |            0 |            0 |            0 |            0 |            0 |            0 |            0 |            0 |            0 |            0 |            0 |            0 |     339.9709 |            0 |
| FP_ARITH_INST_RETIRED_128B_PACKED_DOUBLE |   PMC0  |       714138 |            0 |            0 |            0 |            0 |            0 |            0 |            0 |            0 |            0 |            0 |            0 |            0 |            0 |            0 |            0 |
|    FP_ARITH_INST_RETIRED_SCALAR_DOUBLE   |   PMC1  |  59491590000 |  60746620000 |  60740440000 |  59775360000 |  59298810000 |  59473470000 |  58916060000 |  58338980000 |  58336300000 |  58926770000 |  59491020000 |  59294850000 |  59787740000 |  60833460000 |  60907980000 |  59656900000 |
| FP_ARITH_INST_RETIRED_256B_PACKED_DOUBLE |   PMC2  |      1138324 |            0 |            0 |            0 |            0 |            0 |            0 |            0 |            0 |            0 |            0 |            0 |            0 |            0 |            0 |            0 |
| FP_ARITH_INST_RETIRED_512B_PACKED_DOUBLE |   PMC3  |     10452010 |            0 |            0 |            0 |            0 |            0 |            0 |            0 |            0 |            0 |            0 |            0 |            0 |            0 |            0 |            0 |
|               CAS_COUNT_RD               | MBOX0C0 |   2291865000 |            0 |            0 |            0 |            0 |            0 |            0 |            0 |            0 |            0 |            0 |            0 |            0 |            0 |    357764800 |            0 |
|               CAS_COUNT_WR               | MBOX0C1 |    557632500 |            0 |            0 |            0 |            0 |            0 |            0 |            0 |            0 |            0 |            0 |            0 |            0 |            0 |     86202010 |            0 |
|               CAS_COUNT_RD               | MBOX1C0 |   2290742000 |            0 |            0 |            0 |            0 |            0 |            0 |            0 |            0 |            0 |            0 |            0 |            0 |            0 |    357503800 |            0 |
|               CAS_COUNT_WR               | MBOX1C1 |    556190700 |            0 |            0 |            0 |            0 |            0 |            0 |            0 |            0 |            0 |            0 |            0 |            0 |            0 |     86094150 |            0 |
|               CAS_COUNT_RD               | MBOX2C0 |   2290647000 |            0 |            0 |            0 |            0 |            0 |            0 |            0 |            0 |            0 |            0 |            0 |            0 |            0 |    357384600 |            0 |
|               CAS_COUNT_WR               | MBOX2C1 |    556275700 |            0 |            0 |            0 |            0 |            0 |            0 |            0 |            0 |            0 |            0 |            0 |            0 |            0 |     86032360 |            0 |
|               CAS_COUNT_RD               | MBOX3C0 |   2286066000 |            0 |            0 |            0 |            0 |            0 |            0 |            0 |            0 |            0 |            0 |            0 |            0 |            0 |    354646500 |            0 |
|               CAS_COUNT_WR               | MBOX3C1 |    552236700 |            0 |            0 |            0 |            0 |            0 |            0 |            0 |            0 |            0 |            0 |            0 |            0 |            0 |     84981200 |            0 |
|               CAS_COUNT_RD               | MBOX4C0 |   2287109000 |            0 |            0 |            0 |            0 |            0 |            0 |            0 |            0 |            0 |            0 |            0 |            0 |            0 |    354903200 |            0 |
|               CAS_COUNT_WR               | MBOX4C1 |    553684100 |            0 |            0 |            0 |            0 |            0 |            0 |            0 |            0 |            0 |            0 |            0 |            0 |            0 |     85110880 |            0 |
|               CAS_COUNT_RD               | MBOX5C0 |   2286150000 |            0 |            0 |            0 |            0 |            0 |            0 |            0 |            0 |            0 |            0 |            0 |            0 |            0 |    354771300 |            0 |
|               CAS_COUNT_WR               | MBOX5C1 |    552461300 |            0 |            0 |            0 |            0 |            0 |            0 |            0 |            0 |            0 |            0 |            0 |            0 |            0 |     84978520 |            0 |
+------------------------------------------+---------+--------------+--------------+--------------+--------------+--------------+--------------+--------------+--------------+--------------+--------------+--------------+--------------+--------------+--------------+--------------+--------------+
+-----------------------------------------------+---------+---------------+--------------+--------------+--------------+
|                     Event                     | Counter |      Sum      |      Min     |      Max     |      Avg     |
+-----------------------------------------------+---------+---------------+--------------+--------------+--------------+
|             INSTR_RETIRED_ANY STAT            |  FIXC0  | 3539669600000 | 218941900000 | 229470200000 | 221229350000 |
|           CPU_CLK_UNHALTED_CORE STAT          |  FIXC1  | 1741621760000 |  99775160000 | 110815100000 | 108851360000 |
|           CPU_CLK_UNHALTED_REF STAT           |  FIXC2  | 2383373300000 | 136540400000 | 151643000000 | 148960831250 |
|              PWR_PKG_ENERGY STAT              |   PWR0  |     5965.5250 |            0 |    3826.3430 |     372.8453 |
|              PWR_DRAM_ENERGY STAT             |   PWR3  |     1026.2241 |            0 |     686.2532 |      64.1390 |
| FP_ARITH_INST_RETIRED_128B_PACKED_DOUBLE STAT |   PMC0  |        714138 |            0 |       714138 |   44633.6250 |
|    FP_ARITH_INST_RETIRED_SCALAR_DOUBLE STAT   |   PMC1  |  954016350000 |  58336300000 |  60907980000 |  59626021875 |
| FP_ARITH_INST_RETIRED_256B_PACKED_DOUBLE STAT |   PMC2  |       1138324 |            0 |      1138324 |   71145.2500 |
| FP_ARITH_INST_RETIRED_512B_PACKED_DOUBLE STAT |   PMC3  |      10452010 |            0 |     10452010 |  653250.6250 |
|               CAS_COUNT_RD STAT               | MBOX0C0 |    2649629800 |            0 |   2291865000 | 1.656019e+08 |
|               CAS_COUNT_WR STAT               | MBOX0C1 |     643834510 |            0 |    557632500 | 4.023966e+07 |
|               CAS_COUNT_RD STAT               | MBOX1C0 |    2648245800 |            0 |   2290742000 | 1.655154e+08 |
|               CAS_COUNT_WR STAT               | MBOX1C1 |     642284850 |            0 |    556190700 | 4.014280e+07 |
|               CAS_COUNT_RD STAT               | MBOX2C0 |    2648031600 |            0 |   2290647000 |    165501975 |
|               CAS_COUNT_WR STAT               | MBOX2C1 |     642308060 |            0 |    556275700 | 4.014425e+07 |
|               CAS_COUNT_RD STAT               | MBOX3C0 |    2640712500 |            0 |   2286066000 | 1.650445e+08 |
|               CAS_COUNT_WR STAT               | MBOX3C1 |     637217900 |            0 |    552236700 | 3.982612e+07 |
|               CAS_COUNT_RD STAT               | MBOX4C0 |    2642012200 |            0 |   2287109000 | 1.651258e+08 |
|               CAS_COUNT_WR STAT               | MBOX4C1 |     638794980 |            0 |    553684100 | 3.992469e+07 |
|               CAS_COUNT_RD STAT               | MBOX5C0 |    2640921300 |            0 |   2286150000 | 1.650576e+08 |
|               CAS_COUNT_WR STAT               | MBOX5C1 |     637439820 |            0 |    552461300 | 3.983999e+07 |
+-----------------------------------------------+---------+---------------+--------------+--------------+--------------+
+-----------------------------------+------------+-----------+-----------+-----------+-----------+-----------+-----------+-----------+-----------+-----------+-----------+-----------+-----------+-----------+-----------+-----------+
|               Metric              |   Core 0   |   Core 1  |   Core 2  |   Core 3  |   Core 4  |   Core 5  |   Core 6  |   Core 7  |   Core 8  |   Core 9  |  Core 10  |  Core 11  |  Core 12  |  Core 13  |  Core 14  |  Core 15  |
+-----------------------------------+------------+-----------+-----------+-----------+-----------+-----------+-----------+-----------+-----------+-----------+-----------+-----------+-----------+-----------+-----------+-----------+
|        Runtime (RDTSC) [s]        |    61.2299 |   61.2309 |   61.2309 |   61.2309 |   61.2309 |   61.2309 |   61.2309 |   61.2309 |   61.2309 |   61.2309 |   61.2309 |   61.2309 |   61.2309 |   61.2309 |   61.2299 |   61.2309 |
|        Runtime unhalted [s]       |    38.4673 |   41.3630 |   41.9975 |   42.4247 |   42.6981 |   42.7236 |   42.7181 |   42.6404 |   42.6437 |   42.7199 |   42.6235 |   42.5273 |   41.7083 |   41.4443 |   41.3658 |   41.3985 |
|            Clock [MHz]            |  1895.3630 | 1895.4307 | 1895.4277 | 1895.4298 | 1895.4305 | 1895.4299 | 1895.4328 | 1895.4298 | 1895.4319 | 1895.4299 | 1895.4288 | 1895.4298 | 1895.4252 | 1895.4286 | 1894.9397 | 1894.9372 |
|                CPI                |     0.4348 |    0.4821 |    0.4893 |    0.4977 |    0.5053 |    0.5039 |    0.5037 |    0.5051 |    0.5052 |    0.5038 |    0.5025 |    0.5032 |    0.4894 |    0.4826 |    0.4814 |    0.4856 |
|             Energy [J]            |  3826.3430 |         0 |         0 |         0 |         0 |         0 |         0 |         0 |         0 |         0 |         0 |         0 |         0 |         0 | 2139.1820 |         0 |
|             Power [W]             |    62.4914 |         0 |         0 |         0 |         0 |         0 |         0 |         0 |         0 |         0 |         0 |         0 |         0 |         0 |   34.9369 |         0 |
|          Energy DRAM [J]          |   686.2532 |         0 |         0 |         0 |         0 |         0 |         0 |         0 |         0 |         0 |         0 |         0 |         0 |         0 |  339.9709 |         0 |
|           Power DRAM [W]          |    11.2078 |         0 |         0 |         0 |         0 |         0 |         0 |         0 |         0 |         0 |         0 |         0 |         0 |         0 |    5.5524 |         0 |
|            DP [MFLOP/s]           |   973.0737 |  992.0903 |  991.9893 |  976.2282 |  968.4452 |  971.2977 |  962.1943 |  952.7696 |  952.7259 |  962.3692 |  971.5843 |  968.3805 |  976.4302 |  993.5085 |  994.7429 |  974.2935 |
|          AVX DP [MFLOP/s]         |     1.4400 |         0 |         0 |         0 |         0 |         0 |         0 |         0 |         0 |         0 |         0 |         0 |         0 |         0 |         0 |         0 |
|          Packed [MUOPS/s]         |     0.2010 |         0 |         0 |         0 |         0 |         0 |         0 |         0 |         0 |         0 |         0 |         0 |         0 |         0 |         0 |         0 |
|          Scalar [MUOPS/s]         |   971.6104 |  992.0903 |  991.9893 |  976.2282 |  968.4452 |  971.2977 |  962.1943 |  952.7696 |  952.7259 |  962.3692 |  971.5843 |  968.3805 |  976.4302 |  993.5085 |  994.7429 |  974.2935 |
|  Memory read bandwidth [MBytes/s] | 14353.8589 |         0 |         0 |         0 |         0 |         0 |         0 |         0 |         0 |         0 |         0 |         0 |         0 |         0 | 2233.6541 |         0 |
|  Memory read data volume [GBytes] |   878.8851 |         0 |         0 |         0 |         0 |         0 |         0 |         0 |         0 |         0 |         0 |         0 |         0 |         0 |  136.7663 |         0 |
| Memory write bandwidth [MBytes/s] |  3479.0658 |         0 |         0 |         0 |         0 |         0 |         0 |         0 |         0 |         0 |         0 |         0 |         0 |         0 |  536.6261 |         0 |
| Memory write data volume [GBytes] |   213.0228 |         0 |         0 |         0 |         0 |         0 |         0 |         0 |         0 |         0 |         0 |         0 |         0 |         0 |   32.8575 |         0 |
|    Memory bandwidth [MBytes/s]    | 17832.9247 |         0 |         0 |         0 |         0 |         0 |         0 |         0 |         0 |         0 |         0 |         0 |         0 |         0 | 2770.2801 |         0 |
|    Memory data volume [GBytes]    |  1091.9078 |         0 |         0 |         0 |         0 |         0 |         0 |         0 |         0 |         0 |         0 |         0 |         0 |         0 |  169.6239 |         0 |
|       Operational intensity       |     0.0546 |    0.0556 |    0.0556 |    0.0547 |    0.0543 |    0.0545 |    0.0540 |    0.0534 |    0.0534 |    0.0540 |    0.0545 |    0.0543 |    0.0548 |    0.0557 |    0.3591 |    0.3517 |
+-----------------------------------+------------+-----------+-----------+-----------+-----------+-----------+-----------+-----------+-----------+-----------+-----------+-----------+-----------+-----------+-----------+-----------+
+----------------------------------------+------------+-----------+------------+-----------+
|                 Metric                 |     Sum    |    Min    |     Max    |    Avg    |
+----------------------------------------+------------+-----------+------------+-----------+
|        Runtime (RDTSC) [s] STAT        |   979.6924 |   61.2299 |    61.2309 |   61.2308 |
|        Runtime unhalted [s] STAT       |   671.4640 |   38.4673 |    42.7236 |   41.9665 |
|            Clock [MHz] STAT            | 30325.8253 | 1894.9372 |  1895.4328 | 1895.3641 |
|                CPI STAT                |     7.8756 |    0.4348 |     0.5053 |    0.4922 |
|             Energy [J] STAT            |  5965.5250 |         0 |  3826.3430 |  372.8453 |
|             Power [W] STAT             |    97.4283 |         0 |    62.4914 |    6.0893 |
|          Energy DRAM [J] STAT          |  1026.2241 |         0 |   686.2532 |   64.1390 |
|           Power DRAM [W] STAT          |    16.7602 |         0 |    11.2078 |    1.0475 |
|            DP [MFLOP/s] STAT           | 15582.1233 |  952.7259 |   994.7429 |  973.8827 |
|          AVX DP [MFLOP/s] STAT         |     1.4400 |         0 |     1.4400 |    0.0900 |
|          Packed [MUOPS/s] STAT         |     0.2010 |         0 |     0.2010 |    0.0126 |
|          Scalar [MUOPS/s] STAT         | 15580.6600 |  952.7259 |   994.7429 |  973.7912 |
|  Memory read bandwidth [MBytes/s] STAT | 16587.5130 |         0 | 14353.8589 | 1036.7196 |
|  Memory read data volume [GBytes] STAT |  1015.6514 |         0 |   878.8851 |   63.4782 |
| Memory write bandwidth [MBytes/s] STAT |  4015.6919 |         0 |  3479.0658 |  250.9807 |
| Memory write data volume [GBytes] STAT |   245.8803 |         0 |   213.0228 |   15.3675 |
|    Memory bandwidth [MBytes/s] STAT    | 20603.2048 |         0 | 17832.9247 | 1287.7003 |
|    Memory data volume [GBytes] STAT    |  1261.5317 |         0 |  1091.9078 |   78.8457 |
|       Operational intensity STAT       |     1.4742 |    0.0534 |     0.3591 |    0.0921 |
+----------------------------------------+------------+-----------+------------+-----------+
