--------------------------------------------------------------------------------
CPU name:	Intel(R) Xeon(R) Gold 6132 CPU @ 2.60GHz
CPU type:	Intel Skylake SP processor
CPU clock:	2.59 GHz
--------------------------------------------------------------------------------
Region Setup, Group 1: MEM_DP
+-------------------+----------+----------+----------+----------+----------+----------+----------+----------+----------+----------+----------+----------+----------+----------+----------+----------+----------+----------+----------+----------+----------+
|    Region Info    |  Core 0  |  Core 1  |  Core 2  |  Core 3  |  Core 4  |  Core 5  |  Core 6  |  Core 7  |  Core 8  |  Core 9  |  Core 10 |  Core 11 |  Core 12 |  Core 13 |  Core 14 |  Core 15 |  Core 16 |  Core 17 |  Core 18 |  Core 19 |  Core 20 |
+-------------------+----------+----------+----------+----------+----------+----------+----------+----------+----------+----------+----------+----------+----------+----------+----------+----------+----------+----------+----------+----------+----------+
| RDTSC Runtime [s] | 5.903166 | 5.904997 | 5.905000 | 5.904941 | 5.904920 | 5.904920 | 5.904922 | 5.904959 | 5.904927 | 5.904918 | 5.904970 | 5.904936 | 5.905007 | 5.904936 | 5.903109 | 5.904903 | 5.904995 | 5.904916 | 5.904968 | 5.904978 | 5.904990 |
|     call count    |        2 |        2 |        2 |        2 |        2 |        2 |        2 |        2 |        2 |        2 |        2 |        2 |        2 |        2 |        2 |        2 |        2 |        2 |        2 |        2 |        2 |
+-------------------+----------+----------+----------+----------+----------+----------+----------+----------+----------+----------+----------+----------+----------+----------+----------+----------+----------+----------+----------+----------+----------+
+------------------------------------------+---------+------------+------------+------------+------------+------------+------------+------------+------------+------------+------------+------------+------------+------------+------------+------------+------------+------------+------------+------------+------------+------------+
|                   Event                  | Counter |   Core 0   |   Core 1   |   Core 2   |   Core 3   |   Core 4   |   Core 5   |   Core 6   |   Core 7   |   Core 8   |   Core 9   |   Core 10  |   Core 11  |   Core 12  |   Core 13  |   Core 14  |   Core 15  |   Core 16  |   Core 17  |   Core 18  |   Core 19  |   Core 20  |
+------------------------------------------+---------+------------+------------+------------+------------+------------+------------+------------+------------+------------+------------+------------+------------+------------+------------+------------+------------+------------+------------+------------+------------+------------+
|             INSTR_RETIRED_ANY            |  FIXC0  | 4526235000 | 1639554000 | 1635430000 | 1636142000 | 1635025000 | 1635631000 | 1635018000 | 1634414000 | 1633538000 | 1634116000 | 1633752000 | 1634069000 | 1633778000 | 1630403000 | 1619259000 | 1619663000 | 1616026000 | 1615382000 | 1615327000 | 1615211000 | 1611001000 |
|           CPU_CLK_UNHALTED_CORE          |  FIXC1  | 3080744000 | 1613054000 | 1615042000 | 1623343000 | 1619364000 | 1622572000 | 1618338000 | 1615972000 | 1608253000 | 1611373000 | 1613138000 | 1617382000 | 1618824000 | 1622043000 | 1426162000 | 1432450000 | 1429713000 | 1417453000 | 1415077000 | 1414411000 | 1336072000 |
|           CPU_CLK_UNHALTED_REF           |  FIXC2  | 4213573000 | 2207827000 | 2210677000 | 2222032000 | 2216547000 | 2220896000 | 2215163000 | 2211900000 | 2201238000 | 2205566000 | 2207934000 | 2213741000 | 2215827000 | 2220130000 | 1953637000 | 1962107000 | 1958575000 | 1941557000 | 1938406000 | 1937518000 | 1830374000 |
|              PWR_PKG_ENERGY              |   PWR0  |   217.2196 |          0 |          0 |          0 |          0 |          0 |          0 |          0 |          0 |          0 |          0 |          0 |          0 |          0 |   197.0914 |          0 |          0 |          0 |          0 |          0 |          0 |
|              PWR_DRAM_ENERGY             |   PWR3  |    32.1114 |          0 |          0 |          0 |          0 |          0 |          0 |          0 |          0 |          0 |          0 |          0 |          0 |          0 |    22.6730 |          0 |          0 |          0 |          0 |          0 |          0 |
| FP_ARITH_INST_RETIRED_128B_PACKED_DOUBLE |   PMC0  |     761098 |          0 |          0 |          0 |          0 |          0 |          0 |          0 |          0 |          0 |          0 |          0 |          0 |          0 |          0 |          0 |          0 |          0 |          0 |          0 |          0 |
|    FP_ARITH_INST_RETIRED_SCALAR_DOUBLE   |   PMC1  |  553297200 |  410617900 |  409586700 |  409679200 |  409508800 |  409605700 |  409508800 |  409453800 |  409351100 |  409448500 |  409347900 |  409411500 |  409313000 |  408437800 |  408438600 |  408438200 |  408412500 |  408412900 |  408412900 |  408412900 |  408412000 |
| FP_ARITH_INST_RETIRED_256B_PACKED_DOUBLE |   PMC2  |     402100 |          0 |          0 |          0 |          0 |          0 |          0 |          0 |          0 |          0 |          0 |          0 |          0 |          0 |          0 |          0 |          0 |          0 |          0 |          0 |          0 |
| FP_ARITH_INST_RETIRED_512B_PACKED_DOUBLE |   PMC3  |    8148557 |          0 |          0 |          0 |          0 |          0 |          0 |          0 |          0 |          0 |          0 |          0 |          0 |          0 |          0 |          0 |          0 |          0 |          0 |          0 |          0 |
|               CAS_COUNT_RD               | MBOX0C0 |   18922220 |          0 |          0 |          0 |          0 |          0 |          0 |          0 |          0 |          0 |          0 |          0 |          0 |          0 |    3146743 |          0 |          0 |          0 |          0 |          0 |          0 |
|               CAS_COUNT_WR               | MBOX0C1 |   24695270 |          0 |          0 |          0 |          0 |          0 |          0 |          0 |          0 |          0 |          0 |          0 |          0 |          0 |    4169323 |          0 |          0 |          0 |          0 |          0 |          0 |
|               CAS_COUNT_RD               | MBOX1C0 |   18734000 |          0 |          0 |          0 |          0 |          0 |          0 |          0 |          0 |          0 |          0 |          0 |          0 |          0 |    3190218 |          0 |          0 |          0 |          0 |          0 |          0 |
|               CAS_COUNT_WR               | MBOX1C1 |   24446710 |          0 |          0 |          0 |          0 |          0 |          0 |          0 |          0 |          0 |          0 |          0 |          0 |          0 |    4220045 |          0 |          0 |          0 |          0 |          0 |          0 |
|               CAS_COUNT_RD               | MBOX2C0 |   18982560 |          0 |          0 |          0 |          0 |          0 |          0 |          0 |          0 |          0 |          0 |          0 |          0 |          0 |    3170481 |          0 |          0 |          0 |          0 |          0 |          0 |
|               CAS_COUNT_WR               | MBOX2C1 |   24742520 |          0 |          0 |          0 |          0 |          0 |          0 |          0 |          0 |          0 |          0 |          0 |          0 |          0 |    4203419 |          0 |          0 |          0 |          0 |          0 |          0 |
|               CAS_COUNT_RD               | MBOX3C0 |   19132920 |          0 |          0 |          0 |          0 |          0 |          0 |          0 |          0 |          0 |          0 |          0 |          0 |          0 |    2792944 |          0 |          0 |          0 |          0 |          0 |          0 |
|               CAS_COUNT_WR               | MBOX3C1 |   26581980 |          0 |          0 |          0 |          0 |          0 |          0 |          0 |          0 |          0 |          0 |          0 |          0 |          0 |    4047672 |          0 |          0 |          0 |          0 |          0 |          0 |
|               CAS_COUNT_RD               | MBOX4C0 |   17582710 |          0 |          0 |          0 |          0 |          0 |          0 |          0 |          0 |          0 |          0 |          0 |          0 |          0 |    2812135 |          0 |          0 |          0 |          0 |          0 |          0 |
|               CAS_COUNT_WR               | MBOX4C1 |   24207680 |          0 |          0 |          0 |          0 |          0 |          0 |          0 |          0 |          0 |          0 |          0 |          0 |          0 |    4068177 |          0 |          0 |          0 |          0 |          0 |          0 |
|               CAS_COUNT_RD               | MBOX5C0 |   17455720 |          0 |          0 |          0 |          0 |          0 |          0 |          0 |          0 |          0 |          0 |          0 |          0 |          0 |    2781249 |          0 |          0 |          0 |          0 |          0 |          0 |
|               CAS_COUNT_WR               | MBOX5C1 |   23942050 |          0 |          0 |          0 |          0 |          0 |          0 |          0 |          0 |          0 |          0 |          0 |          0 |          0 |    4029439 |          0 |          0 |          0 |          0 |          0 |          0 |
+------------------------------------------+---------+------------+------------+------------+------------+------------+------------+------------+------------+------------+------------+------------+------------+------------+------------+------------+------------+------------+------------+------------+------------+------------+
+-----------------------------------------------+---------+-------------+------------+------------+--------------+
|                     Event                     | Counter |     Sum     |     Min    |     Max    |      Avg     |
+-----------------------------------------------+---------+-------------+------------+------------+--------------+
|             INSTR_RETIRED_ANY STAT            |  FIXC0  | 37088974000 | 1611001000 | 4526235000 | 1.766142e+09 |
|           CPU_CLK_UNHALTED_CORE STAT          |  FIXC1  | 33970780000 | 1336072000 | 3080744000 | 1.617656e+09 |
|           CPU_CLK_UNHALTED_REF STAT           |  FIXC2  | 46505225000 | 1830374000 | 4213573000 | 2.214535e+09 |
|              PWR_PKG_ENERGY STAT              |   PWR0  |    414.3110 |          0 |   217.2196 |      19.7291 |
|              PWR_DRAM_ENERGY STAT             |   PWR3  |     54.7844 |          0 |    32.1114 |       2.6088 |
| FP_ARITH_INST_RETIRED_128B_PACKED_DOUBLE STAT |   PMC0  |      761098 |          0 |     761098 |   36242.7619 |
|    FP_ARITH_INST_RETIRED_SCALAR_DOUBLE STAT   |   PMC1  |  8735507900 |  408412000 |  553297200 | 4.159766e+08 |
| FP_ARITH_INST_RETIRED_256B_PACKED_DOUBLE STAT |   PMC2  |      402100 |          0 |     402100 |   19147.6190 |
| FP_ARITH_INST_RETIRED_512B_PACKED_DOUBLE STAT |   PMC3  |     8148557 |          0 |    8148557 |  388026.5238 |
|               CAS_COUNT_RD STAT               | MBOX0C0 |    22068963 |          0 |   18922220 |      1050903 |
|               CAS_COUNT_WR STAT               | MBOX0C1 |    28864593 |          0 |   24695270 | 1.374504e+06 |
|               CAS_COUNT_RD STAT               | MBOX1C0 |    21924218 |          0 |   18734000 | 1.044010e+06 |
|               CAS_COUNT_WR STAT               | MBOX1C1 |    28666755 |          0 |   24446710 | 1.365084e+06 |
|               CAS_COUNT_RD STAT               | MBOX2C0 |    22153041 |          0 |   18982560 | 1.054907e+06 |
|               CAS_COUNT_WR STAT               | MBOX2C1 |    28945939 |          0 |   24742520 | 1.378378e+06 |
|               CAS_COUNT_RD STAT               | MBOX3C0 |    21925864 |          0 |   19132920 | 1.044089e+06 |
|               CAS_COUNT_WR STAT               | MBOX3C1 |    30629652 |          0 |   26581980 | 1.458555e+06 |
|               CAS_COUNT_RD STAT               | MBOX4C0 |    20394845 |          0 |   17582710 |  971183.0952 |
|               CAS_COUNT_WR STAT               | MBOX4C1 |    28275857 |          0 |   24207680 | 1.346469e+06 |
|               CAS_COUNT_RD STAT               | MBOX5C0 |    20236969 |          0 |   17455720 |  963665.1905 |
|               CAS_COUNT_WR STAT               | MBOX5C1 |    27971489 |          0 |   23942050 | 1.331976e+06 |
+-----------------------------------------------+---------+-------------+------------+------------+--------------+
+-----------------------------------+-----------+-----------+-----------+-----------+-----------+-----------+-----------+-----------+-----------+-----------+-----------+-----------+-----------+-----------+-----------+-----------+-----------+-----------+-----------+-----------+-----------+
|               Metric              |   Core 0  |   Core 1  |   Core 2  |   Core 3  |   Core 4  |   Core 5  |   Core 6  |   Core 7  |   Core 8  |   Core 9  |  Core 10  |  Core 11  |  Core 12  |  Core 13  |  Core 14  |  Core 15  |  Core 16  |  Core 17  |  Core 18  |  Core 19  |  Core 20  |
+-----------------------------------+-----------+-----------+-----------+-----------+-----------+-----------+-----------+-----------+-----------+-----------+-----------+-----------+-----------+-----------+-----------+-----------+-----------+-----------+-----------+-----------+-----------+
|        Runtime (RDTSC) [s]        |    5.9032 |    5.9050 |    5.9050 |    5.9049 |    5.9049 |    5.9049 |    5.9049 |    5.9050 |    5.9049 |    5.9049 |    5.9050 |    5.9049 |    5.9050 |    5.9049 |    5.9031 |    5.9049 |    5.9050 |    5.9049 |    5.9050 |    5.9050 |    5.9050 |
|        Runtime unhalted [s]       |    1.1877 |    0.6219 |    0.6227 |    0.6259 |    0.6243 |    0.6256 |    0.6239 |    0.6230 |    0.6200 |    0.6212 |    0.6219 |    0.6236 |    0.6241 |    0.6254 |    0.5498 |    0.5523 |    0.5512 |    0.5465 |    0.5456 |    0.5453 |    0.5151 |
|            Clock [MHz]            | 1896.4269 | 1895.0248 | 1894.9142 | 1894.9206 | 1894.9535 | 1894.9894 | 1894.9361 | 1894.9570 | 1895.0400 | 1894.9905 | 1895.0316 | 1895.0332 | 1894.9371 | 1895.0252 | 1893.4595 | 1893.5981 | 1893.3883 | 1893.6057 | 1893.5045 | 1893.4808 | 1893.3070 |
|                CPI                |    0.6806 |    0.9838 |    0.9875 |    0.9922 |    0.9904 |    0.9920 |    0.9898 |    0.9887 |    0.9845 |    0.9861 |    0.9874 |    0.9898 |    0.9908 |    0.9949 |    0.8807 |    0.8844 |    0.8847 |    0.8775 |    0.8760 |    0.8757 |    0.8293 |
|             Energy [J]            |  217.2196 |         0 |         0 |         0 |         0 |         0 |         0 |         0 |         0 |         0 |         0 |         0 |         0 |         0 |  197.0914 |         0 |         0 |         0 |         0 |         0 |         0 |
|             Power [W]             |   36.7971 |         0 |         0 |         0 |         0 |         0 |         0 |         0 |         0 |         0 |         0 |         0 |         0 |         0 |   33.3877 |         0 |         0 |         0 |         0 |         0 |         0 |
|          Energy DRAM [J]          |   32.1114 |         0 |         0 |         0 |         0 |         0 |         0 |         0 |         0 |         0 |         0 |         0 |         0 |         0 |   22.6730 |         0 |         0 |         0 |         0 |         0 |         0 |
|           Power DRAM [W]          |    5.4397 |         0 |         0 |         0 |         0 |         0 |         0 |         0 |         0 |         0 |         0 |         0 |         0 |         0 |    3.8409 |         0 |         0 |         0 |         0 |         0 |         0 |
|            DP [MFLOP/s]           |  105.3022 |   69.5374 |   69.3627 |   69.3791 |   69.3504 |   69.3669 |   69.3504 |   69.3407 |   69.3237 |   69.3403 |   69.3226 |   69.3338 |   69.3163 |   69.1689 |   69.1904 |   69.1693 |   69.1639 |   69.1649 |   69.1643 |   69.1642 |   69.1639 |
|          AVX DP [MFLOP/s]         |   11.3154 |         0 |         0 |         0 |         0 |         0 |         0 |         0 |         0 |         0 |         0 |         0 |         0 |         0 |         0 |         0 |         0 |         0 |         0 |         0 |         0 |
|          Packed [MUOPS/s]         |    1.5774 |         0 |         0 |         0 |         0 |         0 |         0 |         0 |         0 |         0 |         0 |         0 |         0 |         0 |         0 |         0 |         0 |         0 |         0 |         0 |         0 |
|          Scalar [MUOPS/s]         |   93.7289 |   69.5374 |   69.3627 |   69.3791 |   69.3504 |   69.3669 |   69.3504 |   69.3407 |   69.3237 |   69.3403 |   69.3226 |   69.3338 |   69.3163 |   69.1689 |   69.1904 |   69.1693 |   69.1639 |   69.1649 |   69.1643 |   69.1642 |   69.1639 |
|  Memory read bandwidth [MBytes/s] | 1201.3635 |         0 |         0 |         0 |         0 |         0 |         0 |         0 |         0 |         0 |         0 |         0 |         0 |         0 |  193.9997 |         0 |         0 |         0 |         0 |         0 |         0 |
|  Memory read data volume [GBytes] |    7.0918 |         0 |         0 |         0 |         0 |         0 |         0 |         0 |         0 |         0 |         0 |         0 |         0 |         0 |    1.1452 |         0 |         0 |         0 |         0 |         0 |         0 |
| Memory write bandwidth [MBytes/s] | 1611.2434 |         0 |         0 |         0 |         0 |         0 |         0 |         0 |         0 |         0 |         0 |         0 |         0 |         0 |  268.2039 |         0 |         0 |         0 |         0 |         0 |         0 |
| Memory write data volume [GBytes] |    9.5114 |         0 |         0 |         0 |         0 |         0 |         0 |         0 |         0 |         0 |         0 |         0 |         0 |         0 |    1.5832 |         0 |         0 |         0 |         0 |         0 |         0 |
|    Memory bandwidth [MBytes/s]    | 2812.6070 |         0 |         0 |         0 |         0 |         0 |         0 |         0 |         0 |         0 |         0 |         0 |         0 |         0 |  462.2036 |         0 |         0 |         0 |         0 |         0 |         0 |
|    Memory data volume [GBytes]    |   16.6033 |         0 |         0 |         0 |         0 |         0 |         0 |         0 |         0 |         0 |         0 |         0 |         0 |         0 |    2.7284 |         0 |         0 |         0 |         0 |         0 |         0 |
|       Operational intensity       |    0.0374 |    0.0247 |    0.0247 |    0.0247 |    0.0247 |    0.0247 |    0.0247 |    0.0247 |    0.0247 |    0.0247 |    0.0247 |    0.0247 |    0.0247 |    0.0246 |    0.1497 |    0.1497 |    0.1497 |    0.1497 |    0.1497 |    0.1497 |    0.1497 |
+-----------------------------------+-----------+-----------+-----------+-----------+-----------+-----------+-----------+-----------+-----------+-----------+-----------+-----------+-----------+-----------+-----------+-----------+-----------+-----------+-----------+-----------+-----------+
+----------------------------------------+------------+-----------+-----------+-----------+
|                 Metric                 |     Sum    |    Min    |    Max    |    Avg    |
+----------------------------------------+------------+-----------+-----------+-----------+
|        Runtime (RDTSC) [s] STAT        |   124.0003 |    5.9031 |    5.9050 |    5.9048 |
|        Runtime unhalted [s] STAT       |    13.0970 |    0.5151 |    1.1877 |    0.6237 |
|            Clock [MHz] STAT            | 39785.5240 | 1893.3070 | 1896.4269 | 1894.5488 |
|                CPI STAT                |    19.6468 |    0.6806 |    0.9949 |    0.9356 |
|             Energy [J] STAT            |   414.3110 |         0 |  217.2196 |   19.7291 |
|             Power [W] STAT             |    70.1848 |         0 |   36.7971 |    3.3421 |
|          Energy DRAM [J] STAT          |    54.7844 |         0 |   32.1114 |    2.6088 |
|           Power DRAM [W] STAT          |     9.2806 |         0 |    5.4397 |    0.4419 |
|            DP [MFLOP/s] STAT           |  1490.9763 |   69.1639 |  105.3022 |   70.9989 |
|          AVX DP [MFLOP/s] STAT         |    11.3154 |         0 |   11.3154 |    0.5388 |
|          Packed [MUOPS/s] STAT         |     1.5774 |         0 |    1.5774 |    0.0751 |
|          Scalar [MUOPS/s] STAT         |  1479.4030 |   69.1639 |   93.7289 |   70.4478 |
|  Memory read bandwidth [MBytes/s] STAT |  1395.3632 |         0 | 1201.3635 |   66.4459 |
|  Memory read data volume [GBytes] STAT |     8.2370 |         0 |    7.0918 |    0.3922 |
| Memory write bandwidth [MBytes/s] STAT |  1879.4473 |         0 | 1611.2434 |   89.4975 |
| Memory write data volume [GBytes] STAT |    11.0946 |         0 |    9.5114 |    0.5283 |
|    Memory bandwidth [MBytes/s] STAT    |  3274.8106 |         0 | 2812.6070 |  155.9434 |
|    Memory data volume [GBytes] STAT    |    19.3317 |         0 |   16.6033 |    0.9206 |
|       Operational intensity STAT       |     1.4063 |    0.0246 |    0.1497 |    0.0670 |
+----------------------------------------+------------+-----------+-----------+-----------+
--------------------------------------------------------------------------------
CPU name:	Intel(R) Xeon(R) Gold 6132 CPU @ 2.60GHz
CPU type:	Intel Skylake SP processor
CPU clock:	2.59 GHz
--------------------------------------------------------------------------------
Region Solve, Group 1: MEM_DP
+-------------------+-----------+-----------+-----------+-----------+-----------+-----------+-----------+-----------+-----------+-----------+-----------+-----------+-----------+-----------+-----------+-----------+-----------+-----------+-----------+-----------+-----------+
|    Region Info    |   Core 0  |   Core 1  |   Core 2  |   Core 3  |   Core 4  |   Core 5  |   Core 6  |   Core 7  |   Core 8  |   Core 9  |  Core 10  |  Core 11  |  Core 12  |  Core 13  |  Core 14  |  Core 15  |  Core 16  |  Core 17  |  Core 18  |  Core 19  |  Core 20  |
+-------------------+-----------+-----------+-----------+-----------+-----------+-----------+-----------+-----------+-----------+-----------+-----------+-----------+-----------+-----------+-----------+-----------+-----------+-----------+-----------+-----------+-----------+
| RDTSC Runtime [s] | 49.065580 | 49.066650 | 49.066640 | 49.066640 | 49.066640 | 49.066640 | 49.066640 | 49.066630 | 49.066640 | 49.066640 | 49.066650 | 49.066650 | 49.066640 | 49.066640 | 49.065560 | 49.066630 | 49.066620 | 49.066620 | 49.066620 | 49.066630 | 49.066630 |
|     call count    |         1 |         1 |         1 |         1 |         1 |         1 |         1 |         1 |         1 |         1 |         1 |         1 |         1 |         1 |         1 |         1 |         1 |         1 |         1 |         1 |         1 |
+-------------------+-----------+-----------+-----------+-----------+-----------+-----------+-----------+-----------+-----------+-----------+-----------+-----------+-----------+-----------+-----------+-----------+-----------+-----------+-----------+-----------+-----------+
+------------------------------------------+---------+--------------+--------------+--------------+--------------+--------------+--------------+--------------+--------------+--------------+--------------+--------------+--------------+--------------+--------------+--------------+--------------+--------------+--------------+--------------+--------------+--------------+
|                   Event                  | Counter |    Core 0    |    Core 1    |    Core 2    |    Core 3    |    Core 4    |    Core 5    |    Core 6    |    Core 7    |    Core 8    |    Core 9    |    Core 10   |    Core 11   |    Core 12   |    Core 13   |    Core 14   |    Core 15   |    Core 16   |    Core 17   |    Core 18   |    Core 19   |    Core 20   |
+------------------------------------------+---------+--------------+--------------+--------------+--------------+--------------+--------------+--------------+--------------+--------------+--------------+--------------+--------------+--------------+--------------+--------------+--------------+--------------+--------------+--------------+--------------+--------------+
|             INSTR_RETIRED_ANY            |  FIXC0  | 177278500000 | 170071400000 | 170699300000 | 170223700000 | 168872900000 | 168147900000 | 167451500000 | 168067500000 | 167844300000 | 167318700000 | 166710700000 | 167210000000 | 167717000000 | 167660300000 | 166863300000 | 167411200000 | 168095200000 | 169380500000 | 169878500000 | 169111200000 | 168060000000 |
|           CPU_CLK_UNHALTED_CORE          |  FIXC1  |  78637260000 |  85951660000 |  86661560000 |  87661880000 |  87757570000 |  87923230000 |  87938930000 |  87918820000 |  87922880000 |  87933570000 |  87921520000 |  87948960000 |  87943840000 |  87889820000 |  87718090000 |  87731290000 |  86119230000 |  86068280000 |  86061160000 |  86072550000 |  86247480000 |
|           CPU_CLK_UNHALTED_REF           |  FIXC2  | 107615900000 | 117619600000 | 118591100000 | 119960000000 | 120090800000 | 120317400000 | 120339000000 | 120311500000 | 120316900000 | 120331500000 | 120315200000 | 120352800000 | 120345900000 | 120271700000 | 120053900000 | 120072300000 | 117866100000 | 117796400000 | 117786900000 | 117801900000 | 118041000000 |
|              PWR_PKG_ENERGY              |   PWR0  |    3035.3900 |            0 |            0 |            0 |            0 |            0 |            0 |            0 |            0 |            0 |            0 |            0 |            0 |            0 |    2298.8430 |            0 |            0 |            0 |            0 |            0 |            0 |
|              PWR_DRAM_ENERGY             |   PWR3  |     531.1007 |            0 |            0 |            0 |            0 |            0 |            0 |            0 |            0 |            0 |            0 |            0 |            0 |            0 |     397.2565 |            0 |            0 |            0 |            0 |            0 |            0 |
| FP_ARITH_INST_RETIRED_128B_PACKED_DOUBLE |   PMC0  |       714138 |            0 |            0 |            0 |            0 |            0 |            0 |            0 |            0 |            0 |            0 |            0 |            0 |            0 |            0 |            0 |            0 |            0 |            0 |            0 |            0 |
|    FP_ARITH_INST_RETIRED_SCALAR_DOUBLE   |   PMC1  |  45350340000 |  46099010000 |  46721330000 |  46268290000 |  45594030000 |  45438600000 |  45245980000 |  45386850000 |  44919200000 |  44506140000 |  44423560000 |  44490980000 |  44907240000 |  45259080000 |  45062130000 |  45204810000 |  45376990000 |  46073300000 |  46547180000 |  45888000000 |  45253330000 |
| FP_ARITH_INST_RETIRED_256B_PACKED_DOUBLE |   PMC2  |      1138324 |            0 |            0 |            0 |            0 |            0 |            0 |            0 |            0 |            0 |            0 |            0 |            0 |            0 |            0 |            0 |            0 |            0 |            0 |            0 |            0 |
| FP_ARITH_INST_RETIRED_512B_PACKED_DOUBLE |   PMC3  |     10452010 |            0 |            0 |            0 |            0 |            0 |            0 |            0 |            0 |            0 |            0 |            0 |            0 |            0 |            0 |            0 |            0 |            0 |            0 |            0 |            0 |
|               CAS_COUNT_RD               | MBOX0C0 |   1738612000 |            0 |            0 |            0 |            0 |            0 |            0 |            0 |            0 |            0 |            0 |            0 |            0 |            0 |    911428300 |            0 |            0 |            0 |            0 |            0 |            0 |
|               CAS_COUNT_WR               | MBOX0C1 |    430947900 |            0 |            0 |            0 |            0 |            0 |            0 |            0 |            0 |            0 |            0 |            0 |            0 |            0 |    234156800 |            0 |            0 |            0 |            0 |            0 |            0 |
|               CAS_COUNT_RD               | MBOX1C0 |   1738310000 |            0 |            0 |            0 |            0 |            0 |            0 |            0 |            0 |            0 |            0 |            0 |            0 |            0 |    911760000 |            0 |            0 |            0 |            0 |            0 |            0 |
|               CAS_COUNT_WR               | MBOX1C1 |    430481700 |            0 |            0 |            0 |            0 |            0 |            0 |            0 |            0 |            0 |            0 |            0 |            0 |            0 |    234417300 |            0 |            0 |            0 |            0 |            0 |            0 |
|               CAS_COUNT_RD               | MBOX2C0 |   1738215000 |            0 |            0 |            0 |            0 |            0 |            0 |            0 |            0 |            0 |            0 |            0 |            0 |            0 |    911800100 |            0 |            0 |            0 |            0 |            0 |            0 |
|               CAS_COUNT_WR               | MBOX2C1 |    430787000 |            0 |            0 |            0 |            0 |            0 |            0 |            0 |            0 |            0 |            0 |            0 |            0 |            0 |    234439300 |            0 |            0 |            0 |            0 |            0 |            0 |
|               CAS_COUNT_RD               | MBOX3C0 |   1736180000 |            0 |            0 |            0 |            0 |            0 |            0 |            0 |            0 |            0 |            0 |            0 |            0 |            0 |    907636700 |            0 |            0 |            0 |            0 |            0 |            0 |
|               CAS_COUNT_WR               | MBOX3C1 |    429951300 |            0 |            0 |            0 |            0 |            0 |            0 |            0 |            0 |            0 |            0 |            0 |            0 |            0 |    233081100 |            0 |            0 |            0 |            0 |            0 |            0 |
|               CAS_COUNT_RD               | MBOX4C0 |   1734867000 |            0 |            0 |            0 |            0 |            0 |            0 |            0 |            0 |            0 |            0 |            0 |            0 |            0 |    907183900 |            0 |            0 |            0 |            0 |            0 |            0 |
|               CAS_COUNT_WR               | MBOX4C1 |    428031000 |            0 |            0 |            0 |            0 |            0 |            0 |            0 |            0 |            0 |            0 |            0 |            0 |            0 |    232871100 |            0 |            0 |            0 |            0 |            0 |            0 |
|               CAS_COUNT_RD               | MBOX5C0 |   1734610000 |            0 |            0 |            0 |            0 |            0 |            0 |            0 |            0 |            0 |            0 |            0 |            0 |            0 |    907631900 |            0 |            0 |            0 |            0 |            0 |            0 |
|               CAS_COUNT_WR               | MBOX5C1 |    427711500 |            0 |            0 |            0 |            0 |            0 |            0 |            0 |            0 |            0 |            0 |            0 |            0 |            0 |    233147600 |            0 |            0 |            0 |            0 |            0 |            0 |
+------------------------------------------+---------+--------------+--------------+--------------+--------------+--------------+--------------+--------------+--------------+--------------+--------------+--------------+--------------+--------------+--------------+--------------+--------------+--------------+--------------+--------------+--------------+--------------+
+-----------------------------------------------+---------+---------------+--------------+--------------+--------------+
|                     Event                     | Counter |      Sum      |      Min     |      Max     |      Avg     |
+-----------------------------------------------+---------+---------------+--------------+--------------+--------------+
|             INSTR_RETIRED_ANY STAT            |  FIXC0  | 3544073600000 | 166710700000 | 177278500000 | 1.687654e+11 |
|           CPU_CLK_UNHALTED_CORE STAT          |  FIXC1  | 1824029580000 |  78637260000 |  87948960000 | 8.685855e+10 |
|           CPU_CLK_UNHALTED_REF STAT           |  FIXC2  | 2496197800000 | 107615900000 | 120352800000 | 1.188666e+11 |
|              PWR_PKG_ENERGY STAT              |   PWR0  |     5334.2330 |            0 |    3035.3900 |     254.0111 |
|              PWR_DRAM_ENERGY STAT             |   PWR3  |      928.3572 |            0 |     531.1007 |      44.2075 |
| FP_ARITH_INST_RETIRED_128B_PACKED_DOUBLE STAT |   PMC0  |        714138 |            0 |       714138 |   34006.5714 |
|    FP_ARITH_INST_RETIRED_SCALAR_DOUBLE STAT   |   PMC1  |  954016370000 |  44423560000 |  46721330000 | 4.542935e+10 |
| FP_ARITH_INST_RETIRED_256B_PACKED_DOUBLE STAT |   PMC2  |       1138324 |            0 |      1138324 |   54205.9048 |
| FP_ARITH_INST_RETIRED_512B_PACKED_DOUBLE STAT |   PMC3  |      10452010 |            0 |     10452010 |  497714.7619 |
|               CAS_COUNT_RD STAT               | MBOX0C0 |    2650040300 |            0 |   1738612000 | 1.261924e+08 |
|               CAS_COUNT_WR STAT               | MBOX0C1 |     665104700 |            0 |    430947900 | 3.167165e+07 |
|               CAS_COUNT_RD STAT               | MBOX1C0 |    2650070000 |            0 |   1738310000 | 1.261938e+08 |
|               CAS_COUNT_WR STAT               | MBOX1C1 |     664899000 |            0 |    430481700 | 3.166186e+07 |
|               CAS_COUNT_RD STAT               | MBOX2C0 |    2650015100 |            0 |   1738215000 | 1.261912e+08 |
|               CAS_COUNT_WR STAT               | MBOX2C1 |     665226300 |            0 |    430787000 | 3.167744e+07 |
|               CAS_COUNT_RD STAT               | MBOX3C0 |    2643816700 |            0 |   1736180000 | 1.258960e+08 |
|               CAS_COUNT_WR STAT               | MBOX3C1 |     663032400 |            0 |    429951300 | 3.157297e+07 |
|               CAS_COUNT_RD STAT               | MBOX4C0 |    2642050900 |            0 |   1734867000 | 1.258119e+08 |
|               CAS_COUNT_WR STAT               | MBOX4C1 |     660902100 |            0 |    428031000 | 3.147153e+07 |
|               CAS_COUNT_RD STAT               | MBOX5C0 |    2642241900 |            0 |   1734610000 | 1.258210e+08 |
|               CAS_COUNT_WR STAT               | MBOX5C1 |     660859100 |            0 |    427711500 | 3.146948e+07 |
+-----------------------------------------------+---------+---------------+--------------+--------------+--------------+
+-----------------------------------+------------+-----------+-----------+-----------+-----------+-----------+-----------+-----------+-----------+-----------+-----------+-----------+-----------+-----------+-----------+-----------+-----------+-----------+-----------+-----------+-----------+
|               Metric              |   Core 0   |   Core 1  |   Core 2  |   Core 3  |   Core 4  |   Core 5  |   Core 6  |   Core 7  |   Core 8  |   Core 9  |  Core 10  |  Core 11  |  Core 12  |  Core 13  |  Core 14  |  Core 15  |  Core 16  |  Core 17  |  Core 18  |  Core 19  |  Core 20  |
+-----------------------------------+------------+-----------+-----------+-----------+-----------+-----------+-----------+-----------+-----------+-----------+-----------+-----------+-----------+-----------+-----------+-----------+-----------+-----------+-----------+-----------+-----------+
|        Runtime (RDTSC) [s]        |    49.0656 |   49.0667 |   49.0666 |   49.0666 |   49.0666 |   49.0666 |   49.0666 |   49.0666 |   49.0666 |   49.0666 |   49.0667 |   49.0667 |   49.0666 |   49.0666 |   49.0656 |   49.0666 |   49.0666 |   49.0666 |   49.0666 |   49.0666 |   49.0666 |
|        Runtime unhalted [s]       |    30.3178 |   33.1378 |   33.4115 |   33.7971 |   33.8340 |   33.8979 |   33.9039 |   33.8962 |   33.8978 |   33.9019 |   33.8972 |   33.9078 |   33.9058 |   33.8850 |   33.8188 |   33.8239 |   33.2024 |   33.1827 |   33.1800 |   33.1844 |   33.2518 |
|            Clock [MHz]            |  1895.3218 | 1895.4206 | 1895.4199 | 1895.4195 | 1895.4218 | 1895.4233 | 1895.4215 | 1895.4212 | 1895.4236 | 1895.4241 | 1895.4211 | 1895.4203 | 1895.4186 | 1895.4230 | 1895.1514 | 1895.1462 | 1895.1441 | 1895.1436 | 1895.1397 | 1895.1492 | 1895.1542 |
|                CPI                |     0.4436 |    0.5054 |    0.5077 |    0.5150 |    0.5197 |    0.5229 |    0.5252 |    0.5231 |    0.5238 |    0.5255 |    0.5274 |    0.5260 |    0.5244 |    0.5242 |    0.5257 |    0.5240 |    0.5123 |    0.5081 |    0.5066 |    0.5090 |    0.5132 |
|             Energy [J]            |  3035.3900 |         0 |         0 |         0 |         0 |         0 |         0 |         0 |         0 |         0 |         0 |         0 |         0 |         0 | 2298.8430 |         0 |         0 |         0 |         0 |         0 |         0 |
|             Power [W]             |    61.8639 |         0 |         0 |         0 |         0 |         0 |         0 |         0 |         0 |         0 |         0 |         0 |         0 |         0 |   46.8525 |         0 |         0 |         0 |         0 |         0 |         0 |
|          Energy DRAM [J]          |   531.1007 |         0 |         0 |         0 |         0 |         0 |         0 |         0 |         0 |         0 |         0 |         0 |         0 |         0 |  397.2565 |         0 |         0 |         0 |         0 |         0 |         0 |
|           Power DRAM [W]          |    10.8243 |         0 |         0 |         0 |         0 |         0 |         0 |         0 |         0 |         0 |         0 |         0 |         0 |         0 |    8.0964 |         0 |         0 |         0 |         0 |         0 |         0 |
|            DP [MFLOP/s]           |   926.1062 |  939.5182 |  952.2015 |  942.9684 |  929.2267 |  926.0589 |  922.1332 |  925.0044 |  915.4733 |  907.0550 |  905.3718 |  906.7458 |  915.2296 |  922.4002 |  918.4065 |  921.2944 |  924.8037 |  938.9948 |  948.6527 |  935.2181 |  922.2832 |
|          AVX DP [MFLOP/s]         |     1.7970 |         0 |         0 |         0 |         0 |         0 |         0 |         0 |         0 |         0 |         0 |         0 |         0 |         0 |         0 |         0 |         0 |         0 |         0 |         0 |         0 |
|          Packed [MUOPS/s]         |     0.2508 |         0 |         0 |         0 |         0 |         0 |         0 |         0 |         0 |         0 |         0 |         0 |         0 |         0 |         0 |         0 |         0 |         0 |         0 |         0 |         0 |
|          Scalar [MUOPS/s]         |   924.2801 |  939.5182 |  952.2015 |  942.9684 |  929.2267 |  926.0589 |  922.1332 |  925.0044 |  915.4733 |  907.0550 |  905.3718 |  906.7458 |  915.2296 |  922.4002 |  918.4065 |  921.2944 |  924.8037 |  938.9948 |  948.6527 |  935.2181 |  922.2832 |
|  Memory read bandwidth [MBytes/s] | 13592.6410 |         0 |         0 |         0 |         0 |         0 |         0 |         0 |         0 |         0 |         0 |         0 |         0 |         0 | 7118.5617 |         0 |         0 |         0 |         0 |         0 |         0 |
|  Memory read data volume [GBytes] |   666.9308 |         0 |         0 |         0 |         0 |         0 |         0 |         0 |         0 |         0 |         0 |         0 |         0 |         0 |  349.2762 |         0 |         0 |         0 |         0 |         0 |         0 |
| Memory write bandwidth [MBytes/s] |  3362.5663 |         0 |         0 |         0 |         0 |         0 |         0 |         0 |         0 |         0 |         0 |         0 |         0 |         0 | 1828.8846 |         0 |         0 |         0 |         0 |         0 |         0 |
| Memory write data volume [GBytes] |   164.9863 |         0 |         0 |         0 |         0 |         0 |         0 |         0 |         0 |         0 |         0 |         0 |         0 |         0 |   89.7352 |         0 |         0 |         0 |         0 |         0 |         0 |
|    Memory bandwidth [MBytes/s]    | 16955.2073 |         0 |         0 |         0 |         0 |         0 |         0 |         0 |         0 |         0 |         0 |         0 |         0 |         0 | 8947.4463 |         0 |         0 |         0 |         0 |         0 |         0 |
|    Memory data volume [GBytes]    |   831.9171 |         0 |         0 |         0 |         0 |         0 |         0 |         0 |         0 |         0 |         0 |         0 |         0 |         0 |  439.0115 |         0 |         0 |         0 |         0 |         0 |         0 |
|       Operational intensity       |     0.0546 |    0.0554 |    0.0562 |    0.0556 |    0.0548 |    0.0546 |    0.0544 |    0.0546 |    0.0540 |    0.0535 |    0.0534 |    0.0535 |    0.0540 |    0.0544 |    0.1026 |    0.1030 |    0.1034 |    0.1049 |    0.1060 |    0.1045 |    0.1031 |
+-----------------------------------+------------+-----------+-----------+-----------+-----------+-----------+-----------+-----------+-----------+-----------+-----------+-----------+-----------+-----------+-----------+-----------+-----------+-----------+-----------+-----------+-----------+
+----------------------------------------+------------+-----------+------------+-----------+
|                 Metric                 |     Sum    |    Min    |     Max    |    Avg    |
+----------------------------------------+------------+-----------+------------+-----------+
|        Runtime (RDTSC) [s] STAT        |  1030.3969 |   49.0656 |    49.0667 |   49.0665 |
|        Runtime unhalted [s] STAT       |   703.2357 |   30.3178 |    33.9078 |   33.4874 |
|            Clock [MHz] STAT            | 39801.8287 | 1895.1397 |  1895.4241 | 1895.3252 |
|                CPI STAT                |    10.8128 |    0.4436 |     0.5274 |    0.5149 |
|             Energy [J] STAT            |  5334.2330 |         0 |  3035.3900 |  254.0111 |
|             Power [W] STAT             |   108.7164 |         0 |    61.8639 |    5.1770 |
|          Energy DRAM [J] STAT          |   928.3572 |         0 |   531.1007 |   44.2075 |
|           Power DRAM [W] STAT          |    18.9207 |         0 |    10.8243 |    0.9010 |
|            DP [MFLOP/s] STAT           | 19445.1466 |  905.3718 |   952.2015 |  925.9594 |
|          AVX DP [MFLOP/s] STAT         |     1.7970 |         0 |     1.7970 |    0.0856 |
|          Packed [MUOPS/s] STAT         |     0.2508 |         0 |     0.2508 |    0.0119 |
|          Scalar [MUOPS/s] STAT         | 19443.3205 |  905.3718 |   952.2015 |  925.8724 |
|  Memory read bandwidth [MBytes/s] STAT | 20711.2027 |         0 | 13592.6410 |  986.2477 |
|  Memory read data volume [GBytes] STAT |  1016.2070 |         0 |   666.9308 |   48.3908 |
| Memory write bandwidth [MBytes/s] STAT |  5191.4509 |         0 |  3362.5663 |  247.2119 |
| Memory write data volume [GBytes] STAT |   254.7215 |         0 |   164.9863 |   12.1296 |
|    Memory bandwidth [MBytes/s] STAT    | 25902.6536 |         0 | 16955.2073 | 1233.4597 |
|    Memory data volume [GBytes] STAT    |  1270.9286 |         0 |   831.9171 |   60.5204 |
|       Operational intensity STAT       |     1.4905 |    0.0534 |     0.1060 |    0.0710 |
+----------------------------------------+------------+-----------+------------+-----------+
