--------------------------------------------------------------------------------
CPU name:	Intel(R) Xeon(R) Gold 6132 CPU @ 2.60GHz
CPU type:	Intel Skylake SP processor
CPU clock:	2.59 GHz
--------------------------------------------------------------------------------
Region Setup, Group 1: MEM_DP
+-------------------+----------+----------+----------+----------+----------+----------+----------+----------+----------+----------+----------+----------+----------+----------+----------+----------+----------+
|    Region Info    |  Core 0  |  Core 1  |  Core 2  |  Core 3  |  Core 4  |  Core 5  |  Core 6  |  Core 7  |  Core 8  |  Core 9  |  Core 10 |  Core 11 |  Core 12 |  Core 13 |  Core 14 |  Core 15 |  Core 16 |
+-------------------+----------+----------+----------+----------+----------+----------+----------+----------+----------+----------+----------+----------+----------+----------+----------+----------+----------+
| RDTSC Runtime [s] | 5.922373 | 5.924196 | 5.924222 | 5.924190 | 5.924251 | 5.924202 | 5.924224 | 5.924223 | 5.924195 | 5.924263 | 5.924236 | 5.924246 | 5.924254 | 5.924236 | 5.922339 | 5.924235 | 5.924187 |
|     call count    |        2 |        2 |        2 |        2 |        2 |        2 |        2 |        2 |        2 |        2 |        2 |        2 |        2 |        2 |        2 |        2 |        2 |
+-------------------+----------+----------+----------+----------+----------+----------+----------+----------+----------+----------+----------+----------+----------+----------+----------+----------+----------+
+------------------------------------------+---------+------------+------------+------------+------------+------------+------------+------------+------------+------------+------------+------------+------------+------------+------------+------------+------------+------------+
|                   Event                  | Counter |   Core 0   |   Core 1   |   Core 2   |   Core 3   |   Core 4   |   Core 5   |   Core 6   |   Core 7   |   Core 8   |   Core 9   |   Core 10  |   Core 11  |   Core 12  |   Core 13  |   Core 14  |   Core 15  |   Core 16  |
+------------------------------------------+---------+------------+------------+------------+------------+------------+------------+------------+------------+------------+------------+------------+------------+------------+------------+------------+------------+------------+
|             INSTR_RETIRED_ANY            |  FIXC0  | 4898203000 | 2012701000 | 2011901000 | 2011795000 | 2008935000 | 2009109000 | 2007786000 | 2008147000 | 2008115000 | 2008335000 | 2007728000 | 2006863000 | 2006245000 | 2006207000 | 1994249000 | 1991478000 | 1983088000 |
|           CPU_CLK_UNHALTED_CORE          |  FIXC1  | 3246098000 | 1810766000 | 1807181000 | 1806642000 | 1819034000 | 1812313000 | 1798533000 | 1797250000 | 1811534000 | 1808866000 | 1807492000 | 1805862000 | 1805882000 | 1799369000 | 1600801000 | 1603502000 | 1530495000 |
|           CPU_CLK_UNHALTED_REF           |  FIXC2  | 4439776000 | 2478489000 | 2473689000 | 2472888000 | 2489837000 | 2480656000 | 2461759000 | 2459996000 | 2479482000 | 2475911000 | 2474048000 | 2471847000 | 2471918000 | 2462895000 | 2193258000 | 2196900000 | 2097003000 |
|              PWR_PKG_ENERGY              |   PWR0  |   217.9675 |          0 |          0 |          0 |          0 |          0 |          0 |          0 |          0 |          0 |          0 |          0 |          0 |          0 |   184.7064 |          0 |          0 |
|              PWR_DRAM_ENERGY             |   PWR3  |    32.3189 |          0 |          0 |          0 |          0 |          0 |          0 |          0 |          0 |          0 |          0 |          0 |          0 |          0 |    21.2907 |          0 |          0 |
| FP_ARITH_INST_RETIRED_128B_PACKED_DOUBLE |   PMC0  |     761098 |          0 |          0 |          0 |          0 |          0 |          0 |          0 |          0 |          0 |          0 |          0 |          0 |          0 |          0 |          0 |          0 |
|    FP_ARITH_INST_RETIRED_SCALAR_DOUBLE   |   PMC1  |  649150900 |  506401300 |  506392300 |  506385500 |  505421600 |  505521500 |  505368100 |  505468900 |  505326300 |  505420800 |  505322800 |  505284400 |  505157200 |  505252800 |  505154500 |  504309800 |  504168900 |
| FP_ARITH_INST_RETIRED_256B_PACKED_DOUBLE |   PMC2  |     402100 |          0 |          0 |          0 |          0 |          0 |          0 |          0 |          0 |          0 |          0 |          0 |          0 |          0 |          0 |          0 |          0 |
| FP_ARITH_INST_RETIRED_512B_PACKED_DOUBLE |   PMC3  |    8148557 |          0 |          0 |          0 |          0 |          0 |          0 |          0 |          0 |          0 |          0 |          0 |          0 |          0 |          0 |          0 |          0 |
|               CAS_COUNT_RD               | MBOX0C0 |   19782070 |          0 |          0 |          0 |          0 |          0 |          0 |          0 |          0 |          0 |          0 |          0 |          0 |          0 |    1692225 |          0 |          0 |
|               CAS_COUNT_WR               | MBOX0C1 |   23647890 |          0 |          0 |          0 |          0 |          0 |          0 |          0 |          0 |          0 |          0 |          0 |          0 |          0 |    2269260 |          0 |          0 |
|               CAS_COUNT_RD               | MBOX1C0 |   20361940 |          0 |          0 |          0 |          0 |          0 |          0 |          0 |          0 |          0 |          0 |          0 |          0 |          0 |    1728127 |          0 |          0 |
|               CAS_COUNT_WR               | MBOX1C1 |   24549720 |          0 |          0 |          0 |          0 |          0 |          0 |          0 |          0 |          0 |          0 |          0 |          0 |          0 |    2314422 |          0 |          0 |
|               CAS_COUNT_RD               | MBOX2C0 |   20175520 |          0 |          0 |          0 |          0 |          0 |          0 |          0 |          0 |          0 |          0 |          0 |          0 |          0 |    1700041 |          0 |          0 |
|               CAS_COUNT_WR               | MBOX2C1 |   24154910 |          0 |          0 |          0 |          0 |          0 |          0 |          0 |          0 |          0 |          0 |          0 |          0 |          0 |    2273044 |          0 |          0 |
|               CAS_COUNT_RD               | MBOX3C0 |   18579860 |          0 |          0 |          0 |          0 |          0 |          0 |          0 |          0 |          0 |          0 |          0 |          0 |          0 |    1512423 |          0 |          0 |
|               CAS_COUNT_WR               | MBOX3C1 |   23453190 |          0 |          0 |          0 |          0 |          0 |          0 |          0 |          0 |          0 |          0 |          0 |          0 |          0 |    2201529 |          0 |          0 |
|               CAS_COUNT_RD               | MBOX4C0 |   18513770 |          0 |          0 |          0 |          0 |          0 |          0 |          0 |          0 |          0 |          0 |          0 |          0 |          0 |    1510720 |          0 |          0 |
|               CAS_COUNT_WR               | MBOX4C1 |   23356200 |          0 |          0 |          0 |          0 |          0 |          0 |          0 |          0 |          0 |          0 |          0 |          0 |          0 |    2200320 |          0 |          0 |
|               CAS_COUNT_RD               | MBOX5C0 |   19416980 |          0 |          0 |          0 |          0 |          0 |          0 |          0 |          0 |          0 |          0 |          0 |          0 |          0 |    1498642 |          0 |          0 |
|               CAS_COUNT_WR               | MBOX5C1 |   24784180 |          0 |          0 |          0 |          0 |          0 |          0 |          0 |          0 |          0 |          0 |          0 |          0 |          0 |    2180407 |          0 |          0 |
+------------------------------------------+---------+------------+------------+------------+------------+------------+------------+------------+------------+------------+------------+------------+------------+------------+------------+------------+------------+------------+
+-----------------------------------------------+---------+-------------+------------+------------+--------------+
|                     Event                     | Counter |     Sum     |     Min    |     Max    |      Avg     |
+-----------------------------------------------+---------+-------------+------------+------------+--------------+
|             INSTR_RETIRED_ANY STAT            |  FIXC0  | 36980885000 | 1983088000 | 4898203000 | 2.175346e+09 |
|           CPU_CLK_UNHALTED_CORE STAT          |  FIXC1  | 31471620000 | 1530495000 | 3246098000 | 1.851272e+09 |
|           CPU_CLK_UNHALTED_REF STAT           |  FIXC2  | 43080352000 | 2097003000 | 4439776000 | 2.534138e+09 |
|              PWR_PKG_ENERGY STAT              |   PWR0  |    402.6739 |          0 |   217.9675 |      23.6867 |
|              PWR_DRAM_ENERGY STAT             |   PWR3  |     53.6096 |          0 |    32.3189 |       3.1535 |
| FP_ARITH_INST_RETIRED_128B_PACKED_DOUBLE STAT |   PMC0  |      761098 |          0 |     761098 |   44770.4706 |
|    FP_ARITH_INST_RETIRED_SCALAR_DOUBLE STAT   |   PMC1  |  8735507600 |  504168900 |  649150900 | 5.138534e+08 |
| FP_ARITH_INST_RETIRED_256B_PACKED_DOUBLE STAT |   PMC2  |      402100 |          0 |     402100 |   23652.9412 |
| FP_ARITH_INST_RETIRED_512B_PACKED_DOUBLE STAT |   PMC3  |     8148557 |          0 |    8148557 |  479326.8824 |
|               CAS_COUNT_RD STAT               | MBOX0C0 |    21474295 |          0 |   19782070 | 1.263194e+06 |
|               CAS_COUNT_WR STAT               | MBOX0C1 |    25917150 |          0 |   23647890 | 1.524538e+06 |
|               CAS_COUNT_RD STAT               | MBOX1C0 |    22090067 |          0 |   20361940 | 1.299416e+06 |
|               CAS_COUNT_WR STAT               | MBOX1C1 |    26864142 |          0 |   24549720 | 1.580244e+06 |
|               CAS_COUNT_RD STAT               | MBOX2C0 |    21875561 |          0 |   20175520 | 1.286798e+06 |
|               CAS_COUNT_WR STAT               | MBOX2C1 |    26427954 |          0 |   24154910 | 1.554586e+06 |
|               CAS_COUNT_RD STAT               | MBOX3C0 |    20092283 |          0 |   18579860 |      1181899 |
|               CAS_COUNT_WR STAT               | MBOX3C1 |    25654719 |          0 |   23453190 | 1.509101e+06 |
|               CAS_COUNT_RD STAT               | MBOX4C0 |    20024490 |          0 |   18513770 | 1.177911e+06 |
|               CAS_COUNT_WR STAT               | MBOX4C1 |    25556520 |          0 |   23356200 | 1.503325e+06 |
|               CAS_COUNT_RD STAT               | MBOX5C0 |    20915622 |          0 |   19416980 | 1.230331e+06 |
|               CAS_COUNT_WR STAT               | MBOX5C1 |    26964587 |          0 |   24784180 | 1.586152e+06 |
+-----------------------------------------------+---------+-------------+------------+------------+--------------+
+-----------------------------------+-----------+-----------+-----------+-----------+-----------+-----------+-----------+-----------+-----------+-----------+-----------+-----------+-----------+-----------+-----------+-----------+-----------+
|               Metric              |   Core 0  |   Core 1  |   Core 2  |   Core 3  |   Core 4  |   Core 5  |   Core 6  |   Core 7  |   Core 8  |   Core 9  |  Core 10  |  Core 11  |  Core 12  |  Core 13  |  Core 14  |  Core 15  |  Core 16  |
+-----------------------------------+-----------+-----------+-----------+-----------+-----------+-----------+-----------+-----------+-----------+-----------+-----------+-----------+-----------+-----------+-----------+-----------+-----------+
|        Runtime (RDTSC) [s]        |    5.9224 |    5.9242 |    5.9242 |    5.9242 |    5.9243 |    5.9242 |    5.9242 |    5.9242 |    5.9242 |    5.9243 |    5.9242 |    5.9242 |    5.9243 |    5.9242 |    5.9223 |    5.9242 |    5.9242 |
|        Runtime unhalted [s]       |    1.2515 |    0.6981 |    0.6967 |    0.6965 |    0.7013 |    0.6987 |    0.6934 |    0.6929 |    0.6984 |    0.6974 |    0.6969 |    0.6962 |    0.6962 |    0.6937 |    0.6172 |    0.6182 |    0.5901 |
|            Clock [MHz]            | 1896.4074 | 1894.9878 | 1894.9058 | 1894.9543 | 1894.9641 | 1894.9499 | 1894.9770 | 1894.9823 | 1895.0323 | 1894.9705 | 1894.9569 | 1894.9338 | 1894.9004 | 1894.9834 | 1893.1224 | 1893.1730 | 1893.0581 |
|                CPI                |    0.6627 |    0.8997 |    0.8982 |    0.8980 |    0.9055 |    0.9020 |    0.8958 |    0.8950 |    0.9021 |    0.9007 |    0.9003 |    0.8998 |    0.9001 |    0.8969 |    0.8027 |    0.8052 |    0.7718 |
|             Energy [J]            |  217.9675 |         0 |         0 |         0 |         0 |         0 |         0 |         0 |         0 |         0 |         0 |         0 |         0 |         0 |  184.7064 |         0 |         0 |
|             Power [W]             |   36.8041 |         0 |         0 |         0 |         0 |         0 |         0 |         0 |         0 |         0 |         0 |         0 |         0 |         0 |   31.1881 |         0 |         0 |
|          Energy DRAM [J]          |   32.3189 |         0 |         0 |         0 |         0 |         0 |         0 |         0 |         0 |         0 |         0 |         0 |         0 |         0 |   21.2907 |         0 |         0 |
|           Power DRAM [W]          |    5.4571 |         0 |         0 |         0 |         0 |         0 |         0 |         0 |         0 |         0 |         0 |         0 |         0 |         0 |    3.5950 |         0 |         0 |
|            DP [MFLOP/s]           |  121.1457 |   85.4802 |   85.4783 |   85.4776 |   85.3140 |   85.3316 |   85.3054 |   85.3224 |   85.2987 |   85.3137 |   85.2975 |   85.2909 |   85.2693 |   85.2857 |   85.2965 |   85.1266 |   85.1035 |
|          AVX DP [MFLOP/s]         |   11.2787 |         0 |         0 |         0 |         0 |         0 |         0 |         0 |         0 |         0 |         0 |         0 |         0 |         0 |         0 |         0 |         0 |
|          Packed [MUOPS/s]         |    1.5723 |         0 |         0 |         0 |         0 |         0 |         0 |         0 |         0 |         0 |         0 |         0 |         0 |         0 |         0 |         0 |         0 |
|          Scalar [MUOPS/s]         |  109.6099 |   85.4802 |   85.4783 |   85.4776 |   85.3140 |   85.3316 |   85.3054 |   85.3224 |   85.2987 |   85.3137 |   85.2975 |   85.2909 |   85.2693 |   85.2857 |   85.2965 |   85.1266 |   85.1035 |
|  Memory read bandwidth [MBytes/s] | 1262.5225 |         0 |         0 |         0 |         0 |         0 |         0 |         0 |         0 |         0 |         0 |         0 |         0 |         0 |  104.1986 |         0 |         0 |
|  Memory read data volume [GBytes] |    7.4771 |         0 |         0 |         0 |         0 |         0 |         0 |         0 |         0 |         0 |         0 |         0 |         0 |         0 |    0.6171 |         0 |         0 |
| Memory write bandwidth [MBytes/s] | 1555.5504 |         0 |         0 |         0 |         0 |         0 |         0 |         0 |         0 |         0 |         0 |         0 |         0 |         0 |  145.2289 |         0 |         0 |
| Memory write data volume [GBytes] |    9.2125 |         0 |         0 |         0 |         0 |         0 |         0 |         0 |         0 |         0 |         0 |         0 |         0 |         0 |    0.8601 |         0 |         0 |
|    Memory bandwidth [MBytes/s]    | 2818.0729 |         0 |         0 |         0 |         0 |         0 |         0 |         0 |         0 |         0 |         0 |         0 |         0 |         0 |  249.4275 |         0 |         0 |
|    Memory data volume [GBytes]    |   16.6897 |         0 |         0 |         0 |         0 |         0 |         0 |         0 |         0 |         0 |         0 |         0 |         0 |         0 |    1.4772 |         0 |         0 |
|       Operational intensity       |    0.0430 |    0.0303 |    0.0303 |    0.0303 |    0.0303 |    0.0303 |    0.0303 |    0.0303 |    0.0303 |    0.0303 |    0.0303 |    0.0303 |    0.0303 |    0.0303 |    0.3420 |    0.3414 |    0.3413 |
+-----------------------------------+-----------+-----------+-----------+-----------+-----------+-----------+-----------+-----------+-----------+-----------+-----------+-----------+-----------+-----------+-----------+-----------+-----------+
+----------------------------------------+------------+-----------+-----------+-----------+
|                 Metric                 |     Sum    |    Min    |    Max    |    Avg    |
+----------------------------------------+------------+-----------+-----------+-----------+
|        Runtime (RDTSC) [s] STAT        |   100.7080 |    5.9223 |    5.9243 |    5.9240 |
|        Runtime unhalted [s] STAT       |    12.1334 |    0.5901 |    1.2515 |    0.7137 |
|            Clock [MHz] STAT            | 32210.2594 | 1893.0581 | 1896.4074 | 1894.7211 |
|                CPI STAT                |    14.7365 |    0.6627 |    0.9055 |    0.8669 |
|             Energy [J] STAT            |   402.6739 |         0 |  217.9675 |   23.6867 |
|             Power [W] STAT             |    67.9922 |         0 |   36.8041 |    3.9995 |
|          Energy DRAM [J] STAT          |    53.6096 |         0 |   32.3189 |    3.1535 |
|           Power DRAM [W] STAT          |     9.0521 |         0 |    5.4571 |    0.5325 |
|            DP [MFLOP/s] STAT           |  1486.1376 |   85.1035 |  121.1457 |   87.4199 |
|          AVX DP [MFLOP/s] STAT         |    11.2787 |         0 |   11.2787 |    0.6635 |
|          Packed [MUOPS/s] STAT         |     1.5723 |         0 |    1.5723 |    0.0925 |
|          Scalar [MUOPS/s] STAT         |  1474.6018 |   85.1035 |  109.6099 |   86.7413 |
|  Memory read bandwidth [MBytes/s] STAT |  1366.7211 |         0 | 1262.5225 |   80.3954 |
|  Memory read data volume [GBytes] STAT |     8.0942 |         0 |    7.4771 |    0.4761 |
| Memory write bandwidth [MBytes/s] STAT |  1700.7793 |         0 | 1555.5504 |  100.0458 |
| Memory write data volume [GBytes] STAT |    10.0726 |         0 |    9.2125 |    0.5925 |
|    Memory bandwidth [MBytes/s] STAT    |  3067.5004 |         0 | 2818.0729 |  180.4412 |
|    Memory data volume [GBytes] STAT    |    18.1669 |         0 |   16.6897 |    1.0686 |
|       Operational intensity STAT       |     1.4616 |    0.0303 |    0.3420 |    0.0860 |
+----------------------------------------+------------+-----------+-----------+-----------+
--------------------------------------------------------------------------------
CPU name:	Intel(R) Xeon(R) Gold 6132 CPU @ 2.60GHz
CPU type:	Intel Skylake SP processor
CPU clock:	2.59 GHz
--------------------------------------------------------------------------------
Region Solve, Group 1: MEM_DP
+-------------------+-----------+-----------+-----------+-----------+-----------+-----------+-----------+-----------+-----------+-----------+-----------+-----------+-----------+-----------+-----------+-----------+-----------+
|    Region Info    |   Core 0  |   Core 1  |   Core 2  |   Core 3  |   Core 4  |   Core 5  |   Core 6  |   Core 7  |   Core 8  |   Core 9  |  Core 10  |  Core 11  |  Core 12  |  Core 13  |  Core 14  |  Core 15  |  Core 16  |
+-------------------+-----------+-----------+-----------+-----------+-----------+-----------+-----------+-----------+-----------+-----------+-----------+-----------+-----------+-----------+-----------+-----------+-----------+
| RDTSC Runtime [s] | 58.309220 | 58.310280 | 58.310280 | 58.310270 | 58.310270 | 58.310280 | 58.310280 | 58.310270 | 58.310270 | 58.310270 | 58.310270 | 58.310280 | 58.310270 | 58.310270 | 58.309190 | 58.310260 | 58.310260 |
|     call count    |         1 |         1 |         1 |         1 |         1 |         1 |         1 |         1 |         1 |         1 |         1 |         1 |         1 |         1 |         1 |         1 |         1 |
+-------------------+-----------+-----------+-----------+-----------+-----------+-----------+-----------+-----------+-----------+-----------+-----------+-----------+-----------+-----------+-----------+-----------+-----------+
+------------------------------------------+---------+--------------+--------------+--------------+--------------+--------------+--------------+--------------+--------------+--------------+--------------+--------------+--------------+--------------+--------------+--------------+--------------+--------------+
|                   Event                  | Counter |    Core 0    |    Core 1    |    Core 2    |    Core 3    |    Core 4    |    Core 5    |    Core 6    |    Core 7    |    Core 8    |    Core 9    |    Core 10   |    Core 11   |    Core 12   |    Core 13   |    Core 14   |    Core 15   |    Core 16   |
+------------------------------------------+---------+--------------+--------------+--------------+--------------+--------------+--------------+--------------+--------------+--------------+--------------+--------------+--------------+--------------+--------------+--------------+--------------+--------------+
|             INSTR_RETIRED_ANY            |  FIXC0  | 216462500000 | 210024700000 | 210356700000 | 208804400000 | 207249800000 | 206814800000 | 207537200000 | 206667500000 | 205840700000 | 206545300000 | 207416700000 | 206404300000 | 206647200000 | 207817600000 | 209584200000 | 209135000000 | 207321600000 |
|           CPU_CLK_UNHALTED_CORE          |  FIXC1  |  94461460000 | 102078200000 | 103555600000 | 104636500000 | 105404200000 | 105399500000 | 105428100000 | 105405200000 | 105183600000 | 105427100000 | 105434900000 | 104864800000 | 104560700000 | 102271000000 | 102028500000 | 101999900000 | 102058900000 |
|           CPU_CLK_UNHALTED_REF           |  FIXC2  | 129270600000 | 139687500000 | 141709200000 | 143188100000 | 144238700000 | 144232400000 | 144271600000 | 144240100000 | 143936800000 | 144270100000 | 144280800000 | 143500700000 | 143084700000 | 139951300000 | 139656300000 | 139617300000 | 139697700000 |
|              PWR_PKG_ENERGY              |   PWR0  |    3629.1170 |            0 |            0 |            0 |            0 |            0 |            0 |            0 |            0 |            0 |            0 |            0 |            0 |            0 |    2160.5450 |            0 |            0 |
|              PWR_DRAM_ENERGY             |   PWR3  |     644.9517 |            0 |            0 |            0 |            0 |            0 |            0 |            0 |            0 |            0 |            0 |            0 |            0 |            0 |     366.6674 |            0 |            0 |
| FP_ARITH_INST_RETIRED_128B_PACKED_DOUBLE |   PMC0  |       714138 |            0 |            0 |            0 |            0 |            0 |            0 |            0 |            0 |            0 |            0 |            0 |            0 |            0 |            0 |            0 |            0 |
|    FP_ARITH_INST_RETIRED_SCALAR_DOUBLE   |   PMC1  |  55969590000 |  57247540000 |  57482890000 |  56476610000 |  56044070000 |  55925430000 |  55861680000 |  55033090000 |  54890490000 |  55017600000 |  55830160000 |  55813390000 |  55889280000 |  56246130000 |  57320460000 |  57054360000 |  55913580000 |
| FP_ARITH_INST_RETIRED_256B_PACKED_DOUBLE |   PMC2  |      1138324 |            0 |            0 |            0 |            0 |            0 |            0 |            0 |            0 |            0 |            0 |            0 |            0 |            0 |            0 |            0 |            0 |
| FP_ARITH_INST_RETIRED_512B_PACKED_DOUBLE |   PMC3  |     10452010 |            0 |            0 |            0 |            0 |            0 |            0 |            0 |            0 |            0 |            0 |            0 |            0 |            0 |            0 |            0 |            0 |
|               CAS_COUNT_RD               | MBOX0C0 |   2140092000 |            0 |            0 |            0 |            0 |            0 |            0 |            0 |            0 |            0 |            0 |            0 |            0 |            0 |    509485800 |            0 |            0 |
|               CAS_COUNT_WR               | MBOX0C1 |    515485500 |            0 |            0 |            0 |            0 |            0 |            0 |            0 |            0 |            0 |            0 |            0 |            0 |            0 |    135654100 |            0 |            0 |
|               CAS_COUNT_RD               | MBOX1C0 |   2140162000 |            0 |            0 |            0 |            0 |            0 |            0 |            0 |            0 |            0 |            0 |            0 |            0 |            0 |    509225800 |            0 |            0 |
|               CAS_COUNT_WR               | MBOX1C1 |    515711900 |            0 |            0 |            0 |            0 |            0 |            0 |            0 |            0 |            0 |            0 |            0 |            0 |            0 |    135568900 |            0 |            0 |
|               CAS_COUNT_RD               | MBOX2C0 |   2139968000 |            0 |            0 |            0 |            0 |            0 |            0 |            0 |            0 |            0 |            0 |            0 |            0 |            0 |    509346000 |            0 |            0 |
|               CAS_COUNT_WR               | MBOX2C1 |    515632200 |            0 |            0 |            0 |            0 |            0 |            0 |            0 |            0 |            0 |            0 |            0 |            0 |            0 |    135582500 |            0 |            0 |
|               CAS_COUNT_RD               | MBOX3C0 |   2136081000 |            0 |            0 |            0 |            0 |            0 |            0 |            0 |            0 |            0 |            0 |            0 |            0 |            0 |    505987200 |            0 |            0 |
|               CAS_COUNT_WR               | MBOX3C1 |    512138200 |            0 |            0 |            0 |            0 |            0 |            0 |            0 |            0 |            0 |            0 |            0 |            0 |            0 |    134305800 |            0 |            0 |
|               CAS_COUNT_RD               | MBOX4C0 |   2135698000 |            0 |            0 |            0 |            0 |            0 |            0 |            0 |            0 |            0 |            0 |            0 |            0 |            0 |    506015400 |            0 |            0 |
|               CAS_COUNT_WR               | MBOX4C1 |    511718300 |            0 |            0 |            0 |            0 |            0 |            0 |            0 |            0 |            0 |            0 |            0 |            0 |            0 |    134362100 |            0 |            0 |
|               CAS_COUNT_RD               | MBOX5C0 |   2136650000 |            0 |            0 |            0 |            0 |            0 |            0 |            0 |            0 |            0 |            0 |            0 |            0 |            0 |    505806400 |            0 |            0 |
|               CAS_COUNT_WR               | MBOX5C1 |    513255400 |            0 |            0 |            0 |            0 |            0 |            0 |            0 |            0 |            0 |            0 |            0 |            0 |            0 |    134221600 |            0 |            0 |
+------------------------------------------+---------+--------------+--------------+--------------+--------------+--------------+--------------+--------------+--------------+--------------+--------------+--------------+--------------+--------------+--------------+--------------+--------------+--------------+
+-----------------------------------------------+---------+---------------+--------------+--------------+--------------+
|                     Event                     | Counter |      Sum      |      Min     |      Max     |      Avg     |
+-----------------------------------------------+---------+---------------+--------------+--------------+--------------+
|             INSTR_RETIRED_ANY STAT            |  FIXC0  | 3540630200000 | 205840700000 | 216462500000 | 2.082724e+11 |
|           CPU_CLK_UNHALTED_CORE STAT          |  FIXC1  | 1760198160000 |  94461460000 | 105434900000 | 1.035411e+11 |
|           CPU_CLK_UNHALTED_REF STAT           |  FIXC2  | 2408833900000 | 129270600000 | 144280800000 | 1.416961e+11 |
|              PWR_PKG_ENERGY STAT              |   PWR0  |     5789.6620 |            0 |    3629.1170 |     340.5684 |
|              PWR_DRAM_ENERGY STAT             |   PWR3  |     1011.6191 |            0 |     644.9517 |      59.5070 |
| FP_ARITH_INST_RETIRED_128B_PACKED_DOUBLE STAT |   PMC0  |        714138 |            0 |       714138 |   42008.1176 |
|    FP_ARITH_INST_RETIRED_SCALAR_DOUBLE STAT   |   PMC1  |  954016350000 |  54890490000 |  57482890000 | 5.611861e+10 |
| FP_ARITH_INST_RETIRED_256B_PACKED_DOUBLE STAT |   PMC2  |       1138324 |            0 |      1138324 |   66960.2353 |
| FP_ARITH_INST_RETIRED_512B_PACKED_DOUBLE STAT |   PMC3  |      10452010 |            0 |     10452010 |  614824.1176 |
|               CAS_COUNT_RD STAT               | MBOX0C0 |    2649577800 |            0 |   2140092000 | 1.558575e+08 |
|               CAS_COUNT_WR STAT               | MBOX0C1 |     651139600 |            0 |    515485500 | 3.830233e+07 |
|               CAS_COUNT_RD STAT               | MBOX1C0 |    2649387800 |            0 |   2140162000 | 1.558463e+08 |
|               CAS_COUNT_WR STAT               | MBOX1C1 |     651280800 |            0 |    515711900 | 3.831064e+07 |
|               CAS_COUNT_RD STAT               | MBOX2C0 |    2649314000 |            0 |   2139968000 |    155842000 |
|               CAS_COUNT_WR STAT               | MBOX2C1 |     651214700 |            0 |    515632200 | 3.830675e+07 |
|               CAS_COUNT_RD STAT               | MBOX3C0 |    2642068200 |            0 |   2136081000 | 1.554158e+08 |
|               CAS_COUNT_WR STAT               | MBOX3C1 |     646444000 |            0 |    512138200 | 3.802612e+07 |
|               CAS_COUNT_RD STAT               | MBOX4C0 |    2641713400 |            0 |   2135698000 | 1.553949e+08 |
|               CAS_COUNT_WR STAT               | MBOX4C1 |     646080400 |            0 |    511718300 | 3.800473e+07 |
|               CAS_COUNT_RD STAT               | MBOX5C0 |    2642456400 |            0 |   2136650000 | 1.554386e+08 |
|               CAS_COUNT_WR STAT               | MBOX5C1 |     647477000 |            0 |    513255400 | 3.808688e+07 |
+-----------------------------------------------+---------+---------------+--------------+--------------+--------------+
+-----------------------------------+------------+-----------+-----------+-----------+-----------+-----------+-----------+-----------+-----------+-----------+-----------+-----------+-----------+-----------+-----------+-----------+-----------+
|               Metric              |   Core 0   |   Core 1  |   Core 2  |   Core 3  |   Core 4  |   Core 5  |   Core 6  |   Core 7  |   Core 8  |   Core 9  |  Core 10  |  Core 11  |  Core 12  |  Core 13  |  Core 14  |  Core 15  |  Core 16  |
+-----------------------------------+------------+-----------+-----------+-----------+-----------+-----------+-----------+-----------+-----------+-----------+-----------+-----------+-----------+-----------+-----------+-----------+-----------+
|        Runtime (RDTSC) [s]        |    58.3092 |   58.3103 |   58.3103 |   58.3103 |   58.3103 |   58.3103 |   58.3103 |   58.3103 |   58.3103 |   58.3103 |   58.3103 |   58.3103 |   58.3103 |   58.3103 |   58.3092 |   58.3103 |   58.3103 |
|        Runtime unhalted [s]       |    36.4186 |   39.3552 |   39.9248 |   40.3415 |   40.6375 |   40.6357 |   40.6467 |   40.6379 |   40.5524 |   40.6463 |   40.6493 |   40.4295 |   40.3123 |   39.4295 |   39.3360 |   39.3250 |   39.3477 |
|            Clock [MHz]            |  1895.3349 | 1895.4247 | 1895.4251 | 1895.4283 | 1895.4276 | 1895.4258 | 1895.4250 | 1895.4272 | 1895.4279 | 1895.4267 | 1895.4264 | 1895.4258 | 1895.4239 | 1895.4252 | 1894.9251 | 1894.9231 | 1894.9280 |
|                CPI                |     0.4364 |    0.4860 |    0.4923 |    0.5011 |    0.5086 |    0.5096 |    0.5080 |    0.5100 |    0.5110 |    0.5104 |    0.5083 |    0.5081 |    0.5060 |    0.4921 |    0.4868 |    0.4877 |    0.4923 |
|             Energy [J]            |  3629.1170 |         0 |         0 |         0 |         0 |         0 |         0 |         0 |         0 |         0 |         0 |         0 |         0 |         0 | 2160.5450 |         0 |         0 |
|             Power [W]             |    62.2392 |         0 |         0 |         0 |         0 |         0 |         0 |         0 |         0 |         0 |         0 |         0 |         0 |         0 |   37.0533 |         0 |         0 |
|          Energy DRAM [J]          |   644.9517 |         0 |         0 |         0 |         0 |         0 |         0 |         0 |         0 |         0 |         0 |         0 |         0 |         0 |  366.6674 |         0 |         0 |
|           Power DRAM [W]          |    11.0609 |         0 |         0 |         0 |         0 |         0 |         0 |         0 |         0 |         0 |         0 |         0 |         0 |         0 |    6.2883 |         0 |         0 |
|            DP [MFLOP/s]           |   961.4121 |  981.7744 |  985.8106 |  968.5534 |  961.1355 |  959.1007 |  958.0074 |  943.7976 |  941.3520 |  943.5319 |  957.4670 |  957.1792 |  958.4809 |  964.6007 |  983.0433 |  978.4618 |  958.8978 |
|          AVX DP [MFLOP/s]         |     1.5121 |         0 |         0 |         0 |         0 |         0 |         0 |         0 |         0 |         0 |         0 |         0 |         0 |         0 |         0 |         0 |         0 |
|          Packed [MUOPS/s]         |     0.2110 |         0 |         0 |         0 |         0 |         0 |         0 |         0 |         0 |         0 |         0 |         0 |         0 |         0 |         0 |         0 |         0 |
|          Scalar [MUOPS/s]         |   959.8755 |  981.7744 |  985.8106 |  968.5534 |  961.1355 |  959.1007 |  958.0074 |  943.7976 |  941.3520 |  943.5319 |  957.4670 |  957.1792 |  958.4809 |  964.6007 |  983.0433 |  978.4618 |  958.8978 |
|  Memory read bandwidth [MBytes/s] | 14080.6834 |         0 |         0 |         0 |         0 |         0 |         0 |         0 |         0 |         0 |         0 |         0 |         0 |         0 | 3343.1345 |         0 |         0 |
|  Memory read data volume [GBytes] |   821.0337 |         0 |         0 |         0 |         0 |         0 |         0 |         0 |         0 |         0 |         0 |         0 |         0 |         0 |  194.9355 |         0 |         0 |
| Memory write bandwidth [MBytes/s] |  3384.9236 |         0 |         0 |         0 |         0 |         0 |         0 |         0 |         0 |         0 |         0 |         0 |         0 |         0 |  888.7189 |         0 |         0 |
| Memory write data volume [GBytes] |   197.3723 |         0 |         0 |         0 |         0 |         0 |         0 |         0 |         0 |         0 |         0 |         0 |         0 |         0 |   51.8205 |         0 |         0 |
|    Memory bandwidth [MBytes/s]    | 17465.6070 |         0 |         0 |         0 |         0 |         0 |         0 |         0 |         0 |         0 |         0 |         0 |         0 |         0 | 4231.8534 |         0 |         0 |
|    Memory data volume [GBytes]    |  1018.4059 |         0 |         0 |         0 |         0 |         0 |         0 |         0 |         0 |         0 |         0 |         0 |         0 |         0 |  246.7559 |         0 |         0 |
|       Operational intensity       |     0.0550 |    0.0562 |    0.0564 |    0.0555 |    0.0550 |    0.0549 |    0.0549 |    0.0540 |    0.0539 |    0.0540 |    0.0548 |    0.0548 |    0.0549 |    0.0552 |    0.2323 |    0.2312 |    0.2266 |
+-----------------------------------+------------+-----------+-----------+-----------+-----------+-----------+-----------+-----------+-----------+-----------+-----------+-----------+-----------+-----------+-----------+-----------+-----------+
+----------------------------------------+------------+-----------+------------+-----------+
|                 Metric                 |     Sum    |    Min    |     Max    |    Avg    |
+----------------------------------------+------------+-----------+------------+-----------+
|        Runtime (RDTSC) [s] STAT        |   991.2729 |   58.3092 |    58.3103 |   58.3102 |
|        Runtime unhalted [s] STAT       |   678.6259 |   36.4186 |    40.6493 |   39.9192 |
|            Clock [MHz] STAT            | 32220.6507 | 1894.9231 |  1895.4283 | 1895.3324 |
|                CPI STAT                |     8.4547 |    0.4364 |     0.5110 |    0.4973 |
|             Energy [J] STAT            |  5789.6620 |         0 |  3629.1170 |  340.5684 |
|             Power [W] STAT             |    99.2925 |         0 |    62.2392 |    5.8407 |
|          Energy DRAM [J] STAT          |  1011.6191 |         0 |   644.9517 |   59.5070 |
|           Power DRAM [W] STAT          |    17.3492 |         0 |    11.0609 |    1.0205 |
|            DP [MFLOP/s] STAT           | 16362.6063 |  941.3520 |   985.8106 |  962.5063 |
|          AVX DP [MFLOP/s] STAT         |     1.5121 |         0 |     1.5121 |    0.0889 |
|          Packed [MUOPS/s] STAT         |     0.2110 |         0 |     0.2110 |    0.0124 |
|          Scalar [MUOPS/s] STAT         | 16361.0697 |  941.3520 |   985.8106 |  962.4159 |
|  Memory read bandwidth [MBytes/s] STAT | 17423.8179 |         0 | 14080.6834 | 1024.9305 |
|  Memory read data volume [GBytes] STAT |  1015.9692 |         0 |   821.0337 |   59.7629 |
| Memory write bandwidth [MBytes/s] STAT |  4273.6425 |         0 |  3384.9236 |  251.3907 |
| Memory write data volume [GBytes] STAT |   249.1928 |         0 |   197.3723 |   14.6584 |
|    Memory bandwidth [MBytes/s] STAT    | 21697.4604 |         0 | 17465.6070 | 1276.3212 |
|    Memory data volume [GBytes] STAT    |  1265.1618 |         0 |  1018.4059 |   74.4213 |
|       Operational intensity STAT       |     1.4596 |    0.0539 |     0.2323 |    0.0859 |
+----------------------------------------+------------+-----------+------------+-----------+
