--------------------------------------------------------------------------------
CPU name:	Intel(R) Xeon(R) Gold 6132 CPU @ 2.60GHz
CPU type:	Intel Skylake SP processor
CPU clock:	2.59 GHz
--------------------------------------------------------------------------------
Region Setup, Group 1: MEM_DP
+-------------------+----------+----------+----------+----------+----------+----------+----------+----------+----------+----------+----------+----------+----------+----------+----------+----------+----------+----------+----------+----------+----------+----------+----------+----------+
|    Region Info    |  Core 0  |  Core 1  |  Core 2  |  Core 3  |  Core 4  |  Core 5  |  Core 6  |  Core 7  |  Core 8  |  Core 9  |  Core 10 |  Core 11 |  Core 12 |  Core 13 |  Core 14 |  Core 15 |  Core 16 |  Core 17 |  Core 18 |  Core 19 |  Core 20 |  Core 21 |  Core 22 |  Core 23 |
+-------------------+----------+----------+----------+----------+----------+----------+----------+----------+----------+----------+----------+----------+----------+----------+----------+----------+----------+----------+----------+----------+----------+----------+----------+----------+
| RDTSC Runtime [s] | 5.847678 | 5.849490 | 5.849397 | 5.849430 | 5.849434 | 5.849400 | 5.849465 | 5.849478 | 5.849389 | 5.849418 | 5.849490 | 5.849415 | 5.849427 | 5.849420 | 5.847707 | 5.849420 | 5.849418 | 5.849441 | 5.849474 | 5.849414 | 5.849405 | 5.849379 | 5.849383 | 5.849457 |
|     call count    |        2 |        2 |        2 |        2 |        2 |        2 |        2 |        2 |        2 |        2 |        2 |        2 |        2 |        2 |        2 |        2 |        2 |        2 |        2 |        2 |        2 |        2 |        2 |        2 |
+-------------------+----------+----------+----------+----------+----------+----------+----------+----------+----------+----------+----------+----------+----------+----------+----------+----------+----------+----------+----------+----------+----------+----------+----------+----------+
+------------------------------------------+---------+------------+------------+------------+------------+------------+------------+------------+------------+------------+------------+------------+------------+------------+------------+------------+------------+------------+------------+------------+------------+------------+------------+------------+------------+
|                   Event                  | Counter |   Core 0   |   Core 1   |   Core 2   |   Core 3   |   Core 4   |   Core 5   |   Core 6   |   Core 7   |   Core 8   |   Core 9   |   Core 10  |   Core 11  |   Core 12  |   Core 13  |   Core 14  |   Core 15  |   Core 16  |   Core 17  |   Core 18  |   Core 19  |   Core 20  |   Core 21  |   Core 22  |   Core 23  |
+------------------------------------------+---------+------------+------------+------------+------------+------------+------------+------------+------------+------------+------------+------------+------------+------------+------------+------------+------------+------------+------------+------------+------------+------------+------------+------------+------------+
|             INSTR_RETIRED_ANY            |  FIXC0  | 4329086000 | 1438316000 | 1437382000 | 1438108000 | 1437340000 | 1437964000 | 1437351000 | 1437699000 | 1433905000 | 1433908000 | 1433771000 | 1433847000 | 1433513000 | 1433766000 | 1423610000 | 1421951000 | 1418366000 | 1418158000 | 1417562000 | 1417594000 | 1417081000 | 1418089000 | 1417200000 | 1413390000 |
|           CPU_CLK_UNHALTED_CORE          |  FIXC1  | 2975614000 | 1534622000 | 1528652000 | 1545345000 | 1529600000 | 1543204000 | 1528685000 | 1533878000 | 1526908000 | 1523888000 | 1524906000 | 1524803000 | 1519615000 | 1523807000 | 1349797000 | 1319198000 | 1335908000 | 1327174000 | 1318762000 | 1316523000 | 1308970000 | 1326933000 | 1311775000 | 1238480000 |
|           CPU_CLK_UNHALTED_REF           |  FIXC2  | 4070210000 | 2100820000 | 2092751000 | 2115556000 | 2094067000 | 2112740000 | 2092699000 | 2099823000 | 2090219000 | 2086232000 | 2087536000 | 2087398000 | 2080283000 | 2085996000 | 1848710000 | 1806606000 | 1829580000 | 1817695000 | 1806128000 | 1803043000 | 1792760000 | 1817252000 | 1796594000 | 1696298000 |
|              PWR_PKG_ENERGY              |   PWR0  |   215.6166 |          0 |          0 |          0 |          0 |          0 |          0 |          0 |          0 |          0 |          0 |          0 |          0 |          0 |   205.6439 |          0 |          0 |          0 |          0 |          0 |          0 |          0 |          0 |          0 |
|              PWR_DRAM_ENERGY             |   PWR3  |    31.7516 |          0 |          0 |          0 |          0 |          0 |          0 |          0 |          0 |          0 |          0 |          0 |          0 |          0 |    22.6397 |          0 |          0 |          0 |          0 |          0 |          0 |          0 |          0 |          0 |
| FP_ARITH_INST_RETIRED_128B_PACKED_DOUBLE |   PMC0  |     761098 |          0 |          0 |          0 |          0 |          0 |          0 |          0 |          0 |          0 |          0 |          0 |          0 |          0 |          0 |          0 |          0 |          0 |          0 |          0 |          0 |          0 |          0 |          0 |
|    FP_ARITH_INST_RETIRED_SCALAR_DOUBLE   |   PMC1  |  502502800 |  358666800 |  358665300 |  358659100 |  358656600 |  358655400 |  358655300 |  358656500 |  357681500 |  357738000 |  357684300 |  357737000 |  357682900 |  357731800 |  357677900 |  357733500 |  357563200 |  357616800 |  357563100 |  357617800 |  357564100 |  357617800 |  357564100 |  357616800 |
| FP_ARITH_INST_RETIRED_256B_PACKED_DOUBLE |   PMC2  |     402100 |          0 |          0 |          0 |          0 |          0 |          0 |          0 |          0 |          0 |          0 |          0 |          0 |          0 |          0 |          0 |          0 |          0 |          0 |          0 |          0 |          0 |          0 |          0 |
| FP_ARITH_INST_RETIRED_512B_PACKED_DOUBLE |   PMC3  |    8148557 |          0 |          0 |          0 |          0 |          0 |          0 |          0 |          0 |          0 |          0 |          0 |          0 |          0 |          0 |          0 |          0 |          0 |          0 |          0 |          0 |          0 |          0 |          0 |
|               CAS_COUNT_RD               | MBOX0C0 |   19121020 |          0 |          0 |          0 |          0 |          0 |          0 |          0 |          0 |          0 |          0 |          0 |          0 |          0 |    3966037 |          0 |          0 |          0 |          0 |          0 |          0 |          0 |          0 |          0 |
|               CAS_COUNT_WR               | MBOX0C1 |   26163460 |          0 |          0 |          0 |          0 |          0 |          0 |          0 |          0 |          0 |          0 |          0 |          0 |          0 |    5244409 |          0 |          0 |          0 |          0 |          0 |          0 |          0 |          0 |          0 |
|               CAS_COUNT_RD               | MBOX1C0 |   18576710 |          0 |          0 |          0 |          0 |          0 |          0 |          0 |          0 |          0 |          0 |          0 |          0 |          0 |    3983153 |          0 |          0 |          0 |          0 |          0 |          0 |          0 |          0 |          0 |
|               CAS_COUNT_WR               | MBOX1C1 |   25327970 |          0 |          0 |          0 |          0 |          0 |          0 |          0 |          0 |          0 |          0 |          0 |          0 |          0 |    5267156 |          0 |          0 |          0 |          0 |          0 |          0 |          0 |          0 |          0 |
|               CAS_COUNT_RD               | MBOX2C0 |   19776080 |          0 |          0 |          0 |          0 |          0 |          0 |          0 |          0 |          0 |          0 |          0 |          0 |          0 |    3977095 |          0 |          0 |          0 |          0 |          0 |          0 |          0 |          0 |          0 |
|               CAS_COUNT_WR               | MBOX2C1 |   27413470 |          0 |          0 |          0 |          0 |          0 |          0 |          0 |          0 |          0 |          0 |          0 |          0 |          0 |    5268542 |          0 |          0 |          0 |          0 |          0 |          0 |          0 |          0 |          0 |
|               CAS_COUNT_RD               | MBOX3C0 |   17236130 |          0 |          0 |          0 |          0 |          0 |          0 |          0 |          0 |          0 |          0 |          0 |          0 |          0 |    3520657 |          0 |          0 |          0 |          0 |          0 |          0 |          0 |          0 |          0 |
|               CAS_COUNT_WR               | MBOX3C1 |   24668730 |          0 |          0 |          0 |          0 |          0 |          0 |          0 |          0 |          0 |          0 |          0 |          0 |          0 |    5081952 |          0 |          0 |          0 |          0 |          0 |          0 |          0 |          0 |          0 |
|               CAS_COUNT_RD               | MBOX4C0 |   17422730 |          0 |          0 |          0 |          0 |          0 |          0 |          0 |          0 |          0 |          0 |          0 |          0 |          0 |    3523412 |          0 |          0 |          0 |          0 |          0 |          0 |          0 |          0 |          0 |
|               CAS_COUNT_WR               | MBOX4C1 |   24901100 |          0 |          0 |          0 |          0 |          0 |          0 |          0 |          0 |          0 |          0 |          0 |          0 |          0 |    5086435 |          0 |          0 |          0 |          0 |          0 |          0 |          0 |          0 |          0 |
|               CAS_COUNT_RD               | MBOX5C0 |   17537730 |          0 |          0 |          0 |          0 |          0 |          0 |          0 |          0 |          0 |          0 |          0 |          0 |          0 |    3510059 |          0 |          0 |          0 |          0 |          0 |          0 |          0 |          0 |          0 |
|               CAS_COUNT_WR               | MBOX5C1 |   25208870 |          0 |          0 |          0 |          0 |          0 |          0 |          0 |          0 |          0 |          0 |          0 |          0 |          0 |    5068640 |          0 |          0 |          0 |          0 |          0 |          0 |          0 |          0 |          0 |
+------------------------------------------+---------+------------+------------+------------+------------+------------+------------+------------+------------+------------+------------+------------+------------+------------+------------+------------+------------+------------+------------+------------+------------+------------+------------+------------+------------+
+-----------------------------------------------+---------+-------------+------------+------------+--------------+
|                     Event                     | Counter |     Sum     |     Min    |     Max    |      Avg     |
+-----------------------------------------------+---------+-------------+------------+------------+--------------+
|             INSTR_RETIRED_ANY STAT            |  FIXC0  | 37178957000 | 1413390000 | 4329086000 | 1.549123e+09 |
|           CPU_CLK_UNHALTED_CORE STAT          |  FIXC1  | 36017047000 | 1238480000 | 2975614000 | 1.500710e+09 |
|           CPU_CLK_UNHALTED_REF STAT           |  FIXC2  | 49310996000 | 1696298000 | 4070210000 | 2.054625e+09 |
|              PWR_PKG_ENERGY STAT              |   PWR0  |    421.2605 |          0 |   215.6166 |      17.5525 |
|              PWR_DRAM_ENERGY STAT             |   PWR3  |     54.3913 |          0 |    31.7516 |       2.2663 |
| FP_ARITH_INST_RETIRED_128B_PACKED_DOUBLE STAT |   PMC0  |      761098 |          0 |     761098 |   31712.4167 |
|    FP_ARITH_INST_RETIRED_SCALAR_DOUBLE STAT   |   PMC1  |  8735508400 |  357563100 |  502502800 | 3.639795e+08 |
| FP_ARITH_INST_RETIRED_256B_PACKED_DOUBLE STAT |   PMC2  |      402100 |          0 |     402100 |   16754.1667 |
| FP_ARITH_INST_RETIRED_512B_PACKED_DOUBLE STAT |   PMC3  |     8148557 |          0 |    8148557 |  339523.2083 |
|               CAS_COUNT_RD STAT               | MBOX0C0 |    23087057 |          0 |   19121020 |  961960.7083 |
|               CAS_COUNT_WR STAT               | MBOX0C1 |    31407869 |          0 |   26163460 | 1.308661e+06 |
|               CAS_COUNT_RD STAT               | MBOX1C0 |    22559863 |          0 |   18576710 |  939994.2917 |
|               CAS_COUNT_WR STAT               | MBOX1C1 |    30595126 |          0 |   25327970 | 1.274797e+06 |
|               CAS_COUNT_RD STAT               | MBOX2C0 |    23753175 |          0 |   19776080 |  989715.6250 |
|               CAS_COUNT_WR STAT               | MBOX2C1 |    32682012 |          0 |   27413470 | 1.361750e+06 |
|               CAS_COUNT_RD STAT               | MBOX3C0 |    20756787 |          0 |   17236130 |  864866.1250 |
|               CAS_COUNT_WR STAT               | MBOX3C1 |    29750682 |          0 |   24668730 | 1.239612e+06 |
|               CAS_COUNT_RD STAT               | MBOX4C0 |    20946142 |          0 |   17422730 |  872755.9167 |
|               CAS_COUNT_WR STAT               | MBOX4C1 |    29987535 |          0 |   24901100 | 1.249481e+06 |
|               CAS_COUNT_RD STAT               | MBOX5C0 |    21047789 |          0 |   17537730 |  876991.2083 |
|               CAS_COUNT_WR STAT               | MBOX5C1 |    30277510 |          0 |   25208870 | 1.261563e+06 |
+-----------------------------------------------+---------+-------------+------------+------------+--------------+
+-----------------------------------+-----------+-----------+-----------+-----------+-----------+-----------+-----------+-----------+-----------+-----------+-----------+-----------+-----------+-----------+-----------+-----------+-----------+-----------+-----------+-----------+-----------+-----------+-----------+-----------+
|               Metric              |   Core 0  |   Core 1  |   Core 2  |   Core 3  |   Core 4  |   Core 5  |   Core 6  |   Core 7  |   Core 8  |   Core 9  |  Core 10  |  Core 11  |  Core 12  |  Core 13  |  Core 14  |  Core 15  |  Core 16  |  Core 17  |  Core 18  |  Core 19  |  Core 20  |  Core 21  |  Core 22  |  Core 23  |
+-----------------------------------+-----------+-----------+-----------+-----------+-----------+-----------+-----------+-----------+-----------+-----------+-----------+-----------+-----------+-----------+-----------+-----------+-----------+-----------+-----------+-----------+-----------+-----------+-----------+-----------+
|        Runtime (RDTSC) [s]        |    5.8477 |    5.8495 |    5.8494 |    5.8494 |    5.8494 |    5.8494 |    5.8495 |    5.8495 |    5.8494 |    5.8494 |    5.8495 |    5.8494 |    5.8494 |    5.8494 |    5.8477 |    5.8494 |    5.8494 |    5.8494 |    5.8495 |    5.8494 |    5.8494 |    5.8494 |    5.8494 |    5.8495 |
|        Runtime unhalted [s]       |    1.1472 |    0.5917 |    0.5894 |    0.5958 |    0.5897 |    0.5950 |    0.5894 |    0.5914 |    0.5887 |    0.5875 |    0.5879 |    0.5879 |    0.5859 |    0.5875 |    0.5204 |    0.5086 |    0.5150 |    0.5117 |    0.5084 |    0.5076 |    0.5047 |    0.5116 |    0.5057 |    0.4775 |
|            Clock [MHz]            | 1896.2290 | 1894.7137 | 1894.6198 | 1894.6628 | 1894.6034 | 1894.5597 | 1894.7078 | 1894.6943 | 1894.7508 | 1894.6171 | 1894.6985 | 1894.6958 | 1894.7074 | 1894.7307 | 1893.7850 | 1893.9894 | 1893.8961 | 1893.8164 | 1893.8645 | 1893.8840 | 1893.8193 | 1893.9340 | 1893.8275 | 1893.7291 |
|                CPI                |    0.6874 |    1.0670 |    1.0635 |    1.0746 |    1.0642 |    1.0732 |    1.0635 |    1.0669 |    1.0649 |    1.0628 |    1.0636 |    1.0634 |    1.0601 |    1.0628 |    0.9482 |    0.9277 |    0.9419 |    0.9358 |    0.9303 |    0.9287 |    0.9237 |    0.9357 |    0.9256 |    0.8762 |
|             Energy [J]            |  215.6166 |         0 |         0 |         0 |         0 |         0 |         0 |         0 |         0 |         0 |         0 |         0 |         0 |         0 |  205.6439 |         0 |         0 |         0 |         0 |         0 |         0 |         0 |         0 |         0 |
|             Power [W]             |   36.8722 |         0 |         0 |         0 |         0 |         0 |         0 |         0 |         0 |         0 |         0 |         0 |         0 |         0 |   35.1666 |         0 |         0 |         0 |         0 |         0 |         0 |         0 |         0 |         0 |
|          Energy DRAM [J]          |   31.7516 |         0 |         0 |         0 |         0 |         0 |         0 |         0 |         0 |         0 |         0 |         0 |         0 |         0 |   22.6397 |         0 |         0 |         0 |         0 |         0 |         0 |         0 |         0 |         0 |
|           Power DRAM [W]          |    5.4298 |         0 |         0 |         0 |         0 |         0 |         0 |         0 |         0 |         0 |         0 |         0 |         0 |         0 |    3.8716 |         0 |         0 |         0 |         0 |         0 |         0 |         0 |         0 |         0 |
|            DP [MFLOP/s]           |   97.6151 |   61.3159 |   61.3166 |   61.3152 |   61.3148 |   61.3149 |   61.3142 |   61.3143 |   61.1485 |   61.1579 |   61.1479 |   61.1577 |   61.1484 |   61.1568 |   61.1655 |   61.1571 |   61.1280 |   61.1369 |   61.1274 |   61.1374 |   61.1283 |   61.1377 |   61.1285 |   61.1368 |
|          AVX DP [MFLOP/s]         |   11.4228 |         0 |         0 |         0 |         0 |         0 |         0 |         0 |         0 |         0 |         0 |         0 |         0 |         0 |         0 |         0 |         0 |         0 |         0 |         0 |         0 |         0 |         0 |         0 |
|          Packed [MUOPS/s]         |    1.5924 |         0 |         0 |         0 |         0 |         0 |         0 |         0 |         0 |         0 |         0 |         0 |         0 |         0 |         0 |         0 |         0 |         0 |         0 |         0 |         0 |         0 |         0 |         0 |
|          Scalar [MUOPS/s]         |   85.9320 |   61.3159 |   61.3166 |   61.3152 |   61.3148 |   61.3149 |   61.3142 |   61.3143 |   61.1485 |   61.1579 |   61.1479 |   61.1577 |   61.1484 |   61.1568 |   61.1655 |   61.1571 |   61.1280 |   61.1369 |   61.1274 |   61.1374 |   61.1283 |   61.1377 |   61.1285 |   61.1368 |
|  Memory read bandwidth [MBytes/s] | 1200.2893 |         0 |         0 |         0 |         0 |         0 |         0 |         0 |         0 |         0 |         0 |         0 |         0 |         0 |  246.0360 |         0 |         0 |         0 |         0 |         0 |         0 |         0 |         0 |         0 |
|  Memory read data volume [GBytes] |    7.0189 |         0 |         0 |         0 |         0 |         0 |         0 |         0 |         0 |         0 |         0 |         0 |         0 |         0 |    1.4387 |         0 |         0 |         0 |         0 |         0 |         0 |         0 |         0 |         0 |
| Memory write bandwidth [MBytes/s] | 1681.9925 |         0 |         0 |         0 |         0 |         0 |         0 |         0 |         0 |         0 |         0 |         0 |         0 |         0 |  339.4658 |         0 |         0 |         0 |         0 |         0 |         0 |         0 |         0 |         0 |
| Memory write data volume [GBytes] |    9.8358 |         0 |         0 |         0 |         0 |         0 |         0 |         0 |         0 |         0 |         0 |         0 |         0 |         0 |    1.9851 |         0 |         0 |         0 |         0 |         0 |         0 |         0 |         0 |         0 |
|    Memory bandwidth [MBytes/s]    | 2882.2818 |         0 |         0 |         0 |         0 |         0 |         0 |         0 |         0 |         0 |         0 |         0 |         0 |         0 |  585.5018 |         0 |         0 |         0 |         0 |         0 |         0 |         0 |         0 |         0 |
|    Memory data volume [GBytes]    |   16.8547 |         0 |         0 |         0 |         0 |         0 |         0 |         0 |         0 |         0 |         0 |         0 |         0 |         0 |    3.4238 |         0 |         0 |         0 |         0 |         0 |         0 |         0 |         0 |         0 |
|       Operational intensity       |    0.0339 |    0.0213 |    0.0213 |    0.0213 |    0.0213 |    0.0213 |    0.0213 |    0.0213 |    0.0212 |    0.0212 |    0.0212 |    0.0212 |    0.0212 |    0.0212 |    0.1045 |    0.1045 |    0.1044 |    0.1044 |    0.1044 |    0.1044 |    0.1044 |    0.1044 |    0.1044 |    0.1044 |
+-----------------------------------+-----------+-----------+-----------+-----------+-----------+-----------+-----------+-----------+-----------+-----------+-----------+-----------+-----------+-----------+-----------+-----------+-----------+-----------+-----------+-----------+-----------+-----------+-----------+-----------+
+----------------------------------------+------------+-----------+-----------+-----------+
|                 Metric                 |     Sum    |    Min    |    Max    |    Avg    |
+----------------------------------------+------------+-----------+-----------+-----------+
|        Runtime (RDTSC) [s] STAT        |   140.3828 |    5.8477 |    5.8495 |    5.8493 |
|        Runtime unhalted [s] STAT       |    13.8862 |    0.4775 |    1.1472 |    0.5786 |
|            Clock [MHz] STAT            | 45465.5361 | 1893.7291 | 1896.2290 | 1894.3973 |
|                CPI STAT                |    23.8117 |    0.6874 |    1.0746 |    0.9922 |
|             Energy [J] STAT            |   421.2605 |         0 |  215.6166 |   17.5525 |
|             Power [W] STAT             |    72.0388 |         0 |   36.8722 |    3.0016 |
|          Energy DRAM [J] STAT          |    54.3913 |         0 |   31.7516 |    2.2663 |
|           Power DRAM [W] STAT          |     9.3014 |         0 |    5.4298 |    0.3876 |
|            DP [MFLOP/s] STAT           |  1505.1218 |   61.1274 |   97.6151 |   62.7134 |
|          AVX DP [MFLOP/s] STAT         |    11.4228 |         0 |   11.4228 |    0.4760 |
|          Packed [MUOPS/s] STAT         |     1.5924 |         0 |    1.5924 |    0.0664 |
|          Scalar [MUOPS/s] STAT         |  1493.4387 |   61.1274 |   85.9320 |   62.2266 |
|  Memory read bandwidth [MBytes/s] STAT |  1446.3253 |         0 | 1200.2893 |   60.2636 |
|  Memory read data volume [GBytes] STAT |     8.4576 |         0 |    7.0189 |    0.3524 |
| Memory write bandwidth [MBytes/s] STAT |  2021.4583 |         0 | 1681.9925 |   84.2274 |
| Memory write data volume [GBytes] STAT |    11.8209 |         0 |    9.8358 |    0.4925 |
|    Memory bandwidth [MBytes/s] STAT    |  3467.7836 |         0 | 2882.2818 |  144.4910 |
|    Memory data volume [GBytes] STAT    |    20.2785 |         0 |   16.8547 |    0.8449 |
|       Operational intensity STAT       |     1.3544 |    0.0212 |    0.1045 |    0.0564 |
+----------------------------------------+------------+-----------+-----------+-----------+
--------------------------------------------------------------------------------
CPU name:	Intel(R) Xeon(R) Gold 6132 CPU @ 2.60GHz
CPU type:	Intel Skylake SP processor
CPU clock:	2.59 GHz
--------------------------------------------------------------------------------
Region Solve, Group 1: MEM_DP
+-------------------+-----------+-----------+-----------+-----------+-----------+-----------+-----------+-----------+-----------+-----------+-----------+-----------+-----------+-----------+-----------+-----------+-----------+-----------+-----------+-----------+-----------+-----------+-----------+-----------+
|    Region Info    |   Core 0  |   Core 1  |   Core 2  |   Core 3  |   Core 4  |   Core 5  |   Core 6  |   Core 7  |   Core 8  |   Core 9  |  Core 10  |  Core 11  |  Core 12  |  Core 13  |  Core 14  |  Core 15  |  Core 16  |  Core 17  |  Core 18  |  Core 19  |  Core 20  |  Core 21  |  Core 22  |  Core 23  |
+-------------------+-----------+-----------+-----------+-----------+-----------+-----------+-----------+-----------+-----------+-----------+-----------+-----------+-----------+-----------+-----------+-----------+-----------+-----------+-----------+-----------+-----------+-----------+-----------+-----------+
| RDTSC Runtime [s] | 44.185440 | 44.186480 | 44.186540 | 44.186470 | 44.186470 | 44.186470 | 44.186470 | 44.186480 | 44.186480 | 44.186480 | 44.186470 | 44.186470 | 44.186470 | 44.186470 | 44.185410 | 44.186460 | 44.186450 | 44.186460 | 44.186450 | 44.186450 | 44.186460 | 44.186450 | 44.186460 | 44.186460 |
|     call count    |         1 |         1 |         1 |         1 |         1 |         1 |         1 |         1 |         1 |         1 |         1 |         1 |         1 |         1 |         1 |         1 |         1 |         1 |         1 |         1 |         1 |         1 |         1 |         1 |
+-------------------+-----------+-----------+-----------+-----------+-----------+-----------+-----------+-----------+-----------+-----------+-----------+-----------+-----------+-----------+-----------+-----------+-----------+-----------+-----------+-----------+-----------+-----------+-----------+-----------+
+------------------------------------------+---------+--------------+--------------+--------------+--------------+--------------+--------------+--------------+--------------+--------------+--------------+--------------+--------------+--------------+--------------+--------------+--------------+--------------+--------------+--------------+--------------+--------------+--------------+--------------+--------------+
|                   Event                  | Counter |    Core 0    |    Core 1    |    Core 2    |    Core 3    |    Core 4    |    Core 5    |    Core 6    |    Core 7    |    Core 8    |    Core 9    |    Core 10   |    Core 11   |    Core 12   |    Core 13   |    Core 14   |    Core 15   |    Core 16   |    Core 17   |    Core 18   |    Core 19   |    Core 20   |    Core 21   |    Core 22   |    Core 23   |
+------------------------------------------+---------+--------------+--------------+--------------+--------------+--------------+--------------+--------------+--------------+--------------+--------------+--------------+--------------+--------------+--------------+--------------+--------------+--------------+--------------+--------------+--------------+--------------+--------------+--------------+--------------+
|             INSTR_RETIRED_ANY            |  FIXC0  | 156566400000 | 148311900000 | 149181700000 | 149171900000 | 148426800000 | 147931700000 | 146746400000 | 146733100000 | 147050600000 | 147028000000 | 146491200000 | 146094700000 | 146119900000 | 146450400000 | 147001800000 | 147158600000 | 146201100000 | 146203700000 | 147323100000 | 147899100000 | 148664900000 | 148739900000 | 147957900000 | 147188200000 |
|           CPU_CLK_UNHALTED_CORE          |  FIXC1  |  70101420000 |  77335750000 |  77544490000 |  78447670000 |  78619780000 |  78694920000 |  78818240000 |  78868680000 |  78858770000 |  78884200000 |  78836580000 |  78847970000 |  78866680000 |  78862380000 |  78711340000 |  78629120000 |  78635440000 |  78648580000 |  78209210000 |  77513560000 |  77500590000 |  77493720000 |  77500910000 |  77609550000 |
|           CPU_CLK_UNHALTED_REF           |  FIXC2  |  95930950000 | 105828700000 | 106114400000 | 107350300000 | 107585800000 | 107688600000 | 107857300000 | 107926400000 | 107912800000 | 107947600000 | 107882400000 | 107898100000 | 107923700000 | 107917800000 | 107731500000 | 107619300000 | 107628000000 | 107645000000 | 107043600000 | 106091900000 | 106074700000 | 106065100000 | 106074400000 | 106223000000 |
|              PWR_PKG_ENERGY              |   PWR0  |    2810.9680 |            0 |            0 |            0 |            0 |            0 |            0 |            0 |            0 |            0 |            0 |            0 |            0 |            0 |    2505.8560 |            0 |            0 |            0 |            0 |            0 |            0 |            0 |            0 |            0 |
|              PWR_DRAM_ENERGY             |   PWR3  |     465.4073 |            0 |            0 |            0 |            0 |            0 |            0 |            0 |            0 |            0 |            0 |            0 |            0 |            0 |     404.8593 |            0 |            0 |            0 |            0 |            0 |            0 |            0 |            0 |            0 |
| FP_ARITH_INST_RETIRED_128B_PACKED_DOUBLE |   PMC0  |       714138 |            0 |            0 |            0 |            0 |            0 |            0 |            0 |            0 |            0 |            0 |            0 |            0 |            0 |            0 |            0 |            0 |            0 |            0 |            0 |            0 |            0 |            0 |            0 |
|    FP_ARITH_INST_RETIRED_SCALAR_DOUBLE   |   PMC1  |  39681190000 |  40057000000 |  40757280000 |  40708180000 |  40140450000 |  39913010000 |  39624180000 |  39614420000 |  39681940000 |  39388840000 |  38931790000 |  38874540000 |  38890430000 |  38941200000 |  39411690000 |  39694980000 |  39465380000 |  39473730000 |  39749960000 |  40036390000 |  40626590000 |  40699490000 |  40034650000 |  39619030000 |
| FP_ARITH_INST_RETIRED_256B_PACKED_DOUBLE |   PMC2  |      1138324 |            0 |            0 |            0 |            0 |            0 |            0 |            0 |            0 |            0 |            0 |            0 |            0 |            0 |            0 |            0 |            0 |            0 |            0 |            0 |            0 |            0 |            0 |            0 |
| FP_ARITH_INST_RETIRED_512B_PACKED_DOUBLE |   PMC3  |     10452010 |            0 |            0 |            0 |            0 |            0 |            0 |            0 |            0 |            0 |            0 |            0 |            0 |            0 |            0 |            0 |            0 |            0 |            0 |            0 |            0 |            0 |            0 |            0 |
|               CAS_COUNT_RD               | MBOX0C0 |   1527847000 |            0 |            0 |            0 |            0 |            0 |            0 |            0 |            0 |            0 |            0 |            0 |            0 |            0 |   1122453000 |            0 |            0 |            0 |            0 |            0 |            0 |            0 |            0 |            0 |
|               CAS_COUNT_WR               | MBOX0C1 |    391240700 |            0 |            0 |            0 |            0 |            0 |            0 |            0 |            0 |            0 |            0 |            0 |            0 |            0 |    288518100 |            0 |            0 |            0 |            0 |            0 |            0 |            0 |            0 |            0 |
|               CAS_COUNT_RD               | MBOX1C0 |   1527669000 |            0 |            0 |            0 |            0 |            0 |            0 |            0 |            0 |            0 |            0 |            0 |            0 |            0 |   1122342000 |            0 |            0 |            0 |            0 |            0 |            0 |            0 |            0 |            0 |
|               CAS_COUNT_WR               | MBOX1C1 |    390716200 |            0 |            0 |            0 |            0 |            0 |            0 |            0 |            0 |            0 |            0 |            0 |            0 |            0 |    288493100 |            0 |            0 |            0 |            0 |            0 |            0 |            0 |            0 |            0 |
|               CAS_COUNT_RD               | MBOX2C0 |   1528544000 |            0 |            0 |            0 |            0 |            0 |            0 |            0 |            0 |            0 |            0 |            0 |            0 |            0 |   1122396000 |            0 |            0 |            0 |            0 |            0 |            0 |            0 |            0 |            0 |
|               CAS_COUNT_WR               | MBOX2C1 |    392272500 |            0 |            0 |            0 |            0 |            0 |            0 |            0 |            0 |            0 |            0 |            0 |            0 |            0 |    288660900 |            0 |            0 |            0 |            0 |            0 |            0 |            0 |            0 |            0 |
|               CAS_COUNT_RD               | MBOX3C0 |   1524971000 |            0 |            0 |            0 |            0 |            0 |            0 |            0 |            0 |            0 |            0 |            0 |            0 |            0 |   1117879000 |            0 |            0 |            0 |            0 |            0 |            0 |            0 |            0 |            0 |
|               CAS_COUNT_WR               | MBOX3C1 |    388624600 |            0 |            0 |            0 |            0 |            0 |            0 |            0 |            0 |            0 |            0 |            0 |            0 |            0 |    287148000 |            0 |            0 |            0 |            0 |            0 |            0 |            0 |            0 |            0 |
|               CAS_COUNT_RD               | MBOX4C0 |   1524473000 |            0 |            0 |            0 |            0 |            0 |            0 |            0 |            0 |            0 |            0 |            0 |            0 |            0 |   1117864000 |            0 |            0 |            0 |            0 |            0 |            0 |            0 |            0 |            0 |
|               CAS_COUNT_WR               | MBOX4C1 |    388314900 |            0 |            0 |            0 |            0 |            0 |            0 |            0 |            0 |            0 |            0 |            0 |            0 |            0 |    287076200 |            0 |            0 |            0 |            0 |            0 |            0 |            0 |            0 |            0 |
|               CAS_COUNT_RD               | MBOX5C0 |   1524812000 |            0 |            0 |            0 |            0 |            0 |            0 |            0 |            0 |            0 |            0 |            0 |            0 |            0 |   1117879000 |            0 |            0 |            0 |            0 |            0 |            0 |            0 |            0 |            0 |
|               CAS_COUNT_WR               | MBOX5C1 |    388604000 |            0 |            0 |            0 |            0 |            0 |            0 |            0 |            0 |            0 |            0 |            0 |            0 |            0 |    287084400 |            0 |            0 |            0 |            0 |            0 |            0 |            0 |            0 |            0 |
+------------------------------------------+---------+--------------+--------------+--------------+--------------+--------------+--------------+--------------+--------------+--------------+--------------+--------------+--------------+--------------+--------------+--------------+--------------+--------------+--------------+--------------+--------------+--------------+--------------+--------------+--------------+
+-----------------------------------------------+---------+---------------+--------------+--------------+--------------+
|                     Event                     | Counter |      Sum      |      Min     |      Max     |      Avg     |
+-----------------------------------------------+---------+---------------+--------------+--------------+--------------+
|             INSTR_RETIRED_ANY STAT            |  FIXC0  | 3546643000000 | 146094700000 | 156566400000 | 1.477768e+11 |
|           CPU_CLK_UNHALTED_CORE STAT          |  FIXC1  | 1872039550000 |  70101420000 |  78884200000 | 7.800165e+10 |
|           CPU_CLK_UNHALTED_REF STAT           |  FIXC2  | 2561961350000 |  95930950000 | 107947600000 | 1.067484e+11 |
|              PWR_PKG_ENERGY STAT              |   PWR0  |     5316.8240 |            0 |    2810.9680 |     221.5343 |
|              PWR_DRAM_ENERGY STAT             |   PWR3  |      870.2666 |            0 |     465.4073 |      36.2611 |
| FP_ARITH_INST_RETIRED_128B_PACKED_DOUBLE STAT |   PMC0  |        714138 |            0 |       714138 |   29755.7500 |
|    FP_ARITH_INST_RETIRED_SCALAR_DOUBLE STAT   |   PMC1  |  954016340000 |  38874540000 |  40757280000 | 3.975068e+10 |
| FP_ARITH_INST_RETIRED_256B_PACKED_DOUBLE STAT |   PMC2  |       1138324 |            0 |      1138324 |   47430.1667 |
| FP_ARITH_INST_RETIRED_512B_PACKED_DOUBLE STAT |   PMC3  |      10452010 |            0 |     10452010 |  435500.4167 |
|               CAS_COUNT_RD STAT               | MBOX0C0 |    2650300000 |            0 |   1527847000 | 1.104292e+08 |
|               CAS_COUNT_WR STAT               | MBOX0C1 |     679758800 |            0 |    391240700 | 2.832328e+07 |
|               CAS_COUNT_RD STAT               | MBOX1C0 |    2650011000 |            0 |   1527669000 |    110417125 |
|               CAS_COUNT_WR STAT               | MBOX1C1 |     679209300 |            0 |    390716200 | 2.830039e+07 |
|               CAS_COUNT_RD STAT               | MBOX2C0 |    2650940000 |            0 |   1528544000 | 1.104558e+08 |
|               CAS_COUNT_WR STAT               | MBOX2C1 |     680933400 |            0 |    392272500 |     28372225 |
|               CAS_COUNT_RD STAT               | MBOX3C0 |    2642850000 |            0 |   1524971000 |    110118750 |
|               CAS_COUNT_WR STAT               | MBOX3C1 |     675772600 |            0 |    388624600 | 2.815719e+07 |
|               CAS_COUNT_RD STAT               | MBOX4C0 |    2642337000 |            0 |   1524473000 |    110097375 |
|               CAS_COUNT_WR STAT               | MBOX4C1 |     675391100 |            0 |    388314900 | 2.814130e+07 |
|               CAS_COUNT_RD STAT               | MBOX5C0 |    2642691000 |            0 |   1524812000 |    110112125 |
|               CAS_COUNT_WR STAT               | MBOX5C1 |     675688400 |            0 |    388604000 | 2.815368e+07 |
+-----------------------------------------------+---------+---------------+--------------+--------------+--------------+
+-----------------------------------+------------+-----------+-----------+-----------+-----------+-----------+-----------+-----------+-----------+-----------+-----------+-----------+-----------+-----------+------------+-----------+-----------+-----------+-----------+-----------+-----------+-----------+-----------+-----------+
|               Metric              |   Core 0   |   Core 1  |   Core 2  |   Core 3  |   Core 4  |   Core 5  |   Core 6  |   Core 7  |   Core 8  |   Core 9  |  Core 10  |  Core 11  |  Core 12  |  Core 13  |   Core 14  |  Core 15  |  Core 16  |  Core 17  |  Core 18  |  Core 19  |  Core 20  |  Core 21  |  Core 22  |  Core 23  |
+-----------------------------------+------------+-----------+-----------+-----------+-----------+-----------+-----------+-----------+-----------+-----------+-----------+-----------+-----------+-----------+------------+-----------+-----------+-----------+-----------+-----------+-----------+-----------+-----------+-----------+
|        Runtime (RDTSC) [s]        |    44.1854 |   44.1865 |   44.1865 |   44.1865 |   44.1865 |   44.1865 |   44.1865 |   44.1865 |   44.1865 |   44.1865 |   44.1865 |   44.1865 |   44.1865 |   44.1865 |    44.1854 |   44.1865 |   44.1865 |   44.1865 |   44.1865 |   44.1865 |   44.1865 |   44.1865 |   44.1865 |   44.1865 |
|        Runtime unhalted [s]       |    27.0269 |   29.8160 |   29.8965 |   30.2447 |   30.3110 |   30.3400 |   30.3876 |   30.4070 |   30.4032 |   30.4130 |   30.3946 |   30.3990 |   30.4062 |   30.4046 |    30.3463 |   30.3146 |   30.3171 |   30.3221 |   30.1527 |   29.8845 |   29.8795 |   29.8769 |   29.8797 |   29.9216 |
|            Clock [MHz]            |  1895.3922 | 1895.4304 | 1895.4295 | 1895.4302 | 1895.4306 | 1895.4310 | 1895.4320 | 1895.4306 | 1895.4313 | 1895.4313 | 1895.4319 | 1895.4299 | 1895.4300 | 1895.4302 |  1895.0715 | 1895.0657 | 1895.0648 | 1895.0821 | 1895.0829 | 1895.0753 | 1895.0654 | 1895.0689 | 1895.0786 | 1895.0803 |
|                CPI                |     0.4477 |    0.5214 |    0.5198 |    0.5259 |    0.5297 |    0.5320 |    0.5371 |    0.5375 |    0.5363 |    0.5365 |    0.5382 |    0.5397 |    0.5397 |    0.5385 |     0.5354 |    0.5343 |    0.5379 |    0.5379 |    0.5309 |    0.5241 |    0.5213 |    0.5210 |    0.5238 |    0.5273 |
|             Energy [J]            |  2810.9680 |         0 |         0 |         0 |         0 |         0 |         0 |         0 |         0 |         0 |         0 |         0 |         0 |         0 |  2505.8560 |         0 |         0 |         0 |         0 |         0 |         0 |         0 |         0 |         0 |
|             Power [W]             |    63.6175 |         0 |         0 |         0 |         0 |         0 |         0 |         0 |         0 |         0 |         0 |         0 |         0 |         0 |    56.7123 |         0 |         0 |         0 |         0 |         0 |         0 |         0 |         0 |         0 |
|          Energy DRAM [J]          |   465.4073 |         0 |         0 |         0 |         0 |         0 |         0 |         0 |         0 |         0 |         0 |         0 |         0 |         0 |   404.8593 |         0 |         0 |         0 |         0 |         0 |         0 |         0 |         0 |         0 |
|           Power DRAM [W]          |    10.5330 |         0 |         0 |         0 |         0 |         0 |         0 |         0 |         0 |         0 |         0 |         0 |         0 |         0 |     9.1627 |         0 |         0 |         0 |         0 |         0 |         0 |         0 |         0 |         0 |
|            DP [MFLOP/s]           |   900.0881 |  906.5443 |  922.3913 |  921.2816 |  908.4331 |  903.2858 |  896.7492 |  896.5281 |  898.0561 |  891.4229 |  881.0794 |  879.7838 |  880.1434 |  881.2924 |   891.9616 |  898.3517 |  893.1557 |  893.3445 |  899.5961 |  906.0784 |  919.4353 |  921.0853 |  906.0389 |  896.6328 |
|          AVX DP [MFLOP/s]         |     1.9954 |         0 |         0 |         0 |         0 |         0 |         0 |         0 |         0 |         0 |         0 |         0 |         0 |         0 |          0 |         0 |         0 |         0 |         0 |         0 |         0 |         0 |         0 |         0 |
|          Packed [MUOPS/s]         |     0.2785 |         0 |         0 |         0 |         0 |         0 |         0 |         0 |         0 |         0 |         0 |         0 |         0 |         0 |          0 |         0 |         0 |         0 |         0 |         0 |         0 |         0 |         0 |         0 |
|          Scalar [MUOPS/s]         |   898.0603 |  906.5443 |  922.3913 |  921.2816 |  908.4331 |  903.2858 |  896.7492 |  896.5281 |  898.0561 |  891.4229 |  881.0794 |  879.7838 |  880.1434 |  881.2924 |   891.9616 |  898.3517 |  893.1557 |  893.3445 |  899.5961 |  906.0784 |  919.4353 |  921.0853 |  906.0389 |  896.6328 |
|  Memory read bandwidth [MBytes/s] | 13265.2798 |         0 |         0 |         0 |         0 |         0 |         0 |         0 |         0 |         0 |         0 |         0 |         0 |         0 |  9734.7073 |         0 |         0 |         0 |         0 |         0 |         0 |         0 |         0 |         0 |
|  Memory read data volume [GBytes] |   586.1322 |         0 |         0 |         0 |         0 |         0 |         0 |         0 |         0 |         0 |         0 |         0 |         0 |         0 |   430.1320 |         0 |         0 |         0 |         0 |         0 |         0 |         0 |         0 |         0 |
| Memory write bandwidth [MBytes/s] |  3389.0228 |         0 |         0 |         0 |         0 |         0 |         0 |         0 |         0 |         0 |         0 |         0 |         0 |         0 |  2501.4312 |         0 |         0 |         0 |         0 |         0 |         0 |         0 |         0 |         0 |
| Memory write data volume [GBytes] |   149.7455 |         0 |         0 |         0 |         0 |         0 |         0 |         0 |         0 |         0 |         0 |         0 |         0 |         0 |   110.5268 |         0 |         0 |         0 |         0 |         0 |         0 |         0 |         0 |         0 |
|    Memory bandwidth [MBytes/s]    | 16654.3026 |         0 |         0 |         0 |         0 |         0 |         0 |         0 |         0 |         0 |         0 |         0 |         0 |         0 | 12236.1385 |         0 |         0 |         0 |         0 |         0 |         0 |         0 |         0 |         0 |
|    Memory data volume [GBytes]    |   735.8777 |         0 |         0 |         0 |         0 |         0 |         0 |         0 |         0 |         0 |         0 |         0 |         0 |         0 |   540.6588 |         0 |         0 |         0 |         0 |         0 |         0 |         0 |         0 |         0 |
|       Operational intensity       |     0.0540 |    0.0544 |    0.0554 |    0.0553 |    0.0545 |    0.0542 |    0.0538 |    0.0538 |    0.0539 |    0.0535 |    0.0529 |    0.0528 |    0.0528 |    0.0529 |     0.0729 |    0.0734 |    0.0730 |    0.0730 |    0.0735 |    0.0741 |    0.0751 |    0.0753 |    0.0740 |    0.0733 |
+-----------------------------------+------------+-----------+-----------+-----------+-----------+-----------+-----------+-----------+-----------+-----------+-----------+-----------+-----------+-----------+------------+-----------+-----------+-----------+-----------+-----------+-----------+-----------+-----------+-----------+
+----------------------------------------+------------+-----------+------------+-----------+
|                 Metric                 |     Sum    |    Min    |     Max    |    Avg    |
+----------------------------------------+------------+-----------+------------+-----------+
|        Runtime (RDTSC) [s] STAT        |  1060.4738 |   44.1854 |    44.1865 |   44.1864 |
|        Runtime unhalted [s] STAT       |   721.7453 |   27.0269 |    30.4130 |   30.0727 |
|            Clock [MHz] STAT            | 45486.7266 | 1895.0648 |  1895.4320 | 1895.2803 |
|                CPI STAT                |    12.6739 |    0.4477 |     0.5397 |    0.5281 |
|             Energy [J] STAT            |  5316.8240 |         0 |  2810.9680 |  221.5343 |
|             Power [W] STAT             |   120.3298 |         0 |    63.6175 |    5.0137 |
|          Energy DRAM [J] STAT          |   870.2666 |         0 |   465.4073 |   36.2611 |
|           Power DRAM [W] STAT          |    19.6957 |         0 |    10.5330 |    0.8207 |
|            DP [MFLOP/s] STAT           | 21592.7598 |  879.7838 |   922.3913 |  899.6983 |
|          AVX DP [MFLOP/s] STAT         |     1.9954 |         0 |     1.9954 |    0.0831 |
|          Packed [MUOPS/s] STAT         |     0.2785 |         0 |     0.2785 |    0.0116 |
|          Scalar [MUOPS/s] STAT         | 21590.7320 |  879.7838 |   922.3913 |  899.6138 |
|  Memory read bandwidth [MBytes/s] STAT | 22999.9871 |         0 | 13265.2798 |  958.3328 |
|  Memory read data volume [GBytes] STAT |  1016.2642 |         0 |   586.1322 |   42.3443 |
| Memory write bandwidth [MBytes/s] STAT |  5890.4540 |         0 |  3389.0228 |  245.4356 |
| Memory write data volume [GBytes] STAT |   260.2723 |         0 |   149.7455 |   10.8447 |
|    Memory bandwidth [MBytes/s] STAT    | 28890.4411 |         0 | 16654.3026 | 1203.7684 |
|    Memory data volume [GBytes] STAT    |  1276.5365 |         0 |   735.8777 |   53.1890 |
|       Operational intensity STAT       |     1.4918 |    0.0528 |     0.0753 |    0.0622 |
+----------------------------------------+------------+-----------+------------+-----------+
