--------------------------------------------------------------------------------
CPU name:	Intel(R) Xeon(R) Gold 6132 CPU @ 2.60GHz
CPU type:	Intel Skylake SP processor
CPU clock:	2.59 GHz
--------------------------------------------------------------------------------
Region Setup, Group 1: MEM_DP
+-------------------+----------+----------+----------+----------+----------+----------+----------+----------+----------+----------+----------+----------+----------+----------+----------+----------+----------+----------+----------+----------+----------+----------+
|    Region Info    |  Core 0  |  Core 1  |  Core 2  |  Core 3  |  Core 4  |  Core 5  |  Core 6  |  Core 7  |  Core 8  |  Core 9  |  Core 10 |  Core 11 |  Core 12 |  Core 13 |  Core 14 |  Core 15 |  Core 16 |  Core 17 |  Core 18 |  Core 19 |  Core 20 |  Core 21 |
+-------------------+----------+----------+----------+----------+----------+----------+----------+----------+----------+----------+----------+----------+----------+----------+----------+----------+----------+----------+----------+----------+----------+----------+
| RDTSC Runtime [s] | 5.873944 | 5.876082 | 5.876084 | 5.876048 | 5.876086 | 5.876119 | 5.876161 | 5.876067 | 5.876101 | 5.876094 | 5.876135 | 5.876079 | 5.876123 | 5.876106 | 5.874323 | 5.876093 | 5.876125 | 5.876145 | 5.876063 | 5.876084 | 5.876046 | 5.876080 |
|     call count    |        2 |        2 |        2 |        2 |        2 |        2 |        2 |        2 |        2 |        2 |        2 |        2 |        2 |        2 |        2 |        2 |        2 |        2 |        2 |        2 |        2 |        2 |
+-------------------+----------+----------+----------+----------+----------+----------+----------+----------+----------+----------+----------+----------+----------+----------+----------+----------+----------+----------+----------+----------+----------+----------+
+------------------------------------------+---------+------------+------------+------------+------------+------------+------------+------------+------------+------------+------------+------------+------------+------------+------------+------------+------------+------------+------------+------------+------------+------------+------------+
|                   Event                  | Counter |   Core 0   |   Core 1   |   Core 2   |   Core 3   |   Core 4   |   Core 5   |   Core 6   |   Core 7   |   Core 8   |   Core 9   |   Core 10  |   Core 11  |   Core 12  |   Core 13  |   Core 14  |   Core 15  |   Core 16  |   Core 17  |   Core 18  |   Core 19  |   Core 20  |   Core 21  |
+------------------------------------------+---------+------------+------------+------------+------------+------------+------------+------------+------------+------------+------------+------------+------------+------------+------------+------------+------------+------------+------------+------------+------------+------------+------------+
|             INSTR_RETIRED_ANY            |  FIXC0  | 4449924000 | 1566566000 | 1565887000 | 1565461000 | 1564140000 | 1564701000 | 1563976000 | 1564971000 | 1561153000 | 1561169000 | 1560513000 | 1560238000 | 1559653000 | 1560639000 | 1547915000 | 1548687000 | 1544587000 | 1543741000 | 1544542000 | 1544788000 | 1543536000 | 1536336000 |
|           CPU_CLK_UNHALTED_CORE          |  FIXC1  | 3053920000 | 1603484000 | 1618365000 | 1600910000 | 1600040000 | 1600980000 | 1598751000 | 1604624000 | 1600366000 | 1596620000 | 1591445000 | 1605398000 | 1598615000 | 1614354000 | 1399882000 | 1406896000 | 1398557000 | 1381038000 | 1404490000 | 1401643000 | 1385186000 | 1309226000 |
|           CPU_CLK_UNHALTED_REF           |  FIXC2  | 4177652000 | 2194882000 | 2215380000 | 2191444000 | 2190251000 | 2191565000 | 2188466000 | 2196474000 | 2190602000 | 2185546000 | 2178472000 | 2197534000 | 2188331000 | 2209745000 | 1917533000 | 1927213000 | 1915750000 | 1891705000 | 1923831000 | 1920017000 | 1897350000 | 1793488000 |
|              PWR_PKG_ENERGY              |   PWR0  |   216.3391 |          0 |          0 |          0 |          0 |          0 |          0 |          0 |          0 |          0 |          0 |          0 |          0 |          0 |   199.8873 |          0 |          0 |          0 |          0 |          0 |          0 |          0 |
|              PWR_DRAM_ENERGY             |   PWR3  |    31.7973 |          0 |          0 |          0 |          0 |          0 |          0 |          0 |          0 |          0 |          0 |          0 |          0 |          0 |    22.7203 |          0 |          0 |          0 |          0 |          0 |          0 |          0 |
| FP_ARITH_INST_RETIRED_128B_PACKED_DOUBLE |   PMC0  |     761098 |          0 |          0 |          0 |          0 |          0 |          0 |          0 |          0 |          0 |          0 |          0 |          0 |          0 |          0 |          0 |          0 |          0 |          0 |          0 |          0 |          0 |
|    FP_ARITH_INST_RETIRED_SCALAR_DOUBLE   |   PMC1  |  534112800 |  391519500 |  391331000 |  391470200 |  391229300 |  391364800 |  391205900 |  391358100 |  390333400 |  390404200 |  390304200 |  390262800 |  390146700 |  390240800 |  390140100 |  390239300 |  390130100 |  390173000 |  390072100 |  390170400 |  390072100 |  389227300 |
| FP_ARITH_INST_RETIRED_256B_PACKED_DOUBLE |   PMC2  |     402100 |          0 |          0 |          0 |          0 |          0 |          0 |          0 |          0 |          0 |          0 |          0 |          0 |          0 |          0 |          0 |          0 |          0 |          0 |          0 |          0 |          0 |
| FP_ARITH_INST_RETIRED_512B_PACKED_DOUBLE |   PMC3  |    8148557 |          0 |          0 |          0 |          0 |          0 |          0 |          0 |          0 |          0 |          0 |          0 |          0 |          0 |          0 |          0 |          0 |          0 |          0 |          0 |          0 |          0 |
|               CAS_COUNT_RD               | MBOX0C0 |   18798460 |          0 |          0 |          0 |          0 |          0 |          0 |          0 |          0 |          0 |          0 |          0 |          0 |          0 |    3398645 |          0 |          0 |          0 |          0 |          0 |          0 |          0 |
|               CAS_COUNT_WR               | MBOX0C1 |   25040470 |          0 |          0 |          0 |          0 |          0 |          0 |          0 |          0 |          0 |          0 |          0 |          0 |          0 |    4526898 |          0 |          0 |          0 |          0 |          0 |          0 |          0 |
|               CAS_COUNT_RD               | MBOX1C0 |   18293240 |          0 |          0 |          0 |          0 |          0 |          0 |          0 |          0 |          0 |          0 |          0 |          0 |          0 |    3409581 |          0 |          0 |          0 |          0 |          0 |          0 |          0 |
|               CAS_COUNT_WR               | MBOX1C1 |   24316030 |          0 |          0 |          0 |          0 |          0 |          0 |          0 |          0 |          0 |          0 |          0 |          0 |          0 |    4541438 |          0 |          0 |          0 |          0 |          0 |          0 |          0 |
|               CAS_COUNT_RD               | MBOX2C0 |   20051360 |          0 |          0 |          0 |          0 |          0 |          0 |          0 |          0 |          0 |          0 |          0 |          0 |          0 |    3435860 |          0 |          0 |          0 |          0 |          0 |          0 |          0 |
|               CAS_COUNT_WR               | MBOX2C1 |   26739300 |          0 |          0 |          0 |          0 |          0 |          0 |          0 |          0 |          0 |          0 |          0 |          0 |          0 |    4580753 |          0 |          0 |          0 |          0 |          0 |          0 |          0 |
|               CAS_COUNT_RD               | MBOX3C0 |   17960790 |          0 |          0 |          0 |          0 |          0 |          0 |          0 |          0 |          0 |          0 |          0 |          0 |          0 |    3011827 |          0 |          0 |          0 |          0 |          0 |          0 |          0 |
|               CAS_COUNT_WR               | MBOX3C1 |   25011220 |          0 |          0 |          0 |          0 |          0 |          0 |          0 |          0 |          0 |          0 |          0 |          0 |          0 |    4395454 |          0 |          0 |          0 |          0 |          0 |          0 |          0 |
|               CAS_COUNT_RD               | MBOX4C0 |   18366970 |          0 |          0 |          0 |          0 |          0 |          0 |          0 |          0 |          0 |          0 |          0 |          0 |          0 |    3005187 |          0 |          0 |          0 |          0 |          0 |          0 |          0 |
|               CAS_COUNT_WR               | MBOX4C1 |   25732680 |          0 |          0 |          0 |          0 |          0 |          0 |          0 |          0 |          0 |          0 |          0 |          0 |          0 |    4385675 |          0 |          0 |          0 |          0 |          0 |          0 |          0 |
|               CAS_COUNT_RD               | MBOX5C0 |   17107580 |          0 |          0 |          0 |          0 |          0 |          0 |          0 |          0 |          0 |          0 |          0 |          0 |          0 |    3007751 |          0 |          0 |          0 |          0 |          0 |          0 |          0 |
|               CAS_COUNT_WR               | MBOX5C1 |   23892590 |          0 |          0 |          0 |          0 |          0 |          0 |          0 |          0 |          0 |          0 |          0 |          0 |          0 |    4392355 |          0 |          0 |          0 |          0 |          0 |          0 |          0 |
+------------------------------------------+---------+------------+------------+------------+------------+------------+------------+------------+------------+------------+------------+------------+------------+------------+------------+------------+------------+------------+------------+------------+------------+------------+------------+
+-----------------------------------------------+---------+-------------+------------+------------+--------------+
|                     Event                     | Counter |     Sum     |     Min    |     Max    |      Avg     |
+-----------------------------------------------+---------+-------------+------------+------------+--------------+
|             INSTR_RETIRED_ANY STAT            |  FIXC0  | 37123123000 | 1536336000 | 4449924000 | 1.687415e+09 |
|           CPU_CLK_UNHALTED_CORE STAT          |  FIXC1  | 34974790000 | 1309226000 | 3053920000 | 1.589763e+09 |
|           CPU_CLK_UNHALTED_REF STAT           |  FIXC2  | 47883231000 | 1793488000 | 4177652000 |   2176510500 |
|              PWR_PKG_ENERGY STAT              |   PWR0  |    416.2264 |          0 |   216.3391 |      18.9194 |
|              PWR_DRAM_ENERGY STAT             |   PWR3  |     54.5176 |          0 |    31.7973 |       2.4781 |
| FP_ARITH_INST_RETIRED_128B_PACKED_DOUBLE STAT |   PMC0  |      761098 |          0 |     761098 |   34595.3636 |
|    FP_ARITH_INST_RETIRED_SCALAR_DOUBLE STAT   |   PMC1  |  8735508100 |  389227300 |  534112800 |    397068550 |
| FP_ARITH_INST_RETIRED_256B_PACKED_DOUBLE STAT |   PMC2  |      402100 |          0 |     402100 |   18277.2727 |
| FP_ARITH_INST_RETIRED_512B_PACKED_DOUBLE STAT |   PMC3  |     8148557 |          0 |    8148557 |  370388.9545 |
|               CAS_COUNT_RD STAT               | MBOX0C0 |    22197105 |          0 |   18798460 | 1.008959e+06 |
|               CAS_COUNT_WR STAT               | MBOX0C1 |    29567368 |          0 |   25040470 | 1.343971e+06 |
|               CAS_COUNT_RD STAT               | MBOX1C0 |    21702821 |          0 |   18293240 |  986491.8636 |
|               CAS_COUNT_WR STAT               | MBOX1C1 |    28857468 |          0 |   24316030 | 1.311703e+06 |
|               CAS_COUNT_RD STAT               | MBOX2C0 |    23487220 |          0 |   20051360 | 1.067601e+06 |
|               CAS_COUNT_WR STAT               | MBOX2C1 |    31320053 |          0 |   26739300 | 1.423639e+06 |
|               CAS_COUNT_RD STAT               | MBOX3C0 |    20972617 |          0 |   17960790 |  953300.7727 |
|               CAS_COUNT_WR STAT               | MBOX3C1 |    29406674 |          0 |   25011220 |      1336667 |
|               CAS_COUNT_RD STAT               | MBOX4C0 |    21372157 |          0 |   18366970 |  971461.6818 |
|               CAS_COUNT_WR STAT               | MBOX4C1 |    30118355 |          0 |   25732680 | 1.369016e+06 |
|               CAS_COUNT_RD STAT               | MBOX5C0 |    20115331 |          0 |   17107580 |  914333.2273 |
|               CAS_COUNT_WR STAT               | MBOX5C1 |    28284945 |          0 |   23892590 | 1.285679e+06 |
+-----------------------------------------------+---------+-------------+------------+------------+--------------+
+-----------------------------------+-----------+-----------+-----------+-----------+-----------+-----------+-----------+-----------+-----------+-----------+-----------+-----------+-----------+-----------+-----------+-----------+-----------+-----------+-----------+-----------+-----------+-----------+
|               Metric              |   Core 0  |   Core 1  |   Core 2  |   Core 3  |   Core 4  |   Core 5  |   Core 6  |   Core 7  |   Core 8  |   Core 9  |  Core 10  |  Core 11  |  Core 12  |  Core 13  |  Core 14  |  Core 15  |  Core 16  |  Core 17  |  Core 18  |  Core 19  |  Core 20  |  Core 21  |
+-----------------------------------+-----------+-----------+-----------+-----------+-----------+-----------+-----------+-----------+-----------+-----------+-----------+-----------+-----------+-----------+-----------+-----------+-----------+-----------+-----------+-----------+-----------+-----------+
|        Runtime (RDTSC) [s]        |    5.8739 |    5.8761 |    5.8761 |    5.8760 |    5.8761 |    5.8761 |    5.8762 |    5.8761 |    5.8761 |    5.8761 |    5.8761 |    5.8761 |    5.8761 |    5.8761 |    5.8743 |    5.8761 |    5.8761 |    5.8761 |    5.8761 |    5.8761 |    5.8760 |    5.8761 |
|        Runtime unhalted [s]       |    1.1774 |    0.6182 |    0.6239 |    0.6172 |    0.6169 |    0.6172 |    0.6164 |    0.6186 |    0.6170 |    0.6156 |    0.6136 |    0.6189 |    0.6163 |    0.6224 |    0.5397 |    0.5424 |    0.5392 |    0.5324 |    0.5415 |    0.5404 |    0.5340 |    0.5048 |
|            Clock [MHz]            | 1896.0833 | 1894.8964 | 1894.7865 | 1894.8226 | 1894.8244 | 1894.8009 | 1894.8422 | 1894.8692 | 1894.9068 | 1894.8448 | 1894.8362 | 1894.8688 | 1894.7979 | 1894.9102 | 1893.5667 | 1893.4956 | 1893.5351 | 1893.5826 | 1893.5804 | 1893.4959 | 1893.6193 | 1893.4253 |
|                CPI                |    0.6863 |    1.0236 |    1.0335 |    1.0226 |    1.0230 |    1.0232 |    1.0222 |    1.0253 |    1.0251 |    1.0227 |    1.0198 |    1.0289 |    1.0250 |    1.0344 |    0.9044 |    0.9084 |    0.9055 |    0.8946 |    0.9093 |    0.9073 |    0.8974 |    0.8522 |
|             Energy [J]            |  216.3391 |         0 |         0 |         0 |         0 |         0 |         0 |         0 |         0 |         0 |         0 |         0 |         0 |         0 |  199.8873 |         0 |         0 |         0 |         0 |         0 |         0 |         0 |
|             Power [W]             |   36.8303 |         0 |         0 |         0 |         0 |         0 |         0 |         0 |         0 |         0 |         0 |         0 |         0 |         0 |   34.0273 |         0 |         0 |         0 |         0 |         0 |         0 |         0 |
|          Energy DRAM [J]          |   31.7973 |         0 |         0 |         0 |         0 |         0 |         0 |         0 |         0 |         0 |         0 |         0 |         0 |         0 |   22.7203 |         0 |         0 |         0 |         0 |         0 |         0 |         0 |
|           Power DRAM [W]          |    5.4133 |         0 |         0 |         0 |         0 |         0 |         0 |         0 |         0 |         0 |         0 |         0 |         0 |         0 |    3.8677 |         0 |         0 |         0 |         0 |         0 |         0 |         0 |
|            DP [MFLOP/s]           |  102.5600 |   66.6293 |   66.5972 |   66.6213 |   66.5799 |   66.6026 |   66.5751 |   66.6020 |   66.4273 |   66.4394 |   66.4219 |   66.4155 |   66.3953 |   66.4115 |   66.4145 |   66.4114 |   66.3924 |   66.3995 |   66.3832 |   66.3997 |   66.3834 |   66.2393 |
|          AVX DP [MFLOP/s]         |   11.3717 |         0 |         0 |         0 |         0 |         0 |         0 |         0 |         0 |         0 |         0 |         0 |         0 |         0 |         0 |         0 |         0 |         0 |         0 |         0 |         0 |         0 |
|          Packed [MUOPS/s]         |    1.5853 |         0 |         0 |         0 |         0 |         0 |         0 |         0 |         0 |         0 |         0 |         0 |         0 |         0 |         0 |         0 |         0 |         0 |         0 |         0 |         0 |         0 |
|          Scalar [MUOPS/s]         |   90.9292 |   66.6293 |   66.5972 |   66.6213 |   66.5799 |   66.6026 |   66.5751 |   66.6020 |   66.4273 |   66.4394 |   66.4219 |   66.4155 |   66.3953 |   66.4115 |   66.4145 |   66.4114 |   66.3924 |   66.3995 |   66.3832 |   66.3997 |   66.3834 |   66.2393 |
|  Memory read bandwidth [MBytes/s] | 1204.8153 |         0 |         0 |         0 |         0 |         0 |         0 |         0 |         0 |         0 |         0 |         0 |         0 |         0 |  209.9317 |         0 |         0 |         0 |         0 |         0 |         0 |         0 |
|  Memory read data volume [GBytes] |    7.0770 |         0 |         0 |         0 |         0 |         0 |         0 |         0 |         0 |         0 |         0 |         0 |         0 |         0 |    1.2332 |         0 |         0 |         0 |         0 |         0 |         0 |         0 |
| Memory write bandwidth [MBytes/s] | 1642.3150 |         0 |         0 |         0 |         0 |         0 |         0 |         0 |         0 |         0 |         0 |         0 |         0 |         0 |  292.2285 |         0 |         0 |         0 |         0 |         0 |         0 |         0 |
| Memory write data volume [GBytes] |    9.6469 |         0 |         0 |         0 |         0 |         0 |         0 |         0 |         0 |         0 |         0 |         0 |         0 |         0 |    1.7166 |         0 |         0 |         0 |         0 |         0 |         0 |         0 |
|    Memory bandwidth [MBytes/s]    | 2847.1303 |         0 |         0 |         0 |         0 |         0 |         0 |         0 |         0 |         0 |         0 |         0 |         0 |         0 |  502.1602 |         0 |         0 |         0 |         0 |         0 |         0 |         0 |
|    Memory data volume [GBytes]    |   16.7239 |         0 |         0 |         0 |         0 |         0 |         0 |         0 |         0 |         0 |         0 |         0 |         0 |         0 |    2.9499 |         0 |         0 |         0 |         0 |         0 |         0 |         0 |
|       Operational intensity       |    0.0360 |    0.0234 |    0.0234 |    0.0234 |    0.0234 |    0.0234 |    0.0234 |    0.0234 |    0.0233 |    0.0233 |    0.0233 |    0.0233 |    0.0233 |    0.0233 |    0.1323 |    0.1323 |    0.1323 |    0.1323 |    0.1322 |    0.1323 |    0.1322 |    0.1319 |
+-----------------------------------+-----------+-----------+-----------+-----------+-----------+-----------+-----------+-----------+-----------+-----------+-----------+-----------+-----------+-----------+-----------+-----------+-----------+-----------+-----------+-----------+-----------+-----------+
+----------------------------------------+------------+-----------+-----------+-----------+
|                 Metric                 |     Sum    |    Min    |    Max    |    Avg    |
+----------------------------------------+------------+-----------+-----------+-----------+
|        Runtime (RDTSC) [s] STAT        |   129.2701 |    5.8739 |    5.8762 |    5.8759 |
|        Runtime unhalted [s] STAT       |    13.4840 |    0.5048 |    1.1774 |    0.6129 |
|            Clock [MHz] STAT            | 41677.3911 | 1893.4253 | 1896.0833 | 1894.4269 |
|                CPI STAT                |    21.1947 |    0.6863 |    1.0344 |    0.9634 |
|             Energy [J] STAT            |   416.2264 |         0 |  216.3391 |   18.9194 |
|             Power [W] STAT             |    70.8576 |         0 |   36.8303 |    3.2208 |
|          Energy DRAM [J] STAT          |    54.5176 |         0 |   31.7973 |    2.4781 |
|           Power DRAM [W] STAT          |     9.2810 |         0 |    5.4133 |    0.4219 |
|            DP [MFLOP/s] STAT           |  1498.3017 |   66.2393 |  102.5600 |   68.1046 |
|          AVX DP [MFLOP/s] STAT         |    11.3717 |         0 |   11.3717 |    0.5169 |
|          Packed [MUOPS/s] STAT         |     1.5853 |         0 |    1.5853 |    0.0721 |
|          Scalar [MUOPS/s] STAT         |  1486.6709 |   66.2393 |   90.9292 |   67.5759 |
|  Memory read bandwidth [MBytes/s] STAT |  1414.7470 |         0 | 1204.8153 |   64.3067 |
|  Memory read data volume [GBytes] STAT |     8.3102 |         0 |    7.0770 |    0.3777 |
| Memory write bandwidth [MBytes/s] STAT |  1934.5435 |         0 | 1642.3150 |   87.9338 |
| Memory write data volume [GBytes] STAT |    11.3635 |         0 |    9.6469 |    0.5165 |
|    Memory bandwidth [MBytes/s] STAT    |  3349.2905 |         0 | 2847.1303 |  152.2405 |
|    Memory data volume [GBytes] STAT    |    19.6738 |         0 |   16.7239 |    0.8943 |
|       Operational intensity STAT       |     1.3974 |    0.0233 |    0.1323 |    0.0635 |
+----------------------------------------+------------+-----------+-----------+-----------+
--------------------------------------------------------------------------------
CPU name:	Intel(R) Xeon(R) Gold 6132 CPU @ 2.60GHz
CPU type:	Intel Skylake SP processor
CPU clock:	2.59 GHz
--------------------------------------------------------------------------------
Region Solve, Group 1: MEM_DP
+-------------------+-----------+-----------+-----------+-----------+-----------+-----------+-----------+-----------+-----------+-----------+-----------+-----------+-----------+-----------+-----------+-----------+-----------+-----------+-----------+-----------+-----------+-----------+
|    Region Info    |   Core 0  |   Core 1  |   Core 2  |   Core 3  |   Core 4  |   Core 5  |   Core 6  |   Core 7  |   Core 8  |   Core 9  |  Core 10  |  Core 11  |  Core 12  |  Core 13  |  Core 14  |  Core 15  |  Core 16  |  Core 17  |  Core 18  |  Core 19  |  Core 20  |  Core 21  |
+-------------------+-----------+-----------+-----------+-----------+-----------+-----------+-----------+-----------+-----------+-----------+-----------+-----------+-----------+-----------+-----------+-----------+-----------+-----------+-----------+-----------+-----------+-----------+
| RDTSC Runtime [s] | 47.292160 | 47.293190 | 47.293190 | 47.293240 | 47.293190 | 47.293190 | 47.293190 | 47.293190 | 47.293270 | 47.293190 | 47.293200 | 47.293200 | 47.293190 | 47.293190 | 47.292130 | 47.293190 | 47.293180 | 47.293180 | 47.293260 | 47.293190 | 47.293180 | 47.293180 |
|     call count    |         1 |         1 |         1 |         1 |         1 |         1 |         1 |         1 |         1 |         1 |         1 |         1 |         1 |         1 |         1 |         1 |         1 |         1 |         1 |         1 |         1 |         1 |
+-------------------+-----------+-----------+-----------+-----------+-----------+-----------+-----------+-----------+-----------+-----------+-----------+-----------+-----------+-----------+-----------+-----------+-----------+-----------+-----------+-----------+-----------+-----------+
+------------------------------------------+---------+--------------+--------------+--------------+--------------+--------------+--------------+--------------+--------------+--------------+--------------+--------------+--------------+--------------+--------------+--------------+--------------+--------------+--------------+--------------+--------------+--------------+--------------+
|                   Event                  | Counter |    Core 0    |    Core 1    |    Core 2    |    Core 3    |    Core 4    |    Core 5    |    Core 6    |    Core 7    |    Core 8    |    Core 9    |    Core 10   |    Core 11   |    Core 12   |    Core 13   |    Core 14   |    Core 15   |    Core 16   |    Core 17   |    Core 18   |    Core 19   |    Core 20   |    Core 21   |
+------------------------------------------+---------+--------------+--------------+--------------+--------------+--------------+--------------+--------------+--------------+--------------+--------------+--------------+--------------+--------------+--------------+--------------+--------------+--------------+--------------+--------------+--------------+--------------+--------------+
|             INSTR_RETIRED_ANY            |  FIXC0  | 169367800000 | 162294700000 | 163080700000 | 162786700000 | 161342700000 | 161000800000 | 159874300000 | 160504600000 | 160558500000 | 159898700000 | 159330500000 | 159176200000 | 159536500000 | 160219600000 | 159969100000 | 159362700000 | 160372400000 | 160612600000 | 161859700000 | 162200100000 | 161420800000 | 160144600000 |
|           CPU_CLK_UNHALTED_CORE          |  FIXC1  |  75548100000 |  82911230000 |  83405200000 |  84380420000 |  84446440000 |  84594070000 |  84672990000 |  84681360000 |  84655250000 |  84660700000 |  84658590000 |  84613050000 |  84641620000 |  84651310000 |  84427890000 |  84445290000 |  84370980000 |  82932390000 |  82946280000 |  82989060000 |  82991140000 |  83179280000 |
|           CPU_CLK_UNHALTED_REF           |  FIXC2  | 103385100000 | 113457700000 | 114133800000 | 115468200000 | 115558400000 | 115760500000 | 115868500000 | 115879900000 | 115844200000 | 115851700000 | 115848800000 | 115786500000 | 115825800000 | 115838800000 | 115550100000 | 115573100000 | 115471900000 | 113503200000 | 113522300000 | 113580600000 | 113583500000 | 113840300000 |
|              PWR_PKG_ENERGY              |   PWR0  |    2932.6540 |            0 |            0 |            0 |            0 |            0 |            0 |            0 |            0 |            0 |            0 |            0 |            0 |            0 |    2362.4110 |            0 |            0 |            0 |            0 |            0 |            0 |            0 |
|              PWR_DRAM_ENERGY             |   PWR3  |     508.0531 |            0 |            0 |            0 |            0 |            0 |            0 |            0 |            0 |            0 |            0 |            0 |            0 |            0 |     402.3873 |            0 |            0 |            0 |            0 |            0 |            0 |            0 |
| FP_ARITH_INST_RETIRED_128B_PACKED_DOUBLE |   PMC0  |       714138 |            0 |            0 |            0 |            0 |            0 |            0 |            0 |            0 |            0 |            0 |            0 |            0 |            0 |            0 |            0 |            0 |            0 |            0 |            0 |            0 |            0 |
|    FP_ARITH_INST_RETIRED_SCALAR_DOUBLE   |   PMC1  |  43209250000 |  43914930000 |  44609800000 |  44304370000 |  43572170000 |  43497400000 |  43200030000 |  43366360000 |  43139390000 |  42545510000 |  42411780000 |  42385420000 |  42472830000 |  43070960000 |  43200300000 |  43030290000 |  43297480000 |  43383080000 |  44105550000 |  44438180000 |  43759680000 |  43101580000 |
| FP_ARITH_INST_RETIRED_256B_PACKED_DOUBLE |   PMC2  |      1138324 |            0 |            0 |            0 |            0 |            0 |            0 |            0 |            0 |            0 |            0 |            0 |            0 |            0 |            0 |            0 |            0 |            0 |            0 |            0 |            0 |            0 |
| FP_ARITH_INST_RETIRED_512B_PACKED_DOUBLE |   PMC3  |     10452010 |            0 |            0 |            0 |            0 |            0 |            0 |            0 |            0 |            0 |            0 |            0 |            0 |            0 |            0 |            0 |            0 |            0 |            0 |            0 |            0 |            0 |
|               CAS_COUNT_RD               | MBOX0C0 |   1660041000 |            0 |            0 |            0 |            0 |            0 |            0 |            0 |            0 |            0 |            0 |            0 |            0 |            0 |    988731600 |            0 |            0 |            0 |            0 |            0 |            0 |            0 |
|               CAS_COUNT_WR               | MBOX0C1 |    413837400 |            0 |            0 |            0 |            0 |            0 |            0 |            0 |            0 |            0 |            0 |            0 |            0 |            0 |    256184900 |            0 |            0 |            0 |            0 |            0 |            0 |            0 |
|               CAS_COUNT_RD               | MBOX1C0 |   1659081000 |            0 |            0 |            0 |            0 |            0 |            0 |            0 |            0 |            0 |            0 |            0 |            0 |            0 |    989080200 |            0 |            0 |            0 |            0 |            0 |            0 |            0 |
|               CAS_COUNT_WR               | MBOX1C1 |    412855600 |            0 |            0 |            0 |            0 |            0 |            0 |            0 |            0 |            0 |            0 |            0 |            0 |            0 |    256388400 |            0 |            0 |            0 |            0 |            0 |            0 |            0 |
|               CAS_COUNT_RD               | MBOX2C0 |   1660511000 |            0 |            0 |            0 |            0 |            0 |            0 |            0 |            0 |            0 |            0 |            0 |            0 |            0 |    988987800 |            0 |            0 |            0 |            0 |            0 |            0 |            0 |
|               CAS_COUNT_WR               | MBOX2C1 |    415119000 |            0 |            0 |            0 |            0 |            0 |            0 |            0 |            0 |            0 |            0 |            0 |            0 |            0 |    256378900 |            0 |            0 |            0 |            0 |            0 |            0 |            0 |
|               CAS_COUNT_RD               | MBOX3C0 |   1656708000 |            0 |            0 |            0 |            0 |            0 |            0 |            0 |            0 |            0 |            0 |            0 |            0 |            0 |    984771700 |            0 |            0 |            0 |            0 |            0 |            0 |            0 |
|               CAS_COUNT_WR               | MBOX3C1 |    411408100 |            0 |            0 |            0 |            0 |            0 |            0 |            0 |            0 |            0 |            0 |            0 |            0 |            0 |    255053000 |            0 |            0 |            0 |            0 |            0 |            0 |            0 |
|               CAS_COUNT_RD               | MBOX4C0 |   1657276000 |            0 |            0 |            0 |            0 |            0 |            0 |            0 |            0 |            0 |            0 |            0 |            0 |            0 |    984438000 |            0 |            0 |            0 |            0 |            0 |            0 |            0 |
|               CAS_COUNT_WR               | MBOX4C1 |    411912700 |            0 |            0 |            0 |            0 |            0 |            0 |            0 |            0 |            0 |            0 |            0 |            0 |            0 |    254909400 |            0 |            0 |            0 |            0 |            0 |            0 |            0 |
|               CAS_COUNT_RD               | MBOX5C0 |   1655902000 |            0 |            0 |            0 |            0 |            0 |            0 |            0 |            0 |            0 |            0 |            0 |            0 |            0 |    984934300 |            0 |            0 |            0 |            0 |            0 |            0 |            0 |
|               CAS_COUNT_WR               | MBOX5C1 |    410332700 |            0 |            0 |            0 |            0 |            0 |            0 |            0 |            0 |            0 |            0 |            0 |            0 |            0 |    255086500 |            0 |            0 |            0 |            0 |            0 |            0 |            0 |
+------------------------------------------+---------+--------------+--------------+--------------+--------------+--------------+--------------+--------------+--------------+--------------+--------------+--------------+--------------+--------------+--------------+--------------+--------------+--------------+--------------+--------------+--------------+--------------+--------------+
+-----------------------------------------------+---------+---------------+--------------+--------------+--------------+
|                     Event                     | Counter |      Sum      |      Min     |      Max     |      Avg     |
+-----------------------------------------------+---------+---------------+--------------+--------------+--------------+
|             INSTR_RETIRED_ANY STAT            |  FIXC0  | 3544914300000 | 159176200000 | 169367800000 | 1.611325e+11 |
|           CPU_CLK_UNHALTED_CORE STAT          |  FIXC1  | 1840802640000 |  75548100000 |  84681360000 | 8.367285e+10 |
|           CPU_CLK_UNHALTED_REF STAT           |  FIXC2  | 2519132900000 | 103385100000 | 115879900000 | 1.145060e+11 |
|              PWR_PKG_ENERGY STAT              |   PWR0  |     5295.0650 |            0 |    2932.6540 |     240.6848 |
|              PWR_DRAM_ENERGY STAT             |   PWR3  |      910.4404 |            0 |     508.0531 |      41.3837 |
| FP_ARITH_INST_RETIRED_128B_PACKED_DOUBLE STAT |   PMC0  |        714138 |            0 |       714138 |   32460.8182 |
|    FP_ARITH_INST_RETIRED_SCALAR_DOUBLE STAT   |   PMC1  |  954016340000 |  42385420000 |  44609800000 | 4.336438e+10 |
| FP_ARITH_INST_RETIRED_256B_PACKED_DOUBLE STAT |   PMC2  |       1138324 |            0 |      1138324 |        51742 |
| FP_ARITH_INST_RETIRED_512B_PACKED_DOUBLE STAT |   PMC3  |      10452010 |            0 |     10452010 |  475091.3636 |
|               CAS_COUNT_RD STAT               | MBOX0C0 |    2648772600 |            0 |   1660041000 | 1.203988e+08 |
|               CAS_COUNT_WR STAT               | MBOX0C1 |     670022300 |            0 |    413837400 | 3.045556e+07 |
|               CAS_COUNT_RD STAT               | MBOX1C0 |    2648161200 |            0 |   1659081000 | 1.203710e+08 |
|               CAS_COUNT_WR STAT               | MBOX1C1 |     669244000 |            0 |    412855600 | 3.042018e+07 |
|               CAS_COUNT_RD STAT               | MBOX2C0 |    2649498800 |            0 |   1660511000 | 1.204318e+08 |
|               CAS_COUNT_WR STAT               | MBOX2C1 |     671497900 |            0 |    415119000 | 3.052263e+07 |
|               CAS_COUNT_RD STAT               | MBOX3C0 |    2641479700 |            0 |   1656708000 | 1.200673e+08 |
|               CAS_COUNT_WR STAT               | MBOX3C1 |     666461100 |            0 |    411408100 | 3.029369e+07 |
|               CAS_COUNT_RD STAT               | MBOX4C0 |    2641714000 |            0 |   1657276000 | 1.200779e+08 |
|               CAS_COUNT_WR STAT               | MBOX4C1 |     666822100 |            0 |    411912700 | 3.031010e+07 |
|               CAS_COUNT_RD STAT               | MBOX5C0 |    2640836300 |            0 |   1655902000 | 1.200380e+08 |
|               CAS_COUNT_WR STAT               | MBOX5C1 |     665419200 |            0 |    410332700 | 3.024633e+07 |
+-----------------------------------------------+---------+---------------+--------------+--------------+--------------+
+-----------------------------------+------------+-----------+-----------+-----------+-----------+-----------+-----------+-----------+-----------+-----------+-----------+-----------+-----------+-----------+------------+-----------+-----------+-----------+-----------+-----------+-----------+-----------+
|               Metric              |   Core 0   |   Core 1  |   Core 2  |   Core 3  |   Core 4  |   Core 5  |   Core 6  |   Core 7  |   Core 8  |   Core 9  |  Core 10  |  Core 11  |  Core 12  |  Core 13  |   Core 14  |  Core 15  |  Core 16  |  Core 17  |  Core 18  |  Core 19  |  Core 20  |  Core 21  |
+-----------------------------------+------------+-----------+-----------+-----------+-----------+-----------+-----------+-----------+-----------+-----------+-----------+-----------+-----------+-----------+------------+-----------+-----------+-----------+-----------+-----------+-----------+-----------+
|        Runtime (RDTSC) [s]        |    47.2922 |   47.2932 |   47.2932 |   47.2932 |   47.2932 |   47.2932 |   47.2932 |   47.2932 |   47.2933 |   47.2932 |   47.2932 |   47.2932 |   47.2932 |   47.2932 |    47.2921 |   47.2932 |   47.2932 |   47.2932 |   47.2933 |   47.2932 |   47.2932 |   47.2932 |
|        Runtime unhalted [s]       |    29.1267 |   31.9655 |   32.1559 |   32.5319 |   32.5574 |   32.6143 |   32.6447 |   32.6479 |   32.6379 |   32.6400 |   32.6392 |   32.6216 |   32.6326 |   32.6364 |    32.5502 |   32.5569 |   32.5283 |   31.9736 |   31.9790 |   31.9955 |   31.9963 |   32.0688 |
|            Clock [MHz]            |  1895.3858 | 1895.4460 | 1895.4437 | 1895.4456 | 1895.4479 | 1895.4466 | 1895.4465 | 1895.4474 | 1895.4469 | 1895.4462 | 1895.4464 | 1895.4462 | 1895.4428 | 1895.4471 |  1895.1677 | 1895.1810 | 1895.1728 | 1895.1697 | 1895.1682 | 1895.1724 | 1895.1715 | 1895.1830 |
|                CPI                |     0.4461 |    0.5109 |    0.5114 |    0.5183 |    0.5234 |    0.5254 |    0.5296 |    0.5276 |    0.5273 |    0.5295 |    0.5313 |    0.5316 |    0.5305 |    0.5283 |     0.5278 |    0.5299 |    0.5261 |    0.5164 |    0.5125 |    0.5116 |    0.5141 |    0.5194 |
|             Energy [J]            |  2932.6540 |         0 |         0 |         0 |         0 |         0 |         0 |         0 |         0 |         0 |         0 |         0 |         0 |         0 |  2362.4110 |         0 |         0 |         0 |         0 |         0 |         0 |         0 |
|             Power [W]             |    62.0114 |         0 |         0 |         0 |         0 |         0 |         0 |         0 |         0 |         0 |         0 |         0 |         0 |         0 |    49.9536 |         0 |         0 |         0 |         0 |         0 |         0 |         0 |
|          Energy DRAM [J]          |   508.0531 |         0 |         0 |         0 |         0 |         0 |         0 |         0 |         0 |         0 |         0 |         0 |         0 |         0 |   402.3873 |         0 |         0 |         0 |         0 |         0 |         0 |         0 |
|           Power DRAM [W]          |    10.7429 |         0 |         0 |         0 |         0 |         0 |         0 |         0 |         0 |         0 |         0 |         0 |         0 |         0 |     8.5085 |         0 |         0 |         0 |         0 |         0 |         0 |         0 |
|            DP [MFLOP/s]           |   915.5608 |  928.5677 |  943.2605 |  936.8013 |  921.3202 |  919.7392 |  913.4514 |  916.9684 |  912.1676 |  899.6118 |  896.7839 |  896.2265 |  898.0750 |  910.7222 |   913.4776 |  909.8623 |  915.5121 |  917.3221 |  932.5969 |  939.6317 |  925.2852 |  911.3699 |
|          AVX DP [MFLOP/s]         |     1.8644 |         0 |         0 |         0 |         0 |         0 |         0 |         0 |         0 |         0 |         0 |         0 |         0 |         0 |          0 |         0 |         0 |         0 |         0 |         0 |         0 |         0 |
|          Packed [MUOPS/s]         |     0.2602 |         0 |         0 |         0 |         0 |         0 |         0 |         0 |         0 |         0 |         0 |         0 |         0 |         0 |          0 |         0 |         0 |         0 |         0 |         0 |         0 |         0 |
|          Scalar [MUOPS/s]         |   913.6662 |  928.5677 |  943.2605 |  936.8013 |  921.3202 |  919.7392 |  913.4514 |  916.9684 |  912.1676 |  899.6118 |  896.7839 |  896.2265 |  898.0750 |  910.7222 |   913.4776 |  909.8623 |  915.5121 |  917.3221 |  932.5969 |  939.6317 |  925.2852 |  911.3699 |
|  Memory read bandwidth [MBytes/s] | 13464.5831 |         0 |         0 |         0 |         0 |         0 |         0 |         0 |         0 |         0 |         0 |         0 |         0 |         0 |  8012.7579 |         0 |         0 |         0 |         0 |         0 |         0 |         0 |
|  Memory read data volume [GBytes] |   636.7692 |         0 |         0 |         0 |         0 |         0 |         0 |         0 |         0 |         0 |         0 |         0 |         0 |         0 |   378.9404 |         0 |         0 |         0 |         0 |         0 |         0 |         0 |
| Memory write bandwidth [MBytes/s] |  3350.0223 |         0 |         0 |         0 |         0 |         0 |         0 |         0 |         0 |         0 |         0 |         0 |         0 |         0 |  2075.9494 |         0 |         0 |         0 |         0 |         0 |         0 |         0 |
| Memory write data volume [GBytes] |   158.4298 |         0 |         0 |         0 |         0 |         0 |         0 |         0 |         0 |         0 |         0 |         0 |         0 |         0 |    98.1761 |         0 |         0 |         0 |         0 |         0 |         0 |         0 |
|    Memory bandwidth [MBytes/s]    | 16814.6054 |         0 |         0 |         0 |         0 |         0 |         0 |         0 |         0 |         0 |         0 |         0 |         0 |         0 | 10088.7074 |         0 |         0 |         0 |         0 |         0 |         0 |         0 |
|    Memory data volume [GBytes]    |   795.1990 |         0 |         0 |         0 |         0 |         0 |         0 |         0 |         0 |         0 |         0 |         0 |         0 |         0 |   477.1165 |         0 |         0 |         0 |         0 |         0 |         0 |         0 |
|       Operational intensity       |     0.0545 |    0.0552 |    0.0561 |    0.0557 |    0.0548 |    0.0547 |    0.0543 |    0.0545 |    0.0542 |    0.0535 |    0.0533 |    0.0533 |    0.0534 |    0.0542 |     0.0905 |    0.0902 |    0.0907 |    0.0909 |    0.0924 |    0.0931 |    0.0917 |    0.0903 |
+-----------------------------------+------------+-----------+-----------+-----------+-----------+-----------+-----------+-----------+-----------+-----------+-----------+-----------+-----------+-----------+------------+-----------+-----------+-----------+-----------+-----------+-----------+-----------+
+----------------------------------------+------------+-----------+------------+-----------+
|                 Metric                 |     Sum    |    Min    |     Max    |    Avg    |
+----------------------------------------+------------+-----------+------------+-----------+
|        Runtime (RDTSC) [s] STAT        |  1040.4485 |   47.2921 |    47.2933 |   47.2931 |
|        Runtime unhalted [s] STAT       |   709.7006 |   29.1267 |    32.6479 |   32.2591 |
|            Clock [MHz] STAT            | 41697.5714 | 1895.1677 |  1895.4479 | 1895.3442 |
|                CPI STAT                |    11.4290 |    0.4461 |     0.5316 |    0.5195 |
|             Energy [J] STAT            |  5295.0650 |         0 |  2932.6540 |  240.6848 |
|             Power [W] STAT             |   111.9650 |         0 |    62.0114 |    5.0893 |
|          Energy DRAM [J] STAT          |   910.4404 |         0 |   508.0531 |   41.3837 |
|           Power DRAM [W] STAT          |    19.2514 |         0 |    10.7429 |    0.8751 |
|            DP [MFLOP/s] STAT           | 20174.3143 |  896.2265 |   943.2605 |  917.0143 |
|          AVX DP [MFLOP/s] STAT         |     1.8644 |         0 |     1.8644 |    0.0847 |
|          Packed [MUOPS/s] STAT         |     0.2602 |         0 |     0.2602 |    0.0118 |
|          Scalar [MUOPS/s] STAT         | 20172.4197 |  896.2265 |   943.2605 |  916.9282 |
|  Memory read bandwidth [MBytes/s] STAT | 21477.3410 |         0 | 13464.5831 |  976.2428 |
|  Memory read data volume [GBytes] STAT |  1015.7096 |         0 |   636.7692 |   46.1686 |
| Memory write bandwidth [MBytes/s] STAT |  5425.9717 |         0 |  3350.0223 |  246.6351 |
| Memory write data volume [GBytes] STAT |   256.6059 |         0 |   158.4298 |   11.6639 |
|    Memory bandwidth [MBytes/s] STAT    | 26903.3128 |         0 | 16814.6054 | 1222.8779 |
|    Memory data volume [GBytes] STAT    |  1272.3155 |         0 |   795.1990 |   57.8325 |
|       Operational intensity STAT       |     1.4915 |    0.0533 |     0.0931 |    0.0678 |
+----------------------------------------+------------+-----------+------------+-----------+
