--------------------------------------------------------------------------------
CPU name:	Intel(R) Xeon(R) Gold 6132 CPU @ 2.60GHz
CPU type:	Intel Skylake SP processor
CPU clock:	2.59 GHz
--------------------------------------------------------------------------------
Region Setup, Group 1: MEM_DP
+-------------------+----------+----------+----------+----------+----------+----------+----------+----------+----------+----------+----------+----------+----------+----------+----------+----------+----------+----------+----------+
|    Region Info    |  Core 0  |  Core 1  |  Core 2  |  Core 3  |  Core 4  |  Core 5  |  Core 6  |  Core 7  |  Core 8  |  Core 9  |  Core 10 |  Core 11 |  Core 12 |  Core 13 |  Core 14 |  Core 15 |  Core 16 |  Core 17 |  Core 18 |
+-------------------+----------+----------+----------+----------+----------+----------+----------+----------+----------+----------+----------+----------+----------+----------+----------+----------+----------+----------+----------+
| RDTSC Runtime [s] | 5.897458 | 5.899330 | 5.899353 | 5.899366 | 5.899389 | 5.899401 | 5.899396 | 5.899401 | 5.899402 | 5.899400 | 5.899334 | 5.899393 | 5.899405 | 5.899382 | 5.897531 | 5.899394 | 5.899341 | 5.899346 | 5.899335 |
|     call count    |        2 |        2 |        2 |        2 |        2 |        2 |        2 |        2 |        2 |        2 |        2 |        2 |        2 |        2 |        2 |        2 |        2 |        2 |        2 |
+-------------------+----------+----------+----------+----------+----------+----------+----------+----------+----------+----------+----------+----------+----------+----------+----------+----------+----------+----------+----------+
+------------------------------------------+---------+------------+------------+------------+------------+------------+------------+------------+------------+------------+------------+------------+------------+------------+------------+------------+------------+------------+------------+------------+
|                   Event                  | Counter |   Core 0   |   Core 1   |   Core 2   |   Core 3   |   Core 4   |   Core 5   |   Core 6   |   Core 7   |   Core 8   |   Core 9   |   Core 10  |   Core 11  |   Core 12  |   Core 13  |   Core 14  |   Core 15  |   Core 16  |   Core 17  |   Core 18  |
+------------------------------------------+---------+------------+------------+------------+------------+------------+------------+------------+------------+------------+------------+------------+------------+------------+------------+------------+------------+------------+------------+------------+
|             INSTR_RETIRED_ANY            |  FIXC0  | 4693557000 | 1808329000 | 1807262000 | 1803694000 | 1803263000 | 1802321000 | 1802679000 | 1802906000 | 1802509000 | 1799056000 | 1799860000 | 1799202000 | 1798816000 | 1797853000 | 1786742000 | 1786266000 | 1783570000 | 1782916000 | 1779234000 |
|           CPU_CLK_UNHALTED_CORE          |  FIXC1  | 3146166000 | 1706028000 | 1710044000 | 1704533000 | 1701427000 | 1698440000 | 1709556000 | 1704628000 | 1702150000 | 1695952000 | 1711020000 | 1718682000 | 1711714000 | 1697497000 | 1499883000 | 1496361000 | 1508113000 | 1501119000 | 1433787000 |
|           CPU_CLK_UNHALTED_REF           |  FIXC2  | 4303308000 | 2335222000 | 2340833000 | 2333269000 | 2328949000 | 2324981000 | 2340013000 | 2333313000 | 2329966000 | 2321525000 | 2342021000 | 2352560000 | 2343153000 | 2323570000 | 2053889000 | 2048938000 | 2065133000 | 2055408000 | 1963424000 |
|              PWR_PKG_ENERGY              |   PWR0  |   217.8713 |          0 |          0 |          0 |          0 |          0 |          0 |          0 |          0 |          0 |          0 |          0 |          0 |          0 |   190.4999 |          0 |          0 |          0 |          0 |
|              PWR_DRAM_ENERGY             |   PWR3  |    32.0460 |          0 |          0 |          0 |          0 |          0 |          0 |          0 |          0 |          0 |          0 |          0 |          0 |          0 |    22.2065 |          0 |          0 |          0 |          0 |
| FP_ARITH_INST_RETIRED_128B_PACKED_DOUBLE |   PMC0  |     761098 |          0 |          0 |          0 |          0 |          0 |          0 |          0 |          0 |          0 |          0 |          0 |          0 |          0 |          0 |          0 |          0 |          0 |          0 |
|    FP_ARITH_INST_RETIRED_SCALAR_DOUBLE   |   PMC1  |  596424300 |  453777300 |  453649500 |  452755400 |  452706300 |  452612700 |  452561200 |  452609500 |  452565600 |  451661300 |  451714300 |  451560300 |  451616600 |  451559300 |  451609300 |  451522600 |  451566900 |  451495700 |  451539800 |
| FP_ARITH_INST_RETIRED_256B_PACKED_DOUBLE |   PMC2  |     402100 |          0 |          0 |          0 |          0 |          0 |          0 |          0 |          0 |          0 |          0 |          0 |          0 |          0 |          0 |          0 |          0 |          0 |          0 |
| FP_ARITH_INST_RETIRED_512B_PACKED_DOUBLE |   PMC3  |    8148557 |          0 |          0 |          0 |          0 |          0 |          0 |          0 |          0 |          0 |          0 |          0 |          0 |          0 |          0 |          0 |          0 |          0 |          0 |
|               CAS_COUNT_RD               | MBOX0C0 |   19510420 |          0 |          0 |          0 |          0 |          0 |          0 |          0 |          0 |          0 |          0 |          0 |          0 |          0 |    2487073 |          0 |          0 |          0 |          0 |
|               CAS_COUNT_WR               | MBOX0C1 |   24454540 |          0 |          0 |          0 |          0 |          0 |          0 |          0 |          0 |          0 |          0 |          0 |          0 |          0 |    3279990 |          0 |          0 |          0 |          0 |
|               CAS_COUNT_RD               | MBOX1C0 |   19248180 |          0 |          0 |          0 |          0 |          0 |          0 |          0 |          0 |          0 |          0 |          0 |          0 |          0 |    2510473 |          0 |          0 |          0 |          0 |
|               CAS_COUNT_WR               | MBOX1C1 |   24169560 |          0 |          0 |          0 |          0 |          0 |          0 |          0 |          0 |          0 |          0 |          0 |          0 |          0 |    3302953 |          0 |          0 |          0 |          0 |
|               CAS_COUNT_RD               | MBOX2C0 |   19421460 |          0 |          0 |          0 |          0 |          0 |          0 |          0 |          0 |          0 |          0 |          0 |          0 |          0 |    2516669 |          0 |          0 |          0 |          0 |
|               CAS_COUNT_WR               | MBOX2C1 |   24462140 |          0 |          0 |          0 |          0 |          0 |          0 |          0 |          0 |          0 |          0 |          0 |          0 |          0 |    3318997 |          0 |          0 |          0 |          0 |
|               CAS_COUNT_RD               | MBOX3C0 |   19456810 |          0 |          0 |          0 |          0 |          0 |          0 |          0 |          0 |          0 |          0 |          0 |          0 |          0 |    2212588 |          0 |          0 |          0 |          0 |
|               CAS_COUNT_WR               | MBOX3C1 |   25890940 |          0 |          0 |          0 |          0 |          0 |          0 |          0 |          0 |          0 |          0 |          0 |          0 |          0 |    3178914 |          0 |          0 |          0 |          0 |
|               CAS_COUNT_RD               | MBOX4C0 |   18124670 |          0 |          0 |          0 |          0 |          0 |          0 |          0 |          0 |          0 |          0 |          0 |          0 |          0 |    2216478 |          0 |          0 |          0 |          0 |
|               CAS_COUNT_WR               | MBOX4C1 |   23899440 |          0 |          0 |          0 |          0 |          0 |          0 |          0 |          0 |          0 |          0 |          0 |          0 |          0 |    3181143 |          0 |          0 |          0 |          0 |
|               CAS_COUNT_RD               | MBOX5C0 |   17963780 |          0 |          0 |          0 |          0 |          0 |          0 |          0 |          0 |          0 |          0 |          0 |          0 |          0 |    2209142 |          0 |          0 |          0 |          0 |
|               CAS_COUNT_WR               | MBOX5C1 |   23820860 |          0 |          0 |          0 |          0 |          0 |          0 |          0 |          0 |          0 |          0 |          0 |          0 |          0 |    3173173 |          0 |          0 |          0 |          0 |
+------------------------------------------+---------+------------+------------+------------+------------+------------+------------+------------+------------+------------+------------+------------+------------+------------+------------+------------+------------+------------+------------+------------+
+-----------------------------------------------+---------+-------------+------------+------------+--------------+
|                     Event                     | Counter |     Sum     |     Min    |     Max    |      Avg     |
+-----------------------------------------------+---------+-------------+------------+------------+--------------+
|             INSTR_RETIRED_ANY STAT            |  FIXC0  | 37040035000 | 1779234000 | 4693557000 | 1.949476e+09 |
|           CPU_CLK_UNHALTED_CORE STAT          |  FIXC1  | 32757100000 | 1433787000 | 3146166000 | 1.724058e+09 |
|           CPU_CLK_UNHALTED_REF STAT           |  FIXC2  | 44839475000 | 1963424000 | 4303308000 | 2.359972e+09 |
|              PWR_PKG_ENERGY STAT              |   PWR0  |    408.3712 |          0 |   217.8713 |      21.4932 |
|              PWR_DRAM_ENERGY STAT             |   PWR3  |     54.2525 |          0 |    32.0460 |       2.8554 |
| FP_ARITH_INST_RETIRED_128B_PACKED_DOUBLE STAT |   PMC0  |      761098 |          0 |     761098 |   40057.7895 |
|    FP_ARITH_INST_RETIRED_SCALAR_DOUBLE STAT   |   PMC1  |  8735507900 |  451495700 |  596424300 | 4.597636e+08 |
| FP_ARITH_INST_RETIRED_256B_PACKED_DOUBLE STAT |   PMC2  |      402100 |          0 |     402100 |   21163.1579 |
| FP_ARITH_INST_RETIRED_512B_PACKED_DOUBLE STAT |   PMC3  |     8148557 |          0 |    8148557 |  428871.4211 |
|               CAS_COUNT_RD STAT               | MBOX0C0 |    21997493 |          0 |   19510420 | 1.157763e+06 |
|               CAS_COUNT_WR STAT               | MBOX0C1 |    27734530 |          0 |   24454540 | 1.459712e+06 |
|               CAS_COUNT_RD STAT               | MBOX1C0 |    21758653 |          0 |   19248180 | 1.145192e+06 |
|               CAS_COUNT_WR STAT               | MBOX1C1 |    27472513 |          0 |   24169560 | 1.445922e+06 |
|               CAS_COUNT_RD STAT               | MBOX2C0 |    21938129 |          0 |   19421460 | 1.154638e+06 |
|               CAS_COUNT_WR STAT               | MBOX2C1 |    27781137 |          0 |   24462140 | 1.462165e+06 |
|               CAS_COUNT_RD STAT               | MBOX3C0 |    21669398 |          0 |   19456810 | 1.140495e+06 |
|               CAS_COUNT_WR STAT               | MBOX3C1 |    29069854 |          0 |   25890940 | 1.529992e+06 |
|               CAS_COUNT_RD STAT               | MBOX4C0 |    20341148 |          0 |   18124670 | 1.070587e+06 |
|               CAS_COUNT_WR STAT               | MBOX4C1 |    27080583 |          0 |   23899440 | 1.425294e+06 |
|               CAS_COUNT_RD STAT               | MBOX5C0 |    20172922 |          0 |   17963780 | 1.061733e+06 |
|               CAS_COUNT_WR STAT               | MBOX5C1 |    26994033 |          0 |   23820860 | 1.420739e+06 |
+-----------------------------------------------+---------+-------------+------------+------------+--------------+
+-----------------------------------+-----------+-----------+-----------+-----------+-----------+-----------+-----------+-----------+-----------+-----------+-----------+-----------+-----------+-----------+-----------+-----------+-----------+-----------+-----------+
|               Metric              |   Core 0  |   Core 1  |   Core 2  |   Core 3  |   Core 4  |   Core 5  |   Core 6  |   Core 7  |   Core 8  |   Core 9  |  Core 10  |  Core 11  |  Core 12  |  Core 13  |  Core 14  |  Core 15  |  Core 16  |  Core 17  |  Core 18  |
+-----------------------------------+-----------+-----------+-----------+-----------+-----------+-----------+-----------+-----------+-----------+-----------+-----------+-----------+-----------+-----------+-----------+-----------+-----------+-----------+-----------+
|        Runtime (RDTSC) [s]        |    5.8975 |    5.8993 |    5.8994 |    5.8994 |    5.8994 |    5.8994 |    5.8994 |    5.8994 |    5.8994 |    5.8994 |    5.8993 |    5.8994 |    5.8994 |    5.8994 |    5.8975 |    5.8994 |    5.8993 |    5.8993 |    5.8993 |
|        Runtime unhalted [s]       |    1.2130 |    0.6577 |    0.6593 |    0.6572 |    0.6560 |    0.6548 |    0.6591 |    0.6572 |    0.6562 |    0.6539 |    0.6597 |    0.6626 |    0.6599 |    0.6545 |    0.5783 |    0.5769 |    0.5814 |    0.5787 |    0.5528 |
|            Clock [MHz]            | 1896.3140 | 1894.9119 | 1894.8197 | 1894.8361 | 1894.8916 | 1894.7933 | 1894.9428 | 1894.9059 | 1894.8694 | 1894.8343 | 1894.9395 | 1894.8981 | 1894.7922 | 1894.8913 | 1894.1373 | 1894.2557 | 1894.1610 | 1894.2972 | 1894.0942 |
|                CPI                |    0.6703 |    0.9434 |    0.9462 |    0.9450 |    0.9435 |    0.9424 |    0.9483 |    0.9455 |    0.9443 |    0.9427 |    0.9506 |    0.9552 |    0.9516 |    0.9442 |    0.8395 |    0.8377 |    0.8456 |    0.8419 |    0.8058 |
|             Energy [J]            |  217.8713 |         0 |         0 |         0 |         0 |         0 |         0 |         0 |         0 |         0 |         0 |         0 |         0 |         0 |  190.4999 |         0 |         0 |         0 |         0 |
|             Power [W]             |   36.9433 |         0 |         0 |         0 |         0 |         0 |         0 |         0 |         0 |         0 |         0 |         0 |         0 |         0 |   32.3016 |         0 |         0 |         0 |         0 |
|          Energy DRAM [J]          |   32.0460 |         0 |         0 |         0 |         0 |         0 |         0 |         0 |         0 |         0 |         0 |         0 |         0 |         0 |   22.2065 |         0 |         0 |         0 |         0 |
|           Power DRAM [W]          |    5.4339 |         0 |         0 |         0 |         0 |         0 |         0 |         0 |         0 |         0 |         0 |         0 |         0 |         0 |    3.7654 |         0 |         0 |         0 |         0 |
|            DP [MFLOP/s]           |  112.7169 |   76.9201 |   76.8982 |   76.7465 |   76.7378 |   76.7218 |   76.7131 |   76.7213 |   76.7138 |   76.5605 |   76.5704 |   76.5435 |   76.5529 |   76.5435 |   76.5760 |   76.5371 |   76.5453 |   76.5332 |   76.5408 |
|          AVX DP [MFLOP/s]         |   11.3264 |         0 |         0 |         0 |         0 |         0 |         0 |         0 |         0 |         0 |         0 |         0 |         0 |         0 |         0 |         0 |         0 |         0 |         0 |
|          Packed [MUOPS/s]         |    1.5789 |         0 |         0 |         0 |         0 |         0 |         0 |         0 |         0 |         0 |         0 |         0 |         0 |         0 |         0 |         0 |         0 |         0 |         0 |
|          Scalar [MUOPS/s]         |  101.1324 |   76.9201 |   76.8982 |   76.7465 |   76.7378 |   76.7218 |   76.7131 |   76.7213 |   76.7138 |   76.5605 |   76.5704 |   76.5435 |   76.5529 |   76.5435 |   76.5760 |   76.5371 |   76.5453 |   76.5332 |   76.5408 |
|  Memory read bandwidth [MBytes/s] | 1234.1623 |         0 |         0 |         0 |         0 |         0 |         0 |         0 |         0 |         0 |         0 |         0 |         0 |         0 |  153.5821 |         0 |         0 |         0 |         0 |
|  Memory read data volume [GBytes] |    7.2784 |         0 |         0 |         0 |         0 |         0 |         0 |         0 |         0 |         0 |         0 |         0 |         0 |         0 |    0.9058 |         0 |         0 |         0 |         0 |
| Memory write bandwidth [MBytes/s] | 1591.9806 |         0 |         0 |         0 |         0 |         0 |         0 |         0 |         0 |         0 |         0 |         0 |         0 |         0 |  210.9104 |         0 |         0 |         0 |         0 |
| Memory write data volume [GBytes] |    9.3886 |         0 |         0 |         0 |         0 |         0 |         0 |         0 |         0 |         0 |         0 |         0 |         0 |         0 |    1.2439 |         0 |         0 |         0 |         0 |
|    Memory bandwidth [MBytes/s]    | 2826.1429 |         0 |         0 |         0 |         0 |         0 |         0 |         0 |         0 |         0 |         0 |         0 |         0 |         0 |  364.4925 |         0 |         0 |         0 |         0 |
|    Memory data volume [GBytes]    |   16.6671 |         0 |         0 |         0 |         0 |         0 |         0 |         0 |         0 |         0 |         0 |         0 |         0 |         0 |    2.1496 |         0 |         0 |         0 |         0 |
|       Operational intensity       |    0.0399 |    0.0272 |    0.0272 |    0.0272 |    0.0272 |    0.0272 |    0.0272 |    0.0272 |    0.0272 |    0.0271 |    0.0271 |    0.0271 |    0.0271 |    0.0271 |    0.2101 |    0.2100 |    0.2101 |    0.2100 |    0.2101 |
+-----------------------------------+-----------+-----------+-----------+-----------+-----------+-----------+-----------+-----------+-----------+-----------+-----------+-----------+-----------+-----------+-----------+-----------+-----------+-----------+-----------+
+----------------------------------------+------------+-----------+-----------+-----------+
|                 Metric                 |     Sum    |    Min    |    Max    |    Avg    |
+----------------------------------------+------------+-----------+-----------+-----------+
|        Runtime (RDTSC) [s] STAT        |   112.0843 |    5.8975 |    5.8994 |    5.8992 |
|        Runtime unhalted [s] STAT       |    12.6292 |    0.5528 |    1.2130 |    0.6647 |
|            Clock [MHz] STAT            | 36000.5855 | 1894.0942 | 1896.3140 | 1894.7677 |
|                CPI STAT                |    17.1437 |    0.6703 |    0.9552 |    0.9023 |
|             Energy [J] STAT            |   408.3712 |         0 |  217.8713 |   21.4932 |
|             Power [W] STAT             |    69.2449 |         0 |   36.9433 |    3.6445 |
|          Energy DRAM [J] STAT          |    54.2525 |         0 |   32.0460 |    2.8554 |
|           Power DRAM [W] STAT          |     9.1993 |         0 |    5.4339 |    0.4842 |
|            DP [MFLOP/s] STAT           |  1492.3927 |   76.5332 |  112.7169 |   78.5470 |
|          AVX DP [MFLOP/s] STAT         |    11.3264 |         0 |   11.3264 |    0.5961 |
|          Packed [MUOPS/s] STAT         |     1.5789 |         0 |    1.5789 |    0.0831 |
|          Scalar [MUOPS/s] STAT         |  1480.8082 |   76.5332 |  101.1324 |   77.9373 |
|  Memory read bandwidth [MBytes/s] STAT |  1387.7444 |         0 | 1234.1623 |   73.0392 |
|  Memory read data volume [GBytes] STAT |     8.1842 |         0 |    7.2784 |    0.4307 |
| Memory write bandwidth [MBytes/s] STAT |  1802.8910 |         0 | 1591.9806 |   94.8890 |
| Memory write data volume [GBytes] STAT |    10.6325 |         0 |    9.3886 |    0.5596 |
|    Memory bandwidth [MBytes/s] STAT    |  3190.6354 |         0 | 2826.1429 |  167.9282 |
|    Memory data volume [GBytes] STAT    |    18.8167 |         0 |   16.6671 |    0.9904 |
|       Operational intensity STAT       |     1.4433 |    0.0271 |    0.2101 |    0.0760 |
+----------------------------------------+------------+-----------+-----------+-----------+
--------------------------------------------------------------------------------
CPU name:	Intel(R) Xeon(R) Gold 6132 CPU @ 2.60GHz
CPU type:	Intel Skylake SP processor
CPU clock:	2.59 GHz
--------------------------------------------------------------------------------
Region Solve, Group 1: MEM_DP
+-------------------+-----------+-----------+-----------+-----------+-----------+-----------+-----------+-----------+-----------+-----------+-----------+-----------+-----------+-----------+-----------+-----------+-----------+-----------+-----------+
|    Region Info    |   Core 0  |   Core 1  |   Core 2  |   Core 3  |   Core 4  |   Core 5  |   Core 6  |   Core 7  |   Core 8  |   Core 9  |  Core 10  |  Core 11  |  Core 12  |  Core 13  |  Core 14  |  Core 15  |  Core 16  |  Core 17  |  Core 18  |
+-------------------+-----------+-----------+-----------+-----------+-----------+-----------+-----------+-----------+-----------+-----------+-----------+-----------+-----------+-----------+-----------+-----------+-----------+-----------+-----------+
| RDTSC Runtime [s] | 53.508820 | 53.509860 | 53.509860 | 53.509850 | 53.509850 | 53.509850 | 53.509850 | 53.509840 | 53.509850 | 53.509840 | 53.509860 | 53.509850 | 53.509860 | 53.509850 | 53.508790 | 53.509840 | 53.509840 | 53.509850 | 53.509840 |
|     call count    |         1 |         1 |         1 |         1 |         1 |         1 |         1 |         1 |         1 |         1 |         1 |         1 |         1 |         1 |         1 |         1 |         1 |         1 |         1 |
+-------------------+-----------+-----------+-----------+-----------+-----------+-----------+-----------+-----------+-----------+-----------+-----------+-----------+-----------+-----------+-----------+-----------+-----------+-----------+-----------+
+------------------------------------------+---------+--------------+--------------+--------------+--------------+--------------+--------------+--------------+--------------+--------------+--------------+--------------+--------------+--------------+--------------+--------------+--------------+--------------+--------------+--------------+
|                   Event                  | Counter |    Core 0    |    Core 1    |    Core 2    |    Core 3    |    Core 4    |    Core 5    |    Core 6    |    Core 7    |    Core 8    |    Core 9    |    Core 10   |    Core 11   |    Core 12   |    Core 13   |    Core 14   |    Core 15   |    Core 16   |    Core 17   |    Core 18   |
+------------------------------------------+---------+--------------+--------------+--------------+--------------+--------------+--------------+--------------+--------------+--------------+--------------+--------------+--------------+--------------+--------------+--------------+--------------+--------------+--------------+--------------+
|             INSTR_RETIRED_ANY            |  FIXC0  | 194919500000 | 188113900000 | 188732100000 | 187433200000 | 186424200000 | 184792600000 | 185509000000 | 185739200000 | 185022500000 | 184046300000 | 184664500000 | 185167600000 | 185043200000 | 184237600000 | 185668400000 | 186589300000 | 187670000000 | 187009300000 | 185711400000 |
|           CPU_CLK_UNHALTED_CORE          |  FIXC1  |  86353710000 |  93763790000 |  94902700000 |  95848930000 |  96159080000 |  96247450000 |  96292630000 |  96295160000 |  96245170000 |  95984500000 |  96256270000 |  96283820000 |  96189030000 |  96150180000 |  94976880000 |  93807820000 |  93782080000 |  93799630000 |  94032990000 |
|           CPU_CLK_UNHALTED_REF           |  FIXC2  | 118172500000 | 128309000000 | 129867500000 | 131162500000 | 131586800000 | 131707800000 | 131769400000 | 131773100000 | 131704600000 | 131348000000 | 131719900000 | 131757500000 | 131628000000 | 131574700000 | 130005000000 | 128405100000 | 128370200000 | 128394000000 | 128712900000 |
|              PWR_PKG_ENERGY              |   PWR0  |    3320.7540 |            0 |            0 |            0 |            0 |            0 |            0 |            0 |            0 |            0 |            0 |            0 |            0 |            0 |    2228.9990 |            0 |            0 |            0 |            0 |
|              PWR_DRAM_ENERGY             |   PWR3  |     585.1873 |            0 |            0 |            0 |            0 |            0 |            0 |            0 |            0 |            0 |            0 |            0 |            0 |            0 |     384.1823 |            0 |            0 |            0 |            0 |
| FP_ARITH_INST_RETIRED_128B_PACKED_DOUBLE |   PMC0  |       714138 |            0 |            0 |            0 |            0 |            0 |            0 |            0 |            0 |            0 |            0 |            0 |            0 |            0 |            0 |            0 |            0 |            0 |            0 |
|    FP_ARITH_INST_RETIRED_SCALAR_DOUBLE   |   PMC1  |  50123770000 |  51122210000 |  51665910000 |  50785070000 |  50366370000 |  49955890000 |  50140770000 |  49843560000 |  49237900000 |  49045320000 |  49136430000 |  49704800000 |  49999010000 |  49798490000 |  50153210000 |  50588810000 |  51419620000 |  50883120000 |  50046080000 |
| FP_ARITH_INST_RETIRED_256B_PACKED_DOUBLE |   PMC2  |      1138324 |            0 |            0 |            0 |            0 |            0 |            0 |            0 |            0 |            0 |            0 |            0 |            0 |            0 |            0 |            0 |            0 |            0 |            0 |
| FP_ARITH_INST_RETIRED_512B_PACKED_DOUBLE |   PMC3  |     10452010 |            0 |            0 |            0 |            0 |            0 |            0 |            0 |            0 |            0 |            0 |            0 |            0 |            0 |            0 |            0 |            0 |            0 |            0 |
|               CAS_COUNT_RD               | MBOX0C0 |   1931780000 |            0 |            0 |            0 |            0 |            0 |            0 |            0 |            0 |            0 |            0 |            0 |            0 |            0 |    716242000 |            0 |            0 |            0 |            0 |
|               CAS_COUNT_WR               | MBOX0C1 |    477142800 |            0 |            0 |            0 |            0 |            0 |            0 |            0 |            0 |            0 |            0 |            0 |            0 |            0 |    182827500 |            0 |            0 |            0 |            0 |
|               CAS_COUNT_RD               | MBOX1C0 |   1932057000 |            0 |            0 |            0 |            0 |            0 |            0 |            0 |            0 |            0 |            0 |            0 |            0 |            0 |    716220700 |            0 |            0 |            0 |            0 |
|               CAS_COUNT_WR               | MBOX1C1 |    477253700 |            0 |            0 |            0 |            0 |            0 |            0 |            0 |            0 |            0 |            0 |            0 |            0 |            0 |    182962600 |            0 |            0 |            0 |            0 |
|               CAS_COUNT_RD               | MBOX2C0 |   1931586000 |            0 |            0 |            0 |            0 |            0 |            0 |            0 |            0 |            0 |            0 |            0 |            0 |            0 |    716223700 |            0 |            0 |            0 |            0 |
|               CAS_COUNT_WR               | MBOX2C1 |    477356800 |            0 |            0 |            0 |            0 |            0 |            0 |            0 |            0 |            0 |            0 |            0 |            0 |            0 |    182852000 |            0 |            0 |            0 |            0 |
|               CAS_COUNT_RD               | MBOX3C0 |   1928731000 |            0 |            0 |            0 |            0 |            0 |            0 |            0 |            0 |            0 |            0 |            0 |            0 |            0 |    712553700 |            0 |            0 |            0 |            0 |
|               CAS_COUNT_WR               | MBOX3C1 |    475330500 |            0 |            0 |            0 |            0 |            0 |            0 |            0 |            0 |            0 |            0 |            0 |            0 |            0 |    181682600 |            0 |            0 |            0 |            0 |
|               CAS_COUNT_RD               | MBOX4C0 |   1927863000 |            0 |            0 |            0 |            0 |            0 |            0 |            0 |            0 |            0 |            0 |            0 |            0 |            0 |    712557200 |            0 |            0 |            0 |            0 |
|               CAS_COUNT_WR               | MBOX4C1 |    473998300 |            0 |            0 |            0 |            0 |            0 |            0 |            0 |            0 |            0 |            0 |            0 |            0 |            0 |    181694100 |            0 |            0 |            0 |            0 |
|               CAS_COUNT_RD               | MBOX5C0 |   1928009000 |            0 |            0 |            0 |            0 |            0 |            0 |            0 |            0 |            0 |            0 |            0 |            0 |            0 |    712630900 |            0 |            0 |            0 |            0 |
|               CAS_COUNT_WR               | MBOX5C1 |    473896800 |            0 |            0 |            0 |            0 |            0 |            0 |            0 |            0 |            0 |            0 |            0 |            0 |            0 |    181812800 |            0 |            0 |            0 |            0 |
+------------------------------------------+---------+--------------+--------------+--------------+--------------+--------------+--------------+--------------+--------------+--------------+--------------+--------------+--------------+--------------+--------------+--------------+--------------+--------------+--------------+--------------+
+-----------------------------------------------+---------+---------------+--------------+--------------+--------------+
|                     Event                     | Counter |      Sum      |      Min     |      Max     |      Avg     |
+-----------------------------------------------+---------+---------------+--------------+--------------+--------------+
|             INSTR_RETIRED_ANY STAT            |  FIXC0  | 3542493800000 | 184046300000 | 194919500000 | 1.864470e+11 |
|           CPU_CLK_UNHALTED_CORE STAT          |  FIXC1  | 1803371820000 |  86353710000 |  96295160000 | 9.491431e+10 |
|           CPU_CLK_UNHALTED_REF STAT           |  FIXC2  | 2467968500000 | 118172500000 | 131773100000 | 1.298931e+11 |
|              PWR_PKG_ENERGY STAT              |   PWR0  |     5549.7530 |            0 |    3320.7540 |     292.0923 |
|              PWR_DRAM_ENERGY STAT             |   PWR3  |      969.3696 |            0 |     585.1873 |      51.0195 |
| FP_ARITH_INST_RETIRED_128B_PACKED_DOUBLE STAT |   PMC0  |        714138 |            0 |       714138 |   37586.2105 |
|    FP_ARITH_INST_RETIRED_SCALAR_DOUBLE STAT   |   PMC1  |  954016340000 |  49045320000 |  51665910000 | 5.021139e+10 |
| FP_ARITH_INST_RETIRED_256B_PACKED_DOUBLE STAT |   PMC2  |       1138324 |            0 |      1138324 |   59911.7895 |
| FP_ARITH_INST_RETIRED_512B_PACKED_DOUBLE STAT |   PMC3  |      10452010 |            0 |     10452010 |  550105.7895 |
|               CAS_COUNT_RD STAT               | MBOX0C0 |    2648022000 |            0 |   1931780000 | 1.393696e+08 |
|               CAS_COUNT_WR STAT               | MBOX0C1 |     659970300 |            0 |    477142800 | 3.473528e+07 |
|               CAS_COUNT_RD STAT               | MBOX1C0 |    2648277700 |            0 |   1932057000 | 1.393830e+08 |
|               CAS_COUNT_WR STAT               | MBOX1C1 |     660216300 |            0 |    477253700 | 3.474823e+07 |
|               CAS_COUNT_RD STAT               | MBOX2C0 |    2647809700 |            0 |   1931586000 | 1.393584e+08 |
|               CAS_COUNT_WR STAT               | MBOX2C1 |     660208800 |            0 |    477356800 | 3.474783e+07 |
|               CAS_COUNT_RD STAT               | MBOX3C0 |    2641284700 |            0 |   1928731000 | 1.390150e+08 |
|               CAS_COUNT_WR STAT               | MBOX3C1 |     657013100 |            0 |    475330500 | 3.457964e+07 |
|               CAS_COUNT_RD STAT               | MBOX4C0 |    2640420200 |            0 |   1927863000 | 1.389695e+08 |
|               CAS_COUNT_WR STAT               | MBOX4C1 |     655692400 |            0 |    473998300 | 3.451013e+07 |
|               CAS_COUNT_RD STAT               | MBOX5C0 |    2640639900 |            0 |   1928009000 | 1.389810e+08 |
|               CAS_COUNT_WR STAT               | MBOX5C1 |     655709600 |            0 |    473896800 | 3.451103e+07 |
+-----------------------------------------------+---------+---------------+--------------+--------------+--------------+
+-----------------------------------+------------+-----------+-----------+-----------+-----------+-----------+-----------+-----------+-----------+-----------+-----------+-----------+-----------+-----------+-----------+-----------+-----------+-----------+-----------+
|               Metric              |   Core 0   |   Core 1  |   Core 2  |   Core 3  |   Core 4  |   Core 5  |   Core 6  |   Core 7  |   Core 8  |   Core 9  |  Core 10  |  Core 11  |  Core 12  |  Core 13  |  Core 14  |  Core 15  |  Core 16  |  Core 17  |  Core 18  |
+-----------------------------------+------------+-----------+-----------+-----------+-----------+-----------+-----------+-----------+-----------+-----------+-----------+-----------+-----------+-----------+-----------+-----------+-----------+-----------+-----------+
|        Runtime (RDTSC) [s]        |    53.5088 |   53.5099 |   53.5099 |   53.5099 |   53.5099 |   53.5099 |   53.5099 |   53.5098 |   53.5099 |   53.5098 |   53.5099 |   53.5099 |   53.5099 |   53.5099 |   53.5088 |   53.5098 |   53.5098 |   53.5099 |   53.5098 |
|        Runtime unhalted [s]       |    33.2928 |   36.1497 |   36.5887 |   36.9536 |   37.0731 |   37.1072 |   37.1246 |   37.1256 |   37.1063 |   37.0058 |   37.1106 |   37.1212 |   37.0847 |   37.0697 |   36.6173 |   36.1666 |   36.1567 |   36.1635 |   36.2534 |
|            Clock [MHz]            |  1895.3770 | 1895.4358 | 1895.4360 | 1895.4338 | 1895.4355 | 1895.4345 | 1895.4377 | 1895.4343 | 1895.4356 | 1895.4341 | 1895.4340 | 1895.4355 | 1895.4324 | 1895.4344 | 1894.9113 | 1894.9066 | 1894.9017 | 1894.9050 | 1894.9127 |
|                CPI                |     0.4430 |    0.4984 |    0.5028 |    0.5114 |    0.5158 |    0.5208 |    0.5191 |    0.5184 |    0.5202 |    0.5215 |    0.5212 |    0.5200 |    0.5198 |    0.5219 |    0.5115 |    0.5028 |    0.4997 |    0.5016 |    0.5063 |
|             Energy [J]            |  3320.7540 |         0 |         0 |         0 |         0 |         0 |         0 |         0 |         0 |         0 |         0 |         0 |         0 |         0 | 2228.9990 |         0 |         0 |         0 |         0 |
|             Power [W]             |    62.0599 |         0 |         0 |         0 |         0 |         0 |         0 |         0 |         0 |         0 |         0 |         0 |         0 |         0 |   41.6567 |         0 |         0 |         0 |         0 |
|          Energy DRAM [J]          |   585.1873 |         0 |         0 |         0 |         0 |         0 |         0 |         0 |         0 |         0 |         0 |         0 |         0 |         0 |  384.1823 |         0 |         0 |         0 |         0 |
|           Power DRAM [W]          |    10.9363 |         0 |         0 |         0 |         0 |         0 |         0 |         0 |         0 |         0 |         0 |         0 |         0 |         0 |    7.1798 |         0 |         0 |         0 |         0 |
|            DP [MFLOP/s]           |   938.4129 |  955.3793 |  965.5400 |  949.0789 |  941.2542 |  933.5831 |  937.0381 |  931.4840 |  920.1652 |  916.5664 |  918.2687 |  928.8907 |  934.3887 |  930.6416 |  937.2892 |  945.4113 |  960.9377 |  950.9113 |  935.2687 |
|          AVX DP [MFLOP/s]         |     1.6478 |         0 |         0 |         0 |         0 |         0 |         0 |         0 |         0 |         0 |         0 |         0 |         0 |         0 |         0 |         0 |         0 |         0 |         0 |
|          Packed [MUOPS/s]         |     0.2300 |         0 |         0 |         0 |         0 |         0 |         0 |         0 |         0 |         0 |         0 |         0 |         0 |         0 |         0 |         0 |         0 |         0 |         0 |
|          Scalar [MUOPS/s]         |   936.7385 |  955.3793 |  965.5400 |  949.0789 |  941.2542 |  933.5831 |  937.0381 |  931.4840 |  920.1652 |  916.5664 |  918.2687 |  928.8907 |  934.3887 |  930.6416 |  937.2892 |  945.4113 |  960.9377 |  950.9113 |  935.2687 |
|  Memory read bandwidth [MBytes/s] | 13850.4580 |         0 |         0 |         0 |         0 |         0 |         0 |         0 |         0 |         0 |         0 |         0 |         0 |         0 | 5126.8475 |         0 |         0 |         0 |         0 |
|  Memory read data volume [GBytes] |   741.1217 |         0 |         0 |         0 |         0 |         0 |         0 |         0 |         0 |         0 |         0 |         0 |         0 |         0 |  274.3314 |         0 |         0 |         0 |         0 |
| Memory write bandwidth [MBytes/s] |  3414.7389 |         0 |         0 |         0 |         0 |         0 |         0 |         0 |         0 |         0 |         0 |         0 |         0 |         0 | 1308.2939 |         0 |         0 |         0 |         0 |
| Memory write data volume [GBytes] |   182.7186 |         0 |         0 |         0 |         0 |         0 |         0 |         0 |         0 |         0 |         0 |         0 |         0 |         0 |   70.0052 |         0 |         0 |         0 |         0 |
|    Memory bandwidth [MBytes/s]    | 17265.1969 |         0 |         0 |         0 |         0 |         0 |         0 |         0 |         0 |         0 |         0 |         0 |         0 |         0 | 6435.1414 |         0 |         0 |         0 |         0 |
|    Memory data volume [GBytes]    |   923.8403 |         0 |         0 |         0 |         0 |         0 |         0 |         0 |         0 |         0 |         0 |         0 |         0 |         0 |  344.3366 |         0 |         0 |         0 |         0 |
|       Operational intensity       |     0.0544 |    0.0553 |    0.0559 |    0.0550 |    0.0545 |    0.0541 |    0.0543 |    0.0540 |    0.0533 |    0.0531 |    0.0532 |    0.0538 |    0.0541 |    0.0539 |    0.1457 |    0.1469 |    0.1493 |    0.1478 |    0.1453 |
+-----------------------------------+------------+-----------+-----------+-----------+-----------+-----------+-----------+-----------+-----------+-----------+-----------+-----------+-----------+-----------+-----------+-----------+-----------+-----------+-----------+
+----------------------------------------+------------+-----------+------------+-----------+
|                 Metric                 |     Sum    |    Min    |     Max    |    Avg    |
+----------------------------------------+------------+-----------+------------+-----------+
|        Runtime (RDTSC) [s] STAT        |  1016.6854 |   53.5088 |    53.5099 |   53.5098 |
|        Runtime unhalted [s] STAT       |   695.2711 |   33.2928 |    37.1256 |   36.5932 |
|            Clock [MHz] STAT            | 36010.5679 | 1894.9017 |  1895.4377 | 1895.2930 |
|                CPI STAT                |     9.6762 |    0.4430 |     0.5219 |    0.5093 |
|             Energy [J] STAT            |  5549.7530 |         0 |  3320.7540 |  292.0923 |
|             Power [W] STAT             |   103.7166 |         0 |    62.0599 |    5.4588 |
|          Energy DRAM [J] STAT          |   969.3696 |         0 |   585.1873 |   51.0195 |
|           Power DRAM [W] STAT          |    18.1161 |         0 |    10.9363 |    0.9535 |
|            DP [MFLOP/s] STAT           | 17830.5100 |  916.5664 |   965.5400 |  938.4479 |
|          AVX DP [MFLOP/s] STAT         |     1.6478 |         0 |     1.6478 |    0.0867 |
|          Packed [MUOPS/s] STAT         |     0.2300 |         0 |     0.2300 |    0.0121 |
|          Scalar [MUOPS/s] STAT         | 17828.8356 |  916.5664 |   965.5400 |  938.3598 |
|  Memory read bandwidth [MBytes/s] STAT | 18977.3055 |         0 | 13850.4580 |  998.8056 |
|  Memory read data volume [GBytes] STAT |  1015.4531 |         0 |   741.1217 |   53.4449 |
| Memory write bandwidth [MBytes/s] STAT |  4723.0328 |         0 |  3414.7389 |  248.5807 |
| Memory write data volume [GBytes] STAT |   252.7238 |         0 |   182.7186 |   13.3013 |
|    Memory bandwidth [MBytes/s] STAT    | 23700.3383 |         0 | 17265.1969 | 1247.3862 |
|    Memory data volume [GBytes] STAT    |  1268.1769 |         0 |   923.8403 |   66.7462 |
|       Operational intensity STAT       |     1.4939 |    0.0531 |     0.1493 |    0.0786 |
+----------------------------------------+------------+-----------+------------+-----------+
