--------------------------------------------------------------------------------
CPU name:	Intel(R) Xeon(R) Gold 6132 CPU @ 2.60GHz
CPU type:	Intel Skylake SP processor
CPU clock:	2.59 GHz
--------------------------------------------------------------------------------
Region Setup, Group 1: MEM_DP
+-------------------+----------+----------+----------+----------+----------+----------+----------+----------+----------+----------+----------+----------+----------+----------+----------+----------+----------+----------+----------+----------+----------+----------+----------+
|    Region Info    |  Core 0  |  Core 1  |  Core 2  |  Core 3  |  Core 4  |  Core 5  |  Core 6  |  Core 7  |  Core 8  |  Core 9  |  Core 10 |  Core 11 |  Core 12 |  Core 13 |  Core 14 |  Core 15 |  Core 16 |  Core 17 |  Core 18 |  Core 19 |  Core 20 |  Core 21 |  Core 22 |
+-------------------+----------+----------+----------+----------+----------+----------+----------+----------+----------+----------+----------+----------+----------+----------+----------+----------+----------+----------+----------+----------+----------+----------+----------+
| RDTSC Runtime [s] | 5.871441 | 5.871571 | 5.873181 | 5.873188 | 5.873127 | 5.873127 | 5.873194 | 5.873120 | 5.873128 | 5.873132 | 5.873121 | 5.873110 | 5.873119 | 5.873118 | 5.871340 | 5.873165 | 5.873163 | 5.873137 | 5.873134 | 5.873178 | 5.873152 | 5.873192 | 5.873125 |
|     call count    |        2 |        2 |        2 |        2 |        2 |        2 |        2 |        2 |        2 |        2 |        2 |        2 |        2 |        2 |        2 |        2 |        2 |        2 |        2 |        2 |        2 |        2 |        2 |
+-------------------+----------+----------+----------+----------+----------+----------+----------+----------+----------+----------+----------+----------+----------+----------+----------+----------+----------+----------+----------+----------+----------+----------+----------+
+------------------------------------------+---------+------------+------------+------------+------------+------------+------------+------------+------------+------------+------------+------------+------------+------------+------------+------------+------------+------------+------------+------------+------------+------------+------------+------------+
|                   Event                  | Counter |   Core 0   |   Core 1   |   Core 2   |   Core 3   |   Core 4   |   Core 5   |   Core 6   |   Core 7   |   Core 8   |   Core 9   |   Core 10  |   Core 11  |   Core 12  |   Core 13  |   Core 14  |   Core 15  |   Core 16  |   Core 17  |   Core 18  |   Core 19  |   Core 20  |   Core 21  |   Core 22  |
+------------------------------------------+---------+------------+------------+------------+------------+------------+------------+------------+------------+------------+------------+------------+------------+------------+------------+------------+------------+------------+------------+------------+------------+------------+------------+------------+
|             INSTR_RETIRED_ANY            |  FIXC0  | 4387543000 | 1501413000 | 1501274000 | 1500114000 | 1497754000 | 1497300000 | 1496841000 | 1497063000 | 1496909000 | 1496533000 | 1493676000 | 1493710000 | 1493096000 | 1493216000 | 1482192000 | 1481799000 | 1478008000 | 1477485000 | 1476793000 | 1476585000 | 1477585000 | 1477524000 | 1472361000 |
|           CPU_CLK_UNHALTED_CORE          |  FIXC1  | 3003743000 | 1542718000 | 1570856000 | 1548117000 | 1568310000 | 1562786000 | 1554029000 | 1555575000 | 1548983000 | 1549515000 | 1561550000 | 1554035000 | 1552691000 | 1548788000 | 1366717000 | 1350214000 | 1349078000 | 1351536000 | 1346218000 | 1334624000 | 1364278000 | 1352718000 | 1262779000 |
|           CPU_CLK_UNHALTED_REF           |  FIXC2  | 4109309000 | 2112296000 | 2150858000 | 2119638000 | 2147273000 | 2139791000 | 2127829000 | 2129865000 | 2120756000 | 2121534000 | 2138038000 | 2127764000 | 2125952000 | 2120568000 | 1871682000 | 1849128000 | 1847516000 | 1850851000 | 1843631000 | 1827774000 | 1868310000 | 1852511000 | 1729446000 |
|              PWR_PKG_ENERGY              |   PWR0  |   215.9163 |          0 |          0 |          0 |          0 |          0 |          0 |          0 |          0 |          0 |          0 |          0 |          0 |          0 |   202.8140 |          0 |          0 |          0 |          0 |          0 |          0 |          0 |          0 |
|              PWR_DRAM_ENERGY             |   PWR3  |    32.0396 |          0 |          0 |          0 |          0 |          0 |          0 |          0 |          0 |          0 |          0 |          0 |          0 |          0 |    22.8546 |          0 |          0 |          0 |          0 |          0 |          0 |          0 |          0 |
| FP_ARITH_INST_RETIRED_128B_PACKED_DOUBLE |   PMC0  |     761098 |          0 |          0 |          0 |          0 |          0 |          0 |          0 |          0 |          0 |          0 |          0 |          0 |          0 |          0 |          0 |          0 |          0 |          0 |          0 |          0 |          0 |          0 |
|    FP_ARITH_INST_RETIRED_SCALAR_DOUBLE   |   PMC1  |  517825000 |  375098500 |  374950100 |  374979200 |  374047600 |  374017100 |  374009300 |  374010000 |  374010800 |  373956700 |  373013400 |  373110000 |  372994700 |  373085600 |  372987900 |  373087800 |  372980500 |  372938700 |  372841900 |  372940200 |  372841900 |  372940200 |  372840900 |
| FP_ARITH_INST_RETIRED_256B_PACKED_DOUBLE |   PMC2  |     402100 |          0 |          0 |          0 |          0 |          0 |          0 |          0 |          0 |          0 |          0 |          0 |          0 |          0 |          0 |          0 |          0 |          0 |          0 |          0 |          0 |          0 |          0 |
| FP_ARITH_INST_RETIRED_512B_PACKED_DOUBLE |   PMC3  |    8148557 |          0 |          0 |          0 |          0 |          0 |          0 |          0 |          0 |          0 |          0 |          0 |          0 |          0 |          0 |          0 |          0 |          0 |          0 |          0 |          0 |          0 |          0 |
|               CAS_COUNT_RD               | MBOX0C0 |   19793540 |          0 |          0 |          0 |          0 |          0 |          0 |          0 |          0 |          0 |          0 |          0 |          0 |          0 |    3710861 |          0 |          0 |          0 |          0 |          0 |          0 |          0 |          0 |
|               CAS_COUNT_WR               | MBOX0C1 |   26791430 |          0 |          0 |          0 |          0 |          0 |          0 |          0 |          0 |          0 |          0 |          0 |          0 |          0 |    4908999 |          0 |          0 |          0 |          0 |          0 |          0 |          0 |          0 |
|               CAS_COUNT_RD               | MBOX1C0 |   18904370 |          0 |          0 |          0 |          0 |          0 |          0 |          0 |          0 |          0 |          0 |          0 |          0 |          0 |    3679473 |          0 |          0 |          0 |          0 |          0 |          0 |          0 |          0 |
|               CAS_COUNT_WR               | MBOX1C1 |   25478700 |          0 |          0 |          0 |          0 |          0 |          0 |          0 |          0 |          0 |          0 |          0 |          0 |          0 |    4867496 |          0 |          0 |          0 |          0 |          0 |          0 |          0 |          0 |
|               CAS_COUNT_RD               | MBOX2C0 |   18549520 |          0 |          0 |          0 |          0 |          0 |          0 |          0 |          0 |          0 |          0 |          0 |          0 |          0 |    3671901 |          0 |          0 |          0 |          0 |          0 |          0 |          0 |          0 |
|               CAS_COUNT_WR               | MBOX2C1 |   25100720 |          0 |          0 |          0 |          0 |          0 |          0 |          0 |          0 |          0 |          0 |          0 |          0 |          0 |    4860035 |          0 |          0 |          0 |          0 |          0 |          0 |          0 |          0 |
|               CAS_COUNT_RD               | MBOX3C0 |   17176780 |          0 |          0 |          0 |          0 |          0 |          0 |          0 |          0 |          0 |          0 |          0 |          0 |          0 |    3262818 |          0 |          0 |          0 |          0 |          0 |          0 |          0 |          0 |
|               CAS_COUNT_WR               | MBOX3C1 |   24305650 |          0 |          0 |          0 |          0 |          0 |          0 |          0 |          0 |          0 |          0 |          0 |          0 |          0 |    4722758 |          0 |          0 |          0 |          0 |          0 |          0 |          0 |          0 |
|               CAS_COUNT_RD               | MBOX4C0 |   18447690 |          0 |          0 |          0 |          0 |          0 |          0 |          0 |          0 |          0 |          0 |          0 |          0 |          0 |    3251401 |          0 |          0 |          0 |          0 |          0 |          0 |          0 |          0 |
|               CAS_COUNT_WR               | MBOX4C1 |   26230310 |          0 |          0 |          0 |          0 |          0 |          0 |          0 |          0 |          0 |          0 |          0 |          0 |          0 |    4711877 |          0 |          0 |          0 |          0 |          0 |          0 |          0 |          0 |
|               CAS_COUNT_RD               | MBOX5C0 |   17296120 |          0 |          0 |          0 |          0 |          0 |          0 |          0 |          0 |          0 |          0 |          0 |          0 |          0 |    3224422 |          0 |          0 |          0 |          0 |          0 |          0 |          0 |          0 |
|               CAS_COUNT_WR               | MBOX5C1 |   24586150 |          0 |          0 |          0 |          0 |          0 |          0 |          0 |          0 |          0 |          0 |          0 |          0 |          0 |    4681117 |          0 |          0 |          0 |          0 |          0 |          0 |          0 |          0 |
+------------------------------------------+---------+------------+------------+------------+------------+------------+------------+------------+------------+------------+------------+------------+------------+------------+------------+------------+------------+------------+------------+------------+------------+------------+------------+------------+
+-----------------------------------------------+---------+-------------+------------+------------+--------------+
|                     Event                     | Counter |     Sum     |     Min    |     Max    |      Avg     |
+-----------------------------------------------+---------+-------------+------------+------------+--------------+
|             INSTR_RETIRED_ANY STAT            |  FIXC0  | 37146774000 | 1472361000 | 4387543000 | 1.615077e+09 |
|           CPU_CLK_UNHALTED_CORE STAT          |  FIXC1  | 35299858000 | 1262779000 | 3003743000 | 1.534776e+09 |
|           CPU_CLK_UNHALTED_REF STAT           |  FIXC2  | 48332320000 | 1729446000 | 4109309000 | 2.101405e+09 |
|              PWR_PKG_ENERGY STAT              |   PWR0  |    418.7303 |          0 |   215.9163 |      18.2057 |
|              PWR_DRAM_ENERGY STAT             |   PWR3  |     54.8942 |          0 |    32.0396 |       2.3867 |
| FP_ARITH_INST_RETIRED_128B_PACKED_DOUBLE STAT |   PMC0  |      761098 |          0 |     761098 |   33091.2174 |
|    FP_ARITH_INST_RETIRED_SCALAR_DOUBLE STAT   |   PMC1  |  8735508000 |  372840900 |  517825000 | 3.798047e+08 |
| FP_ARITH_INST_RETIRED_256B_PACKED_DOUBLE STAT |   PMC2  |      402100 |          0 |     402100 |   17482.6087 |
| FP_ARITH_INST_RETIRED_512B_PACKED_DOUBLE STAT |   PMC3  |     8148557 |          0 |    8148557 |  354285.0870 |
|               CAS_COUNT_RD STAT               | MBOX0C0 |    23504401 |          0 |   19793540 | 1.021930e+06 |
|               CAS_COUNT_WR STAT               | MBOX0C1 |    31700429 |          0 |   26791430 | 1.378280e+06 |
|               CAS_COUNT_RD STAT               | MBOX1C0 |    22583843 |          0 |   18904370 |  981906.2174 |
|               CAS_COUNT_WR STAT               | MBOX1C1 |    30346196 |          0 |   25478700 | 1.319400e+06 |
|               CAS_COUNT_RD STAT               | MBOX2C0 |    22221421 |          0 |   18549520 |  966148.7391 |
|               CAS_COUNT_WR STAT               | MBOX2C1 |    29960755 |          0 |   25100720 | 1.302642e+06 |
|               CAS_COUNT_RD STAT               | MBOX3C0 |    20439598 |          0 |   17176780 |  888678.1739 |
|               CAS_COUNT_WR STAT               | MBOX3C1 |    29028408 |          0 |   24305650 | 1.262105e+06 |
|               CAS_COUNT_RD STAT               | MBOX4C0 |    21699091 |          0 |   18447690 |  943438.7391 |
|               CAS_COUNT_WR STAT               | MBOX4C1 |    30942187 |          0 |   26230310 | 1.345312e+06 |
|               CAS_COUNT_RD STAT               | MBOX5C0 |    20520542 |          0 |   17296120 |  892197.4783 |
|               CAS_COUNT_WR STAT               | MBOX5C1 |    29267267 |          0 |   24586150 | 1.272490e+06 |
+-----------------------------------------------+---------+-------------+------------+------------+--------------+
+-----------------------------------+-----------+-----------+-----------+-----------+-----------+-----------+-----------+-----------+-----------+-----------+-----------+-----------+-----------+-----------+-----------+-----------+-----------+-----------+-----------+-----------+-----------+-----------+-----------+
|               Metric              |   Core 0  |   Core 1  |   Core 2  |   Core 3  |   Core 4  |   Core 5  |   Core 6  |   Core 7  |   Core 8  |   Core 9  |  Core 10  |  Core 11  |  Core 12  |  Core 13  |  Core 14  |  Core 15  |  Core 16  |  Core 17  |  Core 18  |  Core 19  |  Core 20  |  Core 21  |  Core 22  |
+-----------------------------------+-----------+-----------+-----------+-----------+-----------+-----------+-----------+-----------+-----------+-----------+-----------+-----------+-----------+-----------+-----------+-----------+-----------+-----------+-----------+-----------+-----------+-----------+-----------+
|        Runtime (RDTSC) [s]        |    5.8714 |    5.8716 |    5.8732 |    5.8732 |    5.8731 |    5.8731 |    5.8732 |    5.8731 |    5.8731 |    5.8731 |    5.8731 |    5.8731 |    5.8731 |    5.8731 |    5.8713 |    5.8732 |    5.8732 |    5.8731 |    5.8731 |    5.8732 |    5.8732 |    5.8732 |    5.8731 |
|        Runtime unhalted [s]       |    1.1581 |    0.5948 |    0.6056 |    0.5969 |    0.6046 |    0.6025 |    0.5991 |    0.5997 |    0.5972 |    0.5974 |    0.6020 |    0.5991 |    0.5986 |    0.5971 |    0.5269 |    0.5206 |    0.5201 |    0.5211 |    0.5190 |    0.5146 |    0.5260 |    0.5215 |    0.4869 |
|            Clock [MHz]            | 1895.9421 | 1894.3616 | 1894.3305 | 1894.4066 | 1894.4178 | 1894.3458 | 1894.3207 | 1894.3926 | 1894.4670 | 1894.4227 | 1894.3996 | 1894.3859 | 1894.3608 | 1894.3965 | 1893.9898 | 1893.9423 | 1893.9999 | 1894.0318 | 1893.9674 | 1893.9458 | 1894.0221 | 1893.9896 | 1893.8756 |
|                CPI                |    0.6846 |    1.0275 |    1.0463 |    1.0320 |    1.0471 |    1.0437 |    1.0382 |    1.0391 |    1.0348 |    1.0354 |    1.0454 |    1.0404 |    1.0399 |    1.0372 |    0.9221 |    0.9112 |    0.9128 |    0.9148 |    0.9116 |    0.9039 |    0.9233 |    0.9155 |    0.8577 |
|             Energy [J]            |  215.9163 |         0 |         0 |         0 |         0 |         0 |         0 |         0 |         0 |         0 |         0 |         0 |         0 |         0 |  202.8140 |         0 |         0 |         0 |         0 |         0 |         0 |         0 |         0 |
|             Power [W]             |   36.7740 |         0 |         0 |         0 |         0 |         0 |         0 |         0 |         0 |         0 |         0 |         0 |         0 |         0 |   34.5431 |         0 |         0 |         0 |         0 |         0 |         0 |         0 |         0 |
|          Energy DRAM [J]          |   32.0396 |         0 |         0 |         0 |         0 |         0 |         0 |         0 |         0 |         0 |         0 |         0 |         0 |         0 |   22.8546 |         0 |         0 |         0 |         0 |         0 |         0 |         0 |         0 |
|           Power DRAM [W]          |    5.4569 |         0 |         0 |         0 |         0 |         0 |         0 |         0 |         0 |         0 |         0 |         0 |         0 |         0 |    3.8926 |         0 |         0 |         0 |         0 |         0 |         0 |         0 |         0 |
|            DP [MFLOP/s]           |   99.8297 |   63.8838 |   63.8411 |   63.8459 |   63.6880 |   63.6828 |   63.6807 |   63.6817 |   63.6817 |   63.6724 |   63.5120 |   63.5285 |   63.5088 |   63.5243 |   63.5269 |   63.5241 |   63.5059 |   63.4991 |   63.4826 |   63.4989 |   63.4824 |   63.4987 |   63.4825 |
|          AVX DP [MFLOP/s]         |   11.3766 |         0 |         0 |         0 |         0 |         0 |         0 |         0 |         0 |         0 |         0 |         0 |         0 |         0 |         0 |         0 |         0 |         0 |         0 |         0 |         0 |         0 |         0 |
|          Packed [MUOPS/s]         |    1.5859 |         0 |         0 |         0 |         0 |         0 |         0 |         0 |         0 |         0 |         0 |         0 |         0 |         0 |         0 |         0 |         0 |         0 |         0 |         0 |         0 |         0 |         0 |
|          Scalar [MUOPS/s]         |   88.1939 |   63.8838 |   63.8411 |   63.8459 |   63.6880 |   63.6828 |   63.6807 |   63.6817 |   63.6817 |   63.6724 |   63.5120 |   63.5285 |   63.5088 |   63.5243 |   63.5269 |   63.5241 |   63.5059 |   63.4991 |   63.4826 |   63.4989 |   63.4824 |   63.4987 |   63.4825 |
|  Memory read bandwidth [MBytes/s] | 1200.8557 |         0 |         0 |         0 |         0 |         0 |         0 |         0 |         0 |         0 |         0 |         0 |         0 |         0 |  226.7380 |         0 |         0 |         0 |         0 |         0 |         0 |         0 |         0 |
|  Memory read data volume [GBytes] |    7.0508 |         0 |         0 |         0 |         0 |         0 |         0 |         0 |         0 |         0 |         0 |         0 |         0 |         0 |    1.3313 |         0 |         0 |         0 |         0 |         0 |         0 |         0 |         0 |
| Memory write bandwidth [MBytes/s] | 1662.2068 |         0 |         0 |         0 |         0 |         0 |         0 |         0 |         0 |         0 |         0 |         0 |         0 |         0 |  313.4116 |         0 |         0 |         0 |         0 |         0 |         0 |         0 |         0 |
| Memory write data volume [GBytes] |    9.7595 |         0 |         0 |         0 |         0 |         0 |         0 |         0 |         0 |         0 |         0 |         0 |         0 |         0 |    1.8401 |         0 |         0 |         0 |         0 |         0 |         0 |         0 |         0 |
|    Memory bandwidth [MBytes/s]    | 2863.0625 |         0 |         0 |         0 |         0 |         0 |         0 |         0 |         0 |         0 |         0 |         0 |         0 |         0 |  540.1496 |         0 |         0 |         0 |         0 |         0 |         0 |         0 |         0 |
|    Memory data volume [GBytes]    |   16.8103 |         0 |         0 |         0 |         0 |         0 |         0 |         0 |         0 |         0 |         0 |         0 |         0 |         0 |    3.1714 |         0 |         0 |         0 |         0 |         0 |         0 |         0 |         0 |
|       Operational intensity       |    0.0349 |    0.0223 |    0.0223 |    0.0223 |    0.0223 |    0.0222 |    0.0222 |    0.0222 |    0.0222 |    0.0222 |    0.0222 |    0.0222 |    0.0222 |    0.0222 |    0.1176 |    0.1176 |    0.1176 |    0.1176 |    0.1176 |    0.1176 |    0.1176 |    0.1176 |    0.1176 |
+-----------------------------------+-----------+-----------+-----------+-----------+-----------+-----------+-----------+-----------+-----------+-----------+-----------+-----------+-----------+-----------+-----------+-----------+-----------+-----------+-----------+-----------+-----------+-----------+-----------+
+----------------------------------------+------------+-----------+-----------+-----------+
|                 Metric                 |     Sum    |    Min    |    Max    |    Avg    |
+----------------------------------------+------------+-----------+-----------+-----------+
|        Runtime (RDTSC) [s] STAT        |   135.0771 |    5.8713 |    5.8732 |    5.8729 |
|        Runtime unhalted [s] STAT       |    13.6094 |    0.4869 |    1.1581 |    0.5917 |
|            Clock [MHz] STAT            | 43568.7145 | 1893.8756 | 1895.9421 | 1894.2919 |
|                CPI STAT                |    22.3645 |    0.6846 |    1.0471 |    0.9724 |
|             Energy [J] STAT            |   418.7303 |         0 |  215.9163 |   18.2057 |
|             Power [W] STAT             |    71.3171 |         0 |   36.7740 |    3.1007 |
|          Energy DRAM [J] STAT          |    54.8942 |         0 |   32.0396 |    2.3867 |
|           Power DRAM [W] STAT          |     9.3495 |         0 |    5.4569 |    0.4065 |
|            DP [MFLOP/s] STAT           |  1499.0625 |   63.4824 |   99.8297 |   65.1766 |
|          AVX DP [MFLOP/s] STAT         |    11.3766 |         0 |   11.3766 |    0.4946 |
|          Packed [MUOPS/s] STAT         |     1.5859 |         0 |    1.5859 |    0.0690 |
|          Scalar [MUOPS/s] STAT         |  1487.4267 |   63.4824 |   88.1939 |   64.6707 |
|  Memory read bandwidth [MBytes/s] STAT |  1427.5937 |         0 | 1200.8557 |   62.0693 |
|  Memory read data volume [GBytes] STAT |     8.3821 |         0 |    7.0508 |    0.3644 |
| Memory write bandwidth [MBytes/s] STAT |  1975.6184 |         0 | 1662.2068 |   85.8965 |
| Memory write data volume [GBytes] STAT |    11.5996 |         0 |    9.7595 |    0.5043 |
|    Memory bandwidth [MBytes/s] STAT    |  3403.2121 |         0 | 2863.0625 |  147.9657 |
|    Memory data volume [GBytes] STAT    |    19.9817 |         0 |   16.8103 |    0.8688 |
|       Operational intensity STAT       |     1.3823 |    0.0222 |    0.1176 |    0.0601 |
+----------------------------------------+------------+-----------+-----------+-----------+
--------------------------------------------------------------------------------
CPU name:	Intel(R) Xeon(R) Gold 6132 CPU @ 2.60GHz
CPU type:	Intel Skylake SP processor
CPU clock:	2.59 GHz
--------------------------------------------------------------------------------
Region Solve, Group 1: MEM_DP
+-------------------+-----------+-----------+-----------+-----------+-----------+-----------+-----------+-----------+-----------+-----------+-----------+-----------+-----------+-----------+-----------+-----------+-----------+-----------+-----------+-----------+-----------+-----------+-----------+
|    Region Info    |   Core 0  |   Core 1  |   Core 2  |   Core 3  |   Core 4  |   Core 5  |   Core 6  |   Core 7  |   Core 8  |   Core 9  |  Core 10  |  Core 11  |  Core 12  |  Core 13  |  Core 14  |  Core 15  |  Core 16  |  Core 17  |  Core 18  |  Core 19  |  Core 20  |  Core 21  |  Core 22  |
+-------------------+-----------+-----------+-----------+-----------+-----------+-----------+-----------+-----------+-----------+-----------+-----------+-----------+-----------+-----------+-----------+-----------+-----------+-----------+-----------+-----------+-----------+-----------+-----------+
| RDTSC Runtime [s] | 45.396320 | 45.397360 | 45.397360 | 45.397360 | 45.397350 | 45.397350 | 45.397360 | 45.397350 | 45.397360 | 45.397360 | 45.397360 | 45.397360 | 45.397350 | 45.397360 | 45.396300 | 45.397350 | 45.397350 | 45.397350 | 45.397350 | 45.397350 | 45.397350 | 45.397340 | 45.397350 |
|     call count    |         1 |         1 |         1 |         1 |         1 |         1 |         1 |         1 |         1 |         1 |         1 |         1 |         1 |         1 |         1 |         1 |         1 |         1 |         1 |         1 |         1 |         1 |         1 |
+-------------------+-----------+-----------+-----------+-----------+-----------+-----------+-----------+-----------+-----------+-----------+-----------+-----------+-----------+-----------+-----------+-----------+-----------+-----------+-----------+-----------+-----------+-----------+-----------+
+------------------------------------------+---------+--------------+--------------+--------------+--------------+--------------+--------------+--------------+--------------+--------------+--------------+--------------+--------------+--------------+--------------+--------------+--------------+--------------+--------------+--------------+--------------+--------------+--------------+--------------+
|                   Event                  | Counter |    Core 0    |    Core 1    |    Core 2    |    Core 3    |    Core 4    |    Core 5    |    Core 6    |    Core 7    |    Core 8    |    Core 9    |    Core 10   |    Core 11   |    Core 12   |    Core 13   |    Core 14   |    Core 15   |    Core 16   |    Core 17   |    Core 18   |    Core 19   |    Core 20   |    Core 21   |    Core 22   |
+------------------------------------------+---------+--------------+--------------+--------------+--------------+--------------+--------------+--------------+--------------+--------------+--------------+--------------+--------------+--------------+--------------+--------------+--------------+--------------+--------------+--------------+--------------+--------------+--------------+--------------+
|             INSTR_RETIRED_ANY            |  FIXC0  | 162662200000 | 155353600000 | 155995200000 | 155817800000 | 154546600000 | 154287200000 | 152878400000 | 153220300000 | 153827300000 | 153320500000 | 152619500000 | 152041500000 | 152554100000 | 152892400000 | 153495200000 | 152843000000 | 152363000000 | 153492300000 | 153757600000 | 154809700000 | 155026500000 | 154226400000 | 153372200000 |
|           CPU_CLK_UNHALTED_CORE          |  FIXC1  |  71986110000 |  79326710000 |  79640210000 |  80631230000 |  80965330000 |  81162610000 |  81187470000 |  81203130000 |  81192330000 |  81182330000 |  81197440000 |  81188580000 |  81183190000 |  81202570000 |  80936400000 |  80973800000 |  80949800000 |  80133040000 |  79399450000 |  79435190000 |  79423450000 |  79404360000 |  79527630000 |
|           CPU_CLK_UNHALTED_REF           |  FIXC2  |  98508420000 | 108552700000 | 108981800000 | 110337900000 | 110795000000 | 111065000000 | 111099000000 | 111120500000 | 111105600000 | 111092000000 | 111112600000 | 111100700000 | 111093300000 | 111119700000 | 110775700000 | 110826900000 | 110794300000 | 109677800000 | 108673900000 | 108722200000 | 108706300000 | 108680200000 | 108848000000 |
|              PWR_PKG_ENERGY              |   PWR0  |    2898.1000 |            0 |            0 |            0 |            0 |            0 |            0 |            0 |            0 |            0 |            0 |            0 |            0 |            0 |    2469.4590 |            0 |            0 |            0 |            0 |            0 |            0 |            0 |            0 |
|              PWR_DRAM_ENERGY             |   PWR3  |     485.0066 |            0 |            0 |            0 |            0 |            0 |            0 |            0 |            0 |            0 |            0 |            0 |            0 |            0 |     398.9921 |            0 |            0 |            0 |            0 |            0 |            0 |            0 |            0 |
| FP_ARITH_INST_RETIRED_128B_PACKED_DOUBLE |   PMC0  |       714138 |            0 |            0 |            0 |            0 |            0 |            0 |            0 |            0 |            0 |            0 |            0 |            0 |            0 |            0 |            0 |            0 |            0 |            0 |            0 |            0 |            0 |            0 |
|    FP_ARITH_INST_RETIRED_SCALAR_DOUBLE   |   PMC1  |  41398700000 |  42008560000 |  42671900000 |  42492000000 |  41760440000 |  41662800000 |  41302990000 |  41390580000 |  41474940000 |  40931820000 |  40565680000 |  40480260000 |  40558250000 |  40831290000 |  41359190000 |  41252740000 |  41128520000 |  41427760000 |  41568060000 |  42248590000 |  42447460000 |  41766730000 |  41287100000 |
| FP_ARITH_INST_RETIRED_256B_PACKED_DOUBLE |   PMC2  |      1138324 |            0 |            0 |            0 |            0 |            0 |            0 |            0 |            0 |            0 |            0 |            0 |            0 |            0 |            0 |            0 |            0 |            0 |            0 |            0 |            0 |            0 |            0 |
| FP_ARITH_INST_RETIRED_512B_PACKED_DOUBLE |   PMC3  |     10452010 |            0 |            0 |            0 |            0 |            0 |            0 |            0 |            0 |            0 |            0 |            0 |            0 |            0 |            0 |            0 |            0 |            0 |            0 |            0 |            0 |            0 |            0 |
|               CAS_COUNT_RD               | MBOX0C0 |   1596846000 |            0 |            0 |            0 |            0 |            0 |            0 |            0 |            0 |            0 |            0 |            0 |            0 |            0 |   1052518000 |            0 |            0 |            0 |            0 |            0 |            0 |            0 |            0 |
|               CAS_COUNT_WR               | MBOX0C1 |    408746200 |            0 |            0 |            0 |            0 |            0 |            0 |            0 |            0 |            0 |            0 |            0 |            0 |            0 |    271213100 |            0 |            0 |            0 |            0 |            0 |            0 |            0 |            0 |
|               CAS_COUNT_RD               | MBOX1C0 |   1596138000 |            0 |            0 |            0 |            0 |            0 |            0 |            0 |            0 |            0 |            0 |            0 |            0 |            0 |   1052433000 |            0 |            0 |            0 |            0 |            0 |            0 |            0 |            0 |
|               CAS_COUNT_WR               | MBOX1C1 |    407369700 |            0 |            0 |            0 |            0 |            0 |            0 |            0 |            0 |            0 |            0 |            0 |            0 |            0 |    271034900 |            0 |            0 |            0 |            0 |            0 |            0 |            0 |            0 |
|               CAS_COUNT_RD               | MBOX2C0 |   1595757000 |            0 |            0 |            0 |            0 |            0 |            0 |            0 |            0 |            0 |            0 |            0 |            0 |            0 |   1052522000 |            0 |            0 |            0 |            0 |            0 |            0 |            0 |            0 |
|               CAS_COUNT_WR               | MBOX2C1 |    407191100 |            0 |            0 |            0 |            0 |            0 |            0 |            0 |            0 |            0 |            0 |            0 |            0 |            0 |    271244900 |            0 |            0 |            0 |            0 |            0 |            0 |            0 |            0 |
|               CAS_COUNT_RD               | MBOX3C0 |   1592585000 |            0 |            0 |            0 |            0 |            0 |            0 |            0 |            0 |            0 |            0 |            0 |            0 |            0 |   1048013000 |            0 |            0 |            0 |            0 |            0 |            0 |            0 |            0 |
|               CAS_COUNT_WR               | MBOX3C1 |    404283700 |            0 |            0 |            0 |            0 |            0 |            0 |            0 |            0 |            0 |            0 |            0 |            0 |            0 |    269760000 |            0 |            0 |            0 |            0 |            0 |            0 |            0 |            0 |
|               CAS_COUNT_RD               | MBOX4C0 |   1593481000 |            0 |            0 |            0 |            0 |            0 |            0 |            0 |            0 |            0 |            0 |            0 |            0 |            0 |   1047975000 |            0 |            0 |            0 |            0 |            0 |            0 |            0 |            0 |
|               CAS_COUNT_WR               | MBOX4C1 |    406239400 |            0 |            0 |            0 |            0 |            0 |            0 |            0 |            0 |            0 |            0 |            0 |            0 |            0 |    269771800 |            0 |            0 |            0 |            0 |            0 |            0 |            0 |            0 |
|               CAS_COUNT_RD               | MBOX5C0 |   1592808000 |            0 |            0 |            0 |            0 |            0 |            0 |            0 |            0 |            0 |            0 |            0 |            0 |            0 |   1048026000 |            0 |            0 |            0 |            0 |            0 |            0 |            0 |            0 |
|               CAS_COUNT_WR               | MBOX5C1 |    404699600 |            0 |            0 |            0 |            0 |            0 |            0 |            0 |            0 |            0 |            0 |            0 |            0 |            0 |    269644700 |            0 |            0 |            0 |            0 |            0 |            0 |            0 |            0 |
+------------------------------------------+---------+--------------+--------------+--------------+--------------+--------------+--------------+--------------+--------------+--------------+--------------+--------------+--------------+--------------+--------------+--------------+--------------+--------------+--------------+--------------+--------------+--------------+--------------+--------------+
+-----------------------------------------------+---------+---------------+--------------+--------------+--------------+
|                     Event                     | Counter |      Sum      |      Min     |      Max     |      Avg     |
+-----------------------------------------------+---------+---------------+--------------+--------------+--------------+
|             INSTR_RETIRED_ANY STAT            |  FIXC0  | 3545402500000 | 152041500000 | 162662200000 | 1.541479e+11 |
|           CPU_CLK_UNHALTED_CORE STAT          |  FIXC1  | 1843432360000 |  71986110000 |  81203130000 | 8.014923e+10 |
|           CPU_CLK_UNHALTED_REF STAT           |  FIXC2  | 2522789520000 |  98508420000 | 111120500000 | 1.096865e+11 |
|              PWR_PKG_ENERGY STAT              |   PWR0  |     5367.5590 |            0 |    2898.1000 |     233.3721 |
|              PWR_DRAM_ENERGY STAT             |   PWR3  |      883.9987 |            0 |     485.0066 |      38.4347 |
| FP_ARITH_INST_RETIRED_128B_PACKED_DOUBLE STAT |   PMC0  |        714138 |            0 |       714138 |   31049.4783 |
|    FP_ARITH_INST_RETIRED_SCALAR_DOUBLE STAT   |   PMC1  |  954016360000 |  40480260000 |  42671900000 | 4.147897e+10 |
| FP_ARITH_INST_RETIRED_256B_PACKED_DOUBLE STAT |   PMC2  |       1138324 |            0 |      1138324 |   49492.3478 |
| FP_ARITH_INST_RETIRED_512B_PACKED_DOUBLE STAT |   PMC3  |      10452010 |            0 |     10452010 |  454435.2174 |
|               CAS_COUNT_RD STAT               | MBOX0C0 |    2649364000 |            0 |   1596846000 | 1.151897e+08 |
|               CAS_COUNT_WR STAT               | MBOX0C1 |     679959300 |            0 |    408746200 | 2.956345e+07 |
|               CAS_COUNT_RD STAT               | MBOX1C0 |    2648571000 |            0 |   1596138000 | 1.151553e+08 |
|               CAS_COUNT_WR STAT               | MBOX1C1 |     678404600 |            0 |    407369700 | 2.949585e+07 |
|               CAS_COUNT_RD STAT               | MBOX2C0 |    2648279000 |            0 |   1595757000 | 1.151426e+08 |
|               CAS_COUNT_WR STAT               | MBOX2C1 |     678436000 |            0 |    407191100 | 2.949722e+07 |
|               CAS_COUNT_RD STAT               | MBOX3C0 |    2640598000 |            0 |   1592585000 | 1.148086e+08 |
|               CAS_COUNT_WR STAT               | MBOX3C1 |     674043700 |            0 |    404283700 | 2.930625e+07 |
|               CAS_COUNT_RD STAT               | MBOX4C0 |    2641456000 |            0 |   1593481000 | 1.148459e+08 |
|               CAS_COUNT_WR STAT               | MBOX4C1 |     676011200 |            0 |    406239400 | 2.939179e+07 |
|               CAS_COUNT_RD STAT               | MBOX5C0 |    2640834000 |            0 |   1592808000 | 1.148189e+08 |
|               CAS_COUNT_WR STAT               | MBOX5C1 |     674344300 |            0 |    404699600 | 2.931932e+07 |
+-----------------------------------------------+---------+---------------+--------------+--------------+--------------+
+-----------------------------------+------------+-----------+-----------+-----------+-----------+-----------+-----------+-----------+-----------+-----------+-----------+-----------+-----------+-----------+------------+-----------+-----------+-----------+-----------+-----------+-----------+-----------+-----------+
|               Metric              |   Core 0   |   Core 1  |   Core 2  |   Core 3  |   Core 4  |   Core 5  |   Core 6  |   Core 7  |   Core 8  |   Core 9  |  Core 10  |  Core 11  |  Core 12  |  Core 13  |   Core 14  |  Core 15  |  Core 16  |  Core 17  |  Core 18  |  Core 19  |  Core 20  |  Core 21  |  Core 22  |
+-----------------------------------+------------+-----------+-----------+-----------+-----------+-----------+-----------+-----------+-----------+-----------+-----------+-----------+-----------+-----------+------------+-----------+-----------+-----------+-----------+-----------+-----------+-----------+-----------+
|        Runtime (RDTSC) [s]        |    45.3963 |   45.3974 |   45.3974 |   45.3974 |   45.3974 |   45.3974 |   45.3974 |   45.3974 |   45.3974 |   45.3974 |   45.3974 |   45.3974 |   45.3974 |   45.3974 |    45.3963 |   45.3974 |   45.3974 |   45.3974 |   45.3974 |   45.3974 |   45.3974 |   45.3973 |   45.3974 |
|        Runtime unhalted [s]       |    27.7535 |   30.5836 |   30.7044 |   31.0865 |   31.2153 |   31.2914 |   31.3010 |   31.3070 |   31.3029 |   31.2990 |   31.3048 |   31.3014 |   31.2993 |   31.3068 |    31.2042 |   31.2186 |   31.2093 |   30.8945 |   30.6116 |   30.6254 |   30.6209 |   30.6135 |   30.6610 |
|            Clock [MHz]            |  1895.4244 | 1895.4395 | 1895.4378 | 1895.4384 | 1895.4400 | 1895.4394 | 1895.4397 | 1895.4385 | 1895.4405 | 1895.4391 | 1895.4404 | 1895.4366 | 1895.4370 | 1895.4390 |  1895.0928 | 1895.0926 | 1895.0884 | 1895.0645 | 1895.0617 | 1895.0724 | 1895.0695 | 1895.0690 | 1895.0850 |
|                CPI                |     0.4425 |    0.5106 |    0.5105 |    0.5175 |    0.5239 |    0.5260 |    0.5311 |    0.5300 |    0.5278 |    0.5295 |    0.5320 |    0.5340 |    0.5322 |    0.5311 |     0.5273 |    0.5298 |    0.5313 |    0.5221 |    0.5164 |    0.5131 |    0.5123 |    0.5149 |    0.5185 |
|             Energy [J]            |  2898.1000 |         0 |         0 |         0 |         0 |         0 |         0 |         0 |         0 |         0 |         0 |         0 |         0 |         0 |  2469.4590 |         0 |         0 |         0 |         0 |         0 |         0 |         0 |         0 |
|             Power [W]             |    63.8400 |         0 |         0 |         0 |         0 |         0 |         0 |         0 |         0 |         0 |         0 |         0 |         0 |         0 |    54.3978 |         0 |         0 |         0 |         0 |         0 |         0 |         0 |         0 |
|          Energy DRAM [J]          |   485.0066 |         0 |         0 |         0 |         0 |         0 |         0 |         0 |         0 |         0 |         0 |         0 |         0 |         0 |   398.9921 |         0 |         0 |         0 |         0 |         0 |         0 |         0 |         0 |
|           Power DRAM [W]          |    10.6838 |         0 |         0 |         0 |         0 |         0 |         0 |         0 |         0 |         0 |         0 |         0 |         0 |         0 |     8.7891 |         0 |         0 |         0 |         0 |         0 |         0 |         0 |         0 |
|            DP [MFLOP/s]           |   913.9132 |  925.3525 |  939.9644 |  936.0016 |  919.8872 |  917.7364 |  909.8104 |  911.7400 |  913.5981 |  901.6344 |  893.5691 |  891.6875 |  893.4057 |  899.4199 |   911.0696 |  908.7037 |  905.9674 |  912.5590 |  915.6495 |  930.6400 |  935.0207 |  920.0259 |  909.4606 |
|          AVX DP [MFLOP/s]         |     1.9422 |         0 |         0 |         0 |         0 |         0 |         0 |         0 |         0 |         0 |         0 |         0 |         0 |         0 |          0 |         0 |         0 |         0 |         0 |         0 |         0 |         0 |         0 |
|          Packed [MUOPS/s]         |     0.2710 |         0 |         0 |         0 |         0 |         0 |         0 |         0 |         0 |         0 |         0 |         0 |         0 |         0 |          0 |         0 |         0 |         0 |         0 |         0 |         0 |         0 |         0 |
|          Scalar [MUOPS/s]         |   911.9396 |  925.3525 |  939.9644 |  936.0016 |  919.8872 |  917.7364 |  909.8104 |  911.7400 |  913.5981 |  901.6344 |  893.5691 |  891.6875 |  893.4057 |  899.4199 |   911.0696 |  908.7037 |  905.9674 |  912.5590 |  915.6495 |  930.6400 |  935.0207 |  920.0259 |  909.4606 |
|  Memory read bandwidth [MBytes/s] | 13488.4801 |         0 |         0 |         0 |         0 |         0 |         0 |         0 |         0 |         0 |         0 |         0 |         0 |         0 |  8883.8775 |         0 |         0 |         0 |         0 |         0 |         0 |         0 |         0 |
|  Memory read data volume [GBytes] |   612.3274 |         0 |         0 |         0 |         0 |         0 |         0 |         0 |         0 |         0 |         0 |         0 |         0 |         0 |   403.2952 |         0 |         0 |         0 |         0 |         0 |         0 |         0 |         0 |
| Memory write bandwidth [MBytes/s] |  3437.8536 |         0 |         0 |         0 |         0 |         0 |         0 |         0 |         0 |         0 |         0 |         0 |         0 |         0 |  2287.6499 |         0 |         0 |         0 |         0 |         0 |         0 |         0 |         0 |
| Memory write data volume [GBytes] |   156.0659 |         0 |         0 |         0 |         0 |         0 |         0 |         0 |         0 |         0 |         0 |         0 |         0 |         0 |   103.8508 |         0 |         0 |         0 |         0 |         0 |         0 |         0 |         0 |
|    Memory bandwidth [MBytes/s]    | 16926.3337 |         0 |         0 |         0 |         0 |         0 |         0 |         0 |         0 |         0 |         0 |         0 |         0 |         0 | 11171.5274 |         0 |         0 |         0 |         0 |         0 |         0 |         0 |         0 |
|    Memory data volume [GBytes]    |   768.3933 |         0 |         0 |         0 |         0 |         0 |         0 |         0 |         0 |         0 |         0 |         0 |         0 |         0 |   507.1460 |         0 |         0 |         0 |         0 |         0 |         0 |         0 |         0 |
|       Operational intensity       |     0.0540 |    0.0547 |    0.0555 |    0.0553 |    0.0543 |    0.0542 |    0.0538 |    0.0539 |    0.0540 |    0.0533 |    0.0528 |    0.0527 |    0.0528 |    0.0531 |     0.0816 |    0.0813 |    0.0811 |    0.0817 |    0.0820 |    0.0833 |    0.0837 |    0.0824 |    0.0814 |
+-----------------------------------+------------+-----------+-----------+-----------+-----------+-----------+-----------+-----------+-----------+-----------+-----------+-----------+-----------+-----------+------------+-----------+-----------+-----------+-----------+-----------+-----------+-----------+-----------+
+----------------------------------------+------------+-----------+------------+-----------+
|                 Metric                 |     Sum    |    Min    |     Max    |    Avg    |
+----------------------------------------+------------+-----------+------------+-----------+
|        Runtime (RDTSC) [s] STAT        |  1044.1379 |   45.3963 |    45.3974 |   45.3973 |
|        Runtime unhalted [s] STAT       |   710.7159 |   27.7535 |    31.3070 |   30.9007 |
|            Clock [MHz] STAT            | 43591.8262 | 1895.0617 |  1895.4405 | 1895.2968 |
|                CPI STAT                |    11.9644 |    0.4425 |     0.5340 |    0.5202 |
|             Energy [J] STAT            |  5367.5590 |         0 |  2898.1000 |  233.3721 |
|             Power [W] STAT             |   118.2378 |         0 |    63.8400 |    5.1408 |
|          Energy DRAM [J] STAT          |   883.9987 |         0 |   485.0066 |   38.4347 |
|           Power DRAM [W] STAT          |    19.4729 |         0 |    10.6838 |    0.8466 |
|            DP [MFLOP/s] STAT           | 21016.8168 |  891.6875 |   939.9644 |  913.7746 |
|          AVX DP [MFLOP/s] STAT         |     1.9422 |         0 |     1.9422 |    0.0844 |
|          Packed [MUOPS/s] STAT         |     0.2710 |         0 |     0.2710 |    0.0118 |
|          Scalar [MUOPS/s] STAT         | 21014.8432 |  891.6875 |   939.9644 |  913.6888 |
|  Memory read bandwidth [MBytes/s] STAT | 22372.3576 |         0 | 13488.4801 |  972.7112 |
|  Memory read data volume [GBytes] STAT |  1015.6226 |         0 |   612.3274 |   44.1575 |
| Memory write bandwidth [MBytes/s] STAT |  5725.5035 |         0 |  3437.8536 |  248.9349 |
| Memory write data volume [GBytes] STAT |   259.9167 |         0 |   156.0659 |   11.3007 |
|    Memory bandwidth [MBytes/s] STAT    | 28097.8611 |         0 | 16926.3337 | 1221.6461 |
|    Memory data volume [GBytes] STAT    |  1275.5393 |         0 |   768.3933 |   55.4582 |
|       Operational intensity STAT       |     1.4929 |    0.0527 |     0.0837 |    0.0649 |
+----------------------------------------+------------+-----------+------------+-----------+
