--------------------------------------------------------------------------------
CPU name:	Intel(R) Xeon(R) Gold 6132 CPU @ 2.60GHz
CPU type:	Intel Skylake SP processor
CPU clock:	2.59 GHz
--------------------------------------------------------------------------------
Region Setup, Group 1: MEM_DP
+-------------------+----------+----------+----------+----------+----------+----------+----------+----------+----------+----------+----------+----------+----------+----------+
|    Region Info    |  Core 0  |  Core 1  |  Core 2  |  Core 3  |  Core 14 |  Core 15 |  Core 16 |  Core 17 |  Core 28 |  Core 29 |  Core 30 |  Core 42 |  Core 43 |  Core 44 |
+-------------------+----------+----------+----------+----------+----------+----------+----------+----------+----------+----------+----------+----------+----------+----------+
| RDTSC Runtime [s] | 6.795792 | 6.800534 | 6.800581 | 6.800573 | 6.795806 | 6.800535 | 6.800566 | 6.800566 | 6.795815 | 6.800492 | 6.800537 | 6.795803 | 6.800528 | 6.800498 |
|     call count    |        2 |        2 |        2 |        2 |        2 |        2 |        2 |        2 |        2 |        2 |        2 |        2 |        2 |        2 |
+-------------------+----------+----------+----------+----------+----------+----------+----------+----------+----------+----------+----------+----------+----------+----------+
+------------------------------------------+---------+------------+------------+------------+------------+------------+------------+------------+------------+------------+------------+------------+------------+------------+------------+
|                   Event                  | Counter |   Core 0   |   Core 1   |   Core 2   |   Core 3   |   Core 14  |   Core 15  |   Core 16  |   Core 17  |   Core 28  |   Core 29  |   Core 30  |   Core 42  |   Core 43  |   Core 44  |
+------------------------------------------+---------+------------+------------+------------+------------+------------+------------+------------+------------+------------+------------+------------+------------+------------+------------+
|             INSTR_RETIRED_ANY            |  FIXC0  | 5325808000 | 2440533000 | 2436587000 | 2436794000 | 2421837000 | 2422100000 | 2421247000 | 2420256000 | 2414835000 | 2414323000 | 2413677000 | 2416603000 | 2415919000 | 2407178000 |
|           CPU_CLK_UNHALTED_CORE          |  FIXC1  | 3567187000 | 2123108000 | 2134506000 | 2129184000 | 1909996000 | 1894486000 | 1885950000 | 1881392000 | 1891319000 | 1878331000 | 1879465000 | 1925269000 | 1917348000 | 1814244000 |
|           CPU_CLK_UNHALTED_REF           |  FIXC2  | 4884929000 | 2908099000 | 2923821000 | 2916444000 | 2614700000 | 2593589000 | 2581746000 | 2575508000 | 2591085000 | 2573318000 | 2574831000 | 2636713000 | 2625710000 | 2484783000 |
|              PWR_PKG_ENERGY              |   PWR0  |   237.8552 |          0 |          0 |          0 |   204.5562 |          0 |          0 |          0 |   215.7017 |          0 |          0 |   209.8393 |          0 |          0 |
|              PWR_DRAM_ENERGY             |   PWR3  |    36.7996 |          0 |          0 |          0 |    26.3077 |          0 |          0 |          0 |    20.4202 |          0 |          0 |    25.2497 |          0 |          0 |
| FP_ARITH_INST_RETIRED_128B_PACKED_DOUBLE |   PMC0  |     761098 |          0 |          0 |          0 |          0 |          0 |          0 |          0 |          0 |          0 |          0 |          0 |          0 |          0 |
|    FP_ARITH_INST_RETIRED_SCALAR_DOUBLE   |   PMC1  |  757496800 |  614849800 |  613803000 |  613945700 |  613752700 |  613909300 |  613757900 |  613754000 |  613488500 |  613643900 |  613491400 |  613580900 |  613428800 |  612604900 |
| FP_ARITH_INST_RETIRED_256B_PACKED_DOUBLE |   PMC2  |     402100 |          0 |          0 |          0 |          0 |          0 |          0 |          0 |          0 |          0 |          0 |          0 |          0 |          0 |
| FP_ARITH_INST_RETIRED_512B_PACKED_DOUBLE |   PMC3  |    8148557 |          0 |          0 |          0 |          0 |          0 |          0 |          0 |          0 |          0 |          0 |          0 |          0 |          0 |
|               CAS_COUNT_RD               | MBOX0C0 |   19067940 |          0 |          0 |          0 |    2534273 |          0 |          0 |          0 |    3012541 |          0 |          0 |    8750016 |          0 |          0 |
|               CAS_COUNT_WR               | MBOX0C1 |   25965200 |          0 |          0 |          0 |    3292255 |          0 |          0 |          0 |    3119372 |          0 |          0 |    8235426 |          0 |          0 |
|               CAS_COUNT_RD               | MBOX1C0 |   20346340 |          0 |          0 |          0 |    2560158 |          0 |          0 |          0 |    5346599 |          0 |          0 |    4428262 |          0 |          0 |
|               CAS_COUNT_WR               | MBOX1C1 |   25978780 |          0 |          0 |          0 |    3346983 |          0 |          0 |          0 |    6101031 |          0 |          0 |    4092158 |          0 |          0 |
|               CAS_COUNT_RD               | MBOX2C0 |   24545090 |          0 |          0 |          0 |    2634917 |          0 |          0 |          0 |    2024818 |          0 |          0 |    3791303 |          0 |          0 |
|               CAS_COUNT_WR               | MBOX2C1 |   26409500 |          0 |          0 |          0 |    3396381 |          0 |          0 |          0 |    2599434 |          0 |          0 |    3622072 |          0 |          0 |
|               CAS_COUNT_RD               | MBOX3C0 |   32838420 |          0 |          0 |          0 |    2282024 |          0 |          0 |          0 |    1782112 |          0 |          0 |    3657739 |          0 |          0 |
|               CAS_COUNT_WR               | MBOX3C1 |   27342260 |          0 |          0 |          0 |    3192454 |          0 |          0 |          0 |    2487723 |          0 |          0 |    3763508 |          0 |          0 |
|               CAS_COUNT_RD               | MBOX4C0 |   16697270 |          0 |          0 |          0 |    2288969 |          0 |          0 |          0 |    2708866 |          0 |          0 |    8929113 |          0 |          0 |
|               CAS_COUNT_WR               | MBOX4C1 |   24901970 |          0 |          0 |          0 |    3219418 |          0 |          0 |          0 |    2963160 |          0 |          0 |    8480965 |          0 |          0 |
|               CAS_COUNT_RD               | MBOX5C0 |   22213980 |          0 |          0 |          0 |    2293668 |          0 |          0 |          0 |    2788206 |          0 |          0 |    7996022 |          0 |          0 |
|               CAS_COUNT_WR               | MBOX5C1 |   25751510 |          0 |          0 |          0 |    3225565 |          0 |          0 |          0 |    3015884 |          0 |          0 |    7654963 |          0 |          0 |
+------------------------------------------+---------+------------+------------+------------+------------+------------+------------+------------+------------+------------+------------+------------+------------+------------+------------+
+-----------------------------------------------+---------+-------------+------------+------------+--------------+
|                     Event                     | Counter |     Sum     |     Min    |     Max    |      Avg     |
+-----------------------------------------------+---------+-------------+------------+------------+--------------+
|             INSTR_RETIRED_ANY STAT            |  FIXC0  | 36807697000 | 2407178000 | 5325808000 | 2.629121e+09 |
|           CPU_CLK_UNHALTED_CORE STAT          |  FIXC1  | 28831785000 | 1814244000 | 3567187000 | 2.059413e+09 |
|           CPU_CLK_UNHALTED_REF STAT           |  FIXC2  | 39485276000 | 2484783000 | 4884929000 | 2.820377e+09 |
|              PWR_PKG_ENERGY STAT              |   PWR0  |    867.9524 |          0 |   237.8552 |      61.9966 |
|              PWR_DRAM_ENERGY STAT             |   PWR3  |    108.7772 |          0 |    36.7996 |       7.7698 |
| FP_ARITH_INST_RETIRED_128B_PACKED_DOUBLE STAT |   PMC0  |      761098 |          0 |     761098 |   54364.1429 |
|    FP_ARITH_INST_RETIRED_SCALAR_DOUBLE STAT   |   PMC1  |  8735507600 |  612604900 |  757496800 | 6.239648e+08 |
| FP_ARITH_INST_RETIRED_256B_PACKED_DOUBLE STAT |   PMC2  |      402100 |          0 |     402100 |   28721.4286 |
| FP_ARITH_INST_RETIRED_512B_PACKED_DOUBLE STAT |   PMC3  |     8148557 |          0 |    8148557 |  582039.7857 |
|               CAS_COUNT_RD STAT               | MBOX0C0 |    33364770 |          0 |   19067940 | 2.383198e+06 |
|               CAS_COUNT_WR STAT               | MBOX0C1 |    40612253 |          0 |   25965200 | 2.900875e+06 |
|               CAS_COUNT_RD STAT               | MBOX1C0 |    32681359 |          0 |   20346340 | 2.334383e+06 |
|               CAS_COUNT_WR STAT               | MBOX1C1 |    39518952 |          0 |   25978780 | 2.822782e+06 |
|               CAS_COUNT_RD STAT               | MBOX2C0 |    32996128 |          0 |   24545090 | 2.356866e+06 |
|               CAS_COUNT_WR STAT               | MBOX2C1 |    36027387 |          0 |   26409500 | 2.573385e+06 |
|               CAS_COUNT_RD STAT               | MBOX3C0 |    40560295 |          0 |   32838420 | 2.897164e+06 |
|               CAS_COUNT_WR STAT               | MBOX3C1 |    36785945 |          0 |   27342260 | 2.627568e+06 |
|               CAS_COUNT_RD STAT               | MBOX4C0 |    30624218 |          0 |   16697270 | 2.187444e+06 |
|               CAS_COUNT_WR STAT               | MBOX4C1 |    39565513 |          0 |   24901970 | 2.826108e+06 |
|               CAS_COUNT_RD STAT               | MBOX5C0 |    35291876 |          0 |   22213980 | 2.520848e+06 |
|               CAS_COUNT_WR STAT               | MBOX5C1 |    39647922 |          0 |   25751510 | 2.831994e+06 |
+-----------------------------------------------+---------+-------------+------------+------------+--------------+
+-----------------------------------+-----------+-----------+-----------+-----------+-----------+-----------+-----------+-----------+-----------+-----------+-----------+-----------+-----------+-----------+
|               Metric              |   Core 0  |   Core 1  |   Core 2  |   Core 3  |  Core 14  |  Core 15  |  Core 16  |  Core 17  |  Core 28  |  Core 29  |  Core 30  |  Core 42  |  Core 43  |  Core 44  |
+-----------------------------------+-----------+-----------+-----------+-----------+-----------+-----------+-----------+-----------+-----------+-----------+-----------+-----------+-----------+-----------+
|        Runtime (RDTSC) [s]        |    6.7958 |    6.8005 |    6.8006 |    6.8006 |    6.7958 |    6.8005 |    6.8006 |    6.8006 |    6.7958 |    6.8005 |    6.8005 |    6.7958 |    6.8005 |    6.8005 |
|        Runtime unhalted [s]       |    1.3753 |    0.8185 |    0.8229 |    0.8209 |    0.7364 |    0.7304 |    0.7271 |    0.7254 |    0.7292 |    0.7242 |    0.7246 |    0.7423 |    0.7392 |    0.6995 |
|            Clock [MHz]            | 1894.0838 | 1893.6272 | 1893.5561 | 1893.6126 | 1894.7075 | 1894.6187 | 1894.7340 | 1894.7328 | 1893.2794 | 1893.2599 | 1893.2898 | 1893.9135 | 1894.0252 | 1893.8205 |
|                CPI                |    0.6698 |    0.8699 |    0.8760 |    0.8738 |    0.7887 |    0.7822 |    0.7789 |    0.7774 |    0.7832 |    0.7780 |    0.7787 |    0.7967 |    0.7936 |    0.7537 |
|             Energy [J]            |  237.8552 |         0 |         0 |         0 |  204.5562 |         0 |         0 |         0 |  215.7017 |         0 |         0 |  209.8393 |         0 |         0 |
|             Power [W]             |   35.0004 |         0 |         0 |         0 |   30.1004 |         0 |         0 |         0 |   31.7404 |         0 |         0 |   30.8778 |         0 |         0 |
|          Energy DRAM [J]          |   36.7996 |         0 |         0 |         0 |   26.3077 |         0 |         0 |         0 |   20.4202 |         0 |         0 |   25.2497 |         0 |         0 |
|           Power DRAM [W]          |    5.4151 |         0 |         0 |         0 |    3.8712 |         0 |         0 |         0 |    3.0048 |         0 |         0 |    3.7155 |         0 |         0 |
|            DP [MFLOP/s]           |  121.5187 |   90.4120 |   90.2574 |   90.2785 |   90.3135 |   90.2737 |   90.2510 |   90.2504 |   90.2745 |   90.2352 |   90.2122 |   90.2882 |   90.2031 |   90.0824 |
|          AVX DP [MFLOP/s]         |    9.8291 |         0 |         0 |         0 |         0 |         0 |         0 |         0 |         0 |         0 |         0 |         0 |         0 |         0 |
|          Packed [MUOPS/s]         |    1.3702 |         0 |         0 |         0 |         0 |         0 |         0 |         0 |         0 |         0 |         0 |         0 |         0 |         0 |
|          Scalar [MUOPS/s]         |  111.4656 |   90.4120 |   90.2574 |   90.2785 |   90.3135 |   90.2737 |   90.2510 |   90.2504 |   90.2745 |   90.2352 |   90.2122 |   90.2882 |   90.2031 |   90.0824 |
|  Memory read bandwidth [MBytes/s] | 1278.0524 |         0 |         0 |         0 |  137.4401 |         0 |         0 |         0 |  166.3437 |         0 |         0 |  353.6531 |         0 |         0 |
|  Memory read data volume [GBytes] |    8.6854 |         0 |         0 |         0 |    0.9340 |         0 |         0 |         0 |    1.1304 |         0 |         0 |    2.4034 |         0 |         0 |
| Memory write bandwidth [MBytes/s] | 1472.4332 |         0 |         0 |         0 |  185.2724 |         0 |         0 |         0 |  191.0503 |         0 |         0 |  337.6116 |         0 |         0 |
| Memory write data volume [GBytes] |   10.0064 |         0 |         0 |         0 |    1.2591 |         0 |         0 |         0 |    1.2983 |         0 |         0 |    2.2943 |         0 |         0 |
|    Memory bandwidth [MBytes/s]    | 2750.4857 |         0 |         0 |         0 |  322.7126 |         0 |         0 |         0 |  357.3940 |         0 |         0 |  691.2647 |         0 |         0 |
|    Memory data volume [GBytes]    |   18.6917 |         0 |         0 |         0 |    2.1931 |         0 |         0 |         0 |    2.4288 |         0 |         0 |    4.6977 |         0 |         0 |
|       Operational intensity       |    0.0442 |    0.0329 |    0.0328 |    0.0328 |    0.2799 |    0.2799 |    0.2799 |    0.2799 |    0.2526 |    0.2527 |    0.2526 |    0.1306 |    0.1306 |    0.1304 |
+-----------------------------------+-----------+-----------+-----------+-----------+-----------+-----------+-----------+-----------+-----------+-----------+-----------+-----------+-----------+-----------+
+----------------------------------------+------------+-----------+-----------+-----------+
|                 Metric                 |     Sum    |    Min    |    Max    |    Avg    |
+----------------------------------------+------------+-----------+-----------+-----------+
|        Runtime (RDTSC) [s] STAT        |    95.1886 |    6.7958 |    6.8006 |    6.7992 |
|        Runtime unhalted [s] STAT       |    11.1159 |    0.6995 |    1.3753 |    0.7940 |
|            Clock [MHz] STAT            | 26515.2610 | 1893.2599 | 1894.7340 | 1893.9472 |
|                CPI STAT                |    11.1006 |    0.6698 |    0.8760 |    0.7929 |
|             Energy [J] STAT            |   867.9524 |         0 |  237.8552 |   61.9966 |
|             Power [W] STAT             |   127.7190 |         0 |   35.0004 |    9.1228 |
|          Energy DRAM [J] STAT          |   108.7772 |         0 |   36.7996 |    7.7698 |
|           Power DRAM [W] STAT          |    16.0066 |         0 |    5.4151 |    1.1433 |
|            DP [MFLOP/s] STAT           |  1294.8508 |   90.0824 |  121.5187 |   92.4893 |
|          AVX DP [MFLOP/s] STAT         |     9.8291 |         0 |    9.8291 |    0.7021 |
|          Packed [MUOPS/s] STAT         |     1.3702 |         0 |    1.3702 |    0.0979 |
|          Scalar [MUOPS/s] STAT         |  1284.7977 |   90.0824 |  111.4656 |   91.7713 |
|  Memory read bandwidth [MBytes/s] STAT |  1935.4893 |         0 | 1278.0524 |  138.2492 |
|  Memory read data volume [GBytes] STAT |    13.1532 |         0 |    8.6854 |    0.9395 |
| Memory write bandwidth [MBytes/s] STAT |  2186.3675 |         0 | 1472.4332 |  156.1691 |
| Memory write data volume [GBytes] STAT |    14.8581 |         0 |   10.0064 |    1.0613 |
|    Memory bandwidth [MBytes/s] STAT    |  4121.8570 |         0 | 2750.4857 |  294.4184 |
|    Memory data volume [GBytes] STAT    |    28.0113 |         0 |   18.6917 |    2.0008 |
|       Operational intensity STAT       |     2.4118 |    0.0328 |    0.2799 |    0.1723 |
+----------------------------------------+------------+-----------+-----------+-----------+
--------------------------------------------------------------------------------
CPU name:	Intel(R) Xeon(R) Gold 6132 CPU @ 2.60GHz
CPU type:	Intel Skylake SP processor
CPU clock:	2.59 GHz
--------------------------------------------------------------------------------
Region Solve, Group 1: MEM_DP
+-------------------+-----------+-----------+-----------+-----------+-----------+-----------+-----------+-----------+-----------+-----------+-----------+-----------+-----------+-----------+
|    Region Info    |   Core 0  |   Core 1  |   Core 2  |   Core 3  |  Core 14  |  Core 15  |  Core 16  |  Core 17  |  Core 28  |  Core 29  |  Core 30  |  Core 42  |  Core 43  |  Core 44  |
+-------------------+-----------+-----------+-----------+-----------+-----------+-----------+-----------+-----------+-----------+-----------+-----------+-----------+-----------+-----------+
| RDTSC Runtime [s] | 67.025790 | 67.028250 | 67.028260 | 67.028260 | 67.025780 | 67.028250 | 67.028250 | 67.028250 | 67.025770 | 67.028240 | 67.028240 | 67.025770 | 67.028250 | 67.028250 |
|     call count    |         1 |         1 |         1 |         1 |         1 |         1 |         1 |         1 |         1 |         1 |         1 |         1 |         1 |         1 |
+-------------------+-----------+-----------+-----------+-----------+-----------+-----------+-----------+-----------+-----------+-----------+-----------+-----------+-----------+-----------+
+------------------------------------------+---------+--------------+--------------+--------------+--------------+--------------+--------------+--------------+--------------+--------------+--------------+--------------+--------------+--------------+--------------+
|                   Event                  | Counter |    Core 0    |    Core 1    |    Core 2    |    Core 3    |    Core 14   |    Core 15   |    Core 16   |    Core 17   |    Core 28   |    Core 29   |    Core 30   |    Core 42   |    Core 43   |    Core 44   |
+------------------------------------------+---------+--------------+--------------+--------------+--------------+--------------+--------------+--------------+--------------+--------------+--------------+--------------+--------------+--------------+--------------+
|             INSTR_RETIRED_ANY            |  FIXC0  | 261063800000 | 255239200000 | 253944400000 | 252063000000 | 251023900000 | 251844600000 | 250423500000 | 250167600000 | 251323200000 | 250585400000 | 251279400000 | 253181400000 | 254348200000 | 251844800000 |
|           CPU_CLK_UNHALTED_CORE          |  FIXC1  | 109113800000 | 117278200000 | 119302900000 | 121071400000 | 121005900000 | 121006800000 | 120450400000 | 120428800000 | 120920500000 | 119839000000 | 118695200000 | 116603200000 | 116567800000 | 116636800000 |
|           CPU_CLK_UNHALTED_REF           |  FIXC2  | 149330100000 | 160502000000 | 163272100000 | 165692300000 | 165606600000 | 165608100000 | 164846600000 | 164817300000 | 165488000000 | 164008800000 | 162443100000 | 159599300000 | 159551700000 | 159645100000 |
|              PWR_PKG_ENERGY              |   PWR0  |    2894.5190 |            0 |            0 |            0 |    2599.2460 |            0 |            0 |            0 |    2617.0930 |            0 |            0 |    2492.7160 |            0 |            0 |
|              PWR_DRAM_ENERGY             |   PWR3  |     448.8653 |            0 |            0 |            0 |     465.2849 |            0 |            0 |            0 |     364.9303 |            0 |            0 |     397.7043 |            0 |            0 |
| FP_ARITH_INST_RETIRED_128B_PACKED_DOUBLE |   PMC0  |       714138 |            0 |            0 |            0 |            0 |            0 |            0 |            0 |            0 |            0 |            0 |            0 |            0 |            0 |
|    FP_ARITH_INST_RETIRED_SCALAR_DOUBLE   |   PMC1  |  68065010000 |  69826570000 |  68967740000 |  68177260000 |  67922910000 |  67661780000 |  66726650000 |  66687540000 |  67552580000 |  67806990000 |  67998850000 |  68864030000 |  69713370000 |  68045060000 |
| FP_ARITH_INST_RETIRED_256B_PACKED_DOUBLE |   PMC2  |      1138324 |            0 |            0 |            0 |            0 |            0 |            0 |            0 |            0 |            0 |            0 |            0 |            0 |            0 |
| FP_ARITH_INST_RETIRED_512B_PACKED_DOUBLE |   PMC3  |     10452010 |            0 |            0 |            0 |            0 |            0 |            0 |            0 |            0 |            0 |            0 |            0 |            0 |            0 |
|               CAS_COUNT_RD               | MBOX0C0 |    715752200 |            0 |            0 |            0 |    750317200 |            0 |            0 |            0 |    562770700 |            0 |            0 |    601849000 |            0 |            0 |
|               CAS_COUNT_WR               | MBOX0C1 |    201813000 |            0 |            0 |            0 |    230372600 |            0 |            0 |            0 |    165517600 |            0 |            0 |    157984000 |            0 |            0 |
|               CAS_COUNT_RD               | MBOX1C0 |    716920900 |            0 |            0 |            0 |    750144200 |            0 |            0 |            0 |    563880900 |            0 |            0 |    597947200 |            0 |            0 |
|               CAS_COUNT_WR               | MBOX1C1 |    202257100 |            0 |            0 |            0 |    230333900 |            0 |            0 |            0 |    167233000 |            0 |            0 |    154808000 |            0 |            0 |
|               CAS_COUNT_RD               | MBOX2C0 |    719694000 |            0 |            0 |            0 |    750263500 |            0 |            0 |            0 |    561773100 |            0 |            0 |    597402700 |            0 |            0 |
|               CAS_COUNT_WR               | MBOX2C1 |    202486800 |            0 |            0 |            0 |    230151600 |            0 |            0 |            0 |    165078600 |            0 |            0 |    154527900 |            0 |            0 |
|               CAS_COUNT_RD               | MBOX3C0 |    724110000 |            0 |            0 |            0 |    748475400 |            0 |            0 |            0 |    560251300 |            0 |            0 |    594440400 |            0 |            0 |
|               CAS_COUNT_WR               | MBOX3C1 |    202927700 |            0 |            0 |            0 |    229152400 |            0 |            0 |            0 |    164159300 |            0 |            0 |    153455900 |            0 |            0 |
|               CAS_COUNT_RD               | MBOX4C0 |    714187000 |            0 |            0 |            0 |    748238900 |            0 |            0 |            0 |    561073800 |            0 |            0 |    597389600 |            0 |            0 |
|               CAS_COUNT_WR               | MBOX4C1 |    201429400 |            0 |            0 |            0 |    229155600 |            0 |            0 |            0 |    164505000 |            0 |            0 |    156309000 |            0 |            0 |
|               CAS_COUNT_RD               | MBOX5C0 |    717519300 |            0 |            0 |            0 |    748200000 |            0 |            0 |            0 |    560962400 |            0 |            0 |    597168900 |            0 |            0 |
|               CAS_COUNT_WR               | MBOX5C1 |    201806700 |            0 |            0 |            0 |    229234800 |            0 |            0 |            0 |    164530600 |            0 |            0 |    155921200 |            0 |            0 |
+------------------------------------------+---------+--------------+--------------+--------------+--------------+--------------+--------------+--------------+--------------+--------------+--------------+--------------+--------------+--------------+--------------+
+-----------------------------------------------+---------+---------------+--------------+--------------+--------------+
|                     Event                     | Counter |      Sum      |      Min     |      Max     |      Avg     |
+-----------------------------------------------+---------+---------------+--------------+--------------+--------------+
|             INSTR_RETIRED_ANY STAT            |  FIXC0  | 3538332400000 | 250167600000 | 261063800000 | 2.527380e+11 |
|           CPU_CLK_UNHALTED_CORE STAT          |  FIXC1  | 1658920700000 | 109113800000 | 121071400000 | 1.184943e+11 |
|           CPU_CLK_UNHALTED_REF STAT           |  FIXC2  | 2270411100000 | 149330100000 | 165692300000 | 1.621722e+11 |
|              PWR_PKG_ENERGY STAT              |   PWR0  |    10603.5740 |            0 |    2894.5190 |     757.3981 |
|              PWR_DRAM_ENERGY STAT             |   PWR3  |     1676.7848 |            0 |     465.2849 |     119.7703 |
| FP_ARITH_INST_RETIRED_128B_PACKED_DOUBLE STAT |   PMC0  |        714138 |            0 |       714138 |   51009.8571 |
|    FP_ARITH_INST_RETIRED_SCALAR_DOUBLE STAT   |   PMC1  |  954016340000 |  66687540000 |  69826570000 | 6.814402e+10 |
| FP_ARITH_INST_RETIRED_256B_PACKED_DOUBLE STAT |   PMC2  |       1138324 |            0 |      1138324 |   81308.8571 |
| FP_ARITH_INST_RETIRED_512B_PACKED_DOUBLE STAT |   PMC3  |      10452010 |            0 |     10452010 |  746572.1429 |
|               CAS_COUNT_RD STAT               | MBOX0C0 |    2630689100 |            0 |    750317200 | 1.879064e+08 |
|               CAS_COUNT_WR STAT               | MBOX0C1 |     755687200 |            0 |    230372600 | 5.397766e+07 |
|               CAS_COUNT_RD STAT               | MBOX1C0 |    2628893200 |            0 |    750144200 | 1.877781e+08 |
|               CAS_COUNT_WR STAT               | MBOX1C1 |     754632000 |            0 |    230333900 | 5.390229e+07 |
|               CAS_COUNT_RD STAT               | MBOX2C0 |    2629133300 |            0 |    750263500 | 1.877952e+08 |
|               CAS_COUNT_WR STAT               | MBOX2C1 |     752244900 |            0 |    230151600 | 5.373178e+07 |
|               CAS_COUNT_RD STAT               | MBOX3C0 |    2627277100 |            0 |    748475400 |    187662650 |
|               CAS_COUNT_WR STAT               | MBOX3C1 |     749695300 |            0 |    229152400 | 5.354966e+07 |
|               CAS_COUNT_RD STAT               | MBOX4C0 |    2620889300 |            0 |    748238900 | 1.872064e+08 |
|               CAS_COUNT_WR STAT               | MBOX4C1 |     751399000 |            0 |    229155600 | 5.367136e+07 |
|               CAS_COUNT_RD STAT               | MBOX5C0 |    2623850600 |            0 |    748200000 |    187417900 |
|               CAS_COUNT_WR STAT               | MBOX5C1 |     751493300 |            0 |    229234800 | 5.367809e+07 |
+-----------------------------------------------+---------+---------------+--------------+--------------+--------------+
+-----------------------------------+-----------+-----------+-----------+-----------+-----------+-----------+-----------+-----------+-----------+-----------+-----------+-----------+-----------+-----------+
|               Metric              |   Core 0  |   Core 1  |   Core 2  |   Core 3  |  Core 14  |  Core 15  |  Core 16  |  Core 17  |  Core 28  |  Core 29  |  Core 30  |  Core 42  |  Core 43  |  Core 44  |
+-----------------------------------+-----------+-----------+-----------+-----------+-----------+-----------+-----------+-----------+-----------+-----------+-----------+-----------+-----------+-----------+
|        Runtime (RDTSC) [s]        |   67.0258 |   67.0282 |   67.0283 |   67.0283 |   67.0258 |   67.0282 |   67.0282 |   67.0282 |   67.0258 |   67.0282 |   67.0282 |   67.0258 |   67.0282 |   67.0282 |
|        Runtime unhalted [s]       |   42.0676 |   45.2153 |   45.9959 |   46.6778 |   46.6525 |   46.6529 |   46.4383 |   46.4300 |   46.6196 |   46.2026 |   45.7616 |   44.9551 |   44.9414 |   44.9680 |
|            Clock [MHz]            | 1895.2386 | 1895.2584 | 1895.2679 | 1895.2688 | 1895.2237 | 1895.2206 | 1895.2209 | 1895.2179 | 1895.2435 | 1895.2330 | 1895.2367 | 1895.0081 | 1894.9979 | 1895.0103 |
|                CPI                |    0.4180 |    0.4595 |    0.4698 |    0.4803 |    0.4820 |    0.4805 |    0.4810 |    0.4814 |    0.4811 |    0.4782 |    0.4724 |    0.4606 |    0.4583 |    0.4631 |
|             Energy [J]            | 2894.5190 |         0 |         0 |         0 | 2599.2460 |         0 |         0 |         0 | 2617.0930 |         0 |         0 | 2492.7160 |         0 |         0 |
|             Power [W]             |   43.1852 |         0 |         0 |         0 |   38.7798 |         0 |         0 |         0 |   39.0461 |         0 |         0 |   37.1904 |         0 |         0 |
|          Energy DRAM [J]          |  448.8653 |         0 |         0 |         0 |  465.2849 |         0 |         0 |         0 |  364.9303 |         0 |         0 |  397.7043 |         0 |         0 |
|           Power DRAM [W]          |    6.6969 |         0 |         0 |         0 |    6.9419 |         0 |         0 |         0 |    5.4446 |         0 |         0 |    5.9336 |         0 |         0 |
|            DP [MFLOP/s]           | 1016.8415 | 1041.7484 | 1028.9353 | 1017.1420 | 1013.3848 | 1009.4517 |  995.5004 |  994.9169 | 1007.8598 | 1011.6182 | 1014.4806 | 1027.4262 | 1040.0595 | 1015.1699 |
|          AVX DP [MFLOP/s]         |    1.3155 |         0 |         0 |         0 |         0 |         0 |         0 |         0 |         0 |         0 |         0 |         0 |         0 |         0 |
|          Packed [MUOPS/s]         |    0.1836 |         0 |         0 |         0 |         0 |         0 |         0 |         0 |         0 |         0 |         0 |         0 |         0 |         0 |
|          Scalar [MUOPS/s]         | 1015.5048 | 1041.7484 | 1028.9353 | 1017.1420 | 1013.3848 | 1009.4517 |  995.5004 |  994.9169 | 1007.8598 | 1011.6182 | 1014.4806 | 1027.4262 | 1040.0595 | 1015.1699 |
|  Memory read bandwidth [MBytes/s] | 4113.6962 |         0 |         0 |         0 | 4292.6902 |         0 |         0 |         0 | 3218.5468 |         0 |         0 | 3424.3047 |         0 |         0 |
|  Memory read data volume [GBytes] |  275.7237 |         0 |         0 |         0 |  287.7209 |         0 |         0 |         0 |  215.7256 |         0 |         0 |  229.5167 |         0 |         0 |
| Memory write bandwidth [MBytes/s] | 1157.9740 |         0 |         0 |         0 | 1316.1750 |         0 |         0 |         0 |  946.2859 |         0 |         0 |  890.8870 |         0 |         0 |
| Memory write data volume [GBytes] |   77.6141 |         0 |         0 |         0 |   88.2177 |         0 |         0 |         0 |   63.4255 |         0 |         0 |   59.7124 |         0 |         0 |
|    Memory bandwidth [MBytes/s]    | 5271.6702 |         0 |         0 |         0 | 5608.8652 |         0 |         0 |         0 | 4164.8328 |         0 |         0 | 4315.1917 |         0 |         0 |
|    Memory data volume [GBytes]    |  353.3379 |         0 |         0 |         0 |  375.9386 |         0 |         0 |         0 |  279.1511 |         0 |         0 |  289.2290 |         0 |         0 |
|       Operational intensity       |    0.1929 |    0.1976 |    0.1952 |    0.1930 |    0.1807 |    0.1800 |    0.1775 |    0.1774 |    0.2420 |    0.2429 |    0.2436 |    0.2381 |    0.2410 |    0.2353 |
+-----------------------------------+-----------+-----------+-----------+-----------+-----------+-----------+-----------+-----------+-----------+-----------+-----------+-----------+-----------+-----------+
+----------------------------------------+------------+-----------+-----------+-----------+
|                 Metric                 |     Sum    |    Min    |    Max    |    Avg    |
+----------------------------------------+------------+-----------+-----------+-----------+
|        Runtime (RDTSC) [s] STAT        |   938.3854 |   67.0258 |   67.0283 |   67.0275 |
|        Runtime unhalted [s] STAT       |   639.5786 |   42.0676 |   46.6778 |   45.6842 |
|            Clock [MHz] STAT            | 26532.6463 | 1894.9979 | 1895.2688 | 1895.1890 |
|                CPI STAT                |     6.5662 |    0.4180 |    0.4820 |    0.4690 |
|             Energy [J] STAT            | 10603.5740 |         0 | 2894.5190 |  757.3981 |
|             Power [W] STAT             |   158.2015 |         0 |   43.1852 |   11.3001 |
|          Energy DRAM [J] STAT          |  1676.7848 |         0 |  465.2849 |  119.7703 |
|           Power DRAM [W] STAT          |    25.0170 |         0 |    6.9419 |    1.7869 |
|            DP [MFLOP/s] STAT           | 14234.5352 |  994.9169 | 1041.7484 | 1016.7525 |
|          AVX DP [MFLOP/s] STAT         |     1.3155 |         0 |    1.3155 |    0.0940 |
|          Packed [MUOPS/s] STAT         |     0.1836 |         0 |    0.1836 |    0.0131 |
|          Scalar [MUOPS/s] STAT         | 14233.1985 |  994.9169 | 1041.7484 | 1016.6570 |
|  Memory read bandwidth [MBytes/s] STAT | 15049.2379 |         0 | 4292.6902 | 1074.9456 |
|  Memory read data volume [GBytes] STAT |  1008.6869 |         0 |  287.7209 |   72.0491 |
| Memory write bandwidth [MBytes/s] STAT |  4311.3219 |         0 | 1316.1750 |  307.9516 |
| Memory write data volume [GBytes] STAT |   288.9697 |         0 |   88.2177 |   20.6407 |
|    Memory bandwidth [MBytes/s] STAT    | 19360.5599 |         0 | 5608.8652 | 1382.8971 |
|    Memory data volume [GBytes] STAT    |  1297.6566 |         0 |  375.9386 |   92.6898 |
|       Operational intensity STAT       |     2.9372 |    0.1774 |    0.2436 |    0.2098 |
+----------------------------------------+------------+-----------+-----------+-----------+
