--------------------------------------------------------------------------------
CPU name:	Intel(R) Xeon(R) Gold 6132 CPU @ 2.60GHz
CPU type:	Intel Skylake SP processor
CPU clock:	2.59 GHz
--------------------------------------------------------------------------------
Region Setup, Group 1: MEM_DP
+-------------------+----------+----------+----------+----------+----------+----------+----------+----------+----------+----------+----------+----------+----------+----------+----------+----------+----------+----------+----------+
|    Region Info    |  Core 0  |  Core 1  |  Core 2  |  Core 3  |  Core 4  |  Core 14 |  Core 15 |  Core 16 |  Core 17 |  Core 18 |  Core 28 |  Core 29 |  Core 30 |  Core 31 |  Core 32 |  Core 42 |  Core 43 |  Core 44 |  Core 45 |
+-------------------+----------+----------+----------+----------+----------+----------+----------+----------+----------+----------+----------+----------+----------+----------+----------+----------+----------+----------+----------+
| RDTSC Runtime [s] | 6.575345 | 6.579636 | 6.579582 | 6.579594 | 6.579611 | 6.575179 | 6.579542 | 6.579557 | 6.579535 | 6.579550 | 6.575122 | 6.579564 | 6.579563 | 6.579541 | 6.579536 | 6.575159 | 6.579565 | 6.579562 | 6.579711 |
|     call count    |        2 |        2 |        2 |        2 |        2 |        2 |        2 |        2 |        2 |        2 |        2 |        2 |        2 |        2 |        2 |        2 |        2 |        2 |        2 |
+-------------------+----------+----------+----------+----------+----------+----------+----------+----------+----------+----------+----------+----------+----------+----------+----------+----------+----------+----------+----------+
+------------------------------------------+---------+------------+------------+------------+------------+------------+------------+------------+------------+------------+------------+------------+------------+------------+------------+------------+------------+------------+------------+------------+
|                   Event                  | Counter |   Core 0   |   Core 1   |   Core 2   |   Core 3   |   Core 4   |   Core 14  |   Core 15  |   Core 16  |   Core 17  |   Core 18  |   Core 28  |   Core 29  |   Core 30  |   Core 31  |   Core 32  |   Core 42  |   Core 43  |   Core 44  |   Core 45  |
+------------------------------------------+---------+------------+------------+------------+------------+------------+------------+------------+------------+------------+------------+------------+------------+------------+------------+------------+------------+------------+------------+------------+
|             INSTR_RETIRED_ANY            |  FIXC0  | 4699341000 | 1814551000 | 1813292000 | 1810643000 | 1810020000 | 1792929000 | 1792800000 | 1793102000 | 1793001000 | 1789908000 | 1789176000 | 1788958000 | 1786981000 | 1787278000 | 1787174000 | 1787846000 | 1783458000 | 1783803000 | 1779636000 |
|           CPU_CLK_UNHALTED_CORE          |  FIXC1  | 3267910000 | 1829260000 | 1828300000 | 1842335000 | 1835847000 | 1559254000 | 1554082000 | 1554771000 | 1558883000 | 1561876000 | 1547246000 | 1563796000 | 1529087000 | 1539614000 | 1535826000 | 1531977000 | 1532290000 | 1545515000 | 1465737000 |
|           CPU_CLK_UNHALTED_REF           |  FIXC2  | 4476029000 | 2505587000 | 2504363000 | 2523523000 | 2514833000 | 2136442000 | 2129301000 | 2130028000 | 2135873000 | 2139975000 | 2120093000 | 2142766000 | 2095337000 | 2109818000 | 2105004000 | 2098903000 | 2099301000 | 2117403000 | 2008261000 |
|              PWR_PKG_ENERGY              |   PWR0  |   235.2101 |          0 |          0 |          0 |          0 |   201.2974 |          0 |          0 |          0 |          0 |   218.1026 |          0 |          0 |          0 |          0 |   206.0679 |          0 |          0 |          0 |
|              PWR_DRAM_ENERGY             |   PWR3  |    37.1105 |          0 |          0 |          0 |          0 |    26.3193 |          0 |          0 |          0 |          0 |    20.8970 |          0 |          0 |          0 |          0 |    22.1195 |          0 |          0 |          0 |
| FP_ARITH_INST_RETIRED_128B_PACKED_DOUBLE |   PMC0  |     761098 |          0 |          0 |          0 |          0 |          0 |          0 |          0 |          0 |          0 |          0 |          0 |          0 |          0 |          0 |          0 |          0 |          0 |          0 |
|    FP_ARITH_INST_RETIRED_SCALAR_DOUBLE   |   PMC1  |  596424300 |  453777300 |  453649500 |  452755400 |  452706300 |  452612700 |  452561200 |  452609400 |  452565600 |  451661300 |  451714300 |  451560300 |  451616600 |  451559300 |  451609300 |  451522600 |  451566900 |  451495700 |  451539800 |
| FP_ARITH_INST_RETIRED_256B_PACKED_DOUBLE |   PMC2  |     402100 |          0 |          0 |          0 |          0 |          0 |          0 |          0 |          0 |          0 |          0 |          0 |          0 |          0 |          0 |          0 |          0 |          0 |          0 |
| FP_ARITH_INST_RETIRED_512B_PACKED_DOUBLE |   PMC3  |    8148557 |          0 |          0 |          0 |          0 |          0 |          0 |          0 |          0 |          0 |          0 |          0 |          0 |          0 |          0 |          0 |          0 |          0 |          0 |
|               CAS_COUNT_RD               | MBOX0C0 |   21037270 |          0 |          0 |          0 |          0 |    2310006 |          0 |          0 |          0 |          0 |    3273847 |          0 |          0 |          0 |          0 |    2040398 |          0 |          0 |          0 |
|               CAS_COUNT_WR               | MBOX0C1 |   27275040 |          0 |          0 |          0 |          0 |    3040602 |          0 |          0 |          0 |          0 |    3651520 |          0 |          0 |          0 |          0 |    2658989 |          0 |          0 |          0 |
|               CAS_COUNT_RD               | MBOX1C0 |   23566200 |          0 |          0 |          0 |          0 |    2298564 |          0 |          0 |          0 |          0 |    4457906 |          0 |          0 |          0 |          0 |    2050119 |          0 |          0 |          0 |
|               CAS_COUNT_WR               | MBOX1C1 |   27473660 |          0 |          0 |          0 |          0 |    3020467 |          0 |          0 |          0 |          0 |    4634308 |          0 |          0 |          0 |          0 |    2681591 |          0 |          0 |          0 |
|               CAS_COUNT_RD               | MBOX2C0 |   31652800 |          0 |          0 |          0 |          0 |    2332366 |          0 |          0 |          0 |          0 |    4262034 |          0 |          0 |          0 |          0 |    2081762 |          0 |          0 |          0 |
|               CAS_COUNT_WR               | MBOX2C1 |   29944030 |          0 |          0 |          0 |          0 |    3070531 |          0 |          0 |          0 |          0 |    4483124 |          0 |          0 |          0 |          0 |    2721156 |          0 |          0 |          0 |
|               CAS_COUNT_RD               | MBOX3C0 |   39920180 |          0 |          0 |          0 |          0 |    2024714 |          0 |          0 |          0 |          0 |    6808569 |          0 |          0 |          0 |          0 |    1786306 |          0 |          0 |          0 |
|               CAS_COUNT_WR               | MBOX3C1 |   32177560 |          0 |          0 |          0 |          0 |    2885503 |          0 |          0 |          0 |          0 |    7487125 |          0 |          0 |          0 |          0 |    2542818 |          0 |          0 |          0 |
|               CAS_COUNT_RD               | MBOX4C0 |   19767380 |          0 |          0 |          0 |          0 |    2025025 |          0 |          0 |          0 |          0 |    3186292 |          0 |          0 |          0 |          0 |    1778423 |          0 |          0 |          0 |
|               CAS_COUNT_WR               | MBOX4C1 |   26067370 |          0 |          0 |          0 |          0 |    2885206 |          0 |          0 |          0 |          0 |    3811960 |          0 |          0 |          0 |          0 |    2539068 |          0 |          0 |          0 |
|               CAS_COUNT_RD               | MBOX5C0 |   24795980 |          0 |          0 |          0 |          0 |    2020516 |          0 |          0 |          0 |          0 |    7475200 |          0 |          0 |          0 |          0 |    1835763 |          0 |          0 |          0 |
|               CAS_COUNT_WR               | MBOX5C1 |   26972580 |          0 |          0 |          0 |          0 |    2882648 |          0 |          0 |          0 |          0 |    8074602 |          0 |          0 |          0 |          0 |    2578937 |          0 |          0 |          0 |
+------------------------------------------+---------+------------+------------+------------+------------+------------+------------+------------+------------+------------+------------+------------+------------+------------+------------+------------+------------+------------+------------+------------+
+-----------------------------------------------+---------+-------------+------------+------------+--------------+
|                     Event                     | Counter |     Sum     |     Min    |     Max    |      Avg     |
+-----------------------------------------------+---------+-------------+------------+------------+--------------+
|             INSTR_RETIRED_ANY STAT            |  FIXC0  | 36983897000 | 1779636000 | 4699341000 | 1.946521e+09 |
|           CPU_CLK_UNHALTED_CORE STAT          |  FIXC1  | 32183606000 | 1465737000 | 3267910000 |   1693874000 |
|           CPU_CLK_UNHALTED_REF STAT           |  FIXC2  | 44092840000 | 2008261000 | 4476029000 | 2.320676e+09 |
|              PWR_PKG_ENERGY STAT              |   PWR0  |    860.6780 |          0 |   235.2101 |      45.2988 |
|              PWR_DRAM_ENERGY STAT             |   PWR3  |    106.4463 |          0 |    37.1105 |       5.6024 |
| FP_ARITH_INST_RETIRED_128B_PACKED_DOUBLE STAT |   PMC0  |      761098 |          0 |     761098 |   40057.7895 |
|    FP_ARITH_INST_RETIRED_SCALAR_DOUBLE STAT   |   PMC1  |  8735507800 |  451495700 |  596424300 | 4.597636e+08 |
| FP_ARITH_INST_RETIRED_256B_PACKED_DOUBLE STAT |   PMC2  |      402100 |          0 |     402100 |   21163.1579 |
| FP_ARITH_INST_RETIRED_512B_PACKED_DOUBLE STAT |   PMC3  |     8148557 |          0 |    8148557 |  428871.4211 |
|               CAS_COUNT_RD STAT               | MBOX0C0 |    28661521 |          0 |   21037270 | 1.508501e+06 |
|               CAS_COUNT_WR STAT               | MBOX0C1 |    36626151 |          0 |   27275040 | 1.927692e+06 |
|               CAS_COUNT_RD STAT               | MBOX1C0 |    32372789 |          0 |   23566200 |      1703831 |
|               CAS_COUNT_WR STAT               | MBOX1C1 |    37810026 |          0 |   27473660 | 1.990001e+06 |
|               CAS_COUNT_RD STAT               | MBOX2C0 |    40328962 |          0 |   31652800 | 2.122577e+06 |
|               CAS_COUNT_WR STAT               | MBOX2C1 |    40218841 |          0 |   29944030 | 2.116781e+06 |
|               CAS_COUNT_RD STAT               | MBOX3C0 |    50539769 |          0 |   39920180 | 2.659988e+06 |
|               CAS_COUNT_WR STAT               | MBOX3C1 |    45093006 |          0 |   32177560 | 2.373316e+06 |
|               CAS_COUNT_RD STAT               | MBOX4C0 |    26757120 |          0 |   19767380 | 1.408269e+06 |
|               CAS_COUNT_WR STAT               | MBOX4C1 |    35303604 |          0 |   26067370 | 1.858084e+06 |
|               CAS_COUNT_RD STAT               | MBOX5C0 |    36127459 |          0 |   24795980 | 1.901445e+06 |
|               CAS_COUNT_WR STAT               | MBOX5C1 |    40508767 |          0 |   26972580 | 2.132040e+06 |
+-----------------------------------------------+---------+-------------+------------+------------+--------------+
+-----------------------------------+-----------+-----------+-----------+-----------+-----------+-----------+-----------+-----------+-----------+-----------+-----------+-----------+-----------+-----------+-----------+-----------+-----------+-----------+-----------+
|               Metric              |   Core 0  |   Core 1  |   Core 2  |   Core 3  |   Core 4  |  Core 14  |  Core 15  |  Core 16  |  Core 17  |  Core 18  |  Core 28  |  Core 29  |  Core 30  |  Core 31  |  Core 32  |  Core 42  |  Core 43  |  Core 44  |  Core 45  |
+-----------------------------------+-----------+-----------+-----------+-----------+-----------+-----------+-----------+-----------+-----------+-----------+-----------+-----------+-----------+-----------+-----------+-----------+-----------+-----------+-----------+
|        Runtime (RDTSC) [s]        |    6.5753 |    6.5796 |    6.5796 |    6.5796 |    6.5796 |    6.5752 |    6.5795 |    6.5796 |    6.5795 |    6.5796 |    6.5751 |    6.5796 |    6.5796 |    6.5795 |    6.5795 |    6.5752 |    6.5796 |    6.5796 |    6.5797 |
|        Runtime unhalted [s]       |    1.2599 |    0.7053 |    0.7049 |    0.7103 |    0.7078 |    0.6012 |    0.5992 |    0.5994 |    0.6010 |    0.6022 |    0.5965 |    0.6029 |    0.5895 |    0.5936 |    0.5921 |    0.5906 |    0.5908 |    0.5959 |    0.5651 |
|            Clock [MHz]            | 1893.6696 | 1893.6206 | 1893.5518 | 1893.6005 | 1893.4522 | 1893.0094 | 1893.0579 | 1893.2508 | 1893.0632 | 1893.0621 | 1892.9166 | 1892.9205 | 1892.8026 | 1892.7527 | 1892.4138 | 1893.1582 | 1893.1860 | 1893.2010 | 1893.0536 |
|                CPI                |    0.6954 |    1.0081 |    1.0083 |    1.0175 |    1.0143 |    0.8697 |    0.8668 |    0.8671 |    0.8694 |    0.8726 |    0.8648 |    0.8741 |    0.8557 |    0.8614 |    0.8594 |    0.8569 |    0.8592 |    0.8664 |    0.8236 |
|             Energy [J]            |  235.2101 |         0 |         0 |         0 |         0 |  201.2974 |         0 |         0 |         0 |         0 |  218.1026 |         0 |         0 |         0 |         0 |  206.0679 |         0 |         0 |         0 |
|             Power [W]             |   35.7715 |         0 |         0 |         0 |         0 |   30.6147 |         0 |         0 |         0 |         0 |   33.1709 |         0 |         0 |         0 |         0 |   31.3404 |         0 |         0 |         0 |
|          Energy DRAM [J]          |   37.1105 |         0 |         0 |         0 |         0 |   26.3193 |         0 |         0 |         0 |         0 |   20.8970 |         0 |         0 |         0 |         0 |   22.1195 |         0 |         0 |         0 |
|           Power DRAM [W]          |    5.6439 |         0 |         0 |         0 |         0 |    4.0028 |         0 |         0 |         0 |         0 |    3.1782 |         0 |         0 |         0 |         0 |    3.3641 |         0 |         0 |         0 |
|            DP [MFLOP/s]           |  101.0963 |   68.9669 |   68.9481 |   68.8121 |   68.8044 |   68.8366 |   68.7831 |   68.7903 |   68.7838 |   68.6462 |   68.7005 |   68.6307 |   68.6393 |   68.6308 |   68.6385 |   68.6710 |   68.6317 |   68.6209 |   68.6261 |
|          AVX DP [MFLOP/s]         |   10.1587 |         0 |         0 |         0 |         0 |         0 |         0 |         0 |         0 |         0 |         0 |         0 |         0 |         0 |         0 |         0 |         0 |         0 |         0 |
|          Packed [MUOPS/s]         |    1.4162 |         0 |         0 |         0 |         0 |         0 |         0 |         0 |         0 |         0 |         0 |         0 |         0 |         0 |         0 |         0 |         0 |         0 |         0 |
|          Scalar [MUOPS/s]         |   90.7062 |   68.9669 |   68.9481 |   68.8121 |   68.8044 |   68.8366 |   68.7831 |   68.7903 |   68.7838 |   68.6462 |   68.7005 |   68.6307 |   68.6393 |   68.6308 |   68.6385 |   68.6710 |   68.6317 |   68.6209 |   68.6261 |
|  Memory read bandwidth [MBytes/s] | 1564.5335 |         0 |         0 |         0 |         0 |  126.6454 |         0 |         0 |         0 |         0 |  286.7911 |         0 |         0 |         0 |         0 |  112.6448 |         0 |         0 |         0 |
|  Memory read data volume [GBytes] |   10.2873 |         0 |         0 |         0 |         0 |    0.8327 |         0 |         0 |         0 |         0 |    1.8857 |         0 |         0 |         0 |         0 |    0.7407 |         0 |         0 |         0 |
| Memory write bandwidth [MBytes/s] | 1653.7924 |         0 |         0 |         0 |         0 |  173.1112 |         0 |         0 |         0 |         0 |  312.8655 |         0 |         0 |         0 |         0 |  153.0372 |         0 |         0 |         0 |
| Memory write data volume [GBytes] |   10.8743 |         0 |         0 |         0 |         0 |    1.1382 |         0 |         0 |         0 |         0 |    2.0571 |         0 |         0 |         0 |         0 |    1.0062 |         0 |         0 |         0 |
|    Memory bandwidth [MBytes/s]    | 3218.3259 |         0 |         0 |         0 |         0 |  299.7566 |         0 |         0 |         0 |         0 |  599.6566 |         0 |         0 |         0 |         0 |  265.6820 |         0 |         0 |         0 |
|    Memory data volume [GBytes]    |   21.1616 |         0 |         0 |         0 |         0 |    1.9710 |         0 |         0 |         0 |         0 |    3.9428 |         0 |         0 |         0 |         0 |    1.7469 |         0 |         0 |         0 |
|       Operational intensity       |    0.0314 |    0.0214 |    0.0214 |    0.0214 |    0.0214 |    0.2296 |    0.2296 |    0.2296 |    0.2296 |    0.2292 |    0.1146 |    0.1145 |    0.1145 |    0.1145 |    0.1145 |    0.2585 |    0.2585 |    0.2585 |    0.2585 |
+-----------------------------------+-----------+-----------+-----------+-----------+-----------+-----------+-----------+-----------+-----------+-----------+-----------+-----------+-----------+-----------+-----------+-----------+-----------+-----------+-----------+
+----------------------------------------+------------+-----------+-----------+-----------+
|                 Metric                 |     Sum    |    Min    |    Max    |    Avg    |
+----------------------------------------+------------+-----------+-----------+-----------+
|        Runtime (RDTSC) [s] STAT        |   124.9945 |    6.5751 |    6.5797 |    6.5787 |
|        Runtime unhalted [s] STAT       |    12.4082 |    0.5651 |    1.2599 |    0.6531 |
|            Clock [MHz] STAT            | 35969.7431 | 1892.4138 | 1893.6696 | 1893.1444 |
|                CPI STAT                |    16.8107 |    0.6954 |    1.0175 |    0.8848 |
|             Energy [J] STAT            |   860.6780 |         0 |  235.2101 |   45.2988 |
|             Power [W] STAT             |   130.8975 |         0 |   35.7715 |    6.8893 |
|          Energy DRAM [J] STAT          |   106.4463 |         0 |   37.1105 |    5.6024 |
|           Power DRAM [W] STAT          |    16.1890 |         0 |    5.6439 |    0.8521 |
|            DP [MFLOP/s] STAT           |  1338.2573 |   68.6209 |  101.0963 |   70.4346 |
|          AVX DP [MFLOP/s] STAT         |    10.1587 |         0 |   10.1587 |    0.5347 |
|          Packed [MUOPS/s] STAT         |     1.4162 |         0 |    1.4162 |    0.0745 |
|          Scalar [MUOPS/s] STAT         |  1327.8672 |   68.6209 |   90.7062 |   69.8877 |
|  Memory read bandwidth [MBytes/s] STAT |  2090.6148 |         0 | 1564.5335 |  110.0324 |
|  Memory read data volume [GBytes] STAT |    13.7464 |         0 |   10.2873 |    0.7235 |
| Memory write bandwidth [MBytes/s] STAT |  2292.8063 |         0 | 1653.7924 |  120.6740 |
| Memory write data volume [GBytes] STAT |    15.0758 |         0 |   10.8743 |    0.7935 |
|    Memory bandwidth [MBytes/s] STAT    |  4383.4211 |         0 | 3218.3259 |  230.7064 |
|    Memory data volume [GBytes] STAT    |    28.8223 |         0 |   21.1616 |    1.5170 |
|       Operational intensity STAT       |     2.8712 |    0.0214 |    0.2585 |    0.1511 |
+----------------------------------------+------------+-----------+-----------+-----------+
--------------------------------------------------------------------------------
CPU name:	Intel(R) Xeon(R) Gold 6132 CPU @ 2.60GHz
CPU type:	Intel Skylake SP processor
CPU clock:	2.59 GHz
--------------------------------------------------------------------------------
Region Solve, Group 1: MEM_DP
+-------------------+-----------+-----------+-----------+-----------+-----------+-----------+-----------+-----------+-----------+-----------+-----------+-----------+-----------+-----------+-----------+-----------+-----------+-----------+-----------+
|    Region Info    |   Core 0  |   Core 1  |   Core 2  |   Core 3  |   Core 4  |  Core 14  |  Core 15  |  Core 16  |  Core 17  |  Core 18  |  Core 28  |  Core 29  |  Core 30  |  Core 31  |  Core 32  |  Core 42  |  Core 43  |  Core 44  |  Core 45  |
+-------------------+-----------+-----------+-----------+-----------+-----------+-----------+-----------+-----------+-----------+-----------+-----------+-----------+-----------+-----------+-----------+-----------+-----------+-----------+-----------+
| RDTSC Runtime [s] | 51.864440 | 51.866920 | 51.866920 | 51.866920 | 51.866920 | 51.864420 | 51.866900 | 51.866900 | 51.866900 | 51.866900 | 51.864420 | 51.866900 | 51.866900 | 51.866900 | 51.866900 | 51.864430 | 51.866900 | 51.866900 | 51.866900 |
|     call count    |         1 |         1 |         1 |         1 |         1 |         1 |         1 |         1 |         1 |         1 |         1 |         1 |         1 |         1 |         1 |         1 |         1 |         1 |         1 |
+-------------------+-----------+-----------+-----------+-----------+-----------+-----------+-----------+-----------+-----------+-----------+-----------+-----------+-----------+-----------+-----------+-----------+-----------+-----------+-----------+
+------------------------------------------+---------+--------------+--------------+--------------+--------------+--------------+--------------+--------------+--------------+--------------+--------------+--------------+--------------+--------------+--------------+--------------+--------------+--------------+--------------+--------------+
|                   Event                  | Counter |    Core 0    |    Core 1    |    Core 2    |    Core 3    |    Core 4    |    Core 14   |    Core 15   |    Core 16   |    Core 17   |    Core 18   |    Core 28   |    Core 29   |    Core 30   |    Core 31   |    Core 32   |    Core 42   |    Core 43   |    Core 44   |    Core 45   |
+------------------------------------------+---------+--------------+--------------+--------------+--------------+--------------+--------------+--------------+--------------+--------------+--------------+--------------+--------------+--------------+--------------+--------------+--------------+--------------+--------------+--------------+
|             INSTR_RETIRED_ANY            |  FIXC0  | 194907500000 | 188121500000 | 188753900000 | 187437800000 | 186427400000 | 184759200000 | 185489700000 | 185742500000 | 185014300000 | 184019100000 | 184643300000 | 185172200000 | 185041500000 | 184245300000 | 185600800000 | 186482900000 | 187576900000 | 186909900000 | 185619100000 |
|           CPU_CLK_UNHALTED_CORE          |  FIXC1  |  83098060000 |  90355790000 |  91481710000 |  92477560000 |  92848650000 |  92608230000 |  92615270000 |  92613000000 |  92604640000 |  92462850000 |  92563870000 |  92668530000 |  92595130000 |  92583630000 |  91525500000 |  90294680000 |  90306650000 |  90295150000 |  90329230000 |
|           CPU_CLK_UNHALTED_REF           |  FIXC2  | 113714500000 | 123646500000 | 125187100000 | 126550000000 | 127057800000 | 126748300000 | 126758100000 | 126755100000 | 126743700000 | 126549800000 | 126683900000 | 126827700000 | 126726900000 | 126711100000 | 125263200000 | 123600000000 | 123617100000 | 123601100000 | 123646900000 |
|              PWR_PKG_ENERGY              |   PWR0  |    2437.5100 |            0 |            0 |            0 |            0 |    2176.2750 |            0 |            0 |            0 |            0 |    2342.9700 |            0 |            0 |            0 |            0 |    2116.0870 |            0 |            0 |            0 |
|              PWR_DRAM_ENERGY             |   PWR3  |     373.7790 |            0 |            0 |            0 |            0 |     378.4017 |            0 |            0 |            0 |            0 |     336.4500 |            0 |            0 |            0 |            0 |     331.4425 |            0 |            0 |            0 |
| FP_ARITH_INST_RETIRED_128B_PACKED_DOUBLE |   PMC0  |       714138 |            0 |            0 |            0 |            0 |            0 |            0 |            0 |            0 |            0 |            0 |            0 |            0 |            0 |            0 |            0 |            0 |            0 |            0 |
|    FP_ARITH_INST_RETIRED_SCALAR_DOUBLE   |   PMC1  |  50123790000 |  51122240000 |  51665920000 |  50785090000 |  50366390000 |  49955880000 |  50140760000 |  49843550000 |  49237880000 |  49045310000 |  49136420000 |  49704800000 |  49999000000 |  49798490000 |  50153210000 |  50588800000 |  51419620000 |  50883120000 |  50046080000 |
| FP_ARITH_INST_RETIRED_256B_PACKED_DOUBLE |   PMC2  |      1138324 |            0 |            0 |            0 |            0 |            0 |            0 |            0 |            0 |            0 |            0 |            0 |            0 |            0 |            0 |            0 |            0 |            0 |            0 |
| FP_ARITH_INST_RETIRED_512B_PACKED_DOUBLE |   PMC3  |     10452010 |            0 |            0 |            0 |            0 |            0 |            0 |            0 |            0 |            0 |            0 |            0 |            0 |            0 |            0 |            0 |            0 |            0 |            0 |
|               CAS_COUNT_RD               | MBOX0C0 |    683276500 |            0 |            0 |            0 |            0 |    685261500 |            0 |            0 |            0 |            0 |    687656400 |            0 |            0 |            0 |            0 |    572836000 |            0 |            0 |            0 |
|               CAS_COUNT_WR               | MBOX0C1 |    205964200 |            0 |            0 |            0 |            0 |    213453400 |            0 |            0 |            0 |            0 |    196158200 |            0 |            0 |            0 |            0 |    145744400 |            0 |            0 |            0 |
|               CAS_COUNT_RD               | MBOX1C0 |    687253800 |            0 |            0 |            0 |            0 |    684928500 |            0 |            0 |            0 |            0 |    688469800 |            0 |            0 |            0 |            0 |    572930600 |            0 |            0 |            0 |
|               CAS_COUNT_WR               | MBOX1C1 |    206979700 |            0 |            0 |            0 |            0 |    213121600 |            0 |            0 |            0 |            0 |    196980700 |            0 |            0 |            0 |            0 |    145702400 |            0 |            0 |            0 |
|               CAS_COUNT_RD               | MBOX2C0 |    691194200 |            0 |            0 |            0 |            0 |    685372700 |            0 |            0 |            0 |            0 |    687821600 |            0 |            0 |            0 |            0 |    573045600 |            0 |            0 |            0 |
|               CAS_COUNT_WR               | MBOX2C1 |    208350900 |            0 |            0 |            0 |            0 |    213458600 |            0 |            0 |            0 |            0 |    196627900 |            0 |            0 |            0 |            0 |    145705600 |            0 |            0 |            0 |
|               CAS_COUNT_RD               | MBOX3C0 |    696308900 |            0 |            0 |            0 |            0 |    683481200 |            0 |            0 |            0 |            0 |    687855000 |            0 |            0 |            0 |            0 |    570340400 |            0 |            0 |            0 |
|               CAS_COUNT_WR               | MBOX3C1 |    209519300 |            0 |            0 |            0 |            0 |    212226900 |            0 |            0 |            0 |            0 |    197458500 |            0 |            0 |            0 |            0 |    144771900 |            0 |            0 |            0 |
|               CAS_COUNT_RD               | MBOX4C0 |    683350500 |            0 |            0 |            0 |            0 |    683273400 |            0 |            0 |            0 |            0 |    686002800 |            0 |            0 |            0 |            0 |    570096500 |            0 |            0 |            0 |
|               CAS_COUNT_WR               | MBOX4C1 |    205676000 |            0 |            0 |            0 |            0 |    212183000 |            0 |            0 |            0 |            0 |    195188200 |            0 |            0 |            0 |            0 |    144772100 |            0 |            0 |            0 |
|               CAS_COUNT_RD               | MBOX5C0 |    686330900 |            0 |            0 |            0 |            0 |    683162500 |            0 |            0 |            0 |            0 |    688692500 |            0 |            0 |            0 |            0 |    570317100 |            0 |            0 |            0 |
|               CAS_COUNT_WR               | MBOX5C1 |    206189100 |            0 |            0 |            0 |            0 |    212120600 |            0 |            0 |            0 |            0 |    197932500 |            0 |            0 |            0 |            0 |    144870600 |            0 |            0 |            0 |
+------------------------------------------+---------+--------------+--------------+--------------+--------------+--------------+--------------+--------------+--------------+--------------+--------------+--------------+--------------+--------------+--------------+--------------+--------------+--------------+--------------+--------------+
+-----------------------------------------------+---------+---------------+--------------+--------------+--------------+
|                     Event                     | Counter |      Sum      |      Min     |      Max     |      Avg     |
+-----------------------------------------------+---------+---------------+--------------+--------------+--------------+
|             INSTR_RETIRED_ANY STAT            |  FIXC0  | 3541964800000 | 184019100000 | 194907500000 | 186419200000 |
|           CPU_CLK_UNHALTED_CORE STAT          |  FIXC1  | 1736328130000 |  83098060000 |  92848650000 | 9.138569e+10 |
|           CPU_CLK_UNHALTED_REF STAT           |  FIXC2  | 2376388800000 | 113714500000 | 127057800000 | 1.250731e+11 |
|              PWR_PKG_ENERGY STAT              |   PWR0  |     9072.8420 |            0 |    2437.5100 |     477.5180 |
|              PWR_DRAM_ENERGY STAT             |   PWR3  |     1420.0732 |            0 |     378.4017 |      74.7407 |
| FP_ARITH_INST_RETIRED_128B_PACKED_DOUBLE STAT |   PMC0  |        714138 |            0 |       714138 |   37586.2105 |
|    FP_ARITH_INST_RETIRED_SCALAR_DOUBLE STAT   |   PMC1  |  954016350000 |  49045310000 |  51665920000 | 5.021139e+10 |
| FP_ARITH_INST_RETIRED_256B_PACKED_DOUBLE STAT |   PMC2  |       1138324 |            0 |      1138324 |   59911.7895 |
| FP_ARITH_INST_RETIRED_512B_PACKED_DOUBLE STAT |   PMC3  |      10452010 |            0 |     10452010 |  550105.7895 |
|               CAS_COUNT_RD STAT               | MBOX0C0 |    2629030400 |            0 |    687656400 | 1.383700e+08 |
|               CAS_COUNT_WR STAT               | MBOX0C1 |     761320200 |            0 |    213453400 | 4.006948e+07 |
|               CAS_COUNT_RD STAT               | MBOX1C0 |    2633582700 |            0 |    688469800 | 1.386096e+08 |
|               CAS_COUNT_WR STAT               | MBOX1C1 |     762784400 |            0 |    213121600 | 4.014655e+07 |
|               CAS_COUNT_RD STAT               | MBOX2C0 |    2637434100 |            0 |    691194200 | 1.388123e+08 |
|               CAS_COUNT_WR STAT               | MBOX2C1 |     764143000 |            0 |    213458600 | 4.021805e+07 |
|               CAS_COUNT_RD STAT               | MBOX3C0 |    2637985500 |            0 |    696308900 | 1.388413e+08 |
|               CAS_COUNT_WR STAT               | MBOX3C1 |     763976600 |            0 |    212226900 | 4.020929e+07 |
|               CAS_COUNT_RD STAT               | MBOX4C0 |    2622723200 |            0 |    686002800 | 1.380381e+08 |
|               CAS_COUNT_WR STAT               | MBOX4C1 |     757819300 |            0 |    212183000 | 3.988523e+07 |
|               CAS_COUNT_RD STAT               | MBOX5C0 |    2628503000 |            0 |    688692500 | 1.383423e+08 |
|               CAS_COUNT_WR STAT               | MBOX5C1 |     761112800 |            0 |    212120600 | 4.005857e+07 |
+-----------------------------------------------+---------+---------------+--------------+--------------+--------------+
+-----------------------------------+-----------+-----------+-----------+-----------+-----------+-----------+-----------+-----------+-----------+-----------+-----------+-----------+-----------+-----------+-----------+-----------+-----------+-----------+-----------+
|               Metric              |   Core 0  |   Core 1  |   Core 2  |   Core 3  |   Core 4  |  Core 14  |  Core 15  |  Core 16  |  Core 17  |  Core 18  |  Core 28  |  Core 29  |  Core 30  |  Core 31  |  Core 32  |  Core 42  |  Core 43  |  Core 44  |  Core 45  |
+-----------------------------------+-----------+-----------+-----------+-----------+-----------+-----------+-----------+-----------+-----------+-----------+-----------+-----------+-----------+-----------+-----------+-----------+-----------+-----------+-----------+
|        Runtime (RDTSC) [s]        |   51.8644 |   51.8669 |   51.8669 |   51.8669 |   51.8669 |   51.8644 |   51.8669 |   51.8669 |   51.8669 |   51.8669 |   51.8644 |   51.8669 |   51.8669 |   51.8669 |   51.8669 |   51.8644 |   51.8669 |   51.8669 |   51.8669 |
|        Runtime unhalted [s]       |   32.0379 |   34.8361 |   35.2701 |   35.6541 |   35.7972 |   35.7045 |   35.7072 |   35.7063 |   35.7031 |   35.6484 |   35.6874 |   35.7277 |   35.6994 |   35.6950 |   35.2870 |   34.8125 |   34.8171 |   34.8127 |   34.8258 |
|            Clock [MHz]            | 1895.4052 | 1895.4013 | 1895.4037 | 1895.4016 | 1895.4018 | 1895.1102 | 1895.1077 | 1895.1061 | 1895.1055 | 1895.1031 | 1895.1653 | 1895.1569 | 1895.1621 | 1895.1630 | 1895.1589 | 1894.8320 | 1894.8210 | 1894.8250 | 1894.8380 |
|                CPI                |    0.4263 |    0.4803 |    0.4847 |    0.4934 |    0.4980 |    0.5012 |    0.4993 |    0.4986 |    0.5005 |    0.5025 |    0.5013 |    0.5004 |    0.5004 |    0.5025 |    0.4931 |    0.4842 |    0.4814 |    0.4831 |    0.4866 |
|             Energy [J]            | 2437.5100 |         0 |         0 |         0 |         0 | 2176.2750 |         0 |         0 |         0 |         0 | 2342.9700 |         0 |         0 |         0 |         0 | 2116.0870 |         0 |         0 |         0 |
|             Power [W]             |   46.9977 |         0 |         0 |         0 |         0 |   41.9608 |         0 |         0 |         0 |         0 |   45.1749 |         0 |         0 |         0 |         0 |   40.8004 |         0 |         0 |         0 |
|          Energy DRAM [J]          |  373.7790 |         0 |         0 |         0 |         0 |  378.4017 |         0 |         0 |         0 |         0 |  336.4500 |         0 |         0 |         0 |         0 |  331.4425 |         0 |         0 |         0 |
|           Power DRAM [W]          |    7.2068 |         0 |         0 |         0 |         0 |    7.2960 |         0 |         0 |         0 |         0 |    6.4871 |         0 |         0 |         0 |         0 |    6.3906 |         0 |         0 |         0 |
|            DP [MFLOP/s]           |  968.1660 |  985.6425 |  996.1247 |  979.1422 |  971.0696 |  963.2014 |  966.7198 |  960.9896 |  949.3122 |  945.5994 |  947.4013 |  958.3145 |  963.9867 |  960.1208 |  966.9599 |  975.4045 |  991.3764 |  981.0326 |  964.8944 |
|          AVX DP [MFLOP/s]         |    1.7000 |         0 |         0 |         0 |         0 |         0 |         0 |         0 |         0 |         0 |         0 |         0 |         0 |         0 |         0 |         0 |         0 |         0 |         0 |
|          Packed [MUOPS/s]         |    0.2372 |         0 |         0 |         0 |         0 |         0 |         0 |         0 |         0 |         0 |         0 |         0 |         0 |         0 |         0 |         0 |         0 |         0 |         0 |
|          Scalar [MUOPS/s]         |  966.4385 |  985.6425 |  996.1247 |  979.1422 |  971.0696 |  963.2014 |  966.7198 |  960.9896 |  949.3122 |  945.5994 |  947.4013 |  958.3145 |  963.9867 |  960.1208 |  966.9599 |  975.4045 |  991.3764 |  981.0326 |  964.8944 |
|  Memory read bandwidth [MBytes/s] | 5093.5428 |         0 |         0 |         0 |         0 | 5066.1071 |         0 |         0 |         0 |         0 | 5092.0434 |         0 |         0 |         0 |         0 | 4232.0380 |         0 |         0 |         0 |
|  Memory read data volume [GBytes] |  264.1737 |         0 |         0 |         0 |         0 |  262.7507 |         0 |         0 |         0 |         0 |  264.0959 |         0 |         0 |         0 |         0 |  219.4922 |         0 |         0 |         0 |
| Memory write bandwidth [MBytes/s] | 1533.4489 |         0 |         0 |         0 |         0 | 1575.2630 |         0 |         0 |         0 |         0 | 1456.5312 |         0 |         0 |         0 |         0 | 1075.5018 |         0 |         0 |         0 |
| Memory write data volume [GBytes] |   79.5315 |         0 |         0 |         0 |         0 |   81.7001 |         0 |         0 |         0 |         0 |   75.5421 |         0 |         0 |         0 |         0 |   55.7803 |         0 |         0 |         0 |
|    Memory bandwidth [MBytes/s]    | 6626.9918 |         0 |         0 |         0 |         0 | 6641.3701 |         0 |         0 |         0 |         0 | 6548.5746 |         0 |         0 |         0 |         0 | 5307.5398 |         0 |         0 |         0 |
|    Memory data volume [GBytes]    |  343.7052 |         0 |         0 |         0 |         0 |  344.4508 |         0 |         0 |         0 |         0 |  339.6380 |         0 |         0 |         0 |         0 |  275.2725 |         0 |         0 |         0 |
|       Operational intensity       |    0.1461 |    0.1487 |    0.1503 |    0.1478 |    0.1465 |    0.1450 |    0.1456 |    0.1447 |    0.1429 |    0.1424 |    0.1447 |    0.1463 |    0.1472 |    0.1466 |    0.1477 |    0.1838 |    0.1868 |    0.1848 |    0.1818 |
+-----------------------------------+-----------+-----------+-----------+-----------+-----------+-----------+-----------+-----------+-----------+-----------+-----------+-----------+-----------+-----------+-----------+-----------+-----------+-----------+-----------+
+----------------------------------------+------------+-----------+-----------+-----------+
|                 Metric                 |     Sum    |    Min    |    Max    |    Avg    |
+----------------------------------------+------------+-----------+-----------+-----------+
|        Runtime (RDTSC) [s] STAT        |   985.4611 |   51.8644 |   51.8669 |   51.8664 |
|        Runtime unhalted [s] STAT       |   669.4295 |   32.0379 |   35.7972 |   35.2331 |
|            Clock [MHz] STAT            | 36007.6684 | 1894.8210 | 1895.4052 | 1895.1404 |
|                CPI STAT                |     9.3178 |    0.4263 |    0.5025 |    0.4904 |
|             Energy [J] STAT            |  9072.8420 |         0 | 2437.5100 |  477.5180 |
|             Power [W] STAT             |   174.9338 |         0 |   46.9977 |    9.2070 |
|          Energy DRAM [J] STAT          |  1420.0732 |         0 |  378.4017 |   74.7407 |
|           Power DRAM [W] STAT          |    27.3805 |         0 |    7.2960 |    1.4411 |
|            DP [MFLOP/s] STAT           | 18395.4585 |  945.5994 |  996.1247 |  968.1820 |
|          AVX DP [MFLOP/s] STAT         |     1.7000 |         0 |    1.7000 |    0.0895 |
|          Packed [MUOPS/s] STAT         |     0.2372 |         0 |    0.2372 |    0.0125 |
|          Scalar [MUOPS/s] STAT         | 18393.7310 |  945.5994 |  996.1247 |  968.0911 |
|  Memory read bandwidth [MBytes/s] STAT | 19483.7313 |         0 | 5093.5428 | 1025.4595 |
|  Memory read data volume [GBytes] STAT |  1010.5125 |         0 |  264.1737 |   53.1849 |
| Memory write bandwidth [MBytes/s] STAT |  5640.7449 |         0 | 1575.2630 |  296.8813 |
| Memory write data volume [GBytes] STAT |   292.5540 |         0 |   81.7001 |   15.3976 |
|    Memory bandwidth [MBytes/s] STAT    | 25124.4763 |         0 | 6641.3701 | 1322.3409 |
|    Memory data volume [GBytes] STAT    |  1303.0665 |         0 |  344.4508 |   68.5824 |
|       Operational intensity STAT       |     2.9297 |    0.1424 |    0.1868 |    0.1542 |
+----------------------------------------+------------+-----------+-----------+-----------+
