--------------------------------------------------------------------------------
CPU name:	Intel(R) Xeon(R) Gold 6132 CPU @ 2.60GHz
CPU type:	Intel Skylake SP processor
CPU clock:	2.59 GHz
--------------------------------------------------------------------------------
Region Setup, Group 1: MEM_DP
+-------------------+----------+----------+----------+----------+----------+----------+----------+----------+----------+----------+----------+----------+----------+----------+----------+----------+----------+----------+----------+----------+
|    Region Info    |  Core 0  |  Core 1  |  Core 2  |  Core 3  |  Core 4  |  Core 14 |  Core 15 |  Core 16 |  Core 17 |  Core 18 |  Core 28 |  Core 29 |  Core 30 |  Core 31 |  Core 32 |  Core 42 |  Core 43 |  Core 44 |  Core 45 |  Core 46 |
+-------------------+----------+----------+----------+----------+----------+----------+----------+----------+----------+----------+----------+----------+----------+----------+----------+----------+----------+----------+----------+----------+
| RDTSC Runtime [s] | 6.564807 | 6.569297 | 6.569281 | 6.569299 | 6.569342 | 6.564758 | 6.569349 | 6.569310 | 6.569297 | 6.569287 | 6.564743 | 6.569373 | 6.569416 | 6.569415 | 6.569380 | 6.564751 | 6.569356 | 6.569431 | 6.569308 | 6.569271 |
|     call count    |        2 |        2 |        2 |        2 |        2 |        2 |        2 |        2 |        2 |        2 |        2 |        2 |        2 |        2 |        2 |        2 |        2 |        2 |        2 |        2 |
+-------------------+----------+----------+----------+----------+----------+----------+----------+----------+----------+----------+----------+----------+----------+----------+----------+----------+----------+----------+----------+----------+
+------------------------------------------+---------+------------+------------+------------+------------+------------+------------+------------+------------+------------+------------+------------+------------+------------+------------+------------+------------+------------+------------+------------+------------+
|                   Event                  | Counter |   Core 0   |   Core 1   |   Core 2   |   Core 3   |   Core 4   |   Core 14  |   Core 15  |   Core 16  |   Core 17  |   Core 18  |   Core 28  |   Core 29  |   Core 30  |   Core 31  |   Core 32  |   Core 42  |   Core 43  |   Core 44  |   Core 45  |   Core 46  |
+------------------------------------------+---------+------------+------------+------------+------------+------------+------------+------------+------------+------------+------------+------------+------------+------------+------------+------------+------------+------------+------------+------------+------------+
|             INSTR_RETIRED_ANY            |  FIXC0  | 4608844000 | 1724056000 | 1723504000 | 1723296000 | 1723218000 | 1705643000 | 1706560000 | 1706870000 | 1706384000 | 1703559000 | 1703255000 | 1702800000 | 1699636000 | 1697403000 | 1697055000 | 1701028000 | 1697873000 | 1696574000 | 1696999000 | 1701198000 |
|           CPU_CLK_UNHALTED_CORE          |  FIXC1  | 3199417000 | 1766445000 | 1776698000 | 1765332000 | 1776073000 | 1486542000 | 1500808000 | 1499438000 | 1503962000 | 1510682000 | 1509353000 | 1496906000 | 1507559000 | 1471772000 | 1471123000 | 1538043000 | 1561081000 | 1535511000 | 1546431000 | 1472299000 |
|           CPU_CLK_UNHALTED_REF           |  FIXC2  | 4381993000 | 2419886000 | 2434249000 | 2418413000 | 2433199000 | 2036489000 | 2056006000 | 2054146000 | 2060386000 | 2069597000 | 2067180000 | 2050365000 | 2064816000 | 2015884000 | 2014903000 | 2107482000 | 2139150000 | 2103976000 | 2119035000 | 2017525000 |
|              PWR_PKG_ENERGY              |   PWR0  |   233.8869 |          0 |          0 |          0 |          0 |   201.4151 |          0 |          0 |          0 |          0 |   216.8939 |          0 |          0 |          0 |          0 |   209.6902 |          0 |          0 |          0 |          0 |
|              PWR_DRAM_ENERGY             |   PWR3  |    36.0006 |          0 |          0 |          0 |          0 |    26.1006 |          0 |          0 |          0 |          0 |    19.2973 |          0 |          0 |          0 |          0 |    25.5409 |          0 |          0 |          0 |          0 |
| FP_ARITH_INST_RETIRED_128B_PACKED_DOUBLE |   PMC0  |     761098 |          0 |          0 |          0 |          0 |          0 |          0 |          0 |          0 |          0 |          0 |          0 |          0 |          0 |          0 |          0 |          0 |          0 |          0 |          0 |
|    FP_ARITH_INST_RETIRED_SCALAR_DOUBLE   |   PMC1  |  573398600 |  430751600 |  430652200 |  430744500 |  430624900 |  430576600 |  430479100 |  430579000 |  430446300 |  429586200 |  429585000 |  429584700 |  428647900 |  428641800 |  428588000 |  428642200 |  428489600 |  428514700 |  428461000 |  428519100 |
| FP_ARITH_INST_RETIRED_256B_PACKED_DOUBLE |   PMC2  |     402100 |          0 |          0 |          0 |          0 |          0 |          0 |          0 |          0 |          0 |          0 |          0 |          0 |          0 |          0 |          0 |          0 |          0 |          0 |          0 |
| FP_ARITH_INST_RETIRED_512B_PACKED_DOUBLE |   PMC3  |    8148557 |          0 |          0 |          0 |          0 |          0 |          0 |          0 |          0 |          0 |          0 |          0 |          0 |          0 |          0 |          0 |          0 |          0 |          0 |          0 |
|               CAS_COUNT_RD               | MBOX0C0 |   18291340 |          0 |          0 |          0 |          0 |    2242034 |          0 |          0 |          0 |          0 |    2258483 |          0 |          0 |          0 |          0 |    5301839 |          0 |          0 |          0 |          0 |
|               CAS_COUNT_WR               | MBOX0C1 |   26415220 |          0 |          0 |          0 |          0 |    2899002 |          0 |          0 |          0 |          0 |    2951548 |          0 |          0 |          0 |          0 |    4545033 |          0 |          0 |          0 |          0 |
|               CAS_COUNT_RD               | MBOX1C0 |   20530610 |          0 |          0 |          0 |          0 |    2261499 |          0 |          0 |          0 |          0 |    2254553 |          0 |          0 |          0 |          0 |    9768185 |          0 |          0 |          0 |          0 |
|               CAS_COUNT_WR               | MBOX1C1 |   26651900 |          0 |          0 |          0 |          0 |    2908696 |          0 |          0 |          0 |          0 |    2933703 |          0 |          0 |          0 |          0 |    9188788 |          0 |          0 |          0 |          0 |
|               CAS_COUNT_RD               | MBOX2C0 |   27023940 |          0 |          0 |          0 |          0 |    2264135 |          0 |          0 |          0 |          0 |    2301964 |          0 |          0 |          0 |          0 |    7711351 |          0 |          0 |          0 |          0 |
|               CAS_COUNT_WR               | MBOX2C1 |   27108680 |          0 |          0 |          0 |          0 |    2927095 |          0 |          0 |          0 |          0 |    3001304 |          0 |          0 |          0 |          0 |    6466804 |          0 |          0 |          0 |          0 |
|               CAS_COUNT_RD               | MBOX3C0 |   34517680 |          0 |          0 |          0 |          0 |    1965048 |          0 |          0 |          0 |          0 |    1979047 |          0 |          0 |          0 |          0 |   10216790 |          0 |          0 |          0 |          0 |
|               CAS_COUNT_WR               | MBOX3C1 |   27497250 |          0 |          0 |          0 |          0 |    2746953 |          0 |          0 |          0 |          0 |    2807953 |          0 |          0 |          0 |          0 |    9311391 |          0 |          0 |          0 |          0 |
|               CAS_COUNT_RD               | MBOX4C0 |   16511810 |          0 |          0 |          0 |          0 |    1967557 |          0 |          0 |          0 |          0 |    1991931 |          0 |          0 |          0 |          0 |    6067792 |          0 |          0 |          0 |          0 |
|               CAS_COUNT_WR               | MBOX4C1 |   25223810 |          0 |          0 |          0 |          0 |    2756600 |          0 |          0 |          0 |          0 |    2823861 |          0 |          0 |          0 |          0 |    5756382 |          0 |          0 |          0 |          0 |
|               CAS_COUNT_RD               | MBOX5C0 |   28753440 |          0 |          0 |          0 |          0 |    1961893 |          0 |          0 |          0 |          0 |    1993311 |          0 |          0 |          0 |          0 |   10933320 |          0 |          0 |          0 |          0 |
|               CAS_COUNT_WR               | MBOX5C1 |   28715180 |          0 |          0 |          0 |          0 |    2747542 |          0 |          0 |          0 |          0 |    2823547 |          0 |          0 |          0 |          0 |   10380980 |          0 |          0 |          0 |          0 |
+------------------------------------------+---------+------------+------------+------------+------------+------------+------------+------------+------------+------------+------------+------------+------------+------------+------------+------------+------------+------------+------------+------------+------------+
+-----------------------------------------------+---------+-------------+------------+------------+--------------+
|                     Event                     | Counter |     Sum     |     Min    |     Max    |      Avg     |
+-----------------------------------------------+---------+-------------+------------+------------+--------------+
|             INSTR_RETIRED_ANY STAT            |  FIXC0  | 37025755000 | 1696574000 | 4608844000 |   1851287750 |
|           CPU_CLK_UNHALTED_CORE STAT          |  FIXC1  | 32895475000 | 1471123000 | 3199417000 |   1644773750 |
|           CPU_CLK_UNHALTED_REF STAT           |  FIXC2  | 45064680000 | 2014903000 | 4381993000 |   2253234000 |
|              PWR_PKG_ENERGY STAT              |   PWR0  |    861.8861 |          0 |   233.8869 |      43.0943 |
|              PWR_DRAM_ENERGY STAT             |   PWR3  |    106.9394 |          0 |    36.0006 |       5.3470 |
| FP_ARITH_INST_RETIRED_128B_PACKED_DOUBLE STAT |   PMC0  |      761098 |          0 |     761098 |   38054.9000 |
|    FP_ARITH_INST_RETIRED_SCALAR_DOUBLE STAT   |   PMC1  |  8735513000 |  428461000 |  573398600 |    436775650 |
| FP_ARITH_INST_RETIRED_256B_PACKED_DOUBLE STAT |   PMC2  |      402100 |          0 |     402100 |        20105 |
| FP_ARITH_INST_RETIRED_512B_PACKED_DOUBLE STAT |   PMC3  |     8148557 |          0 |    8148557 |  407427.8500 |
|               CAS_COUNT_RD STAT               | MBOX0C0 |    28093696 |          0 |   18291340 | 1.404685e+06 |
|               CAS_COUNT_WR STAT               | MBOX0C1 |    36810803 |          0 |   26415220 | 1.840540e+06 |
|               CAS_COUNT_RD STAT               | MBOX1C0 |    34814847 |          0 |   20530610 | 1.740742e+06 |
|               CAS_COUNT_WR STAT               | MBOX1C1 |    41683087 |          0 |   26651900 | 2.084154e+06 |
|               CAS_COUNT_RD STAT               | MBOX2C0 |    39301390 |          0 |   27023940 | 1.965070e+06 |
|               CAS_COUNT_WR STAT               | MBOX2C1 |    39503883 |          0 |   27108680 | 1.975194e+06 |
|               CAS_COUNT_RD STAT               | MBOX3C0 |    48678565 |          0 |   34517680 | 2.433928e+06 |
|               CAS_COUNT_WR STAT               | MBOX3C1 |    42363547 |          0 |   27497250 | 2.118177e+06 |
|               CAS_COUNT_RD STAT               | MBOX4C0 |    26539090 |          0 |   16511810 | 1.326954e+06 |
|               CAS_COUNT_WR STAT               | MBOX4C1 |    36560653 |          0 |   25223810 | 1.828033e+06 |
|               CAS_COUNT_RD STAT               | MBOX5C0 |    43641964 |          0 |   28753440 | 2.182098e+06 |
|               CAS_COUNT_WR STAT               | MBOX5C1 |    44667249 |          0 |   28715180 | 2.233362e+06 |
+-----------------------------------------------+---------+-------------+------------+------------+--------------+
+-----------------------------------+-----------+-----------+-----------+-----------+-----------+-----------+-----------+-----------+-----------+-----------+-----------+-----------+-----------+-----------+-----------+-----------+-----------+-----------+-----------+-----------+
|               Metric              |   Core 0  |   Core 1  |   Core 2  |   Core 3  |   Core 4  |  Core 14  |  Core 15  |  Core 16  |  Core 17  |  Core 18  |  Core 28  |  Core 29  |  Core 30  |  Core 31  |  Core 32  |  Core 42  |  Core 43  |  Core 44  |  Core 45  |  Core 46  |
+-----------------------------------+-----------+-----------+-----------+-----------+-----------+-----------+-----------+-----------+-----------+-----------+-----------+-----------+-----------+-----------+-----------+-----------+-----------+-----------+-----------+-----------+
|        Runtime (RDTSC) [s]        |    6.5648 |    6.5693 |    6.5693 |    6.5693 |    6.5693 |    6.5648 |    6.5693 |    6.5693 |    6.5693 |    6.5693 |    6.5647 |    6.5694 |    6.5694 |    6.5694 |    6.5694 |    6.5648 |    6.5694 |    6.5694 |    6.5693 |    6.5693 |
|        Runtime unhalted [s]       |    1.2335 |    0.6810 |    0.6850 |    0.6806 |    0.6847 |    0.5731 |    0.5786 |    0.5781 |    0.5798 |    0.5824 |    0.5819 |    0.5771 |    0.5812 |    0.5674 |    0.5672 |    0.5930 |    0.6019 |    0.5920 |    0.5962 |    0.5676 |
|            Clock [MHz]            | 1893.7830 | 1893.3733 | 1893.1266 | 1893.3328 | 1893.2773 | 1893.3293 | 1893.3539 | 1893.3384 | 1893.2995 | 1893.2951 | 1893.8412 | 1893.6268 | 1893.7559 | 1893.6776 | 1893.7641 | 1892.9347 | 1892.8458 | 1892.9676 | 1892.8816 | 1892.8148 |
|                CPI                |    0.6942 |    1.0246 |    1.0309 |    1.0244 |    1.0307 |    0.8715 |    0.8794 |    0.8785 |    0.8814 |    0.8868 |    0.8862 |    0.8791 |    0.8870 |    0.8671 |    0.8669 |    0.9042 |    0.9194 |    0.9051 |    0.9113 |    0.8654 |
|             Energy [J]            |  233.8869 |         0 |         0 |         0 |         0 |  201.4151 |         0 |         0 |         0 |         0 |  216.8939 |         0 |         0 |         0 |         0 |  209.6902 |         0 |         0 |         0 |         0 |
|             Power [W]             |   35.6274 |         0 |         0 |         0 |         0 |   30.6813 |         0 |         0 |         0 |         0 |   33.0392 |         0 |         0 |         0 |         0 |   31.9418 |         0 |         0 |         0 |         0 |
|          Energy DRAM [J]          |   36.0006 |         0 |         0 |         0 |         0 |   26.1006 |         0 |         0 |         0 |         0 |   19.2973 |         0 |         0 |         0 |         0 |   25.5409 |         0 |         0 |         0 |         0 |
|           Power DRAM [W]          |    5.4839 |         0 |         0 |         0 |         0 |    3.9759 |         0 |         0 |         0 |         0 |    2.9395 |         0 |         0 |         0 |         0 |    3.8906 |         0 |         0 |         0 |         0 |
|            DP [MFLOP/s]           |   97.7512 |   65.5704 |   65.5555 |   65.5693 |   65.5507 |   65.5891 |   65.5284 |   65.5440 |   65.5240 |   65.3931 |   65.4382 |   65.3920 |   65.2490 |   65.2481 |   65.2403 |   65.2945 |   65.2255 |   65.2286 |   65.2216 |   65.2308 |
|          AVX DP [MFLOP/s]         |   10.1750 |         0 |         0 |         0 |         0 |         0 |         0 |         0 |         0 |         0 |         0 |         0 |         0 |         0 |         0 |         0 |         0 |         0 |         0 |         0 |
|          Packed [MUOPS/s]         |    1.4184 |         0 |         0 |         0 |         0 |         0 |         0 |         0 |         0 |         0 |         0 |         0 |         0 |         0 |         0 |         0 |         0 |         0 |         0 |         0 |
|          Scalar [MUOPS/s]         |   87.3443 |   65.5704 |   65.5555 |   65.5693 |   65.5507 |   65.5891 |   65.5284 |   65.5440 |   65.5240 |   65.3931 |   65.4382 |   65.3920 |   65.2490 |   65.2481 |   65.2403 |   65.2945 |   65.2255 |   65.2286 |   65.2216 |   65.2308 |
|  Memory read bandwidth [MBytes/s] | 1419.7286 |         0 |         0 |         0 |         0 |  123.4438 |         0 |         0 |         0 |         0 |  124.5859 |         0 |         0 |         0 |         0 |  487.4448 |         0 |         0 |         0 |         0 |
|  Memory read data volume [GBytes] |    9.3202 |         0 |         0 |         0 |         0 |    0.8104 |         0 |         0 |         0 |         0 |    0.8179 |         0 |         0 |         0 |         0 |    3.2000 |         0 |         0 |         0 |         0 |
| Memory write bandwidth [MBytes/s] | 1575.5483 |         0 |         0 |         0 |         0 |  165.5959 |         0 |         0 |         0 |         0 |  169.0672 |         0 |         0 |         0 |         0 |  445.0375 |         0 |         0 |         0 |         0 |
| Memory write data volume [GBytes] |   10.3432 |         0 |         0 |         0 |         0 |    1.0871 |         0 |         0 |         0 |         0 |    1.1099 |         0 |         0 |         0 |         0 |    2.9216 |         0 |         0 |         0 |         0 |
|    Memory bandwidth [MBytes/s]    | 2995.2769 |         0 |         0 |         0 |         0 |  289.0397 |         0 |         0 |         0 |         0 |  293.6531 |         0 |         0 |         0 |         0 |  932.4823 |         0 |         0 |         0 |         0 |
|    Memory data volume [GBytes]    |   19.6634 |         0 |         0 |         0 |         0 |    1.8975 |         0 |         0 |         0 |         0 |    1.9278 |         0 |         0 |         0 |         0 |    6.1215 |         0 |         0 |         0 |         0 |
|       Operational intensity       |    0.0326 |    0.0219 |    0.0219 |    0.0219 |    0.0219 |    0.2269 |    0.2269 |    0.2269 |    0.2269 |    0.2264 |    0.2228 |    0.2228 |    0.2224 |    0.2224 |    0.2223 |    0.0700 |    0.0700 |    0.0700 |    0.0700 |    0.0700 |
+-----------------------------------+-----------+-----------+-----------+-----------+-----------+-----------+-----------+-----------+-----------+-----------+-----------+-----------+-----------+-----------+-----------+-----------+-----------+-----------+-----------+-----------+
+----------------------------------------+------------+-----------+-----------+-----------+
|                 Metric                 |     Sum    |    Min    |    Max    |    Avg    |
+----------------------------------------+------------+-----------+-----------+-----------+
|        Runtime (RDTSC) [s] STAT        |   131.3685 |    6.5647 |    6.5694 |    6.5684 |
|        Runtime unhalted [s] STAT       |    12.6823 |    0.5672 |    1.2335 |    0.6341 |
|            Clock [MHz] STAT            | 37866.6193 | 1892.8148 | 1893.8412 | 1893.3310 |
|                CPI STAT                |    18.0941 |    0.6942 |    1.0309 |    0.9047 |
|             Energy [J] STAT            |   861.8861 |         0 |  233.8869 |   43.0943 |
|             Power [W] STAT             |   131.2897 |         0 |   35.6274 |    6.5645 |
|          Energy DRAM [J] STAT          |   106.9394 |         0 |   36.0006 |    5.3470 |
|           Power DRAM [W] STAT          |    16.2899 |         0 |    5.4839 |    0.8145 |
|            DP [MFLOP/s] STAT           |  1340.3443 |   65.2216 |   97.7512 |   67.0172 |
|          AVX DP [MFLOP/s] STAT         |    10.1750 |         0 |   10.1750 |    0.5088 |
|          Packed [MUOPS/s] STAT         |     1.4184 |         0 |    1.4184 |    0.0709 |
|          Scalar [MUOPS/s] STAT         |  1329.9374 |   65.2216 |   87.3443 |   66.4969 |
|  Memory read bandwidth [MBytes/s] STAT |  2155.2031 |         0 | 1419.7286 |  107.7602 |
|  Memory read data volume [GBytes] STAT |    14.1485 |         0 |    9.3202 |    0.7074 |
| Memory write bandwidth [MBytes/s] STAT |  2355.2489 |         0 | 1575.5483 |  117.7624 |
| Memory write data volume [GBytes] STAT |    15.4618 |         0 |   10.3432 |    0.7731 |
|    Memory bandwidth [MBytes/s] STAT    |  4510.4520 |         0 | 2995.2769 |  225.5226 |
|    Memory data volume [GBytes] STAT    |    29.6102 |         0 |   19.6634 |    1.4805 |
|       Operational intensity STAT       |     2.7169 |    0.0219 |    0.2269 |    0.1358 |
+----------------------------------------+------------+-----------+-----------+-----------+
--------------------------------------------------------------------------------
CPU name:	Intel(R) Xeon(R) Gold 6132 CPU @ 2.60GHz
CPU type:	Intel Skylake SP processor
CPU clock:	2.59 GHz
--------------------------------------------------------------------------------
Region Solve, Group 1: MEM_DP
+-------------------+-----------+-----------+-----------+-----------+-----------+-----------+-----------+-----------+-----------+-----------+-----------+-----------+-----------+-----------+-----------+-----------+-----------+-----------+-----------+-----------+
|    Region Info    |   Core 0  |   Core 1  |   Core 2  |   Core 3  |   Core 4  |  Core 14  |  Core 15  |  Core 16  |  Core 17  |  Core 18  |  Core 28  |  Core 29  |  Core 30  |  Core 31  |  Core 32  |  Core 42  |  Core 43  |  Core 44  |  Core 45  |  Core 46  |
+-------------------+-----------+-----------+-----------+-----------+-----------+-----------+-----------+-----------+-----------+-----------+-----------+-----------+-----------+-----------+-----------+-----------+-----------+-----------+-----------+-----------+
| RDTSC Runtime [s] | 49.834560 | 49.837040 | 49.837040 | 49.837040 | 49.837030 | 49.834560 | 49.837030 | 49.837030 | 49.837040 | 49.837040 | 49.834560 | 49.837030 | 49.837020 | 49.837030 | 49.837030 | 49.834570 | 49.837030 | 49.837030 | 49.837030 | 49.837030 |
|     call count    |         1 |         1 |         1 |         1 |         1 |         1 |         1 |         1 |         1 |         1 |         1 |         1 |         1 |         1 |         1 |         1 |         1 |         1 |         1 |         1 |
+-------------------+-----------+-----------+-----------+-----------+-----------+-----------+-----------+-----------+-----------+-----------+-----------+-----------+-----------+-----------+-----------+-----------+-----------+-----------+-----------+-----------+
+------------------------------------------+---------+--------------+--------------+--------------+--------------+--------------+--------------+--------------+--------------+--------------+--------------+--------------+--------------+--------------+--------------+--------------+--------------+--------------+--------------+--------------+--------------+
|                   Event                  | Counter |    Core 0    |    Core 1    |    Core 2    |    Core 3    |    Core 4    |    Core 14   |    Core 15   |    Core 16   |    Core 17   |    Core 18   |    Core 28   |    Core 29   |    Core 30   |    Core 31   |    Core 32   |    Core 42   |    Core 43   |    Core 44   |    Core 45   |    Core 46   |
+------------------------------------------+---------+--------------+--------------+--------------+--------------+--------------+--------------+--------------+--------------+--------------+--------------+--------------+--------------+--------------+--------------+--------------+--------------+--------------+--------------+--------------+--------------+
|             INSTR_RETIRED_ANY            |  FIXC0  | 185425300000 | 178550900000 | 179361700000 | 178728500000 | 177506900000 | 175884900000 | 176108500000 | 176885200000 | 176081400000 | 175161900000 | 175220400000 | 175733100000 | 176234300000 | 175399900000 | 175123200000 | 176464000000 | 177341900000 | 177996200000 | 177289800000 | 176138800000 |
|           CPU_CLK_UNHALTED_CORE          |  FIXC1  |  79415640000 |  86766700000 |  87689710000 |  88717510000 |  88988270000 |  88784470000 |  88775350000 |  88773330000 |  88773010000 |  88765280000 |  88785860000 |  88766430000 |  88791520000 |  88771550000 |  88770620000 |  87347870000 |  86697930000 |  86692210000 |  86696200000 |  86793280000 |
|           CPU_CLK_UNHALTED_REF           |  FIXC2  | 108674600000 | 118734500000 | 119997600000 | 121404000000 | 121774400000 | 121516000000 | 121503500000 | 121501000000 | 121500300000 | 121490000000 | 121516100000 | 121489900000 | 121523700000 | 121496500000 | 121495200000 | 119567000000 | 118677900000 | 118669900000 | 118675200000 | 118807600000 |
|              PWR_PKG_ENERGY              |   PWR0  |    2369.7370 |            0 |            0 |            0 |            0 |    2107.4130 |            0 |            0 |            0 |            0 |    2273.6500 |            0 |            0 |            0 |            0 |    2150.1780 |            0 |            0 |            0 |            0 |
|              PWR_DRAM_ENERGY             |   PWR3  |     358.2735 |            0 |            0 |            0 |            0 |     360.9773 |            0 |            0 |            0 |            0 |     318.5000 |            0 |            0 |            0 |            0 |     342.9639 |            0 |            0 |            0 |            0 |
| FP_ARITH_INST_RETIRED_128B_PACKED_DOUBLE |   PMC0  |       714138 |            0 |            0 |            0 |            0 |            0 |            0 |            0 |            0 |            0 |            0 |            0 |            0 |            0 |            0 |            0 |            0 |            0 |            0 |            0 |
|    FP_ARITH_INST_RETIRED_SCALAR_DOUBLE   |   PMC1  |  47559270000 |  48449920000 |  49102540000 |  48510460000 |  47938400000 |  47557990000 |  47611330000 |  47674290000 |  46940850000 |  46649410000 |  46667600000 |  46852360000 |  47479770000 |  47379670000 |  47320990000 |  47653280000 |  48192000000 |  48808290000 |  48197280000 |  47470650000 |
| FP_ARITH_INST_RETIRED_256B_PACKED_DOUBLE |   PMC2  |      1138324 |            0 |            0 |            0 |            0 |            0 |            0 |            0 |            0 |            0 |            0 |            0 |            0 |            0 |            0 |            0 |            0 |            0 |            0 |            0 |
| FP_ARITH_INST_RETIRED_512B_PACKED_DOUBLE |   PMC3  |     10452010 |            0 |            0 |            0 |            0 |            0 |            0 |            0 |            0 |            0 |            0 |            0 |            0 |            0 |            0 |            0 |            0 |            0 |            0 |            0 |
|               CAS_COUNT_RD               | MBOX0C0 |    657251900 |            0 |            0 |            0 |            0 |    647375000 |            0 |            0 |            0 |            0 |    649631600 |            0 |            0 |            0 |            0 |    676304800 |            0 |            0 |            0 |            0 |
|               CAS_COUNT_WR               | MBOX0C1 |    203190500 |            0 |            0 |            0 |            0 |    204819000 |            0 |            0 |            0 |            0 |    188443200 |            0 |            0 |            0 |            0 |    173366700 |            0 |            0 |            0 |            0 |
|               CAS_COUNT_RD               | MBOX1C0 |    659695600 |            0 |            0 |            0 |            0 |    646904000 |            0 |            0 |            0 |            0 |    649435400 |            0 |            0 |            0 |            0 |    679691000 |            0 |            0 |            0 |            0 |
|               CAS_COUNT_WR               | MBOX1C1 |    204001800 |            0 |            0 |            0 |            0 |    204605500 |            0 |            0 |            0 |            0 |    188351300 |            0 |            0 |            0 |            0 |    176453400 |            0 |            0 |            0 |            0 |
|               CAS_COUNT_RD               | MBOX2C0 |    663981900 |            0 |            0 |            0 |            0 |    647040900 |            0 |            0 |            0 |            0 |    649378400 |            0 |            0 |            0 |            0 |    678469200 |            0 |            0 |            0 |            0 |
|               CAS_COUNT_WR               | MBOX2C1 |    204235500 |            0 |            0 |            0 |            0 |    204636100 |            0 |            0 |            0 |            0 |    188400900 |            0 |            0 |            0 |            0 |    174755800 |            0 |            0 |            0 |            0 |
|               CAS_COUNT_RD               | MBOX3C0 |    668322800 |            0 |            0 |            0 |            0 |    645314200 |            0 |            0 |            0 |            0 |    647610100 |            0 |            0 |            0 |            0 |    676997400 |            0 |            0 |            0 |            0 |
|               CAS_COUNT_WR               | MBOX3C1 |    204208700 |            0 |            0 |            0 |            0 |    203646700 |            0 |            0 |            0 |            0 |    187246900 |            0 |            0 |            0 |            0 |    175444000 |            0 |            0 |            0 |            0 |
|               CAS_COUNT_RD               | MBOX4C0 |    656002600 |            0 |            0 |            0 |            0 |    645467500 |            0 |            0 |            0 |            0 |    647929700 |            0 |            0 |            0 |            0 |    673572400 |            0 |            0 |            0 |            0 |
|               CAS_COUNT_WR               | MBOX4C1 |    202657800 |            0 |            0 |            0 |            0 |    203713800 |            0 |            0 |            0 |            0 |    187370400 |            0 |            0 |            0 |            0 |    173153000 |            0 |            0 |            0 |            0 |
|               CAS_COUNT_RD               | MBOX5C0 |    664795800 |            0 |            0 |            0 |            0 |    645416800 |            0 |            0 |            0 |            0 |    647709600 |            0 |            0 |            0 |            0 |    677874500 |            0 |            0 |            0 |            0 |
|               CAS_COUNT_WR               | MBOX5C1 |    205196500 |            0 |            0 |            0 |            0 |    203880200 |            0 |            0 |            0 |            0 |    187230200 |            0 |            0 |            0 |            0 |    176231700 |            0 |            0 |            0 |            0 |
+------------------------------------------+---------+--------------+--------------+--------------+--------------+--------------+--------------+--------------+--------------+--------------+--------------+--------------+--------------+--------------+--------------+--------------+--------------+--------------+--------------+--------------+--------------+
+-----------------------------------------------+---------+---------------+--------------+--------------+--------------+
|                     Event                     | Counter |      Sum      |      Min     |      Max     |      Avg     |
+-----------------------------------------------+---------+---------------+--------------+--------------+--------------+
|             INSTR_RETIRED_ANY STAT            |  FIXC0  | 3542636800000 | 175123200000 | 185425300000 | 177131840000 |
|           CPU_CLK_UNHALTED_CORE STAT          |  FIXC1  | 1753562740000 |  79415640000 |  88988270000 |  87678137000 |
|           CPU_CLK_UNHALTED_REF STAT           |  FIXC2  | 2400014900000 | 108674600000 | 121774400000 | 120000745000 |
|              PWR_PKG_ENERGY STAT              |   PWR0  |     8900.9780 |            0 |    2369.7370 |     445.0489 |
|              PWR_DRAM_ENERGY STAT             |   PWR3  |     1380.7147 |            0 |     360.9773 |      69.0357 |
| FP_ARITH_INST_RETIRED_128B_PACKED_DOUBLE STAT |   PMC0  |        714138 |            0 |       714138 |   35706.9000 |
|    FP_ARITH_INST_RETIRED_SCALAR_DOUBLE STAT   |   PMC1  |  954016350000 |  46649410000 |  49102540000 |  47700817500 |
| FP_ARITH_INST_RETIRED_256B_PACKED_DOUBLE STAT |   PMC2  |       1138324 |            0 |      1138324 |   56916.2000 |
| FP_ARITH_INST_RETIRED_512B_PACKED_DOUBLE STAT |   PMC3  |      10452010 |            0 |     10452010 |  522600.5000 |
|               CAS_COUNT_RD STAT               | MBOX0C0 |    2630563300 |            0 |    676304800 |    131528165 |
|               CAS_COUNT_WR STAT               | MBOX0C1 |     769819400 |            0 |    204819000 |     38490970 |
|               CAS_COUNT_RD STAT               | MBOX1C0 |    2635726000 |            0 |    679691000 |    131786300 |
|               CAS_COUNT_WR STAT               | MBOX1C1 |     773412000 |            0 |    204605500 |     38670600 |
|               CAS_COUNT_RD STAT               | MBOX2C0 |    2638870400 |            0 |    678469200 |    131943520 |
|               CAS_COUNT_WR STAT               | MBOX2C1 |     772028300 |            0 |    204636100 |     38601415 |
|               CAS_COUNT_RD STAT               | MBOX3C0 |    2638244500 |            0 |    676997400 |    131912225 |
|               CAS_COUNT_WR STAT               | MBOX3C1 |     770546300 |            0 |    204208700 |     38527315 |
|               CAS_COUNT_RD STAT               | MBOX4C0 |    2622972200 |            0 |    673572400 |    131148610 |
|               CAS_COUNT_WR STAT               | MBOX4C1 |     766895000 |            0 |    203713800 |     38344750 |
|               CAS_COUNT_RD STAT               | MBOX5C0 |    2635796700 |            0 |    677874500 |    131789835 |
|               CAS_COUNT_WR STAT               | MBOX5C1 |     772538600 |            0 |    205196500 |     38626930 |
+-----------------------------------------------+---------+---------------+--------------+--------------+--------------+
+-----------------------------------+-----------+-----------+-----------+-----------+-----------+-----------+-----------+-----------+-----------+-----------+-----------+-----------+-----------+-----------+-----------+-----------+-----------+-----------+-----------+-----------+
|               Metric              |   Core 0  |   Core 1  |   Core 2  |   Core 3  |   Core 4  |  Core 14  |  Core 15  |  Core 16  |  Core 17  |  Core 18  |  Core 28  |  Core 29  |  Core 30  |  Core 31  |  Core 32  |  Core 42  |  Core 43  |  Core 44  |  Core 45  |  Core 46  |
+-----------------------------------+-----------+-----------+-----------+-----------+-----------+-----------+-----------+-----------+-----------+-----------+-----------+-----------+-----------+-----------+-----------+-----------+-----------+-----------+-----------+-----------+
|        Runtime (RDTSC) [s]        |   49.8346 |   49.8370 |   49.8370 |   49.8370 |   49.8370 |   49.8346 |   49.8370 |   49.8370 |   49.8370 |   49.8370 |   49.8346 |   49.8370 |   49.8370 |   49.8370 |   49.8370 |   49.8346 |   49.8370 |   49.8370 |   49.8370 |   49.8370 |
|        Runtime unhalted [s]       |   30.6179 |   33.4520 |   33.8079 |   34.2041 |   34.3085 |   34.2299 |   34.2264 |   34.2256 |   34.2255 |   34.2225 |   34.2305 |   34.2230 |   34.2326 |   34.2249 |   34.2246 |   33.6761 |   33.4255 |   33.4233 |   33.4248 |   33.4622 |
|            Clock [MHz]            | 1895.4356 | 1895.4276 | 1895.4272 | 1895.4284 | 1895.4302 | 1895.1107 | 1895.1110 | 1895.1068 | 1895.1109 | 1895.1066 | 1895.1388 | 1895.1327 | 1895.1411 | 1895.1390 | 1895.1395 | 1894.8377 | 1894.8285 | 1894.8312 | 1894.8338 | 1894.8416 |
|                CPI                |    0.4283 |    0.4859 |    0.4889 |    0.4964 |    0.5013 |    0.5048 |    0.5041 |    0.5019 |    0.5042 |    0.5068 |    0.5067 |    0.5051 |    0.5038 |    0.5061 |    0.5069 |    0.4950 |    0.4889 |    0.4870 |    0.4890 |    0.4928 |
|             Energy [J]            | 2369.7370 |         0 |         0 |         0 |         0 | 2107.4130 |         0 |         0 |         0 |         0 | 2273.6500 |         0 |         0 |         0 |         0 | 2150.1780 |         0 |         0 |         0 |         0 |
|             Power [W]             |   47.5521 |         0 |         0 |         0 |         0 |   42.2882 |         0 |         0 |         0 |         0 |   45.6240 |         0 |         0 |         0 |         0 |   43.1463 |         0 |         0 |         0 |         0 |
|          Energy DRAM [J]          |  358.2735 |         0 |         0 |         0 |         0 |  360.9773 |         0 |         0 |         0 |         0 |  318.5000 |         0 |         0 |         0 |         0 |  342.9639 |         0 |         0 |         0 |         0 |
|           Power DRAM [W]          |    7.1893 |         0 |         0 |         0 |         0 |    7.2435 |         0 |         0 |         0 |         0 |    6.3911 |         0 |         0 |         0 |         0 |    6.8820 |         0 |         0 |         0 |         0 |
|            DP [MFLOP/s]           |  956.1410 |  972.1669 |  985.2620 |  973.3816 |  961.9032 |  954.3174 |  955.3404 |  956.6038 |  941.8868 |  936.0389 |  936.4505 |  940.1114 |  952.7008 |  950.6921 |  949.5146 |  956.2294 |  966.9918 |  979.3579 |  967.0978 |  952.5176 |
|          AVX DP [MFLOP/s]         |    1.7692 |         0 |         0 |         0 |         0 |         0 |         0 |         0 |         0 |         0 |         0 |         0 |         0 |         0 |         0 |         0 |         0 |         0 |         0 |         0 |
|          Packed [MUOPS/s]         |    0.2469 |         0 |         0 |         0 |         0 |         0 |         0 |         0 |         0 |         0 |         0 |         0 |         0 |         0 |         0 |         0 |         0 |         0 |         0 |         0 |
|          Scalar [MUOPS/s]         |  954.3431 |  972.1669 |  985.2620 |  973.3816 |  961.9032 |  954.3174 |  955.3404 |  956.6038 |  941.8868 |  936.0389 |  936.4505 |  940.1114 |  952.7008 |  950.6921 |  949.5146 |  956.2294 |  966.9918 |  979.3579 |  967.0978 |  952.5176 |
|  Memory read bandwidth [MBytes/s] | 5098.5348 |         0 |         0 |         0 |         0 | 4979.7004 |         0 |         0 |         0 |         0 | 4997.9064 |         0 |         0 |         0 |         0 | 5217.7875 |         0 |         0 |         0 |         0 |
|  Memory read data volume [GBytes] |  254.0832 |         0 |         0 |         0 |         0 |  248.1612 |         0 |         0 |         0 |         0 |  249.0685 |         0 |         0 |         0 |         0 |  260.0262 |         0 |         0 |         0 |         0 |
| Memory write bandwidth [MBytes/s] | 1571.2672 |         0 |         0 |         0 |         0 | 1573.5924 |         0 |         0 |         0 |         0 | 1447.4041 |         0 |         0 |         0 |         0 | 1347.6969 |         0 |         0 |         0 |         0 |
| Memory write data volume [GBytes] |   78.3034 |         0 |         0 |         0 |         0 |   78.4193 |         0 |         0 |         0 |         0 |   72.1307 |         0 |         0 |         0 |         0 |   67.1619 |         0 |         0 |         0 |         0 |
|    Memory bandwidth [MBytes/s]    | 6669.8020 |         0 |         0 |         0 |         0 | 6553.2928 |         0 |         0 |         0 |         0 | 6445.3105 |         0 |         0 |         0 |         0 | 6565.4844 |         0 |         0 |         0 |         0 |
|    Memory data volume [GBytes]    |  332.3866 |         0 |         0 |         0 |         0 |  326.5805 |         0 |         0 |         0 |         0 |  321.1992 |         0 |         0 |         0 |         0 |  327.1881 |         0 |         0 |         0 |         0 |
|       Operational intensity       |    0.1434 |    0.1458 |    0.1477 |    0.1459 |    0.1442 |    0.1456 |    0.1458 |    0.1460 |    0.1437 |    0.1428 |    0.1453 |    0.1459 |    0.1478 |    0.1475 |    0.1473 |    0.1456 |    0.1473 |    0.1492 |    0.1473 |    0.1451 |
+-----------------------------------+-----------+-----------+-----------+-----------+-----------+-----------+-----------+-----------+-----------+-----------+-----------+-----------+-----------+-----------+-----------+-----------+-----------+-----------+-----------+-----------+
+----------------------------------------+------------+-----------+-----------+-----------+
|                 Metric                 |     Sum    |    Min    |    Max    |    Avg    |
+----------------------------------------+------------+-----------+-----------+-----------+
|        Runtime (RDTSC) [s] STAT        |   996.7304 |   49.8346 |   49.8370 |   49.8365 |
|        Runtime unhalted [s] STAT       |   676.0678 |   30.6179 |   34.3085 |   33.8034 |
|            Clock [MHz] STAT            | 37902.5589 | 1894.8285 | 1895.4356 | 1895.1279 |
|                CPI STAT                |     9.9039 |    0.4283 |    0.5069 |    0.4952 |
|             Energy [J] STAT            |  8900.9780 |         0 | 2369.7370 |  445.0489 |
|             Power [W] STAT             |   178.6106 |         0 |   47.5521 |    8.9305 |
|          Energy DRAM [J] STAT          |  1380.7147 |         0 |  360.9773 |   69.0357 |
|           Power DRAM [W] STAT          |    27.7059 |         0 |    7.2435 |    1.3853 |
|            DP [MFLOP/s] STAT           | 19144.7059 |  936.0389 |  985.2620 |  957.2353 |
|          AVX DP [MFLOP/s] STAT         |     1.7692 |         0 |    1.7692 |    0.0885 |
|          Packed [MUOPS/s] STAT         |     0.2469 |         0 |    0.2469 |    0.0123 |
|          Scalar [MUOPS/s] STAT         | 19142.9080 |  936.0389 |  985.2620 |  957.1454 |
|  Memory read bandwidth [MBytes/s] STAT | 20293.9291 |         0 | 5217.7875 | 1014.6965 |
|  Memory read data volume [GBytes] STAT |  1011.3391 |         0 |  260.0262 |   50.5670 |
| Memory write bandwidth [MBytes/s] STAT |  5939.9606 |         0 | 1573.5924 |  296.9980 |
| Memory write data volume [GBytes] STAT |   296.0153 |         0 |   78.4193 |   14.8008 |
|    Memory bandwidth [MBytes/s] STAT    | 26233.8897 |         0 | 6669.8020 | 1311.6945 |
|    Memory data volume [GBytes] STAT    |  1307.3544 |         0 |  332.3866 |   65.3677 |
|       Operational intensity STAT       |     2.9192 |    0.1428 |    0.1492 |    0.1460 |
+----------------------------------------+------------+-----------+-----------+-----------+
