--------------------------------------------------------------------------------
CPU name:	Intel(R) Xeon(R) Gold 6132 CPU @ 2.60GHz
CPU type:	Intel Skylake SP processor
CPU clock:	2.59 GHz
--------------------------------------------------------------------------------
Region Setup, Group 1: MEM_DP
+-------------------+----------+----------+----------+----------+----------+----------+----------+----------+----------+----------+----------+----------+----------+----------+----------+----------+----------+----------+----------+----------+----------+----------+----------+----------+----------+----------+----------+----------+----------+----------+----------+
|    Region Info    |  Core 0  |  Core 1  |  Core 2  |  Core 3  |  Core 4  |  Core 5  |  Core 6  |  Core 7  |  Core 14 |  Core 15 |  Core 16 |  Core 17 |  Core 18 |  Core 19 |  Core 20 |  Core 21 |  Core 28 |  Core 29 |  Core 30 |  Core 31 |  Core 32 |  Core 33 |  Core 34 |  Core 35 |  Core 42 |  Core 43 |  Core 44 |  Core 45 |  Core 46 |  Core 47 |  Core 48 |
+-------------------+----------+----------+----------+----------+----------+----------+----------+----------+----------+----------+----------+----------+----------+----------+----------+----------+----------+----------+----------+----------+----------+----------+----------+----------+----------+----------+----------+----------+----------+----------+----------+
| RDTSC Runtime [s] | 6.416337 | 6.420227 | 6.420303 | 6.420263 | 6.420245 | 6.420240 | 6.420267 | 6.420214 | 6.416100 | 6.420171 | 6.420185 | 6.420156 | 6.420225 | 6.420209 | 6.420245 | 6.420158 | 6.416207 | 6.420258 | 6.420145 | 6.420262 | 6.420168 | 6.420300 | 6.420175 | 6.420186 | 6.416108 | 6.420199 | 6.420170 | 6.420251 | 6.420186 | 6.420189 | 6.420295 |
|     call count    |        2 |        2 |        2 |        2 |        2 |        2 |        2 |        2 |        2 |        2 |        2 |        2 |        2 |        2 |        2 |        2 |        2 |        2 |        2 |        2 |        2 |        2 |        2 |        2 |        2 |        2 |        2 |        2 |        2 |        2 |        2 |
+-------------------+----------+----------+----------+----------+----------+----------+----------+----------+----------+----------+----------+----------+----------+----------+----------+----------+----------+----------+----------+----------+----------+----------+----------+----------+----------+----------+----------+----------+----------+----------+----------+
+------------------------------------------+---------+------------+------------+------------+------------+------------+------------+------------+------------+------------+------------+------------+------------+------------+------------+------------+------------+------------+------------+------------+------------+------------+------------+------------+------------+------------+------------+------------+------------+------------+------------+------------+
|                   Event                  | Counter |   Core 0   |   Core 1   |   Core 2   |   Core 3   |   Core 4   |   Core 5   |   Core 6   |   Core 7   |   Core 14  |   Core 15  |   Core 16  |   Core 17  |   Core 18  |   Core 19  |   Core 20  |   Core 21  |   Core 28  |   Core 29  |   Core 30  |   Core 31  |   Core 32  |   Core 33  |   Core 34  |   Core 35  |   Core 42  |   Core 43  |   Core 44  |   Core 45  |   Core 46  |   Core 47  |   Core 48  |
+------------------------------------------+---------+------------+------------+------------+------------+------------+------------+------------+------------+------------+------------+------------+------------+------------+------------+------------+------------+------------+------------+------------+------------+------------+------------+------------+------------+------------+------------+------------+------------+------------+------------+------------+
|             INSTR_RETIRED_ANY            |  FIXC0  | 4015448000 | 1134509000 | 1132561000 | 1133659000 | 1131597000 | 1131994000 | 1131241000 | 1131603000 | 1110498000 | 1110656000 | 1109939000 | 1111155000 | 1109988000 | 1110216000 | 1109362000 | 1109547000 | 1104937000 | 1105912000 | 1105596000 | 1103869000 | 1103702000 | 1103911000 | 1104335000 | 1103254000 | 1105207000 | 1103587000 | 1105103000 | 1103868000 | 1102801000 | 1102880000 | 1100792000 |
|           CPU_CLK_UNHALTED_CORE          |  FIXC1  | 2878986000 | 1528797000 | 1517562000 | 1530504000 | 1519024000 | 1515984000 | 1511944000 | 1515956000 | 1197545000 | 1192450000 | 1186465000 | 1203972000 | 1186483000 | 1206994000 | 1199864000 | 1194879000 | 1182216000 | 1191976000 | 1196243000 | 1156627000 | 1163677000 | 1159352000 | 1178109000 | 1144668000 | 1199601000 | 1222458000 | 1254784000 | 1227036000 | 1204981000 | 1206819000 | 1166966000 |
|           CPU_CLK_UNHALTED_REF           |  FIXC2  | 3942832000 | 2094077000 | 2078847000 | 2096503000 | 2080870000 | 2076705000 | 2071024000 | 2076469000 | 1640860000 | 1633884000 | 1625701000 | 1649608000 | 1625725000 | 1653796000 | 1644080000 | 1637273000 | 1619555000 | 1632724000 | 1638706000 | 1584486000 | 1594172000 | 1588280000 | 1613988000 | 1568300000 | 1642939000 | 1674149000 | 1718502000 | 1680421000 | 1650312000 | 1652793000 | 1598185000 |
|              PWR_PKG_ENERGY              |   PWR0  |   237.7988 |          0 |          0 |          0 |          0 |          0 |          0 |          0 |   205.6906 |          0 |          0 |          0 |          0 |          0 |          0 |          0 |   221.6014 |          0 |          0 |          0 |          0 |          0 |          0 |          0 |   211.1602 |          0 |          0 |          0 |          0 |          0 |          0 |
|              PWR_DRAM_ENERGY             |   PWR3  |    36.3786 |          0 |          0 |          0 |          0 |          0 |          0 |          0 |    25.6451 |          0 |          0 |          0 |          0 |          0 |          0 |          0 |    19.2849 |          0 |          0 |          0 |          0 |          0 |          0 |          0 |    22.7445 |          0 |          0 |          0 |          0 |          0 |          0 |
| FP_ARITH_INST_RETIRED_128B_PACKED_DOUBLE |   PMC0  |     761098 |          0 |          0 |          0 |          0 |          0 |          0 |          0 |          0 |          0 |          0 |          0 |          0 |          0 |          0 |          0 |          0 |          0 |          0 |          0 |          0 |          0 |          0 |          0 |          0 |          0 |          0 |          0 |          0 |          0 |          0 |
|    FP_ARITH_INST_RETIRED_SCALAR_DOUBLE   |   PMC1  |  421006000 |  278395300 |  278206800 |  278351600 |  278080300 |  278232300 |  278080100 |  278173600 |  277143100 |  277241700 |  277143100 |  277241800 |  277146600 |  277100800 |  277001900 |  277099100 |  276983300 |  277081000 |  276968400 |  277067200 |  276970000 |  277068400 |  276970200 |  277067700 |  276970800 |  276119800 |  276119800 |  276119800 |  276119800 |  276119800 |  276118800 |
| FP_ARITH_INST_RETIRED_256B_PACKED_DOUBLE |   PMC2  |     402100 |          0 |          0 |          0 |          0 |          0 |          0 |          0 |          0 |          0 |          0 |          0 |          0 |          0 |          0 |          0 |          0 |          0 |          0 |          0 |          0 |          0 |          0 |          0 |          0 |          0 |          0 |          0 |          0 |          0 |          0 |
| FP_ARITH_INST_RETIRED_512B_PACKED_DOUBLE |   PMC3  |    8148557 |          0 |          0 |          0 |          0 |          0 |          0 |          0 |          0 |          0 |          0 |          0 |          0 |          0 |          0 |          0 |          0 |          0 |          0 |          0 |          0 |          0 |          0 |          0 |          0 |          0 |          0 |          0 |          0 |          0 |          0 |
|               CAS_COUNT_RD               | MBOX0C0 |   24159150 |          0 |          0 |          0 |          0 |          0 |          0 |          0 |    2268043 |          0 |          0 |          0 |          0 |          0 |          0 |          0 |    2315807 |          0 |          0 |          0 |          0 |          0 |          0 |          0 |    2854056 |          0 |          0 |          0 |          0 |          0 |          0 |
|               CAS_COUNT_WR               | MBOX0C1 |   30659930 |          0 |          0 |          0 |          0 |          0 |          0 |          0 |    3080482 |          0 |          0 |          0 |          0 |          0 |          0 |          0 |    3182193 |          0 |          0 |          0 |          0 |          0 |          0 |          0 |    3303477 |          0 |          0 |          0 |          0 |          0 |          0 |
|               CAS_COUNT_RD               | MBOX1C0 |   25389920 |          0 |          0 |          0 |          0 |          0 |          0 |          0 |    2288626 |          0 |          0 |          0 |          0 |          0 |          0 |          0 |    2320880 |          0 |          0 |          0 |          0 |          0 |          0 |          0 |    4323785 |          0 |          0 |          0 |          0 |          0 |          0 |
|               CAS_COUNT_WR               | MBOX1C1 |   28100740 |          0 |          0 |          0 |          0 |          0 |          0 |          0 |    3088054 |          0 |          0 |          0 |          0 |          0 |          0 |          0 |    3174771 |          0 |          0 |          0 |          0 |          0 |          0 |          0 |    4555633 |          0 |          0 |          0 |          0 |          0 |          0 |
|               CAS_COUNT_RD               | MBOX2C0 |   34550570 |          0 |          0 |          0 |          0 |          0 |          0 |          0 |    2293761 |          0 |          0 |          0 |          0 |          0 |          0 |          0 |    2343184 |          0 |          0 |          0 |          0 |          0 |          0 |          0 |    2657046 |          0 |          0 |          0 |          0 |          0 |          0 |
|               CAS_COUNT_WR               | MBOX2C1 |   30993020 |          0 |          0 |          0 |          0 |          0 |          0 |          0 |    3110015 |          0 |          0 |          0 |          0 |          0 |          0 |          0 |    3216523 |          0 |          0 |          0 |          0 |          0 |          0 |          0 |    3225603 |          0 |          0 |          0 |          0 |          0 |          0 |
|               CAS_COUNT_RD               | MBOX3C0 |   38316750 |          0 |          0 |          0 |          0 |          0 |          0 |          0 |    1934134 |          0 |          0 |          0 |          0 |          0 |          0 |          0 |    1991212 |          0 |          0 |          0 |          0 |          0 |          0 |          0 |    2303199 |          0 |          0 |          0 |          0 |          0 |          0 |
|               CAS_COUNT_WR               | MBOX3C1 |   29037870 |          0 |          0 |          0 |          0 |          0 |          0 |          0 |    2859511 |          0 |          0 |          0 |          0 |          0 |          0 |          0 |    2989516 |          0 |          0 |          0 |          0 |          0 |          0 |          0 |    3000818 |          0 |          0 |          0 |          0 |          0 |          0 |
|               CAS_COUNT_RD               | MBOX4C0 |   18748140 |          0 |          0 |          0 |          0 |          0 |          0 |          0 |    1984228 |          0 |          0 |          0 |          0 |          0 |          0 |          0 |    1994643 |          0 |          0 |          0 |          0 |          0 |          0 |          0 |    2808050 |          0 |          0 |          0 |          0 |          0 |          0 |
|               CAS_COUNT_WR               | MBOX4C1 |   26131400 |          0 |          0 |          0 |          0 |          0 |          0 |          0 |    2911806 |          0 |          0 |          0 |          0 |          0 |          0 |          0 |    2993935 |          0 |          0 |          0 |          0 |          0 |          0 |          0 |    3467765 |          0 |          0 |          0 |          0 |          0 |          0 |
|               CAS_COUNT_RD               | MBOX5C0 |   31606530 |          0 |          0 |          0 |          0 |          0 |          0 |          0 |    1949832 |          0 |          0 |          0 |          0 |          0 |          0 |          0 |    1995574 |          0 |          0 |          0 |          0 |          0 |          0 |          0 |    7620724 |          0 |          0 |          0 |          0 |          0 |          0 |
|               CAS_COUNT_WR               | MBOX5C1 |   27850180 |          0 |          0 |          0 |          0 |          0 |          0 |          0 |    2878516 |          0 |          0 |          0 |          0 |          0 |          0 |          0 |    2992965 |          0 |          0 |          0 |          0 |          0 |          0 |          0 |    8035729 |          0 |          0 |          0 |          0 |          0 |          0 |
+------------------------------------------+---------+------------+------------+------------+------------+------------+------------+------------+------------+------------+------------+------------+------------+------------+------------+------------+------------+------------+------------+------------+------------+------------+------------+------------+------------+------------+------------+------------+------------+------------+------------+------------+
+-----------------------------------------------+---------+-------------+------------+------------+--------------+
|                     Event                     | Counter |     Sum     |     Min    |     Max    |      Avg     |
+-----------------------------------------------+---------+-------------+------------+------------+--------------+
|             INSTR_RETIRED_ANY STAT            |  FIXC0  | 37383727000 | 1100792000 | 4015448000 | 1.205927e+09 |
|           CPU_CLK_UNHALTED_CORE STAT          |  FIXC1  | 40942922000 | 1144668000 | 2878986000 | 1.320739e+09 |
|           CPU_CLK_UNHALTED_REF STAT           |  FIXC2  | 56085766000 | 1568300000 | 3942832000 | 1.809218e+09 |
|              PWR_PKG_ENERGY STAT              |   PWR0  |    876.2510 |          0 |   237.7988 |      28.2662 |
|              PWR_DRAM_ENERGY STAT             |   PWR3  |    104.0531 |          0 |    36.3786 |       3.3566 |
| FP_ARITH_INST_RETIRED_128B_PACKED_DOUBLE STAT |   PMC0  |      761098 |          0 |     761098 |   24551.5484 |
|    FP_ARITH_INST_RETIRED_SCALAR_DOUBLE STAT   |   PMC1  |  8735508900 |  276118800 |  421006000 | 2.817906e+08 |
| FP_ARITH_INST_RETIRED_256B_PACKED_DOUBLE STAT |   PMC2  |      402100 |          0 |     402100 |   12970.9677 |
| FP_ARITH_INST_RETIRED_512B_PACKED_DOUBLE STAT |   PMC3  |     8148557 |          0 |    8148557 |  262856.6774 |
|               CAS_COUNT_RD STAT               | MBOX0C0 |    31597056 |          0 |   24159150 | 1.019260e+06 |
|               CAS_COUNT_WR STAT               | MBOX0C1 |    40226082 |          0 |   30659930 | 1.297616e+06 |
|               CAS_COUNT_RD STAT               | MBOX1C0 |    34323211 |          0 |   25389920 | 1.107200e+06 |
|               CAS_COUNT_WR STAT               | MBOX1C1 |    38919198 |          0 |   28100740 |      1255458 |
|               CAS_COUNT_RD STAT               | MBOX2C0 |    41844561 |          0 |   34550570 | 1.349825e+06 |
|               CAS_COUNT_WR STAT               | MBOX2C1 |    40545161 |          0 |   30993020 | 1.307908e+06 |
|               CAS_COUNT_RD STAT               | MBOX3C0 |    44545295 |          0 |   38316750 |      1436945 |
|               CAS_COUNT_WR STAT               | MBOX3C1 |    37887715 |          0 |   29037870 | 1.222184e+06 |
|               CAS_COUNT_RD STAT               | MBOX4C0 |    25535061 |          0 |   18748140 |  823711.6452 |
|               CAS_COUNT_WR STAT               | MBOX4C1 |    35504906 |          0 |   26131400 | 1.145320e+06 |
|               CAS_COUNT_RD STAT               | MBOX5C0 |    43172660 |          0 |   31606530 | 1.392666e+06 |
|               CAS_COUNT_WR STAT               | MBOX5C1 |    41757390 |          0 |   27850180 | 1.347013e+06 |
+-----------------------------------------------+---------+-------------+------------+------------+--------------+
+-----------------------------------+-----------+-----------+-----------+-----------+-----------+-----------+-----------+-----------+-----------+-----------+-----------+-----------+-----------+-----------+-----------+-----------+-----------+-----------+-----------+-----------+-----------+-----------+-----------+-----------+-----------+-----------+-----------+-----------+-----------+-----------+-----------+
|               Metric              |   Core 0  |   Core 1  |   Core 2  |   Core 3  |   Core 4  |   Core 5  |   Core 6  |   Core 7  |  Core 14  |  Core 15  |  Core 16  |  Core 17  |  Core 18  |  Core 19  |  Core 20  |  Core 21  |  Core 28  |  Core 29  |  Core 30  |  Core 31  |  Core 32  |  Core 33  |  Core 34  |  Core 35  |  Core 42  |  Core 43  |  Core 44  |  Core 45  |  Core 46  |  Core 47  |  Core 48  |
+-----------------------------------+-----------+-----------+-----------+-----------+-----------+-----------+-----------+-----------+-----------+-----------+-----------+-----------+-----------+-----------+-----------+-----------+-----------+-----------+-----------+-----------+-----------+-----------+-----------+-----------+-----------+-----------+-----------+-----------+-----------+-----------+-----------+
|        Runtime (RDTSC) [s]        |    6.4163 |    6.4202 |    6.4203 |    6.4203 |    6.4202 |    6.4202 |    6.4203 |    6.4202 |    6.4161 |    6.4202 |    6.4202 |    6.4202 |    6.4202 |    6.4202 |    6.4202 |    6.4202 |    6.4162 |    6.4203 |    6.4201 |    6.4203 |    6.4202 |    6.4203 |    6.4202 |    6.4202 |    6.4161 |    6.4202 |    6.4202 |    6.4203 |    6.4202 |    6.4202 |    6.4203 |
|        Runtime unhalted [s]       |    1.1100 |    0.5894 |    0.5851 |    0.5901 |    0.5856 |    0.5845 |    0.5829 |    0.5845 |    0.4617 |    0.4597 |    0.4574 |    0.4642 |    0.4574 |    0.4653 |    0.4626 |    0.4607 |    0.4558 |    0.4596 |    0.4612 |    0.4459 |    0.4486 |    0.4470 |    0.4542 |    0.4413 |    0.4625 |    0.4713 |    0.4838 |    0.4731 |    0.4646 |    0.4653 |    0.4499 |
|            Clock [MHz]            | 1893.9227 | 1893.5996 | 1893.4546 | 1893.5203 | 1893.4362 | 1893.4367 | 1893.5708 | 1893.6169 | 1893.0030 | 1892.9971 | 1892.9766 | 1893.0697 | 1892.9773 | 1893.0154 | 1892.9540 | 1892.9267 | 1893.3553 | 1893.5890 | 1893.4304 | 1893.3718 | 1893.3384 | 1893.2991 | 1893.2857 | 1893.1341 | 1893.8534 | 1893.9601 | 1893.8689 | 1893.9573 | 1893.8480 | 1893.8896 | 1893.9222 |
|                CPI                |    0.7170 |    1.3475 |    1.3399 |    1.3501 |    1.3424 |    1.3392 |    1.3365 |    1.3397 |    1.0784 |    1.0736 |    1.0689 |    1.0835 |    1.0689 |    1.0872 |    1.0816 |    1.0769 |    1.0699 |    1.0778 |    1.0820 |    1.0478 |    1.0543 |    1.0502 |    1.0668 |    1.0375 |    1.0854 |    1.1077 |    1.1354 |    1.1116 |    1.0927 |    1.0942 |    1.0601 |
|             Energy [J]            |  237.7988 |         0 |         0 |         0 |         0 |         0 |         0 |         0 |  205.6906 |         0 |         0 |         0 |         0 |         0 |         0 |         0 |  221.6014 |         0 |         0 |         0 |         0 |         0 |         0 |         0 |  211.1602 |         0 |         0 |         0 |         0 |         0 |         0 |
|             Power [W]             |   37.0615 |         0 |         0 |         0 |         0 |         0 |         0 |         0 |   32.0585 |         0 |         0 |         0 |         0 |         0 |         0 |         0 |   34.5378 |         0 |         0 |         0 |         0 |         0 |         0 |         0 |   32.9109 |         0 |         0 |         0 |         0 |         0 |         0 |
|          Energy DRAM [J]          |   36.3786 |         0 |         0 |         0 |         0 |         0 |         0 |         0 |   25.6451 |         0 |         0 |         0 |         0 |         0 |         0 |         0 |   19.2849 |         0 |         0 |         0 |         0 |         0 |         0 |         0 |   22.7445 |         0 |         0 |         0 |         0 |         0 |         0 |
|           Power DRAM [W]          |    5.6697 |         0 |         0 |         0 |         0 |         0 |         0 |         0 |    3.9970 |         0 |         0 |         0 |         0 |         0 |         0 |         0 |    3.0056 |         0 |         0 |         0 |         0 |         0 |         0 |         0 |    3.5449 |         0 |         0 |         0 |         0 |         0 |         0 |
|            DP [MFLOP/s]           |   76.2624 |   43.3622 |   43.3323 |   43.3552 |   43.3130 |   43.3367 |   43.3129 |   43.3278 |   43.1949 |   43.1829 |   43.1675 |   43.1830 |   43.1677 |   43.1607 |   43.1451 |   43.1608 |   43.1693 |   43.1573 |   43.1405 |   43.1551 |   43.1406 |   43.1551 |   43.1406 |   43.1557 |   43.1680 |   43.0080 |   43.0082 |   43.0076 |   43.0081 |   43.0080 |   43.0072 |
|          AVX DP [MFLOP/s]         |   10.4104 |         0 |         0 |         0 |         0 |         0 |         0 |         0 |         0 |         0 |         0 |         0 |         0 |         0 |         0 |         0 |         0 |         0 |         0 |         0 |         0 |         0 |         0 |         0 |         0 |         0 |         0 |         0 |         0 |         0 |         0 |
|          Packed [MUOPS/s]         |    1.4513 |         0 |         0 |         0 |         0 |         0 |         0 |         0 |         0 |         0 |         0 |         0 |         0 |         0 |         0 |         0 |         0 |         0 |         0 |         0 |         0 |         0 |         0 |         0 |         0 |         0 |         0 |         0 |         0 |         0 |         0 |
|          Scalar [MUOPS/s]         |   65.6147 |   43.3622 |   43.3323 |   43.3552 |   43.3130 |   43.3367 |   43.3129 |   43.3278 |   43.1949 |   43.1829 |   43.1675 |   43.1830 |   43.1677 |   43.1607 |   43.1451 |   43.1608 |   43.1693 |   43.1573 |   43.1405 |   43.1551 |   43.1406 |   43.1551 |   43.1406 |   43.1557 |   43.1680 |   43.0080 |   43.0082 |   43.0076 |   43.0081 |   43.0080 |   43.0072 |
|  Memory read bandwidth [MBytes/s] | 1723.3116 |         0 |         0 |         0 |         0 |         0 |         0 |         0 |  126.8671 |         0 |         0 |         0 |         0 |         0 |         0 |         0 |  129.2856 |         0 |         0 |         0 |         0 |         0 |         0 |         0 |  225.1020 |         0 |         0 |         0 |         0 |         0 |         0 |
|  Memory read data volume [GBytes] |   11.0573 |         0 |         0 |         0 |         0 |         0 |         0 |         0 |    0.8140 |         0 |         0 |         0 |         0 |         0 |         0 |         0 |    0.8295 |         0 |         0 |         0 |         0 |         0 |         0 |         0 |    1.4443 |         0 |         0 |         0 |         0 |         0 |         0 |
| Memory write bandwidth [MBytes/s] | 1723.3323 |         0 |         0 |         0 |         0 |         0 |         0 |         0 |  178.8340 |         0 |         0 |         0 |         0 |         0 |         0 |         0 |  185.0305 |         0 |         0 |         0 |         0 |         0 |         0 |         0 |  255.2478 |         0 |         0 |         0 |         0 |         0 |         0 |
| Memory write data volume [GBytes] |   11.0575 |         0 |         0 |         0 |         0 |         0 |         0 |         0 |    1.1474 |         0 |         0 |         0 |         0 |         0 |         0 |         0 |    1.1872 |         0 |         0 |         0 |         0 |         0 |         0 |         0 |    1.6377 |         0 |         0 |         0 |         0 |         0 |         0 |
|    Memory bandwidth [MBytes/s]    | 3446.6439 |         0 |         0 |         0 |         0 |         0 |         0 |         0 |  305.7011 |         0 |         0 |         0 |         0 |         0 |         0 |         0 |  314.3161 |         0 |         0 |         0 |         0 |         0 |         0 |         0 |  480.3499 |         0 |         0 |         0 |         0 |         0 |         0 |
|    Memory data volume [GBytes]    |   22.1148 |         0 |         0 |         0 |         0 |         0 |         0 |         0 |    1.9614 |         0 |         0 |         0 |         0 |         0 |         0 |         0 |    2.0167 |         0 |         0 |         0 |         0 |         0 |         0 |         0 |    3.0820 |         0 |         0 |         0 |         0 |         0 |         0 |
|       Operational intensity       |    0.0221 |    0.0126 |    0.0126 |    0.0126 |    0.0126 |    0.0126 |    0.0126 |    0.0126 |    0.1413 |    0.1413 |    0.1413 |    0.1413 |    0.1413 |    0.1413 |    0.1412 |    0.1413 |    0.1373 |    0.1374 |    0.1373 |    0.1374 |    0.1373 |    0.1374 |    0.1373 |    0.1374 |    0.0899 |    0.0896 |    0.0896 |    0.0896 |    0.0896 |    0.0896 |    0.0896 |
+-----------------------------------+-----------+-----------+-----------+-----------+-----------+-----------+-----------+-----------+-----------+-----------+-----------+-----------+-----------+-----------+-----------+-----------+-----------+-----------+-----------+-----------+-----------+-----------+-----------+-----------+-----------+-----------+-----------+-----------+-----------+-----------+-----------+
+----------------------------------------+------------+-----------+-----------+-----------+
|                 Metric                 |     Sum    |    Min    |    Max    |    Avg    |
+----------------------------------------+------------+-----------+-----------+-----------+
|        Runtime (RDTSC) [s] STAT        |   199.0108 |    6.4161 |    6.4203 |    6.4197 |
|        Runtime unhalted [s] STAT       |    15.7852 |    0.4413 |    1.1100 |    0.5092 |
|            Clock [MHz] STAT            | 58696.5809 | 1892.9267 | 1893.9601 | 1893.4381 |
|                CPI STAT                |    34.9047 |    0.7170 |    1.3501 |    1.1260 |
|             Energy [J] STAT            |   876.2510 |         0 |  237.7988 |   28.2662 |
|             Power [W] STAT             |   136.5687 |         0 |   37.0615 |    4.4054 |
|          Energy DRAM [J] STAT          |   104.0531 |         0 |   36.3786 |    3.3566 |
|           Power DRAM [W] STAT          |    16.2172 |         0 |    5.6697 |    0.5231 |
|            DP [MFLOP/s] STAT           |  1371.3944 |   43.0072 |   76.2624 |   44.2385 |
|          AVX DP [MFLOP/s] STAT         |    10.4104 |         0 |   10.4104 |    0.3358 |
|          Packed [MUOPS/s] STAT         |     1.4513 |         0 |    1.4513 |    0.0468 |
|          Scalar [MUOPS/s] STAT         |  1360.7467 |   43.0072 |   65.6147 |   43.8951 |
|  Memory read bandwidth [MBytes/s] STAT |  2204.5663 |         0 | 1723.3116 |   71.1150 |
|  Memory read data volume [GBytes] STAT |    14.1451 |         0 |   11.0573 |    0.4563 |
| Memory write bandwidth [MBytes/s] STAT |  2342.4446 |         0 | 1723.3323 |   75.5627 |
| Memory write data volume [GBytes] STAT |    15.0298 |         0 |   11.0575 |    0.4848 |
|    Memory bandwidth [MBytes/s] STAT    |  4547.0110 |         0 | 3446.6439 |  146.6778 |
|    Memory data volume [GBytes] STAT    |    29.1749 |         0 |   22.1148 |    0.9411 |
|       Operational intensity STAT       |     2.9669 |    0.0126 |    0.1413 |    0.0957 |
+----------------------------------------+------------+-----------+-----------+-----------+
--------------------------------------------------------------------------------
CPU name:	Intel(R) Xeon(R) Gold 6132 CPU @ 2.60GHz
CPU type:	Intel Skylake SP processor
CPU clock:	2.59 GHz
--------------------------------------------------------------------------------
Region Solve, Group 1: MEM_DP
+-------------------+-----------+-----------+-----------+-----------+-----------+-----------+-----------+-----------+-----------+-----------+-----------+-----------+-----------+-----------+-----------+-----------+-----------+-----------+-----------+-----------+-----------+-----------+-----------+-----------+-----------+-----------+-----------+-----------+-----------+-----------+-----------+
|    Region Info    |   Core 0  |   Core 1  |   Core 2  |   Core 3  |   Core 4  |   Core 5  |   Core 6  |   Core 7  |  Core 14  |  Core 15  |  Core 16  |  Core 17  |  Core 18  |  Core 19  |  Core 20  |  Core 21  |  Core 28  |  Core 29  |  Core 30  |  Core 31  |  Core 32  |  Core 33  |  Core 34  |  Core 35  |  Core 42  |  Core 43  |  Core 44  |  Core 45  |  Core 46  |  Core 47  |  Core 48  |
+-------------------+-----------+-----------+-----------+-----------+-----------+-----------+-----------+-----------+-----------+-----------+-----------+-----------+-----------+-----------+-----------+-----------+-----------+-----------+-----------+-----------+-----------+-----------+-----------+-----------+-----------+-----------+-----------+-----------+-----------+-----------+-----------+
| RDTSC Runtime [s] | 35.641140 | 35.643610 | 35.643610 | 35.643610 | 35.643610 | 35.643610 | 35.643610 | 35.643610 | 35.641150 | 35.643600 | 35.643600 | 35.643600 | 35.643610 | 35.643610 | 35.643610 | 35.643610 | 35.641140 | 35.643600 | 35.643600 | 35.643600 | 35.643600 | 35.643600 | 35.643600 | 35.643600 | 35.641140 | 35.643600 | 35.643600 | 35.643610 | 35.643600 | 35.643600 | 35.643600 |
|     call count    |         1 |         1 |         1 |         1 |         1 |         1 |         1 |         1 |         1 |         1 |         1 |         1 |         1 |         1 |         1 |         1 |         1 |         1 |         1 |         1 |         1 |         1 |         1 |         1 |         1 |         1 |         1 |         1 |         1 |         1 |         1 |
+-------------------+-----------+-----------+-----------+-----------+-----------+-----------+-----------+-----------+-----------+-----------+-----------+-----------+-----------+-----------+-----------+-----------+-----------+-----------+-----------+-----------+-----------+-----------+-----------+-----------+-----------+-----------+-----------+-----------+-----------+-----------+-----------+
+------------------------------------------+---------+--------------+--------------+--------------+--------------+--------------+--------------+--------------+--------------+--------------+--------------+--------------+--------------+--------------+--------------+--------------+--------------+--------------+--------------+--------------+--------------+--------------+--------------+--------------+--------------+--------------+--------------+--------------+--------------+--------------+--------------+--------------+
|                   Event                  | Counter |    Core 0    |    Core 1    |    Core 2    |    Core 3    |    Core 4    |    Core 5    |    Core 6    |    Core 7    |    Core 14   |    Core 15   |    Core 16   |    Core 17   |    Core 18   |    Core 19   |    Core 20   |    Core 21   |    Core 28   |    Core 29   |    Core 30   |    Core 31   |    Core 32   |    Core 33   |    Core 34   |    Core 35   |    Core 42   |    Core 43   |    Core 44   |    Core 45   |    Core 46   |    Core 47   |    Core 48   |
+------------------------------------------+---------+--------------+--------------+--------------+--------------+--------------+--------------+--------------+--------------+--------------+--------------+--------------+--------------+--------------+--------------+--------------+--------------+--------------+--------------+--------------+--------------+--------------+--------------+--------------+--------------+--------------+--------------+--------------+--------------+--------------+--------------+--------------+
|             INSTR_RETIRED_ANY            |  FIXC0  | 123204100000 | 115412200000 | 115923900000 | 116295700000 | 115919500000 | 115566300000 | 114630400000 | 114883300000 | 113502600000 | 113545300000 | 113918700000 | 114261100000 | 113914100000 | 113392800000 | 113306200000 | 112742400000 | 113291200000 | 113350800000 | 113675800000 | 113998700000 | 113637000000 | 113246300000 | 113183700000 | 114308100000 | 114023500000 | 114605100000 | 114954500000 | 115062300000 | 114693900000 | 114190500000 | 113705500000 |
|           CPU_CLK_UNHALTED_CORE          |  FIXC1  |  54980640000 |  62198980000 |  62217720000 |  62217700000 |  62243880000 |  62244970000 |  62331290000 |  62418480000 |  62133590000 |  62145410000 |  62144930000 |  62130960000 |  62154400000 |  62087890000 |  62127200000 |  62115260000 |  62075400000 |  62084220000 |  62090600000 |  62073650000 |  62041710000 |  62035750000 |  62024940000 |  62043970000 |  62040210000 |  62067040000 |  62072080000 |  62082480000 |  62111660000 |  62114780000 |  62160720000 |
|           CPU_CLK_UNHALTED_REF           |  FIXC2  |  75236680000 |  85115510000 |  85141050000 |  85141110000 |  85176950000 |  85178470000 |  85296570000 |  85415790000 |  85043990000 |  85060190000 |  85059570000 |  85040350000 |  85072550000 |  84982380000 |  85036690000 |  85019080000 |  84965520000 |  84977640000 |  84985980000 |  84963320000 |  84919450000 |  84911290000 |  84896390000 |  84922080000 |  84916170000 |  84952290000 |  84958820000 |  84973860000 |  85013320000 |  85017220000 |  85079500000 |
|              PWR_PKG_ENERGY              |   PWR0  |    1972.4770 |            0 |            0 |            0 |            0 |            0 |            0 |            0 |    1778.8280 |            0 |            0 |            0 |            0 |            0 |            0 |            0 |    1917.0430 |            0 |            0 |            0 |            0 |            0 |            0 |            0 |    1738.4580 |            0 |            0 |            0 |            0 |            0 |            0 |
|              PWR_DRAM_ENERGY             |   PWR3  |     277.9572 |            0 |            0 |            0 |            0 |            0 |            0 |            0 |     297.3981 |            0 |            0 |            0 |            0 |            0 |            0 |            0 |     261.4350 |            0 |            0 |            0 |            0 |            0 |            0 |            0 |     260.9095 |            0 |            0 |            0 |            0 |            0 |            0 |
| FP_ARITH_INST_RETIRED_128B_PACKED_DOUBLE |   PMC0  |       714138 |            0 |            0 |            0 |            0 |            0 |            0 |            0 |            0 |            0 |            0 |            0 |            0 |            0 |            0 |            0 |            0 |            0 |            0 |            0 |            0 |            0 |            0 |            0 |            0 |            0 |            0 |            0 |            0 |            0 |            0 |
|    FP_ARITH_INST_RETIRED_SCALAR_DOUBLE   |   PMC1  |  30715970000 |  31003140000 |  31424870000 |  31765700000 |  31611420000 |  31289830000 |  30894720000 |  30994560000 |  30624080000 |  30632710000 |  30732880000 |  30762450000 |  30429700000 |  30116190000 |  30123010000 |  29986510000 |  30117440000 |  30116480000 |  30389560000 |  30688800000 |  30650070000 |  30547700000 |  30534480000 |  30830260000 |  30734410000 |  31030550000 |  31367580000 |  31471970000 |  31143090000 |  30734660000 |  30551570000 |
| FP_ARITH_INST_RETIRED_256B_PACKED_DOUBLE |   PMC2  |      1138324 |            0 |            0 |            0 |            0 |            0 |            0 |            0 |            0 |            0 |            0 |            0 |            0 |            0 |            0 |            0 |            0 |            0 |            0 |            0 |            0 |            0 |            0 |            0 |            0 |            0 |            0 |            0 |            0 |            0 |            0 |
| FP_ARITH_INST_RETIRED_512B_PACKED_DOUBLE |   PMC3  |     10452010 |            0 |            0 |            0 |            0 |            0 |            0 |            0 |            0 |            0 |            0 |            0 |            0 |            0 |            0 |            0 |            0 |            0 |            0 |            0 |            0 |            0 |            0 |            0 |            0 |            0 |            0 |            0 |            0 |            0 |            0 |
|               CAS_COUNT_RD               | MBOX0C0 |    645127700 |            0 |            0 |            0 |            0 |            0 |            0 |            0 |    696051600 |            0 |            0 |            0 |            0 |            0 |            0 |            0 |    679059500 |            0 |            0 |            0 |            0 |            0 |            0 |            0 |    616425500 |            0 |            0 |            0 |            0 |            0 |            0 |
|               CAS_COUNT_WR               | MBOX0C1 |    174932700 |            0 |            0 |            0 |            0 |            0 |            0 |            0 |    235714600 |            0 |            0 |            0 |            0 |            0 |            0 |            0 |    196251800 |            0 |            0 |            0 |            0 |            0 |            0 |            0 |    158639700 |            0 |            0 |            0 |            0 |            0 |            0 |
|               CAS_COUNT_RD               | MBOX1C0 |    645179200 |            0 |            0 |            0 |            0 |            0 |            0 |            0 |    695810700 |            0 |            0 |            0 |            0 |            0 |            0 |            0 |    678723000 |            0 |            0 |            0 |            0 |            0 |            0 |            0 |    617797700 |            0 |            0 |            0 |            0 |            0 |            0 |
|               CAS_COUNT_WR               | MBOX1C1 |    172814100 |            0 |            0 |            0 |            0 |            0 |            0 |            0 |    235460100 |            0 |            0 |            0 |            0 |            0 |            0 |            0 |    196237800 |            0 |            0 |            0 |            0 |            0 |            0 |            0 |    159758000 |            0 |            0 |            0 |            0 |            0 |            0 |
|               CAS_COUNT_RD               | MBOX2C0 |    651325900 |            0 |            0 |            0 |            0 |            0 |            0 |            0 |    695957700 |            0 |            0 |            0 |            0 |            0 |            0 |            0 |    678502800 |            0 |            0 |            0 |            0 |            0 |            0 |            0 |    616344700 |            0 |            0 |            0 |            0 |            0 |            0 |
|               CAS_COUNT_WR               | MBOX2C1 |    175088400 |            0 |            0 |            0 |            0 |            0 |            0 |            0 |    235551100 |            0 |            0 |            0 |            0 |            0 |            0 |            0 |    196225100 |            0 |            0 |            0 |            0 |            0 |            0 |            0 |    158677700 |            0 |            0 |            0 |            0 |            0 |            0 |
|               CAS_COUNT_RD               | MBOX3C0 |    653709900 |            0 |            0 |            0 |            0 |            0 |            0 |            0 |    694124900 |            0 |            0 |            0 |            0 |            0 |            0 |            0 |    676653600 |            0 |            0 |            0 |            0 |            0 |            0 |            0 |    613508200 |            0 |            0 |            0 |            0 |            0 |            0 |
|               CAS_COUNT_WR               | MBOX3C1 |    173411600 |            0 |            0 |            0 |            0 |            0 |            0 |            0 |    234375600 |            0 |            0 |            0 |            0 |            0 |            0 |            0 |    194953700 |            0 |            0 |            0 |            0 |            0 |            0 |            0 |    157672000 |            0 |            0 |            0 |            0 |            0 |            0 |
|               CAS_COUNT_RD               | MBOX4C0 |    640714300 |            0 |            0 |            0 |            0 |            0 |            0 |            0 |    694044400 |            0 |            0 |            0 |            0 |            0 |            0 |            0 |    677223500 |            0 |            0 |            0 |            0 |            0 |            0 |            0 |    613755000 |            0 |            0 |            0 |            0 |            0 |            0 |
|               CAS_COUNT_WR               | MBOX4C1 |    171572600 |            0 |            0 |            0 |            0 |            0 |            0 |            0 |    234398400 |            0 |            0 |            0 |            0 |            0 |            0 |            0 |    195045600 |            0 |            0 |            0 |            0 |            0 |            0 |            0 |    157962400 |            0 |            0 |            0 |            0 |            0 |            0 |
|               CAS_COUNT_RD               | MBOX5C0 |    649567200 |            0 |            0 |            0 |            0 |            0 |            0 |            0 |    694064600 |            0 |            0 |            0 |            0 |            0 |            0 |            0 |    676926100 |            0 |            0 |            0 |            0 |            0 |            0 |            0 |    617382800 |            0 |            0 |            0 |            0 |            0 |            0 |
|               CAS_COUNT_WR               | MBOX5C1 |    172797600 |            0 |            0 |            0 |            0 |            0 |            0 |            0 |    234431300 |            0 |            0 |            0 |            0 |            0 |            0 |            0 |    195065700 |            0 |            0 |            0 |            0 |            0 |            0 |            0 |    161070600 |            0 |            0 |            0 |            0 |            0 |            0 |
+------------------------------------------+---------+--------------+--------------+--------------+--------------+--------------+--------------+--------------+--------------+--------------+--------------+--------------+--------------+--------------+--------------+--------------+--------------+--------------+--------------+--------------+--------------+--------------+--------------+--------------+--------------+--------------+--------------+--------------+--------------+--------------+--------------+--------------+
+-----------------------------------------------+---------+---------------+--------------+--------------+--------------+
|                     Event                     | Counter |      Sum      |      Min     |      Max     |      Avg     |
+-----------------------------------------------+---------+---------------+--------------+--------------+--------------+
|             INSTR_RETIRED_ANY STAT            |  FIXC0  | 3550345500000 | 112742400000 | 123204100000 | 1.145273e+11 |
|           CPU_CLK_UNHALTED_CORE STAT          |  FIXC1  | 1919012510000 |  54980640000 |  62418480000 | 6.190363e+10 |
|           CPU_CLK_UNHALTED_REF STAT           |  FIXC2  | 2626469780000 |  75236680000 |  85415790000 | 8.472483e+10 |
|              PWR_PKG_ENERGY STAT              |   PWR0  |     7406.8060 |            0 |    1972.4770 |     238.9292 |
|              PWR_DRAM_ENERGY STAT             |   PWR3  |     1097.6998 |            0 |     297.3981 |      35.4097 |
| FP_ARITH_INST_RETIRED_128B_PACKED_DOUBLE STAT |   PMC0  |        714138 |            0 |       714138 |   23036.7097 |
|    FP_ARITH_INST_RETIRED_SCALAR_DOUBLE STAT   |   PMC1  |  954016360000 |  29986510000 |  31765700000 | 3.077472e+10 |
| FP_ARITH_INST_RETIRED_256B_PACKED_DOUBLE STAT |   PMC2  |       1138324 |            0 |      1138324 |   36720.1290 |
| FP_ARITH_INST_RETIRED_512B_PACKED_DOUBLE STAT |   PMC3  |      10452010 |            0 |     10452010 |  337161.6129 |
|               CAS_COUNT_RD STAT               | MBOX0C0 |    2636664300 |            0 |    696051600 | 8.505369e+07 |
|               CAS_COUNT_WR STAT               | MBOX0C1 |     765538800 |            0 |    235714600 |     24694800 |
|               CAS_COUNT_RD STAT               | MBOX1C0 |    2637510600 |            0 |    695810700 | 8.508099e+07 |
|               CAS_COUNT_WR STAT               | MBOX1C1 |     764270000 |            0 |    235460100 | 2.465387e+07 |
|               CAS_COUNT_RD STAT               | MBOX2C0 |    2642131100 |            0 |    695957700 | 8.523004e+07 |
|               CAS_COUNT_WR STAT               | MBOX2C1 |     765542300 |            0 |    235551100 | 2.469491e+07 |
|               CAS_COUNT_RD STAT               | MBOX3C0 |    2637996600 |            0 |    694124900 | 8.509666e+07 |
|               CAS_COUNT_WR STAT               | MBOX3C1 |     760412900 |            0 |    234375600 | 2.452945e+07 |
|               CAS_COUNT_RD STAT               | MBOX4C0 |    2625737200 |            0 |    694044400 |     84701200 |
|               CAS_COUNT_WR STAT               | MBOX4C1 |     758979000 |            0 |    234398400 | 2.448319e+07 |
|               CAS_COUNT_RD STAT               | MBOX5C0 |    2637940700 |            0 |    694064600 | 8.509486e+07 |
|               CAS_COUNT_WR STAT               | MBOX5C1 |     763365200 |            0 |    234431300 | 2.462468e+07 |
+-----------------------------------------------+---------+---------------+--------------+--------------+--------------+
+-----------------------------------+-----------+-----------+-----------+-----------+-----------+-----------+-----------+-----------+------------+-----------+-----------+-----------+-----------+-----------+-----------+-----------+-----------+-----------+-----------+-----------+-----------+-----------+-----------+-----------+-----------+-----------+-----------+-----------+-----------+-----------+-----------+
|               Metric              |   Core 0  |   Core 1  |   Core 2  |   Core 3  |   Core 4  |   Core 5  |   Core 6  |   Core 7  |   Core 14  |  Core 15  |  Core 16  |  Core 17  |  Core 18  |  Core 19  |  Core 20  |  Core 21  |  Core 28  |  Core 29  |  Core 30  |  Core 31  |  Core 32  |  Core 33  |  Core 34  |  Core 35  |  Core 42  |  Core 43  |  Core 44  |  Core 45  |  Core 46  |  Core 47  |  Core 48  |
+-----------------------------------+-----------+-----------+-----------+-----------+-----------+-----------+-----------+-----------+------------+-----------+-----------+-----------+-----------+-----------+-----------+-----------+-----------+-----------+-----------+-----------+-----------+-----------+-----------+-----------+-----------+-----------+-----------+-----------+-----------+-----------+-----------+
|        Runtime (RDTSC) [s]        |   35.6411 |   35.6436 |   35.6436 |   35.6436 |   35.6436 |   35.6436 |   35.6436 |   35.6436 |    35.6412 |   35.6436 |   35.6436 |   35.6436 |   35.6436 |   35.6436 |   35.6436 |   35.6436 |   35.6411 |   35.6436 |   35.6436 |   35.6436 |   35.6436 |   35.6436 |   35.6436 |   35.6436 |   35.6411 |   35.6436 |   35.6436 |   35.6436 |   35.6436 |   35.6436 |   35.6436 |
|        Runtime unhalted [s]       |   21.1972 |   23.9802 |   23.9874 |   23.9874 |   23.9975 |   23.9979 |   24.0312 |   24.0648 |    23.9550 |   23.9595 |   23.9593 |   23.9539 |   23.9630 |   23.9373 |   23.9525 |   23.9479 |   23.9325 |   23.9359 |   23.9384 |   23.9319 |   23.9195 |   23.9172 |   23.9131 |   23.9204 |   23.9190 |   23.9293 |   23.9312 |   23.9353 |   23.9465 |   23.9477 |   23.9654 |
|            Clock [MHz]            | 1895.4448 | 1895.4203 | 1895.4227 | 1895.4207 | 1895.4204 | 1895.4198 | 1895.4203 | 1895.4224 |  1895.0200 | 1895.0195 | 1895.0187 | 1895.0209 | 1895.0183 | 1894.9990 | 1894.9878 | 1895.0160 | 1894.9938 | 1894.9927 | 1895.0015 | 1894.9894 | 1894.9928 | 1894.9929 | 1894.9952 | 1895.0032 | 1895.0202 | 1895.0336 | 1895.0419 | 1895.0239 | 1895.0346 | 1895.0428 | 1895.0562 |
|                CPI                |    0.4463 |    0.5389 |    0.5367 |    0.5350 |    0.5370 |    0.5386 |    0.5438 |    0.5433 |     0.5474 |    0.5473 |    0.5455 |    0.5438 |    0.5456 |    0.5475 |    0.5483 |    0.5509 |    0.5479 |    0.5477 |    0.5462 |    0.5445 |    0.5460 |    0.5478 |    0.5480 |    0.5428 |    0.5441 |    0.5416 |    0.5400 |    0.5396 |    0.5415 |    0.5440 |    0.5467 |
|             Energy [J]            | 1972.4770 |         0 |         0 |         0 |         0 |         0 |         0 |         0 |  1778.8280 |         0 |         0 |         0 |         0 |         0 |         0 |         0 | 1917.0430 |         0 |         0 |         0 |         0 |         0 |         0 |         0 | 1738.4580 |         0 |         0 |         0 |         0 |         0 |         0 |
|             Power [W]             |   55.3427 |         0 |         0 |         0 |         0 |         0 |         0 |         0 |    49.9094 |         0 |         0 |         0 |         0 |         0 |         0 |         0 |   53.7874 |         0 |         0 |         0 |         0 |         0 |         0 |         0 |   48.7767 |         0 |         0 |         0 |         0 |         0 |         0 |
|          Energy DRAM [J]          |  277.9572 |         0 |         0 |         0 |         0 |         0 |         0 |         0 |   297.3981 |         0 |         0 |         0 |         0 |         0 |         0 |         0 |  261.4350 |         0 |         0 |         0 |         0 |         0 |         0 |         0 |  260.9095 |         0 |         0 |         0 |         0 |         0 |         0 |
|           Power DRAM [W]          |    7.7988 |         0 |         0 |         0 |         0 |         0 |         0 |         0 |     8.3442 |         0 |         0 |         0 |         0 |         0 |         0 |         0 |    7.3352 |         0 |         0 |         0 |         0 |         0 |         0 |         0 |    7.3205 |         0 |         0 |         0 |         0 |         0 |         0 |
|            DP [MFLOP/s]           |  864.3261 |  869.8092 |  881.6411 |  891.2032 |  886.8748 |  877.8524 |  866.7674 |  869.5685 |   859.2338 |  859.4168 |  862.2272 |  863.0568 |  853.7210 |  844.9254 |  845.1167 |  841.2871 |  845.0190 |  844.9337 |  852.5951 |  860.9905 |  859.9039 |  857.0318 |  856.6609 |  864.9592 |  862.3296 |  870.5784 |  880.0340 |  882.9625 |  873.7358 |  862.2771 |  857.1404 |
|          AVX DP [MFLOP/s]         |    2.4738 |         0 |         0 |         0 |         0 |         0 |         0 |         0 |          0 |         0 |         0 |         0 |         0 |         0 |         0 |         0 |         0 |         0 |         0 |         0 |         0 |         0 |         0 |         0 |         0 |         0 |         0 |         0 |         0 |         0 |         0 |
|          Packed [MUOPS/s]         |    0.3452 |         0 |         0 |         0 |         0 |         0 |         0 |         0 |          0 |         0 |         0 |         0 |         0 |         0 |         0 |         0 |         0 |         0 |         0 |         0 |         0 |         0 |         0 |         0 |         0 |         0 |         0 |         0 |         0 |         0 |         0 |
|          Scalar [MUOPS/s]         |  861.8122 |  869.8092 |  881.6411 |  891.2032 |  886.8748 |  877.8524 |  866.7674 |  869.5685 |   859.2338 |  859.4168 |  862.2272 |  863.0568 |  853.7210 |  844.9254 |  845.1167 |  841.2871 |  845.0190 |  844.9337 |  852.5951 |  860.9905 |  859.9039 |  857.0318 |  856.6609 |  864.9592 |  862.3296 |  870.5784 |  880.0340 |  882.9625 |  873.7358 |  862.2771 |  857.1404 |
|  Memory read bandwidth [MBytes/s] | 6977.3287 |         0 |         0 |         0 |         0 |         0 |         0 |         0 |  7488.0707 |         0 |         0 |         0 |         0 |         0 |         0 |         0 | 7303.1801 |         0 |         0 |         0 |         0 |         0 |         0 |         0 | 6635.4132 |         0 |         0 |         0 |         0 |         0 |         0 |
|  Memory read data volume [GBytes] |  248.6799 |         0 |         0 |         0 |         0 |         0 |         0 |         0 |   266.8834 |         0 |         0 |         0 |         0 |         0 |         0 |         0 |  260.2937 |         0 |         0 |         0 |         0 |         0 |         0 |         0 |  236.4937 |         0 |         0 |         0 |         0 |         0 |         0 |
| Memory write bandwidth [MBytes/s] | 1868.6127 |         0 |         0 |         0 |         0 |         0 |         0 |         0 |  2531.7811 |         0 |         0 |         0 |         0 |         0 |         0 |         0 | 2107.7300 |         0 |         0 |         0 |         0 |         0 |         0 |         0 | 1712.6822 |         0 |         0 |         0 |         0 |         0 |         0 |
| Memory write data volume [GBytes] |   66.5995 |         0 |         0 |         0 |         0 |         0 |         0 |         0 |    90.2356 |         0 |         0 |         0 |         0 |         0 |         0 |         0 |   75.1219 |         0 |         0 |         0 |         0 |         0 |         0 |         0 |   61.0419 |         0 |         0 |         0 |         0 |         0 |         0 |
|    Memory bandwidth [MBytes/s]    | 8845.9414 |         0 |         0 |         0 |         0 |         0 |         0 |         0 | 10019.8518 |         0 |         0 |         0 |         0 |         0 |         0 |         0 | 9410.9101 |         0 |         0 |         0 |         0 |         0 |         0 |         0 | 8348.0954 |         0 |         0 |         0 |         0 |         0 |         0 |
|    Memory data volume [GBytes]    |  315.2794 |         0 |         0 |         0 |         0 |         0 |         0 |         0 |   357.1190 |         0 |         0 |         0 |         0 |         0 |         0 |         0 |  335.4156 |         0 |         0 |         0 |         0 |         0 |         0 |         0 |  297.5356 |         0 |         0 |         0 |         0 |         0 |         0 |
|       Operational intensity       |    0.0977 |    0.0983 |    0.0997 |    0.1008 |    0.1003 |    0.0992 |    0.0980 |    0.0983 |     0.0858 |    0.0858 |    0.0861 |    0.0861 |    0.0852 |    0.0843 |    0.0844 |    0.0840 |    0.0898 |    0.0898 |    0.0906 |    0.0915 |    0.0914 |    0.0911 |    0.0910 |    0.0919 |    0.1033 |    0.1043 |    0.1054 |    0.1058 |    0.1047 |    0.1033 |    0.1027 |
+-----------------------------------+-----------+-----------+-----------+-----------+-----------+-----------+-----------+-----------+------------+-----------+-----------+-----------+-----------+-----------+-----------+-----------+-----------+-----------+-----------+-----------+-----------+-----------+-----------+-----------+-----------+-----------+-----------+-----------+-----------+-----------+-----------+
+----------------------------------------+------------+-----------+------------+-----------+
|                 Metric                 |     Sum    |    Min    |     Max    |    Avg    |
+----------------------------------------+------------+-----------+------------+-----------+
|        Runtime (RDTSC) [s] STAT        |  1104.9417 |   35.6411 |    35.6436 |   35.6433 |
|        Runtime unhalted [s] STAT       |   739.8553 |   21.1972 |    24.0648 |   23.8663 |
|            Clock [MHz] STAT            | 58748.7063 | 1894.9878 |  1895.4448 | 1895.1196 |
|                CPI STAT                |    16.7643 |    0.4463 |     0.5509 |    0.5408 |
|             Energy [J] STAT            |  7406.8060 |         0 |  1972.4770 |  238.9292 |
|             Power [W] STAT             |   207.8162 |         0 |    55.3427 |    6.7037 |
|          Energy DRAM [J] STAT          |  1097.6998 |         0 |   297.3981 |   35.4097 |
|           Power DRAM [W] STAT          |    30.7987 |         0 |     8.3442 |    0.9935 |
|            DP [MFLOP/s] STAT           | 26768.1794 |  841.2871 |   891.2032 |  863.4897 |
|          AVX DP [MFLOP/s] STAT         |     2.4738 |         0 |     2.4738 |    0.0798 |
|          Packed [MUOPS/s] STAT         |     0.3452 |         0 |     0.3452 |    0.0111 |
|          Scalar [MUOPS/s] STAT         | 26765.6655 |  841.2871 |   891.2032 |  863.4086 |
|  Memory read bandwidth [MBytes/s] STAT | 28403.9927 |         0 |  7488.0707 |  916.2578 |
|  Memory read data volume [GBytes] STAT |  1012.3507 |         0 |   266.8834 |   32.6565 |
| Memory write bandwidth [MBytes/s] STAT |  8220.8060 |         0 |  2531.7811 |  265.1873 |
| Memory write data volume [GBytes] STAT |   292.9989 |         0 |    90.2356 |    9.4516 |
|    Memory bandwidth [MBytes/s] STAT    | 36624.7987 |         0 | 10019.8518 | 1181.4451 |
|    Memory data volume [GBytes] STAT    |  1305.3496 |         0 |   357.1190 |   42.1081 |
|       Operational intensity STAT       |     2.9306 |    0.0840 |     0.1058 |    0.0945 |
+----------------------------------------+------------+-----------+------------+-----------+
