--------------------------------------------------------------------------------
CPU name:	Intel(R) Xeon(R) Gold 6132 CPU @ 2.60GHz
CPU type:	Intel Skylake SP processor
CPU clock:	2.59 GHz
--------------------------------------------------------------------------------
Region Setup, Group 1: MEM_DP
+-------------------+----------+----------+----------+----------+----------+----------+----------+----------+----------+----------+----------+----------+----------+----------+----------+----------+
|    Region Info    |  Core 0  |  Core 1  |  Core 2  |  Core 3  |  Core 14 |  Core 15 |  Core 16 |  Core 17 |  Core 28 |  Core 29 |  Core 30 |  Core 31 |  Core 42 |  Core 43 |  Core 44 |  Core 45 |
+-------------------+----------+----------+----------+----------+----------+----------+----------+----------+----------+----------+----------+----------+----------+----------+----------+----------+
| RDTSC Runtime [s] | 6.779401 | 6.783963 | 6.783997 | 6.784014 | 6.779251 | 6.784002 | 6.783826 | 6.783974 | 6.779264 | 6.783830 | 6.783823 | 6.783817 | 6.779257 | 6.783992 | 6.783992 | 6.783971 |
|     call count    |        2 |        2 |        2 |        2 |        2 |        2 |        2 |        2 |        2 |        2 |        2 |        2 |        2 |        2 |        2 |        2 |
+-------------------+----------+----------+----------+----------+----------+----------+----------+----------+----------+----------+----------+----------+----------+----------+----------+----------+
+------------------------------------------+---------+------------+------------+------------+------------+------------+------------+------------+------------+------------+------------+------------+------------+------------+------------+------------+------------+
|                   Event                  | Counter |   Core 0   |   Core 1   |   Core 2   |   Core 3   |   Core 14  |   Core 15  |   Core 16  |   Core 17  |   Core 28  |   Core 29  |   Core 30  |   Core 31  |   Core 42  |   Core 43  |   Core 44  |   Core 45  |
+------------------------------------------+---------+------------+------------+------------+------------+------------+------------+------------+------------+------------+------------+------------+------------+------------+------------+------------+------------+
|             INSTR_RETIRED_ANY            |  FIXC0  | 5027261000 | 2138547000 | 2137883000 | 2138107000 | 2121772000 | 2121454000 | 2121106000 | 2120830000 | 2120922000 | 2121209000 | 2120369000 | 2120589000 | 2122084000 | 2121854000 | 2122056000 | 2117044000 |
|           CPU_CLK_UNHALTED_CORE          |  FIXC1  | 3417176000 | 2013245000 | 2012926000 | 2018597000 | 1765761000 | 1740303000 | 1733344000 | 1732581000 | 1733057000 | 1740501000 | 1739237000 | 1744315000 | 1778879000 | 1771388000 | 1775813000 | 1681378000 |
|           CPU_CLK_UNHALTED_REF           |  FIXC2  | 4680208000 | 2759200000 | 2758724000 | 2766493000 | 2418854000 | 2383990000 | 2374407000 | 2373420000 | 2373428000 | 2383641000 | 2381857000 | 2388883000 | 2436941000 | 2426561000 | 2432687000 | 2303332000 |
|              PWR_PKG_ENERGY              |   PWR0  |   238.8870 |          0 |          0 |          0 |   204.7347 |          0 |          0 |          0 |   220.8874 |          0 |          0 |          0 |   213.9799 |          0 |          0 |          0 |
|              PWR_DRAM_ENERGY             |   PWR3  |    37.5642 |          0 |          0 |          0 |    27.2644 |          0 |          0 |          0 |    20.1347 |          0 |          0 |          0 |    24.8824 |          0 |          0 |          0 |
| FP_ARITH_INST_RETIRED_128B_PACKED_DOUBLE |   PMC0  |     761098 |          0 |          0 |          0 |          0 |          0 |          0 |          0 |          0 |          0 |          0 |          0 |          0 |          0 |          0 |          0 |
|    FP_ARITH_INST_RETIRED_SCALAR_DOUBLE   |   PMC1  |  680817800 |  536988900 |  536989100 |  536981300 |  536978400 |  536979200 |  536983800 |  536982900 |  536981600 |  536973600 |  536975900 |  536976800 |  536977300 |  536974100 |  536973800 |  536973200 |
| FP_ARITH_INST_RETIRED_256B_PACKED_DOUBLE |   PMC2  |     402100 |          0 |          0 |          0 |          0 |          0 |          0 |          0 |          0 |          0 |          0 |          0 |          0 |          0 |          0 |          0 |
| FP_ARITH_INST_RETIRED_512B_PACKED_DOUBLE |   PMC3  |    8148557 |          0 |          0 |          0 |          0 |          0 |          0 |          0 |          0 |          0 |          0 |          0 |          0 |          0 |          0 |          0 |
|               CAS_COUNT_RD               | MBOX0C0 |   21683020 |          0 |          0 |          0 |    2172117 |          0 |          0 |          0 |    2317495 |          0 |          0 |          0 |    4716540 |          0 |          0 |          0 |
|               CAS_COUNT_WR               | MBOX0C1 |   27538000 |          0 |          0 |          0 |    2876606 |          0 |          0 |          0 |    3042114 |          0 |          0 |          0 |    4747554 |          0 |          0 |          0 |
|               CAS_COUNT_RD               | MBOX1C0 |   21424330 |          0 |          0 |          0 |    2198764 |          0 |          0 |          0 |    2310903 |          0 |          0 |          0 |    3246713 |          0 |          0 |          0 |
|               CAS_COUNT_WR               | MBOX1C1 |   26758530 |          0 |          0 |          0 |    2916706 |          0 |          0 |          0 |    3011198 |          0 |          0 |          0 |    3642011 |          0 |          0 |          0 |
|               CAS_COUNT_RD               | MBOX2C0 |   40022420 |          0 |          0 |          0 |    2230001 |          0 |          0 |          0 |    2369106 |          0 |          0 |          0 |    4711571 |          0 |          0 |          0 |
|               CAS_COUNT_WR               | MBOX2C1 |   34051800 |          0 |          0 |          0 |    2964363 |          0 |          0 |          0 |    3079607 |          0 |          0 |          0 |    4653165 |          0 |          0 |          0 |
|               CAS_COUNT_RD               | MBOX3C0 |   36552810 |          0 |          0 |          0 |    1934267 |          0 |          0 |          0 |    2012907 |          0 |          0 |          0 |    7692023 |          0 |          0 |          0 |
|               CAS_COUNT_WR               | MBOX3C1 |   28390710 |          0 |          0 |          0 |    2795855 |          0 |          0 |          0 |    2857206 |          0 |          0 |          0 |    7985997 |          0 |          0 |          0 |
|               CAS_COUNT_RD               | MBOX4C0 |   18204060 |          0 |          0 |          0 |    1913673 |          0 |          0 |          0 |    2038073 |          0 |          0 |          0 |    7667883 |          0 |          0 |          0 |
|               CAS_COUNT_WR               | MBOX4C1 |   25497550 |          0 |          0 |          0 |    2772040 |          0 |          0 |          0 |    2909679 |          0 |          0 |          0 |    7957390 |          0 |          0 |          0 |
|               CAS_COUNT_RD               | MBOX5C0 |   24987600 |          0 |          0 |          0 |    1921526 |          0 |          0 |          0 |    2061997 |          0 |          0 |          0 |    2895053 |          0 |          0 |          0 |
|               CAS_COUNT_WR               | MBOX5C1 |   27162130 |          0 |          0 |          0 |    2787554 |          0 |          0 |          0 |    2953469 |          0 |          0 |          0 |    3479631 |          0 |          0 |          0 |
+------------------------------------------+---------+------------+------------+------------+------------+------------+------------+------------+------------+------------+------------+------------+------------+------------+------------+------------+------------+
+-----------------------------------------------+---------+-------------+------------+------------+--------------+
|                     Event                     | Counter |     Sum     |     Min    |     Max    |      Avg     |
+-----------------------------------------------+---------+-------------+------------+------------+--------------+
|             INSTR_RETIRED_ANY STAT            |  FIXC0  | 36893087000 | 2117044000 | 5027261000 | 2.305818e+09 |
|           CPU_CLK_UNHALTED_CORE STAT          |  FIXC1  | 30398501000 | 1681378000 | 3417176000 | 1.899906e+09 |
|           CPU_CLK_UNHALTED_REF STAT           |  FIXC2  | 41642626000 | 2303332000 | 4680208000 |   2602664125 |
|              PWR_PKG_ENERGY STAT              |   PWR0  |    878.4890 |          0 |   238.8870 |      54.9056 |
|              PWR_DRAM_ENERGY STAT             |   PWR3  |    109.8457 |          0 |    37.5642 |       6.8654 |
| FP_ARITH_INST_RETIRED_128B_PACKED_DOUBLE STAT |   PMC0  |      761098 |          0 |     761098 |   47568.6250 |
|    FP_ARITH_INST_RETIRED_SCALAR_DOUBLE STAT   |   PMC1  |  8735507700 |  536973200 |  680817800 | 5.459692e+08 |
| FP_ARITH_INST_RETIRED_256B_PACKED_DOUBLE STAT |   PMC2  |      402100 |          0 |     402100 |   25131.2500 |
| FP_ARITH_INST_RETIRED_512B_PACKED_DOUBLE STAT |   PMC3  |     8148557 |          0 |    8148557 |  509284.8125 |
|               CAS_COUNT_RD STAT               | MBOX0C0 |    30889172 |          0 |   21683020 | 1.930573e+06 |
|               CAS_COUNT_WR STAT               | MBOX0C1 |    38204274 |          0 |   27538000 | 2.387767e+06 |
|               CAS_COUNT_RD STAT               | MBOX1C0 |    29180710 |          0 |   21424330 | 1.823794e+06 |
|               CAS_COUNT_WR STAT               | MBOX1C1 |    36328445 |          0 |   26758530 | 2.270528e+06 |
|               CAS_COUNT_RD STAT               | MBOX2C0 |    49333098 |          0 |   40022420 | 3.083319e+06 |
|               CAS_COUNT_WR STAT               | MBOX2C1 |    44748935 |          0 |   34051800 | 2.796808e+06 |
|               CAS_COUNT_RD STAT               | MBOX3C0 |    48192007 |          0 |   36552810 | 3.012000e+06 |
|               CAS_COUNT_WR STAT               | MBOX3C1 |    42029768 |          0 |   28390710 | 2.626860e+06 |
|               CAS_COUNT_RD STAT               | MBOX4C0 |    29823689 |          0 |   18204060 | 1.863981e+06 |
|               CAS_COUNT_WR STAT               | MBOX4C1 |    39136659 |          0 |   25497550 | 2.446041e+06 |
|               CAS_COUNT_RD STAT               | MBOX5C0 |    31866176 |          0 |   24987600 |      1991636 |
|               CAS_COUNT_WR STAT               | MBOX5C1 |    36382784 |          0 |   27162130 |      2273924 |
+-----------------------------------------------+---------+-------------+------------+------------+--------------+
+-----------------------------------+-----------+-----------+-----------+-----------+-----------+-----------+-----------+-----------+-----------+-----------+-----------+-----------+-----------+-----------+-----------+-----------+
|               Metric              |   Core 0  |   Core 1  |   Core 2  |   Core 3  |  Core 14  |  Core 15  |  Core 16  |  Core 17  |  Core 28  |  Core 29  |  Core 30  |  Core 31  |  Core 42  |  Core 43  |  Core 44  |  Core 45  |
+-----------------------------------+-----------+-----------+-----------+-----------+-----------+-----------+-----------+-----------+-----------+-----------+-----------+-----------+-----------+-----------+-----------+-----------+
|        Runtime (RDTSC) [s]        |    6.7794 |    6.7840 |    6.7840 |    6.7840 |    6.7793 |    6.7840 |    6.7838 |    6.7840 |    6.7793 |    6.7838 |    6.7838 |    6.7838 |    6.7793 |    6.7840 |    6.7840 |    6.7840 |
|        Runtime unhalted [s]       |    1.3175 |    0.7762 |    0.7761 |    0.7782 |    0.6808 |    0.6710 |    0.6683 |    0.6680 |    0.6682 |    0.6710 |    0.6705 |    0.6725 |    0.6858 |    0.6829 |    0.6846 |    0.6482 |
|            Clock [MHz]            | 1893.7973 | 1892.5386 | 1892.5653 | 1892.5674 | 1893.4488 | 1893.4409 | 1893.4808 | 1893.4344 | 1893.9482 | 1893.9335 | 1893.9756 | 1893.9187 | 1893.3578 | 1893.4498 | 1893.3997 | 1893.3902 |
|                CPI                |    0.6797 |    0.9414 |    0.9416 |    0.9441 |    0.8322 |    0.8203 |    0.8172 |    0.8169 |    0.8171 |    0.8205 |    0.8203 |    0.8226 |    0.8383 |    0.8348 |    0.8368 |    0.7942 |
|             Energy [J]            |  238.8870 |         0 |         0 |         0 |  204.7347 |         0 |         0 |         0 |  220.8874 |         0 |         0 |         0 |  213.9799 |         0 |         0 |         0 |
|             Power [W]             |   35.2372 |         0 |         0 |         0 |   30.2002 |         0 |         0 |         0 |   32.5828 |         0 |         0 |         0 |   31.5639 |         0 |         0 |         0 |
|          Energy DRAM [J]          |   37.5642 |         0 |         0 |         0 |   27.2644 |         0 |         0 |         0 |   20.1347 |         0 |         0 |         0 |   24.8824 |         0 |         0 |         0 |
|           Power DRAM [W]          |    5.5409 |         0 |         0 |         0 |    4.0217 |         0 |         0 |         0 |    2.9700 |         0 |         0 |         0 |    3.6704 |         0 |         0 |         0 |
|            DP [MFLOP/s]           |  110.5019 |   79.1556 |   79.1553 |   79.1539 |   79.2091 |   79.1538 |   79.1565 |   79.1546 |   79.2094 |   79.1549 |   79.1554 |   79.1556 |   79.2089 |   79.1531 |   79.1531 |   79.1532 |
|          AVX DP [MFLOP/s]         |    9.8529 |         0 |         0 |         0 |         0 |         0 |         0 |         0 |         0 |         0 |         0 |         0 |         0 |         0 |         0 |         0 |
|          Packed [MUOPS/s]         |    1.3735 |         0 |         0 |         0 |         0 |         0 |         0 |         0 |         0 |         0 |         0 |         0 |         0 |         0 |         0 |         0 |
|          Scalar [MUOPS/s]         |  100.4245 |   79.1556 |   79.1553 |   79.1539 |   79.2091 |   79.1538 |   79.1565 |   79.1546 |   79.2094 |   79.1549 |   79.1554 |   79.1556 |   79.2089 |   79.1531 |   79.1531 |   79.1532 |
|  Memory read bandwidth [MBytes/s] | 1537.5918 |         0 |         0 |         0 |  116.7831 |         0 |         0 |         0 |  123.7702 |         0 |         0 |         0 |  291.9946 |         0 |         0 |         0 |
|  Memory read data volume [GBytes] |   10.4240 |         0 |         0 |         0 |    0.7917 |         0 |         0 |         0 |    0.8391 |         0 |         0 |         0 |    1.9795 |         0 |         0 |         0 |
| Memory write bandwidth [MBytes/s] | 1599.1852 |         0 |         0 |         0 |  161.5577 |         0 |         0 |         0 |  168.5448 |         0 |         0 |         0 |  306.4949 |         0 |         0 |         0 |
| Memory write data volume [GBytes] |   10.8415 |         0 |         0 |         0 |    1.0952 |         0 |         0 |         0 |    1.1426 |         0 |         0 |         0 |    2.0778 |         0 |         0 |         0 |
|    Memory bandwidth [MBytes/s]    | 3136.7770 |         0 |         0 |         0 |  278.3408 |         0 |         0 |         0 |  292.3150 |         0 |         0 |         0 |  598.4895 |         0 |         0 |         0 |
|    Memory data volume [GBytes]    |   21.2655 |         0 |         0 |         0 |    1.8869 |         0 |         0 |         0 |    1.9817 |         0 |         0 |         0 |    4.0573 |         0 |         0 |         0 |
|       Operational intensity       |    0.0352 |    0.0253 |    0.0253 |    0.0253 |    0.2846 |    0.2846 |    0.2846 |    0.2846 |    0.2710 |    0.2710 |    0.2710 |    0.2710 |    0.1323 |    0.1323 |    0.1323 |    0.1323 |
+-----------------------------------+-----------+-----------+-----------+-----------+-----------+-----------+-----------+-----------+-----------+-----------+-----------+-----------+-----------+-----------+-----------+-----------+
+----------------------------------------+------------+-----------+-----------+-----------+
|                 Metric                 |     Sum    |    Min    |    Max    |    Avg    |
+----------------------------------------+------------+-----------+-----------+-----------+
|        Runtime (RDTSC) [s] STAT        |   108.5245 |    6.7793 |    6.7840 |    6.7828 |
|        Runtime unhalted [s] STAT       |    11.7198 |    0.6482 |    1.3175 |    0.7325 |
|            Clock [MHz] STAT            | 30294.6470 | 1892.5386 | 1893.9756 | 1893.4154 |
|                CPI STAT                |    13.3780 |    0.6797 |    0.9441 |    0.8361 |
|             Energy [J] STAT            |   878.4890 |         0 |  238.8870 |   54.9056 |
|             Power [W] STAT             |   129.5841 |         0 |   35.2372 |    8.0990 |
|          Energy DRAM [J] STAT          |   109.8457 |         0 |   37.5642 |    6.8654 |
|           Power DRAM [W] STAT          |    16.2030 |         0 |    5.5409 |    1.0127 |
|            DP [MFLOP/s] STAT           |  1297.9843 |   79.1531 |  110.5019 |   81.1240 |
|          AVX DP [MFLOP/s] STAT         |     9.8529 |         0 |    9.8529 |    0.6158 |
|          Packed [MUOPS/s] STAT         |     1.3735 |         0 |    1.3735 |    0.0858 |
|          Scalar [MUOPS/s] STAT         |  1287.9069 |   79.1531 |  100.4245 |   80.4942 |
|  Memory read bandwidth [MBytes/s] STAT |  2070.1397 |         0 | 1537.5918 |  129.3837 |
|  Memory read data volume [GBytes] STAT |    14.0343 |         0 |   10.4240 |    0.8771 |
| Memory write bandwidth [MBytes/s] STAT |  2235.7826 |         0 | 1599.1852 |  139.7364 |
| Memory write data volume [GBytes] STAT |    15.1571 |         0 |   10.8415 |    0.9473 |
|    Memory bandwidth [MBytes/s] STAT    |  4305.9223 |         0 | 3136.7770 |  269.1201 |
|    Memory data volume [GBytes] STAT    |    29.1914 |         0 |   21.2655 |    1.8245 |
|       Operational intensity STAT       |     2.8627 |    0.0253 |    0.2846 |    0.1789 |
+----------------------------------------+------------+-----------+-----------+-----------+
--------------------------------------------------------------------------------
CPU name:	Intel(R) Xeon(R) Gold 6132 CPU @ 2.60GHz
CPU type:	Intel Skylake SP processor
CPU clock:	2.59 GHz
--------------------------------------------------------------------------------
Region Solve, Group 1: MEM_DP
+-------------------+-----------+-----------+-----------+-----------+-----------+-----------+-----------+-----------+-----------+-----------+-----------+-----------+-----------+-----------+-----------+-----------+
|    Region Info    |   Core 0  |   Core 1  |   Core 2  |   Core 3  |  Core 14  |  Core 15  |  Core 16  |  Core 17  |  Core 28  |  Core 29  |  Core 30  |  Core 31  |  Core 42  |  Core 43  |  Core 44  |  Core 45  |
+-------------------+-----------+-----------+-----------+-----------+-----------+-----------+-----------+-----------+-----------+-----------+-----------+-----------+-----------+-----------+-----------+-----------+
| RDTSC Runtime [s] | 60.078600 | 60.081070 | 60.081080 | 60.081080 | 60.078590 | 60.081070 | 60.081070 | 60.081070 | 60.078610 | 60.081070 | 60.081070 | 60.081070 | 60.078590 | 60.081060 | 60.081060 | 60.081060 |
|     call count    |         1 |         1 |         1 |         1 |         1 |         1 |         1 |         1 |         1 |         1 |         1 |         1 |         1 |         1 |         1 |         1 |
+-------------------+-----------+-----------+-----------+-----------+-----------+-----------+-----------+-----------+-----------+-----------+-----------+-----------+-----------+-----------+-----------+-----------+
+------------------------------------------+---------+--------------+--------------+--------------+--------------+--------------+--------------+--------------+--------------+--------------+--------------+--------------+--------------+--------------+--------------+--------------+--------------+
|                   Event                  | Counter |    Core 0    |    Core 1    |    Core 2    |    Core 3    |    Core 14   |    Core 15   |    Core 16   |    Core 17   |    Core 28   |    Core 29   |    Core 30   |    Core 31   |    Core 42   |    Core 43   |    Core 44   |    Core 45   |
+------------------------------------------+---------+--------------+--------------+--------------+--------------+--------------+--------------+--------------+--------------+--------------+--------------+--------------+--------------+--------------+--------------+--------------+--------------+
|             INSTR_RETIRED_ANY            |  FIXC0  | 229516600000 | 222568300000 | 222667600000 | 221097900000 | 219186900000 | 219926800000 | 219993200000 | 218955400000 | 218944900000 | 219944900000 | 220071700000 | 219206200000 | 221051000000 | 222760200000 | 222795800000 | 221035500000 |
|           CPU_CLK_UNHALTED_CORE          |  FIXC1  |  97197410000 | 104561000000 | 106295900000 | 107424100000 | 107950700000 | 107958900000 | 107954000000 | 107768900000 | 107741100000 | 107979800000 | 107638700000 | 107408700000 | 105310800000 | 104571700000 | 104600100000 | 104671300000 |
|           CPU_CLK_UNHALTED_REF           |  FIXC2  | 133025600000 | 143103000000 | 145476100000 | 147020200000 | 147742800000 | 147754300000 | 147747400000 | 147494100000 | 147458800000 | 147785700000 | 147318700000 | 147004300000 | 144148400000 | 143137800000 | 143176200000 | 143274100000 |
|              PWR_PKG_ENERGY              |   PWR0  |    2669.1260 |            0 |            0 |            0 |    2384.8480 |            0 |            0 |            0 |    2544.7450 |            0 |            0 |            0 |    2443.4140 |            0 |            0 |            0 |
|              PWR_DRAM_ENERGY             |   PWR3  |     407.8255 |            0 |            0 |            0 |     413.0828 |            0 |            0 |            0 |     358.0352 |            0 |            0 |            0 |     391.4864 |            0 |            0 |            0 |
| FP_ARITH_INST_RETIRED_128B_PACKED_DOUBLE |   PMC0  |       714138 |            0 |            0 |            0 |            0 |            0 |            0 |            0 |            0 |            0 |            0 |            0 |            0 |            0 |            0 |            0 |
|    FP_ARITH_INST_RETIRED_SCALAR_DOUBLE   |   PMC1  |  59491620000 |  60746650000 |  60740470000 |  59775390000 |  59298800000 |  59473460000 |  58916050000 |  58338960000 |  58336280000 |  58926770000 |  59491010000 |  59294830000 |  59787740000 |  60833450000 |  60907970000 |  59656890000 |
| FP_ARITH_INST_RETIRED_256B_PACKED_DOUBLE |   PMC2  |      1138324 |            0 |            0 |            0 |            0 |            0 |            0 |            0 |            0 |            0 |            0 |            0 |            0 |            0 |            0 |            0 |
| FP_ARITH_INST_RETIRED_512B_PACKED_DOUBLE |   PMC3  |     10452010 |            0 |            0 |            0 |            0 |            0 |            0 |            0 |            0 |            0 |            0 |            0 |            0 |            0 |            0 |            0 |
|               CAS_COUNT_RD               | MBOX0C0 |    663660900 |            0 |            0 |            0 |    645182100 |            0 |            0 |            0 |    646830800 |            0 |            0 |            0 |    676645500 |            0 |            0 |            0 |
|               CAS_COUNT_WR               | MBOX0C1 |    207888000 |            0 |            0 |            0 |    202976800 |            0 |            0 |            0 |    187072600 |            0 |            0 |            0 |    172428600 |            0 |            0 |            0 |
|               CAS_COUNT_RD               | MBOX1C0 |    663234600 |            0 |            0 |            0 |    645011000 |            0 |            0 |            0 |    646554200 |            0 |            0 |            0 |    675849700 |            0 |            0 |            0 |
|               CAS_COUNT_WR               | MBOX1C1 |    207376900 |            0 |            0 |            0 |    202952700 |            0 |            0 |            0 |    187051000 |            0 |            0 |            0 |    171739100 |            0 |            0 |            0 |
|               CAS_COUNT_RD               | MBOX2C0 |    677249300 |            0 |            0 |            0 |    645056100 |            0 |            0 |            0 |    646471500 |            0 |            0 |            0 |    676847700 |            0 |            0 |            0 |
|               CAS_COUNT_WR               | MBOX2C1 |    214126000 |            0 |            0 |            0 |    203003100 |            0 |            0 |            0 |    187051100 |            0 |            0 |            0 |    172492600 |            0 |            0 |            0 |
|               CAS_COUNT_RD               | MBOX3C0 |    672300700 |            0 |            0 |            0 |    643433500 |            0 |            0 |            0 |    644718400 |            0 |            0 |            0 |    675655700 |            0 |            0 |            0 |
|               CAS_COUNT_WR               | MBOX3C1 |    208523200 |            0 |            0 |            0 |    202026000 |            0 |            0 |            0 |    185935400 |            0 |            0 |            0 |    173337400 |            0 |            0 |            0 |
|               CAS_COUNT_RD               | MBOX4C0 |    661308700 |            0 |            0 |            0 |    643359400 |            0 |            0 |            0 |    645029700 |            0 |            0 |            0 |    675355100 |            0 |            0 |            0 |
|               CAS_COUNT_WR               | MBOX4C1 |    206775200 |            0 |            0 |            0 |    201903700 |            0 |            0 |            0 |    185996500 |            0 |            0 |            0 |    173168800 |            0 |            0 |            0 |
|               CAS_COUNT_RD               | MBOX5C0 |    664996200 |            0 |            0 |            0 |    643370500 |            0 |            0 |            0 |    644807700 |            0 |            0 |            0 |    672750800 |            0 |            0 |            0 |
|               CAS_COUNT_WR               | MBOX5C1 |    207638500 |            0 |            0 |            0 |    201982300 |            0 |            0 |            0 |    185987000 |            0 |            0 |            0 |    170733900 |            0 |            0 |            0 |
+------------------------------------------+---------+--------------+--------------+--------------+--------------+--------------+--------------+--------------+--------------+--------------+--------------+--------------+--------------+--------------+--------------+--------------+--------------+
+-----------------------------------------------+---------+---------------+--------------+--------------+--------------+
|                     Event                     | Counter |      Sum      |      Min     |      Max     |      Avg     |
+-----------------------------------------------+---------+---------------+--------------+--------------+--------------+
|             INSTR_RETIRED_ANY STAT            |  FIXC0  | 3539722900000 | 218944900000 | 229516600000 | 221232681250 |
|           CPU_CLK_UNHALTED_CORE STAT          |  FIXC1  | 1697033110000 |  97197410000 | 107979800000 | 106064569375 |
|           CPU_CLK_UNHALTED_REF STAT           |  FIXC2  | 2322667500000 | 133025600000 | 147785700000 | 145166718750 |
|              PWR_PKG_ENERGY STAT              |   PWR0  |    10042.1330 |            0 |    2669.1260 |     627.6333 |
|              PWR_DRAM_ENERGY STAT             |   PWR3  |     1570.4299 |            0 |     413.0828 |      98.1519 |
| FP_ARITH_INST_RETIRED_128B_PACKED_DOUBLE STAT |   PMC0  |        714138 |            0 |       714138 |   44633.6250 |
|    FP_ARITH_INST_RETIRED_SCALAR_DOUBLE STAT   |   PMC1  |  954016340000 |  58336280000 |  60907970000 |  59626021250 |
| FP_ARITH_INST_RETIRED_256B_PACKED_DOUBLE STAT |   PMC2  |       1138324 |            0 |      1138324 |   71145.2500 |
| FP_ARITH_INST_RETIRED_512B_PACKED_DOUBLE STAT |   PMC3  |      10452010 |            0 |     10452010 |  653250.6250 |
|               CAS_COUNT_RD STAT               | MBOX0C0 |    2632319300 |            0 |    676645500 | 1.645200e+08 |
|               CAS_COUNT_WR STAT               | MBOX0C1 |     770366000 |            0 |    207888000 |     48147875 |
|               CAS_COUNT_RD STAT               | MBOX1C0 |    2630649500 |            0 |    675849700 | 1.644156e+08 |
|               CAS_COUNT_WR STAT               | MBOX1C1 |     769119700 |            0 |    207376900 | 4.806998e+07 |
|               CAS_COUNT_RD STAT               | MBOX2C0 |    2645624600 |            0 |    677249300 | 1.653515e+08 |
|               CAS_COUNT_WR STAT               | MBOX2C1 |     776672800 |            0 |    214126000 |     48542050 |
|               CAS_COUNT_RD STAT               | MBOX3C0 |    2636108300 |            0 |    675655700 | 1.647568e+08 |
|               CAS_COUNT_WR STAT               | MBOX3C1 |     769822000 |            0 |    208523200 |     48113875 |
|               CAS_COUNT_RD STAT               | MBOX4C0 |    2625052900 |            0 |    675355100 | 1.640658e+08 |
|               CAS_COUNT_WR STAT               | MBOX4C1 |     767844200 |            0 |    206775200 | 4.799026e+07 |
|               CAS_COUNT_RD STAT               | MBOX5C0 |    2625925200 |            0 |    672750800 |    164120325 |
|               CAS_COUNT_WR STAT               | MBOX5C1 |     766341700 |            0 |    207638500 | 4.789636e+07 |
+-----------------------------------------------+---------+---------------+--------------+--------------+--------------+
+-----------------------------------+-----------+-----------+-----------+-----------+-----------+-----------+-----------+-----------+-----------+-----------+-----------+-----------+-----------+-----------+-----------+-----------+
|               Metric              |   Core 0  |   Core 1  |   Core 2  |   Core 3  |  Core 14  |  Core 15  |  Core 16  |  Core 17  |  Core 28  |  Core 29  |  Core 30  |  Core 31  |  Core 42  |  Core 43  |  Core 44  |  Core 45  |
+-----------------------------------+-----------+-----------+-----------+-----------+-----------+-----------+-----------+-----------+-----------+-----------+-----------+-----------+-----------+-----------+-----------+-----------+
|        Runtime (RDTSC) [s]        |   60.0786 |   60.0811 |   60.0811 |   60.0811 |   60.0786 |   60.0811 |   60.0811 |   60.0811 |   60.0786 |   60.0811 |   60.0811 |   60.0811 |   60.0786 |   60.0811 |   60.0811 |   60.0811 |
|        Runtime unhalted [s]       |   37.4734 |   40.3124 |   40.9813 |   41.4162 |   41.6192 |   41.6224 |   41.6205 |   41.5491 |   41.5384 |   41.6305 |   41.4990 |   41.4103 |   40.6015 |   40.3165 |   40.3275 |   40.3549 |
|            Clock [MHz]            | 1895.1813 | 1895.1880 | 1895.2049 | 1895.2042 | 1895.1799 | 1895.1764 | 1895.1788 | 1895.1784 | 1895.1431 | 1895.1405 | 1895.1425 | 1895.1375 | 1894.9353 | 1894.9211 | 1894.9274 | 1894.9216 |
|                CPI                |    0.4235 |    0.4698 |    0.4774 |    0.4859 |    0.4925 |    0.4909 |    0.4907 |    0.4922 |    0.4921 |    0.4909 |    0.4891 |    0.4900 |    0.4764 |    0.4694 |    0.4695 |    0.4735 |
|             Energy [J]            | 2669.1260 |         0 |         0 |         0 | 2384.8480 |         0 |         0 |         0 | 2544.7450 |         0 |         0 |         0 | 2443.4140 |         0 |         0 |         0 |
|             Power [W]             |   44.4272 |         0 |         0 |         0 |   39.6955 |         0 |         0 |         0 |   42.3569 |         0 |         0 |         0 |   40.6703 |         0 |         0 |         0 |
|          Energy DRAM [J]          |  407.8255 |         0 |         0 |         0 |  413.0828 |         0 |         0 |         0 |  358.0352 |         0 |         0 |         0 |  391.4864 |         0 |         0 |         0 |
|           Power DRAM [W]          |    6.7882 |         0 |         0 |         0 |    6.8757 |         0 |         0 |         0 |    5.9594 |         0 |         0 |         0 |    6.5162 |         0 |         0 |         0 |
|            DP [MFLOP/s]           |  991.7211 | 1011.0780 | 1010.9750 |  994.9120 |  987.0205 |  989.8868 |  980.6092 |  971.0040 |  970.9992 |  980.7876 |  990.1789 |  986.9137 |  995.1588 | 1012.5229 | 1013.7632 |  992.9400 |
|          AVX DP [MFLOP/s]         |    1.4676 |         0 |         0 |         0 |         0 |         0 |         0 |         0 |         0 |         0 |         0 |         0 |         0 |         0 |         0 |         0 |
|          Packed [MUOPS/s]         |    0.2048 |         0 |         0 |         0 |         0 |         0 |         0 |         0 |         0 |         0 |         0 |         0 |         0 |         0 |         0 |         0 |
|          Scalar [MUOPS/s]         |  990.2298 | 1011.0780 | 1010.9750 |  994.9120 |  987.0205 |  989.8868 |  980.6092 |  971.0040 |  970.9992 |  980.7876 |  990.1789 |  986.9137 |  995.1588 | 1012.5229 | 1013.7632 |  992.9400 |
|  Memory read bandwidth [MBytes/s] | 4264.0146 |         0 |         0 |         0 | 4117.7133 |         0 |         0 |         0 | 4127.2990 |         0 |         0 |         0 | 4317.6561 |         0 |         0 |         0 |
|  Memory read data volume [GBytes] |  256.1760 |         0 |         0 |         0 |  247.3864 |         0 |         0 |         0 |  247.9624 |         0 |         0 |         0 |  259.3987 |         0 |         0 |         0 |
| Memory write bandwidth [MBytes/s] | 1334.0687 |         0 |         0 |         0 | 1294.1391 |         0 |         0 |         0 | 1192.1379 |         0 |         0 |         0 | 1101.3845 |         0 |         0 |         0 |
| Memory write data volume [GBytes] |   80.1490 |         0 |         0 |         0 |   77.7501 |         0 |         0 |         0 |   71.6220 |         0 |         0 |         0 |   66.1696 |         0 |         0 |         0 |
|    Memory bandwidth [MBytes/s]    | 5598.0833 |         0 |         0 |         0 | 5411.8524 |         0 |         0 |         0 | 5319.4369 |         0 |         0 |         0 | 5419.0405 |         0 |         0 |         0 |
|    Memory data volume [GBytes]    |  336.3250 |         0 |         0 |         0 |  325.1365 |         0 |         0 |         0 |  319.5844 |         0 |         0 |         0 |  325.5683 |         0 |         0 |         0 |
|       Operational intensity       |    0.1772 |    0.1806 |    0.1806 |    0.1777 |    0.1824 |    0.1829 |    0.1812 |    0.1794 |    0.1825 |    0.1844 |    0.1862 |    0.1855 |    0.1836 |    0.1869 |    0.1871 |    0.1832 |
+-----------------------------------+-----------+-----------+-----------+-----------+-----------+-----------+-----------+-----------+-----------+-----------+-----------+-----------+-----------+-----------+-----------+-----------+
+----------------------------------------+------------+-----------+-----------+-----------+
|                 Metric                 |     Sum    |    Min    |    Max    |    Avg    |
+----------------------------------------+------------+-----------+-----------+-----------+
|        Runtime (RDTSC) [s] STAT        |   961.2876 |   60.0786 |   60.0811 |   60.0805 |
|        Runtime unhalted [s] STAT       |   654.2731 |   37.4734 |   41.6305 |   40.8921 |
|            Clock [MHz] STAT            | 30321.7609 | 1894.9211 | 1895.2049 | 1895.1101 |
|                CPI STAT                |     7.6738 |    0.4235 |    0.4925 |    0.4796 |
|             Energy [J] STAT            | 10042.1330 |         0 | 2669.1260 |  627.6333 |
|             Power [W] STAT             |   167.1499 |         0 |   44.4272 |   10.4469 |
|          Energy DRAM [J] STAT          |  1570.4299 |         0 |  413.0828 |   98.1519 |
|           Power DRAM [W] STAT          |    26.1395 |         0 |    6.8757 |    1.6337 |
|            DP [MFLOP/s] STAT           | 15880.4709 |  970.9992 | 1013.7632 |  992.5294 |
|          AVX DP [MFLOP/s] STAT         |     1.4676 |         0 |    1.4676 |    0.0917 |
|          Packed [MUOPS/s] STAT         |     0.2048 |         0 |    0.2048 |    0.0128 |
|          Scalar [MUOPS/s] STAT         | 15878.9796 |  970.9992 | 1013.7632 |  992.4362 |
|  Memory read bandwidth [MBytes/s] STAT | 16826.6830 |         0 | 4317.6561 | 1051.6677 |
|  Memory read data volume [GBytes] STAT |  1010.9235 |         0 |  259.3987 |   63.1827 |
| Memory write bandwidth [MBytes/s] STAT |  4921.7302 |         0 | 1334.0687 |  307.6081 |
| Memory write data volume [GBytes] STAT |   295.6907 |         0 |   80.1490 |   18.4807 |
|    Memory bandwidth [MBytes/s] STAT    | 21748.4131 |         0 | 5598.0833 | 1359.2758 |
|    Memory data volume [GBytes] STAT    |  1306.6142 |         0 |  336.3250 |   81.6634 |
|       Operational intensity STAT       |     2.9214 |    0.1772 |    0.1871 |    0.1826 |
+----------------------------------------+------------+-----------+-----------+-----------+
