--------------------------------------------------------------------------------
CPU name:	Intel(R) Xeon(R) Gold 6132 CPU @ 2.60GHz
CPU type:	Intel Skylake SP processor
CPU clock:	2.59 GHz
--------------------------------------------------------------------------------
Region Setup, Group 1: MEM_DP
+-------------------+----------+----------+----------+----------+----------+----------+----------+----------+----------+----------+----------+----------+----------+----------+----------+----------+----------+----------+----------+----------+----------+----------+----------+----------+----------+
|    Region Info    |  Core 0  |  Core 1  |  Core 2  |  Core 3  |  Core 4  |  Core 5  |  Core 6  |  Core 14 |  Core 15 |  Core 16 |  Core 17 |  Core 18 |  Core 19 |  Core 28 |  Core 29 |  Core 30 |  Core 31 |  Core 32 |  Core 33 |  Core 42 |  Core 43 |  Core 44 |  Core 45 |  Core 46 |  Core 47 |
+-------------------+----------+----------+----------+----------+----------+----------+----------+----------+----------+----------+----------+----------+----------+----------+----------+----------+----------+----------+----------+----------+----------+----------+----------+----------+----------+
| RDTSC Runtime [s] | 6.456968 | 6.461435 | 6.461339 | 6.461404 | 6.461335 | 6.461358 | 6.461418 | 6.456821 | 6.461319 | 6.461377 | 6.461199 | 6.461317 | 6.461386 | 6.456816 | 6.461362 | 6.461329 | 6.461339 | 6.461288 | 6.461367 | 6.456821 | 6.461409 | 6.461326 | 6.461349 | 6.461244 | 6.461337 |
|     call count    |        2 |        2 |        2 |        2 |        2 |        2 |        2 |        2 |        2 |        2 |        2 |        2 |        2 |        2 |        2 |        2 |        2 |        2 |        2 |        2 |        2 |        2 |        2 |        2 |        2 |
+-------------------+----------+----------+----------+----------+----------+----------+----------+----------+----------+----------+----------+----------+----------+----------+----------+----------+----------+----------+----------+----------+----------+----------+----------+----------+----------+
+------------------------------------------+---------+------------+------------+------------+------------+------------+------------+------------+------------+------------+------------+------------+------------+------------+------------+------------+------------+------------+------------+------------+------------+------------+------------+------------+------------+------------+
|                   Event                  | Counter |   Core 0   |   Core 1   |   Core 2   |   Core 3   |   Core 4   |   Core 5   |   Core 6   |   Core 14  |   Core 15  |   Core 16  |   Core 17  |   Core 18  |   Core 19  |   Core 28  |   Core 29  |   Core 30  |   Core 31  |   Core 32  |   Core 33  |   Core 42  |   Core 43  |   Core 44  |   Core 45  |   Core 46  |   Core 47  |
+------------------------------------------+---------+------------+------------+------------+------------+------------+------------+------------+------------+------------+------------+------------+------------+------------+------------+------------+------------+------------+------------+------------+------------+------------+------------+------------+------------+------------+
|             INSTR_RETIRED_ANY            |  FIXC0  | 4273581000 | 1390879000 | 1388676000 | 1389266000 | 1388807000 | 1388851000 | 1388427000 | 1372490000 | 1372172000 | 1372425000 | 1370502000 | 1371046000 | 1370103000 | 1369926000 | 1370007000 | 1370047000 | 1364825000 | 1361612000 | 1360816000 | 1359118000 | 1359727000 | 1359443000 | 1360128000 | 1359572000 | 1354216000 |
|           CPU_CLK_UNHALTED_CORE          |  FIXC1  | 3059284000 | 1660362000 | 1635210000 | 1641846000 | 1641683000 | 1634111000 | 1632320000 | 1340980000 | 1342052000 | 1339543000 | 1330867000 | 1333562000 | 1322935000 | 1314711000 | 1324719000 | 1322024000 | 1296848000 | 1290005000 | 1289833000 | 1321948000 | 1327628000 | 1338896000 | 1354136000 | 1348356000 | 1246782000 |
|           CPU_CLK_UNHALTED_REF           |  FIXC2  | 4190249000 | 2275717000 | 2241390000 | 2250363000 | 2250200000 | 2239824000 | 2237505000 | 1837062000 | 1838440000 | 1834996000 | 1823114000 | 1826954000 | 1812261000 | 1801592000 | 1815228000 | 1811482000 | 1777105000 | 1767729000 | 1767475000 | 1811715000 | 1819562000 | 1834840000 | 1855629000 | 1847727000 | 1708798000 |
|              PWR_PKG_ENERGY              |   PWR0  |   234.6303 |          0 |          0 |          0 |          0 |          0 |          0 |   198.8792 |          0 |          0 |          0 |          0 |          0 |   213.7168 |          0 |          0 |          0 |          0 |          0 |   207.2814 |          0 |          0 |          0 |          0 |          0 |
|              PWR_DRAM_ENERGY             |   PWR3  |    36.1028 |          0 |          0 |          0 |          0 |          0 |          0 |    25.6937 |          0 |          0 |          0 |          0 |          0 |    19.0427 |          0 |          0 |          0 |          0 |          0 |    22.8902 |          0 |          0 |          0 |          0 |          0 |
| FP_ARITH_INST_RETIRED_128B_PACKED_DOUBLE |   PMC0  |     761098 |          0 |          0 |          0 |          0 |          0 |          0 |          0 |          0 |          0 |          0 |          0 |          0 |          0 |          0 |          0 |          0 |          0 |          0 |          0 |          0 |          0 |          0 |          0 |          0 |
|    FP_ARITH_INST_RETIRED_SCALAR_DOUBLE   |   PMC1  |  487055500 |  344408500 |  344308600 |  344397900 |  344297300 |  344394900 |  344291100 |  344391100 |  344293000 |  344392400 |  344156800 |  344254700 |  344145900 |  344240500 |  344141400 |  344240300 |  344134300 |  343304100 |  343201200 |  342304700 |  342358800 |  342219100 |  342244100 |  342155500 |  342176500 |
| FP_ARITH_INST_RETIRED_256B_PACKED_DOUBLE |   PMC2  |     402100 |          0 |          0 |          0 |          0 |          0 |          0 |          0 |          0 |          0 |          0 |          0 |          0 |          0 |          0 |          0 |          0 |          0 |          0 |          0 |          0 |          0 |          0 |          0 |          0 |
| FP_ARITH_INST_RETIRED_512B_PACKED_DOUBLE |   PMC3  |    8148557 |          0 |          0 |          0 |          0 |          0 |          0 |          0 |          0 |          0 |          0 |          0 |          0 |          0 |          0 |          0 |          0 |          0 |          0 |          0 |          0 |          0 |          0 |          0 |          0 |
|               CAS_COUNT_RD               | MBOX0C0 |   26287830 |          0 |          0 |          0 |          0 |          0 |          0 |    2183627 |          0 |          0 |          0 |          0 |          0 |    2225229 |          0 |          0 |          0 |          0 |          0 |    5696502 |          0 |          0 |          0 |          0 |          0 |
|               CAS_COUNT_WR               | MBOX0C1 |   31836670 |          0 |          0 |          0 |          0 |          0 |          0 |    2804054 |          0 |          0 |          0 |          0 |          0 |    2903120 |          0 |          0 |          0 |          0 |          0 |    5543692 |          0 |          0 |          0 |          0 |          0 |
|               CAS_COUNT_RD               | MBOX1C0 |   23370180 |          0 |          0 |          0 |          0 |          0 |          0 |    2258301 |          0 |          0 |          0 |          0 |          0 |    2223575 |          0 |          0 |          0 |          0 |          0 |    3111541 |          0 |          0 |          0 |          0 |          0 |
|               CAS_COUNT_WR               | MBOX1C1 |   27359050 |          0 |          0 |          0 |          0 |          0 |          0 |    2833835 |          0 |          0 |          0 |          0 |          0 |    2904030 |          0 |          0 |          0 |          0 |          0 |    3521747 |          0 |          0 |          0 |          0 |          0 |
|               CAS_COUNT_RD               | MBOX2C0 |   31691430 |          0 |          0 |          0 |          0 |          0 |          0 |    2232752 |          0 |          0 |          0 |          0 |          0 |    2238221 |          0 |          0 |          0 |          0 |          0 |    3211143 |          0 |          0 |          0 |          0 |          0 |
|               CAS_COUNT_WR               | MBOX2C1 |   30141380 |          0 |          0 |          0 |          0 |          0 |          0 |    2880480 |          0 |          0 |          0 |          0 |          0 |    2922494 |          0 |          0 |          0 |          0 |          0 |    3530874 |          0 |          0 |          0 |          0 |          0 |
|               CAS_COUNT_RD               | MBOX3C0 |   36154780 |          0 |          0 |          0 |          0 |          0 |          0 |    2026792 |          0 |          0 |          0 |          0 |          0 |    1929457 |          0 |          0 |          0 |          0 |          0 |    3139318 |          0 |          0 |          0 |          0 |          0 |
|               CAS_COUNT_WR               | MBOX3C1 |   28647330 |          0 |          0 |          0 |          0 |          0 |          0 |    2705043 |          0 |          0 |          0 |          0 |          0 |    2740869 |          0 |          0 |          0 |          0 |          0 |    3692374 |          0 |          0 |          0 |          0 |          0 |
|               CAS_COUNT_RD               | MBOX4C0 |   19372910 |          0 |          0 |          0 |          0 |          0 |          0 |    1890305 |          0 |          0 |          0 |          0 |          0 |    1937486 |          0 |          0 |          0 |          0 |          0 |   11182220 |          0 |          0 |          0 |          0 |          0 |
|               CAS_COUNT_WR               | MBOX4C1 |   26099880 |          0 |          0 |          0 |          0 |          0 |          0 |    2646063 |          0 |          0 |          0 |          0 |          0 |    2747231 |          0 |          0 |          0 |          0 |          0 |   11752970 |          0 |          0 |          0 |          0 |          0 |
|               CAS_COUNT_RD               | MBOX5C0 |   24326840 |          0 |          0 |          0 |          0 |          0 |          0 |    1930777 |          0 |          0 |          0 |          0 |          0 |    1935107 |          0 |          0 |          0 |          0 |          0 |    2664715 |          0 |          0 |          0 |          0 |          0 |
|               CAS_COUNT_WR               | MBOX5C1 |   26412600 |          0 |          0 |          0 |          0 |          0 |          0 |    2643610 |          0 |          0 |          0 |          0 |          0 |    2746736 |          0 |          0 |          0 |          0 |          0 |    3240317 |          0 |          0 |          0 |          0 |          0 |
+------------------------------------------+---------+------------+------------+------------+------------+------------+------------+------------+------------+------------+------------+------------+------------+------------+------------+------------+------------+------------+------------+------------+------------+------------+------------+------------+------------+------------+
+-----------------------------------------------+---------+-------------+------------+------------+--------------+
|                     Event                     | Counter |     Sum     |     Min    |     Max    |      Avg     |
+-----------------------------------------------+---------+-------------+------------+------------+--------------+
|             INSTR_RETIRED_ANY STAT            |  FIXC0  | 37186662000 | 1354216000 | 4273581000 |   1487466480 |
|           CPU_CLK_UNHALTED_CORE STAT          |  FIXC1  | 36690641000 | 1246782000 | 3059284000 |   1467625640 |
|           CPU_CLK_UNHALTED_REF STAT           |  FIXC2  | 50276957000 | 1708798000 | 4190249000 |   2011078280 |
|              PWR_PKG_ENERGY STAT              |   PWR0  |    854.5077 |          0 |   234.6303 |      34.1803 |
|              PWR_DRAM_ENERGY STAT             |   PWR3  |    103.7294 |          0 |    36.1028 |       4.1492 |
| FP_ARITH_INST_RETIRED_128B_PACKED_DOUBLE STAT |   PMC0  |      761098 |          0 |     761098 |   30443.9200 |
|    FP_ARITH_INST_RETIRED_SCALAR_DOUBLE STAT   |   PMC1  |  8735508200 |  342155500 |  487055500 |    349420328 |
| FP_ARITH_INST_RETIRED_256B_PACKED_DOUBLE STAT |   PMC2  |      402100 |          0 |     402100 |        16084 |
| FP_ARITH_INST_RETIRED_512B_PACKED_DOUBLE STAT |   PMC3  |     8148557 |          0 |    8148557 |  325942.2800 |
|               CAS_COUNT_RD STAT               | MBOX0C0 |    36393188 |          0 |   26287830 | 1.455728e+06 |
|               CAS_COUNT_WR STAT               | MBOX0C1 |    43087536 |          0 |   31836670 | 1.723501e+06 |
|               CAS_COUNT_RD STAT               | MBOX1C0 |    30963597 |          0 |   23370180 | 1.238544e+06 |
|               CAS_COUNT_WR STAT               | MBOX1C1 |    36618662 |          0 |   27359050 | 1.464746e+06 |
|               CAS_COUNT_RD STAT               | MBOX2C0 |    39373546 |          0 |   31691430 | 1.574942e+06 |
|               CAS_COUNT_WR STAT               | MBOX2C1 |    39475228 |          0 |   30141380 | 1.579009e+06 |
|               CAS_COUNT_RD STAT               | MBOX3C0 |    43250347 |          0 |   36154780 | 1.730014e+06 |
|               CAS_COUNT_WR STAT               | MBOX3C1 |    37785616 |          0 |   28647330 | 1.511425e+06 |
|               CAS_COUNT_RD STAT               | MBOX4C0 |    34382921 |          0 |   19372910 | 1.375317e+06 |
|               CAS_COUNT_WR STAT               | MBOX4C1 |    43246144 |          0 |   26099880 | 1.729846e+06 |
|               CAS_COUNT_RD STAT               | MBOX5C0 |    30857439 |          0 |   24326840 | 1.234298e+06 |
|               CAS_COUNT_WR STAT               | MBOX5C1 |    35043263 |          0 |   26412600 | 1.401731e+06 |
+-----------------------------------------------+---------+-------------+------------+------------+--------------+
+-----------------------------------+-----------+-----------+-----------+-----------+-----------+-----------+-----------+-----------+-----------+-----------+-----------+-----------+-----------+-----------+-----------+-----------+-----------+-----------+-----------+-----------+-----------+-----------+-----------+-----------+-----------+
|               Metric              |   Core 0  |   Core 1  |   Core 2  |   Core 3  |   Core 4  |   Core 5  |   Core 6  |  Core 14  |  Core 15  |  Core 16  |  Core 17  |  Core 18  |  Core 19  |  Core 28  |  Core 29  |  Core 30  |  Core 31  |  Core 32  |  Core 33  |  Core 42  |  Core 43  |  Core 44  |  Core 45  |  Core 46  |  Core 47  |
+-----------------------------------+-----------+-----------+-----------+-----------+-----------+-----------+-----------+-----------+-----------+-----------+-----------+-----------+-----------+-----------+-----------+-----------+-----------+-----------+-----------+-----------+-----------+-----------+-----------+-----------+-----------+
|        Runtime (RDTSC) [s]        |    6.4570 |    6.4614 |    6.4613 |    6.4614 |    6.4613 |    6.4614 |    6.4614 |    6.4568 |    6.4613 |    6.4614 |    6.4612 |    6.4613 |    6.4614 |    6.4568 |    6.4614 |    6.4613 |    6.4613 |    6.4613 |    6.4614 |    6.4568 |    6.4614 |    6.4613 |    6.4613 |    6.4612 |    6.4613 |
|        Runtime unhalted [s]       |    1.1795 |    0.6401 |    0.6304 |    0.6330 |    0.6329 |    0.6300 |    0.6293 |    0.5170 |    0.5174 |    0.5164 |    0.5131 |    0.5141 |    0.5100 |    0.5069 |    0.5107 |    0.5097 |    0.5000 |    0.4973 |    0.4973 |    0.5097 |    0.5119 |    0.5162 |    0.5221 |    0.5198 |    0.4807 |
|            Clock [MHz]            | 1893.6943 | 1892.4066 | 1892.2827 | 1892.3861 | 1892.3353 | 1892.3330 | 1892.2181 | 1893.3391 | 1893.4324 | 1893.4396 | 1893.4365 | 1893.2829 | 1893.4231 | 1892.7958 | 1892.8774 | 1892.9329 | 1892.8051 | 1892.8039 | 1892.8235 | 1892.5807 | 1892.5156 | 1892.6860 | 1892.7840 | 1892.7649 | 1892.4731 |
|                CPI                |    0.7159 |    1.1938 |    1.1775 |    1.1818 |    1.1821 |    1.1766 |    1.1757 |    0.9770 |    0.9780 |    0.9760 |    0.9711 |    0.9727 |    0.9656 |    0.9597 |    0.9669 |    0.9649 |    0.9502 |    0.9474 |    0.9478 |    0.9727 |    0.9764 |    0.9849 |    0.9956 |    0.9918 |    0.9207 |
|             Energy [J]            |  234.6303 |         0 |         0 |         0 |         0 |         0 |         0 |  198.8792 |         0 |         0 |         0 |         0 |         0 |  213.7168 |         0 |         0 |         0 |         0 |         0 |  207.2814 |         0 |         0 |         0 |         0 |         0 |
|             Power [W]             |   36.3375 |         0 |         0 |         0 |         0 |         0 |         0 |   30.8014 |         0 |         0 |         0 |         0 |         0 |   33.0994 |         0 |         0 |         0 |         0 |         0 |   32.1027 |         0 |         0 |         0 |         0 |         0 |
|          Energy DRAM [J]          |   36.1028 |         0 |         0 |         0 |         0 |         0 |         0 |   25.6937 |         0 |         0 |         0 |         0 |         0 |   19.0427 |         0 |         0 |         0 |         0 |         0 |   22.8902 |         0 |         0 |         0 |         0 |         0 |
|           Power DRAM [W]          |    5.5913 |         0 |         0 |         0 |         0 |         0 |         0 |    3.9793 |         0 |         0 |         0 |         0 |         0 |    2.9492 |         0 |         0 |         0 |         0 |         0 |    3.5451 |         0 |         0 |         0 |         0 |         0 |
|            DP [MFLOP/s]           |   86.0117 |   53.3022 |   53.2875 |   53.3008 |   53.2858 |   53.3007 |   53.2841 |   53.3376 |   53.2853 |   53.3002 |   53.2652 |   53.2793 |   53.2619 |   53.3143 |   53.2614 |   53.2770 |   53.2605 |   53.1325 |   53.1159 |   53.0144 |   52.9852 |   52.9642 |   52.9679 |   52.9551 |   52.9575 |
|          AVX DP [MFLOP/s]         |   10.3449 |         0 |         0 |         0 |         0 |         0 |         0 |         0 |         0 |         0 |         0 |         0 |         0 |         0 |         0 |         0 |         0 |         0 |         0 |         0 |         0 |         0 |         0 |         0 |         0 |
|          Packed [MUOPS/s]         |    1.4421 |         0 |         0 |         0 |         0 |         0 |         0 |         0 |         0 |         0 |         0 |         0 |         0 |         0 |         0 |         0 |         0 |         0 |         0 |         0 |         0 |         0 |         0 |         0 |         0 |
|          Scalar [MUOPS/s]         |   75.4310 |   53.3022 |   53.2875 |   53.3008 |   53.2858 |   53.3007 |   53.2841 |   53.3376 |   53.2853 |   53.3002 |   53.2652 |   53.2793 |   53.2619 |   53.3143 |   53.2614 |   53.2770 |   53.2605 |   53.1325 |   53.1159 |   53.0144 |   52.9852 |   52.9642 |   52.9679 |   52.9551 |   52.9575 |
|  Memory read bandwidth [MBytes/s] | 1597.8171 |         0 |         0 |         0 |         0 |         0 |         0 |  124.1235 |         0 |         0 |         0 |         0 |         0 |  123.7918 |         0 |         0 |         0 |         0 |         0 |  287.5019 |         0 |         0 |         0 |         0 |         0 |
|  Memory read data volume [GBytes] |   10.3171 |         0 |         0 |         0 |         0 |         0 |         0 |    0.8014 |         0 |         0 |         0 |         0 |         0 |    0.7993 |         0 |         0 |         0 |         0 |         0 |    1.8563 |         0 |         0 |         0 |         0 |         0 |
| Memory write bandwidth [MBytes/s] | 1689.9266 |         0 |         0 |         0 |         0 |         0 |         0 |  163.6777 |         0 |         0 |         0 |         0 |         0 |  168.1520 |         0 |         0 |         0 |         0 |         0 |  310.0669 |         0 |         0 |         0 |         0 |         0 |
| Memory write data volume [GBytes] |   10.9118 |         0 |         0 |         0 |         0 |         0 |         0 |    1.0568 |         0 |         0 |         0 |         0 |         0 |    1.0857 |         0 |         0 |         0 |         0 |         0 |    2.0020 |         0 |         0 |         0 |         0 |         0 |
|    Memory bandwidth [MBytes/s]    | 3287.7438 |         0 |         0 |         0 |         0 |         0 |         0 |  287.8012 |         0 |         0 |         0 |         0 |         0 |  291.9438 |         0 |         0 |         0 |         0 |         0 |  597.5687 |         0 |         0 |         0 |         0 |         0 |
|    Memory data volume [GBytes]    |   21.2289 |         0 |         0 |         0 |         0 |         0 |         0 |    1.8583 |         0 |         0 |         0 |         0 |         0 |    1.8850 |         0 |         0 |         0 |         0 |         0 |    3.8584 |         0 |         0 |         0 |         0 |         0 |
|       Operational intensity       |    0.0262 |    0.0162 |    0.0162 |    0.0162 |    0.0162 |    0.0162 |    0.0162 |    0.1853 |    0.1853 |    0.1853 |    0.1852 |    0.1853 |    0.1852 |    0.1826 |    0.1826 |    0.1826 |    0.1826 |    0.1821 |    0.1821 |    0.0887 |    0.0887 |    0.0887 |    0.0887 |    0.0887 |    0.0887 |
+-----------------------------------+-----------+-----------+-----------+-----------+-----------+-----------+-----------+-----------+-----------+-----------+-----------+-----------+-----------+-----------+-----------+-----------+-----------+-----------+-----------+-----------+-----------+-----------+-----------+-----------+-----------+
+----------------------------------------+------------+-----------+-----------+-----------+
|                 Metric                 |     Sum    |    Min    |    Max    |    Avg    |
+----------------------------------------+------------+-----------+-----------+-----------+
|        Runtime (RDTSC) [s] STAT        |   161.5154 |    6.4568 |    6.4614 |    6.4606 |
|        Runtime unhalted [s] STAT       |    14.1455 |    0.4807 |    1.1795 |    0.5658 |
|            Clock [MHz] STAT            | 47320.8526 | 1892.2181 | 1893.6943 | 1892.8341 |
|                CPI STAT                |    25.2228 |    0.7159 |    1.1938 |    1.0089 |
|             Energy [J] STAT            |   854.5077 |         0 |  234.6303 |   34.1803 |
|             Power [W] STAT             |   132.3410 |         0 |   36.3375 |    5.2936 |
|          Energy DRAM [J] STAT          |   103.7294 |         0 |   36.1028 |    4.1492 |
|           Power DRAM [W] STAT          |    16.0649 |         0 |    5.5913 |    0.6426 |
|            DP [MFLOP/s] STAT           |  1362.7082 |   52.9551 |   86.0117 |   54.5083 |
|          AVX DP [MFLOP/s] STAT         |    10.3449 |         0 |   10.3449 |    0.4138 |
|          Packed [MUOPS/s] STAT         |     1.4421 |         0 |    1.4421 |    0.0577 |
|          Scalar [MUOPS/s] STAT         |  1352.1275 |   52.9551 |   75.4310 |   54.0851 |
|  Memory read bandwidth [MBytes/s] STAT |  2133.2343 |         0 | 1597.8171 |   85.3294 |
|  Memory read data volume [GBytes] STAT |    13.7741 |         0 |   10.3171 |    0.5510 |
| Memory write bandwidth [MBytes/s] STAT |  2331.8232 |         0 | 1689.9266 |   93.2729 |
| Memory write data volume [GBytes] STAT |    15.0563 |         0 |   10.9118 |    0.6023 |
|    Memory bandwidth [MBytes/s] STAT    |  4465.0575 |         0 | 3287.7438 |  178.6023 |
|    Memory data volume [GBytes] STAT    |    28.8306 |         0 |   21.2289 |    1.1532 |
|       Operational intensity STAT       |     2.8618 |    0.0162 |    0.1853 |    0.1145 |
+----------------------------------------+------------+-----------+-----------+-----------+
--------------------------------------------------------------------------------
CPU name:	Intel(R) Xeon(R) Gold 6132 CPU @ 2.60GHz
CPU type:	Intel Skylake SP processor
CPU clock:	2.59 GHz
--------------------------------------------------------------------------------
Region Solve, Group 1: MEM_DP
+-------------------+-----------+-----------+-----------+-----------+-----------+-----------+-----------+-----------+-----------+-----------+-----------+-----------+-----------+-----------+-----------+-----------+-----------+-----------+-----------+-----------+-----------+-----------+-----------+-----------+-----------+
|    Region Info    |   Core 0  |   Core 1  |   Core 2  |   Core 3  |   Core 4  |   Core 5  |   Core 6  |  Core 14  |  Core 15  |  Core 16  |  Core 17  |  Core 18  |  Core 19  |  Core 28  |  Core 29  |  Core 30  |  Core 31  |  Core 32  |  Core 33  |  Core 42  |  Core 43  |  Core 44  |  Core 45  |  Core 46  |  Core 47  |
+-------------------+-----------+-----------+-----------+-----------+-----------+-----------+-----------+-----------+-----------+-----------+-----------+-----------+-----------+-----------+-----------+-----------+-----------+-----------+-----------+-----------+-----------+-----------+-----------+-----------+-----------+
| RDTSC Runtime [s] | 41.609020 | 41.611490 | 41.611490 | 41.611490 | 41.611490 | 41.611490 | 41.611490 | 41.609010 | 41.611480 | 41.611470 | 41.611480 | 41.611480 | 41.611480 | 41.609010 | 41.611480 | 41.611480 | 41.611470 | 41.611470 | 41.611480 | 41.609000 | 41.611470 | 41.611480 | 41.611480 | 41.611470 | 41.611480 |
|     call count    |         1 |         1 |         1 |         1 |         1 |         1 |         1 |         1 |         1 |         1 |         1 |         1 |         1 |         1 |         1 |         1 |         1 |         1 |         1 |         1 |         1 |         1 |         1 |         1 |         1 |
+-------------------+-----------+-----------+-----------+-----------+-----------+-----------+-----------+-----------+-----------+-----------+-----------+-----------+-----------+-----------+-----------+-----------+-----------+-----------+-----------+-----------+-----------+-----------+-----------+-----------+-----------+
+------------------------------------------+---------+--------------+--------------+--------------+--------------+--------------+--------------+--------------+--------------+--------------+--------------+--------------+--------------+--------------+--------------+--------------+--------------+--------------+--------------+--------------+--------------+--------------+--------------+--------------+--------------+--------------+
|                   Event                  | Counter |    Core 0    |    Core 1    |    Core 2    |    Core 3    |    Core 4    |    Core 5    |    Core 6    |    Core 14   |    Core 15   |    Core 16   |    Core 17   |    Core 18   |    Core 19   |    Core 28   |    Core 29   |    Core 30   |    Core 31   |    Core 32   |    Core 33   |    Core 42   |    Core 43   |    Core 44   |    Core 45   |    Core 46   |    Core 47   |
+------------------------------------------+---------+--------------+--------------+--------------+--------------+--------------+--------------+--------------+--------------+--------------+--------------+--------------+--------------+--------------+--------------+--------------+--------------+--------------+--------------+--------------+--------------+--------------+--------------+--------------+--------------+--------------+
|             INSTR_RETIRED_ANY            |  FIXC0  | 150011400000 | 142500100000 | 143362600000 | 143447300000 | 142898200000 | 141971900000 | 141451900000 | 140859900000 | 141384400000 | 141653900000 | 140962600000 | 140691400000 | 140092300000 | 140659100000 | 140910100000 | 141528600000 | 141161900000 | 140354100000 | 140802800000 | 140993900000 | 141954100000 | 142267000000 | 142178600000 | 141328000000 | 140548600000 |
|           CPU_CLK_UNHALTED_CORE          |  FIXC1  |  65397380000 |  72632170000 |  72809400000 |  73547460000 |  73545790000 |  73594750000 |  73721140000 |  73470040000 |  73482710000 |  73482420000 |  73447580000 |  73448640000 |  73464190000 |  73400700000 |  73446510000 |  73448320000 |  73455980000 |  73456150000 |  73426310000 |  72639930000 |  72573550000 |  72668940000 |  72608870000 |  72609720000 |  72727450000 |
|           CPU_CLK_UNHALTED_REF           |  FIXC2  |  89491470000 |  99392650000 |  99635010000 | 100645100000 | 100642900000 | 100709900000 | 100882800000 | 100554100000 | 100571400000 | 100571000000 | 100524300000 | 100525500000 | 100546200000 | 100462600000 | 100525500000 | 100527900000 | 100539000000 | 100539000000 | 100498100000 |  99437120000 |  99346960000 |  99476980000 |  99395000000 |  99396260000 |  99556720000 |
|              PWR_PKG_ENERGY              |   PWR0  |    2204.9290 |            0 |            0 |            0 |            0 |            0 |            0 |    1876.0790 |            0 |            0 |            0 |            0 |            0 |    2024.0270 |            0 |            0 |            0 |            0 |            0 |    1914.5940 |            0 |            0 |            0 |            0 |            0 |
|              PWR_DRAM_ENERGY             |   PWR3  |     330.4621 |            0 |            0 |            0 |            0 |            0 |            0 |     311.7425 |            0 |            0 |            0 |            0 |            0 |     279.1863 |            0 |            0 |            0 |            0 |            0 |     294.1181 |            0 |            0 |            0 |            0 |            0 |
| FP_ARITH_INST_RETIRED_128B_PACKED_DOUBLE |   PMC0  |       714138 |            0 |            0 |            0 |            0 |            0 |            0 |            0 |            0 |            0 |            0 |            0 |            0 |            0 |            0 |            0 |            0 |            0 |            0 |            0 |            0 |            0 |            0 |            0 |            0 |
|    FP_ARITH_INST_RETIRED_SCALAR_DOUBLE   |   PMC1  |  37957430000 |  38455720000 |  39129860000 |  39187530000 |  38704370000 |  38304700000 |  38207820000 |  38048610000 |  38188660000 |  38112900000 |  37567410000 |  37417240000 |  37312810000 |  37411490000 |  37577780000 |  38085450000 |  38115860000 |  37890600000 |  38022110000 |  38024320000 |  38466960000 |  38919410000 |  38868510000 |  38209640000 |  37829150000 |
| FP_ARITH_INST_RETIRED_256B_PACKED_DOUBLE |   PMC2  |      1138324 |            0 |            0 |            0 |            0 |            0 |            0 |            0 |            0 |            0 |            0 |            0 |            0 |            0 |            0 |            0 |            0 |            0 |            0 |            0 |            0 |            0 |            0 |            0 |            0 |
| FP_ARITH_INST_RETIRED_512B_PACKED_DOUBLE |   PMC3  |     10452010 |            0 |            0 |            0 |            0 |            0 |            0 |            0 |            0 |            0 |            0 |            0 |            0 |            0 |            0 |            0 |            0 |            0 |            0 |            0 |            0 |            0 |            0 |            0 |            0 |
|               CAS_COUNT_RD               | MBOX0C0 |    748067400 |            0 |            0 |            0 |            0 |            0 |            0 |    619654000 |            0 |            0 |            0 |            0 |            0 |    621344100 |            0 |            0 |            0 |            0 |            0 |    643316300 |            0 |            0 |            0 |            0 |            0 |
|               CAS_COUNT_WR               | MBOX0C1 |    228509400 |            0 |            0 |            0 |            0 |            0 |            0 |    196242300 |            0 |            0 |            0 |            0 |            0 |    180404300 |            0 |            0 |            0 |            0 |            0 |    165543400 |            0 |            0 |            0 |            0 |            0 |
|               CAS_COUNT_RD               | MBOX1C0 |    745453600 |            0 |            0 |            0 |            0 |            0 |            0 |    619487500 |            0 |            0 |            0 |            0 |            0 |    621162300 |            0 |            0 |            0 |            0 |            0 |    641734000 |            0 |            0 |            0 |            0 |            0 |
|               CAS_COUNT_WR               | MBOX1C1 |    224925700 |            0 |            0 |            0 |            0 |            0 |            0 |    196109900 |            0 |            0 |            0 |            0 |            0 |    180376700 |            0 |            0 |            0 |            0 |            0 |    164217900 |            0 |            0 |            0 |            0 |            0 |
|               CAS_COUNT_RD               | MBOX2C0 |    751361000 |            0 |            0 |            0 |            0 |            0 |            0 |    619549100 |            0 |            0 |            0 |            0 |            0 |    620965200 |            0 |            0 |            0 |            0 |            0 |    641906600 |            0 |            0 |            0 |            0 |            0 |
|               CAS_COUNT_WR               | MBOX2C1 |    227012900 |            0 |            0 |            0 |            0 |            0 |            0 |    196193100 |            0 |            0 |            0 |            0 |            0 |    180411400 |            0 |            0 |            0 |            0 |            0 |    164275200 |            0 |            0 |            0 |            0 |            0 |
|               CAS_COUNT_RD               | MBOX3C0 |    753716400 |            0 |            0 |            0 |            0 |            0 |            0 |    618043700 |            0 |            0 |            0 |            0 |            0 |    619308700 |            0 |            0 |            0 |            0 |            0 |    639313000 |            0 |            0 |            0 |            0 |            0 |
|               CAS_COUNT_WR               | MBOX3C1 |    225640200 |            0 |            0 |            0 |            0 |            0 |            0 |    195197400 |            0 |            0 |            0 |            0 |            0 |    179282300 |            0 |            0 |            0 |            0 |            0 |    163617400 |            0 |            0 |            0 |            0 |            0 |
|               CAS_COUNT_RD               | MBOX4C0 |    742879300 |            0 |            0 |            0 |            0 |            0 |            0 |    617891100 |            0 |            0 |            0 |            0 |            0 |    619731900 |            0 |            0 |            0 |            0 |            0 |    644375100 |            0 |            0 |            0 |            0 |            0 |
|               CAS_COUNT_WR               | MBOX4C1 |    224207100 |            0 |            0 |            0 |            0 |            0 |            0 |    195115100 |            0 |            0 |            0 |            0 |            0 |    179338900 |            0 |            0 |            0 |            0 |            0 |    168621300 |            0 |            0 |            0 |            0 |            0 |
|               CAS_COUNT_RD               | MBOX5C0 |    745917000 |            0 |            0 |            0 |            0 |            0 |            0 |    617992200 |            0 |            0 |            0 |            0 |            0 |    619581000 |            0 |            0 |            0 |            0 |            0 |    638738200 |            0 |            0 |            0 |            0 |            0 |
|               CAS_COUNT_WR               | MBOX5C1 |    224251900 |            0 |            0 |            0 |            0 |            0 |            0 |    195190600 |            0 |            0 |            0 |            0 |            0 |    179314000 |            0 |            0 |            0 |            0 |            0 |    163182300 |            0 |            0 |            0 |            0 |            0 |
+------------------------------------------+---------+--------------+--------------+--------------+--------------+--------------+--------------+--------------+--------------+--------------+--------------+--------------+--------------+--------------+--------------+--------------+--------------+--------------+--------------+--------------+--------------+--------------+--------------+--------------+--------------+--------------+
+-----------------------------------------------+---------+---------------+--------------+--------------+--------------+
|                     Event                     | Counter |      Sum      |      Min     |      Max     |      Avg     |
+-----------------------------------------------+---------+---------------+--------------+--------------+--------------+
|             INSTR_RETIRED_ANY STAT            |  FIXC0  | 3545974700000 | 140092300000 | 150011400000 | 141838988000 |
|           CPU_CLK_UNHALTED_CORE STAT          |  FIXC1  | 1822506100000 |  65397380000 |  73721140000 |  72900244000 |
|           CPU_CLK_UNHALTED_REF STAT           |  FIXC2  | 2494393470000 |  89491470000 | 100882800000 |  99775738800 |
|              PWR_PKG_ENERGY STAT              |   PWR0  |     8019.6290 |            0 |    2204.9290 |     320.7852 |
|              PWR_DRAM_ENERGY STAT             |   PWR3  |     1215.5090 |            0 |     330.4621 |      48.6204 |
| FP_ARITH_INST_RETIRED_128B_PACKED_DOUBLE STAT |   PMC0  |        714138 |            0 |       714138 |   28565.5200 |
|    FP_ARITH_INST_RETIRED_SCALAR_DOUBLE STAT   |   PMC1  |  954016340000 |  37312810000 |  39187530000 |  38160653600 |
| FP_ARITH_INST_RETIRED_256B_PACKED_DOUBLE STAT |   PMC2  |       1138324 |            0 |      1138324 |   45532.9600 |
| FP_ARITH_INST_RETIRED_512B_PACKED_DOUBLE STAT |   PMC3  |      10452010 |            0 |     10452010 |  418080.4000 |
|               CAS_COUNT_RD STAT               | MBOX0C0 |    2632381800 |            0 |    748067400 |    105295272 |
|               CAS_COUNT_WR STAT               | MBOX0C1 |     770699400 |            0 |    228509400 |     30827976 |
|               CAS_COUNT_RD STAT               | MBOX1C0 |    2627837400 |            0 |    745453600 |    105113496 |
|               CAS_COUNT_WR STAT               | MBOX1C1 |     765630200 |            0 |    224925700 |     30625208 |
|               CAS_COUNT_RD STAT               | MBOX2C0 |    2633781900 |            0 |    751361000 |    105351276 |
|               CAS_COUNT_WR STAT               | MBOX2C1 |     767892600 |            0 |    227012900 |     30715704 |
|               CAS_COUNT_RD STAT               | MBOX3C0 |    2630381800 |            0 |    753716400 |    105215272 |
|               CAS_COUNT_WR STAT               | MBOX3C1 |     763737300 |            0 |    225640200 |     30549492 |
|               CAS_COUNT_RD STAT               | MBOX4C0 |    2624877400 |            0 |    742879300 |    104995096 |
|               CAS_COUNT_WR STAT               | MBOX4C1 |     767282400 |            0 |    224207100 |     30691296 |
|               CAS_COUNT_RD STAT               | MBOX5C0 |    2622228400 |            0 |    745917000 |    104889136 |
|               CAS_COUNT_WR STAT               | MBOX5C1 |     761938800 |            0 |    224251900 |     30477552 |
+-----------------------------------------------+---------+---------------+--------------+--------------+--------------+
+-----------------------------------+-----------+-----------+-----------+-----------+-----------+-----------+-----------+-----------+-----------+-----------+-----------+-----------+-----------+-----------+-----------+-----------+-----------+-----------+-----------+-----------+-----------+-----------+-----------+-----------+-----------+
|               Metric              |   Core 0  |   Core 1  |   Core 2  |   Core 3  |   Core 4  |   Core 5  |   Core 6  |  Core 14  |  Core 15  |  Core 16  |  Core 17  |  Core 18  |  Core 19  |  Core 28  |  Core 29  |  Core 30  |  Core 31  |  Core 32  |  Core 33  |  Core 42  |  Core 43  |  Core 44  |  Core 45  |  Core 46  |  Core 47  |
+-----------------------------------+-----------+-----------+-----------+-----------+-----------+-----------+-----------+-----------+-----------+-----------+-----------+-----------+-----------+-----------+-----------+-----------+-----------+-----------+-----------+-----------+-----------+-----------+-----------+-----------+-----------+
|        Runtime (RDTSC) [s]        |   41.6090 |   41.6115 |   41.6115 |   41.6115 |   41.6115 |   41.6115 |   41.6115 |   41.6090 |   41.6115 |   41.6115 |   41.6115 |   41.6115 |   41.6115 |   41.6090 |   41.6115 |   41.6115 |   41.6115 |   41.6115 |   41.6115 |   41.6090 |   41.6115 |   41.6115 |   41.6115 |   41.6115 |   41.6115 |
|        Runtime unhalted [s]       |   25.2133 |   28.0026 |   28.0710 |   28.3555 |   28.3549 |   28.3738 |   28.4225 |   28.3257 |   28.3306 |   28.3305 |   28.3170 |   28.3174 |   28.3234 |   28.2989 |   28.3166 |   28.3173 |   28.3203 |   28.3203 |   28.3088 |   28.0056 |   27.9800 |   28.0168 |   27.9937 |   27.9940 |   28.0394 |
|            Clock [MHz]            | 1895.4338 | 1895.4165 | 1895.4197 | 1895.4178 | 1895.4162 | 1895.4162 | 1895.4173 | 1895.1361 | 1895.1369 | 1895.1369 | 1895.1184 | 1895.1231 | 1895.1341 | 1895.0719 | 1895.0682 | 1895.0696 | 1895.0580 | 1895.0624 | 1895.0635 | 1894.7713 | 1894.7578 | 1894.7685 | 1894.7637 | 1894.7619 | 1894.7752 |
|                CPI                |    0.4359 |    0.5097 |    0.5079 |    0.5127 |    0.5147 |    0.5184 |    0.5212 |    0.5216 |    0.5197 |    0.5187 |    0.5210 |    0.5221 |    0.5244 |    0.5218 |    0.5212 |    0.5190 |    0.5204 |    0.5234 |    0.5215 |    0.5152 |    0.5112 |    0.5108 |    0.5107 |    0.5138 |    0.5175 |
|             Energy [J]            | 2204.9290 |         0 |         0 |         0 |         0 |         0 |         0 | 1876.0790 |         0 |         0 |         0 |         0 |         0 | 2024.0270 |         0 |         0 |         0 |         0 |         0 | 1914.5940 |         0 |         0 |         0 |         0 |         0 |
|             Power [W]             |   52.9916 |         0 |         0 |         0 |         0 |         0 |         0 |   45.0883 |         0 |         0 |         0 |         0 |         0 |   48.6440 |         0 |         0 |         0 |         0 |         0 |   46.0139 |         0 |         0 |         0 |         0 |         0 |
|          Energy DRAM [J]          |  330.4621 |         0 |         0 |         0 |         0 |         0 |         0 |  311.7425 |         0 |         0 |         0 |         0 |         0 |  279.1863 |         0 |         0 |         0 |         0 |         0 |  294.1181 |         0 |         0 |         0 |         0 |         0 |
|           Power DRAM [W]          |    7.9421 |         0 |         0 |         0 |         0 |         0 |         0 |    7.4922 |         0 |         0 |         0 |         0 |         0 |    6.7098 |         0 |         0 |         0 |         0 |         0 |    7.0686 |         0 |         0 |         0 |         0 |         0 |
|            DP [MFLOP/s]           |  914.3937 |  924.1611 |  940.3619 |  941.7478 |  930.1366 |  920.5318 |  918.2036 |  914.4320 |  917.7434 |  915.9229 |  902.8136 |  899.2047 |  896.6951 |  899.1199 |  903.0628 |  915.2630 |  915.9941 |  910.5807 |  913.7409 |  913.8484 |  924.4317 |  935.3046 |  934.0814 |  918.2478 |  909.1037 |
|          AVX DP [MFLOP/s]         |    2.1190 |         0 |         0 |         0 |         0 |         0 |         0 |         0 |         0 |         0 |         0 |         0 |         0 |         0 |         0 |         0 |         0 |         0 |         0 |         0 |         0 |         0 |         0 |         0 |         0 |
|          Packed [MUOPS/s]         |    0.2957 |         0 |         0 |         0 |         0 |         0 |         0 |         0 |         0 |         0 |         0 |         0 |         0 |         0 |         0 |         0 |         0 |         0 |         0 |         0 |         0 |         0 |         0 |         0 |         0 |
|          Scalar [MUOPS/s]         |  912.2404 |  924.1611 |  940.3619 |  941.7478 |  930.1366 |  920.5318 |  918.2036 |  914.4320 |  917.7434 |  915.9229 |  902.8136 |  899.2047 |  896.6951 |  899.1199 |  903.0628 |  915.2630 |  915.9941 |  910.5807 |  913.7409 |  913.8484 |  924.4317 |  935.3046 |  934.0814 |  918.2478 |  909.1037 |
|  Memory read bandwidth [MBytes/s] | 6902.1876 |         0 |         0 |         0 |         0 |         0 |         0 | 5710.4826 |         0 |         0 |         0 |         0 |         0 | 5725.0573 |         0 |         0 |         0 |         0 |         0 | 5920.8470 |         0 |         0 |         0 |         0 |         0 |
|  Memory read data volume [GBytes] |  287.1933 |         0 |         0 |         0 |         0 |         0 |         0 |  237.6075 |         0 |         0 |         0 |         0 |         0 |  238.2140 |         0 |         0 |         0 |         0 |         0 |  246.3605 |         0 |         0 |         0 |         0 |         0 |
| Memory write bandwidth [MBytes/s] | 2083.4670 |         0 |         0 |         0 |         0 |         0 |         0 | 1805.8372 |         0 |         0 |         0 |         0 |         0 | 1659.8368 |         0 |         0 |         0 |         0 |         0 | 1521.9130 |         0 |         0 |         0 |         0 |         0 |
| Memory write data volume [GBytes] |   86.6910 |         0 |         0 |         0 |         0 |         0 |         0 |   75.1391 |         0 |         0 |         0 |         0 |         0 |   69.0642 |         0 |         0 |         0 |         0 |         0 |   63.3253 |         0 |         0 |         0 |         0 |         0 |
|    Memory bandwidth [MBytes/s]    | 8985.6546 |         0 |         0 |         0 |         0 |         0 |         0 | 7516.3198 |         0 |         0 |         0 |         0 |         0 | 7384.8941 |         0 |         0 |         0 |         0 |         0 | 7442.7601 |         0 |         0 |         0 |         0 |         0 |
|    Memory data volume [GBytes]    |  373.8843 |         0 |         0 |         0 |         0 |         0 |         0 |  312.7466 |         0 |         0 |         0 |         0 |         0 |  307.2781 |         0 |         0 |         0 |         0 |         0 |  309.6858 |         0 |         0 |         0 |         0 |         0 |
|       Operational intensity       |    0.1018 |    0.1029 |    0.1047 |    0.1048 |    0.1035 |    0.1025 |    0.1022 |    0.1217 |    0.1221 |    0.1219 |    0.1201 |    0.1196 |    0.1193 |    0.1218 |    0.1223 |    0.1239 |    0.1240 |    0.1233 |    0.1237 |    0.1228 |    0.1242 |    0.1257 |    0.1255 |    0.1234 |    0.1222 |
+-----------------------------------+-----------+-----------+-----------+-----------+-----------+-----------+-----------+-----------+-----------+-----------+-----------+-----------+-----------+-----------+-----------+-----------+-----------+-----------+-----------+-----------+-----------+-----------+-----------+-----------+-----------+
+----------------------------------------+------------+-----------+-----------+-----------+
|                 Metric                 |     Sum    |    Min    |    Max    |    Avg    |
+----------------------------------------+------------+-----------+-----------+-----------+
|        Runtime (RDTSC) [s] STAT        |  1040.2775 |   41.6090 |   41.6115 |   41.6111 |
|        Runtime unhalted [s] STAT       |   702.6499 |   25.2133 |   28.4225 |   28.1060 |
|            Clock [MHz] STAT            | 47377.7150 | 1894.7578 | 1895.4338 | 1895.1086 |
|                CPI STAT                |    12.8545 |    0.4359 |    0.5244 |    0.5142 |
|             Energy [J] STAT            |  8019.6290 |         0 | 2204.9290 |  320.7852 |
|             Power [W] STAT             |   192.7378 |         0 |   52.9916 |    7.7095 |
|          Energy DRAM [J] STAT          |  1215.5090 |         0 |  330.4621 |   48.6204 |
|           Power DRAM [W] STAT          |    29.2127 |         0 |    7.9421 |    1.1685 |
|            DP [MFLOP/s] STAT           | 22929.1272 |  896.6951 |  941.7478 |  917.1651 |
|          AVX DP [MFLOP/s] STAT         |     2.1190 |         0 |    2.1190 |    0.0848 |
|          Packed [MUOPS/s] STAT         |     0.2957 |         0 |    0.2957 |    0.0118 |
|          Scalar [MUOPS/s] STAT         | 22926.9739 |  896.6951 |  941.7478 |  917.0790 |
|  Memory read bandwidth [MBytes/s] STAT | 24258.5745 |         0 | 6902.1876 |  970.3430 |
|  Memory read data volume [GBytes] STAT |  1009.3753 |         0 |  287.1933 |   40.3750 |
| Memory write bandwidth [MBytes/s] STAT |  7071.0540 |         0 | 2083.4670 |  282.8422 |
| Memory write data volume [GBytes] STAT |   294.2196 |         0 |   86.6910 |   11.7688 |
|    Memory bandwidth [MBytes/s] STAT    | 31329.6286 |         0 | 8985.6546 | 1253.1851 |
|    Memory data volume [GBytes] STAT    |  1303.5948 |         0 |  373.8843 |   52.1438 |
|       Operational intensity STAT       |     2.9299 |    0.1018 |    0.1257 |    0.1172 |
+----------------------------------------+------------+-----------+-----------+-----------+
