--------------------------------------------------------------------------------
CPU name:	Intel(R) Xeon(R) Gold 6132 CPU @ 2.60GHz
CPU type:	Intel Skylake SP processor
CPU clock:	2.59 GHz
--------------------------------------------------------------------------------
Region Setup, Group 1: MEM_DP
+-------------------+----------+----------+----------+----------+----------+----------+----------+----------+----------+----------+----------+----------+----------+----------+----------+----------+----------+----------+----------+----------+----------+----------+----------+----------+----------+----------+----------+
|    Region Info    |  Core 0  |  Core 1  |  Core 2  |  Core 3  |  Core 4  |  Core 5  |  Core 6  |  Core 14 |  Core 15 |  Core 16 |  Core 17 |  Core 18 |  Core 19 |  Core 20 |  Core 28 |  Core 29 |  Core 30 |  Core 31 |  Core 32 |  Core 33 |  Core 34 |  Core 42 |  Core 43 |  Core 44 |  Core 45 |  Core 46 |  Core 47 |
+-------------------+----------+----------+----------+----------+----------+----------+----------+----------+----------+----------+----------+----------+----------+----------+----------+----------+----------+----------+----------+----------+----------+----------+----------+----------+----------+----------+----------+
| RDTSC Runtime [s] | 6.425141 | 6.406573 | 6.406669 | 6.406582 | 6.429880 | 6.406558 | 6.429883 | 6.425223 | 6.406621 | 6.406453 | 6.406553 | 6.406485 | 6.406569 | 6.406579 | 6.425218 | 6.406435 | 6.406518 | 6.406518 | 6.406434 | 6.406433 | 6.406418 | 6.425224 | 6.406465 | 6.406455 | 6.429870 | 6.406426 | 6.406424 |
|     call count    |        2 |        2 |        2 |        2 |        2 |        2 |        2 |        2 |        2 |        2 |        2 |        2 |        2 |        2 |        2 |        2 |        2 |        2 |        2 |        2 |        2 |        2 |        2 |        2 |        2 |        2 |        2 |
+-------------------+----------+----------+----------+----------+----------+----------+----------+----------+----------+----------+----------+----------+----------+----------+----------+----------+----------+----------+----------+----------+----------+----------+----------+----------+----------+----------+----------+
+------------------------------------------+---------+------------+------------+------------+------------+------------+------------+------------+------------+------------+------------+------------+------------+------------+------------+------------+------------+------------+------------+------------+------------+------------+------------+------------+------------+------------+------------+------------+
|                   Event                  | Counter |   Core 0   |   Core 1   |   Core 2   |   Core 3   |   Core 4   |   Core 5   |   Core 6   |   Core 14  |   Core 15  |   Core 16  |   Core 17  |   Core 18  |   Core 19  |   Core 20  |   Core 28  |   Core 29  |   Core 30  |   Core 31  |   Core 32  |   Core 33  |   Core 34  |   Core 42  |   Core 43  |   Core 44  |   Core 45  |   Core 46  |   Core 47  |
+------------------------------------------+---------+------------+------------+------------+------------+------------+------------+------------+------------+------------+------------+------------+------------+------------+------------+------------+------------+------------+------------+------------+------------+------------+------------+------------+------------+------------+------------+------------+
|             INSTR_RETIRED_ANY            |  FIXC0  | 4175480000 | 1288998000 | 1288728000 | 1289332000 | 1290838000 | 1287768000 | 1289902000 | 1273755000 | 1272366000 | 1272024000 | 1272149000 | 1268589000 | 1268353000 | 1265412000 | 1266842000 | 1265985000 | 1262465000 | 1259969000 | 1260344000 | 1258935000 | 1260009000 | 1263405000 | 1261502000 | 1261203000 | 1263970000 | 1261098000 | 1257726000 |
|           CPU_CLK_UNHALTED_CORE          |  FIXC1  | 2966276000 | 1500411000 | 1515623000 | 1521373000 | 1570847000 | 1497673000 | 1548091000 | 1275379000 | 1253232000 | 1238465000 | 1249996000 | 1234903000 | 1238019000 | 1243474000 | 1273008000 | 1255509000 | 1259363000 | 1213658000 | 1219663000 | 1209321000 | 1228070000 | 1304562000 | 1259151000 | 1261938000 | 1314787000 | 1261436000 | 1191602000 |
|           CPU_CLK_UNHALTED_REF           |  FIXC2  | 4062422000 | 2054861000 | 2075866000 | 2083663000 | 2151393000 | 2051149000 | 2120141000 | 1747676000 | 1717414000 | 1697133000 | 1713012000 | 1692322000 | 1696659000 | 1704003000 | 1744130000 | 1720108000 | 1725427000 | 1662870000 | 1671137000 | 1656980000 | 1682627000 | 1787584000 | 1725368000 | 1729201000 | 1801557000 | 1728512000 | 1632933000 |
|              PWR_PKG_ENERGY              |   PWR0  |   236.0783 |          0 |          0 |          0 |          0 |          0 |          0 |   202.9367 |          0 |          0 |          0 |          0 |          0 |          0 |   219.6898 |          0 |          0 |          0 |          0 |          0 |          0 |   209.0851 |          0 |          0 |          0 |          0 |          0 |
|              PWR_DRAM_ENERGY             |   PWR3  |    36.3323 |          0 |          0 |          0 |          0 |          0 |          0 |    25.7727 |          0 |          0 |          0 |          0 |          0 |          0 |    19.4253 |          0 |          0 |          0 |          0 |          0 |          0 |    22.4359 |          0 |          0 |          0 |          0 |          0 |
| FP_ARITH_INST_RETIRED_128B_PACKED_DOUBLE |   PMC0  |     761098 |          0 |          0 |          0 |          0 |          0 |          0 |          0 |          0 |          0 |          0 |          0 |          0 |          0 |          0 |          0 |          0 |          0 |          0 |          0 |          0 |          0 |          0 |          0 |          0 |          0 |          0 |
|    FP_ARITH_INST_RETIRED_SCALAR_DOUBLE   |   PMC1  |  462161900 |  319514900 |  319415000 |  319506600 |  319348900 |  319447000 |  319347100 |  319307300 |  319209700 |  319307700 |  319211300 |  318382000 |  318337000 |  317429100 |  317483100 |  317429200 |  317444800 |  317392600 |  317446600 |  317307200 |  317357400 |  317305100 |  317344500 |  317255900 |  317309600 |  317231300 |  317275300 |
| FP_ARITH_INST_RETIRED_256B_PACKED_DOUBLE |   PMC2  |     402100 |          0 |          0 |          0 |          0 |          0 |          0 |          0 |          0 |          0 |          0 |          0 |          0 |          0 |          0 |          0 |          0 |          0 |          0 |          0 |          0 |          0 |          0 |          0 |          0 |          0 |          0 |
| FP_ARITH_INST_RETIRED_512B_PACKED_DOUBLE |   PMC3  |    8148557 |          0 |          0 |          0 |          0 |          0 |          0 |          0 |          0 |          0 |          0 |          0 |          0 |          0 |          0 |          0 |          0 |          0 |          0 |          0 |          0 |          0 |          0 |          0 |          0 |          0 |          0 |
|               CAS_COUNT_RD               | MBOX0C0 |   25348330 |          0 |          0 |          0 |          0 |          0 |          0 |    2295523 |          0 |          0 |          0 |          0 |          0 |          0 |    2492449 |          0 |          0 |          0 |          0 |          0 |          0 |    3793093 |          0 |          0 |          0 |          0 |          0 |
|               CAS_COUNT_WR               | MBOX0C1 |   28855840 |          0 |          0 |          0 |          0 |          0 |          0 |    3050441 |          0 |          0 |          0 |          0 |          0 |          0 |    3221859 |          0 |          0 |          0 |          0 |          0 |          0 |    4078845 |          0 |          0 |          0 |          0 |          0 |
|               CAS_COUNT_RD               | MBOX1C0 |   23837310 |          0 |          0 |          0 |          0 |          0 |          0 |    2261135 |          0 |          0 |          0 |          0 |          0 |          0 |    2487953 |          0 |          0 |          0 |          0 |          0 |          0 |    2291093 |          0 |          0 |          0 |          0 |          0 |
|               CAS_COUNT_WR               | MBOX1C1 |   27630510 |          0 |          0 |          0 |          0 |          0 |          0 |    3026041 |          0 |          0 |          0 |          0 |          0 |          0 |    3227918 |          0 |          0 |          0 |          0 |          0 |          0 |    2944709 |          0 |          0 |          0 |          0 |          0 |
|               CAS_COUNT_RD               | MBOX2C0 |   33132950 |          0 |          0 |          0 |          0 |          0 |          0 |    2226719 |          0 |          0 |          0 |          0 |          0 |          0 |    2493589 |          0 |          0 |          0 |          0 |          0 |          0 |    2271977 |          0 |          0 |          0 |          0 |          0 |
|               CAS_COUNT_WR               | MBOX2C1 |   30121580 |          0 |          0 |          0 |          0 |          0 |          0 |    3013254 |          0 |          0 |          0 |          0 |          0 |          0 |    3250233 |          0 |          0 |          0 |          0 |          0 |          0 |    2931571 |          0 |          0 |          0 |          0 |          0 |
|               CAS_COUNT_RD               | MBOX3C0 |   41429070 |          0 |          0 |          0 |          0 |          0 |          0 |    1971313 |          0 |          0 |          0 |          0 |          0 |          0 |    2177353 |          0 |          0 |          0 |          0 |          0 |          0 |    1996295 |          0 |          0 |          0 |          0 |          0 |
|               CAS_COUNT_WR               | MBOX3C1 |   30871730 |          0 |          0 |          0 |          0 |          0 |          0 |    2864458 |          0 |          0 |          0 |          0 |          0 |          0 |    3065540 |          0 |          0 |          0 |          0 |          0 |          0 |    2780147 |          0 |          0 |          0 |          0 |          0 |
|               CAS_COUNT_RD               | MBOX4C0 |   26908930 |          0 |          0 |          0 |          0 |          0 |          0 |    1936315 |          0 |          0 |          0 |          0 |          0 |          0 |    2170117 |          0 |          0 |          0 |          0 |          0 |          0 |    6667015 |          0 |          0 |          0 |          0 |          0 |
|               CAS_COUNT_WR               | MBOX4C1 |   27252380 |          0 |          0 |          0 |          0 |          0 |          0 |    2826005 |          0 |          0 |          0 |          0 |          0 |          0 |    3055550 |          0 |          0 |          0 |          0 |          0 |          0 |    7271333 |          0 |          0 |          0 |          0 |          0 |
|               CAS_COUNT_RD               | MBOX5C0 |   25304310 |          0 |          0 |          0 |          0 |          0 |          0 |    1906043 |          0 |          0 |          0 |          0 |          0 |          0 |    4451979 |          0 |          0 |          0 |          0 |          0 |          0 |    1999322 |          0 |          0 |          0 |          0 |          0 |
|               CAS_COUNT_WR               | MBOX5C1 |   26943160 |          0 |          0 |          0 |          0 |          0 |          0 |    2798556 |          0 |          0 |          0 |          0 |          0 |          0 |    5777105 |          0 |          0 |          0 |          0 |          0 |          0 |    2780208 |          0 |          0 |          0 |          0 |          0 |
+------------------------------------------+---------+------------+------------+------------+------------+------------+------------+------------+------------+------------+------------+------------+------------+------------+------------+------------+------------+------------+------------+------------+------------+------------+------------+------------+------------+------------+------------+------------+
+-----------------------------------------------+---------+-------------+------------+------------+--------------+
|                     Event                     | Counter |     Sum     |     Min    |     Max    |      Avg     |
+-----------------------------------------------+---------+-------------+------------+------------+--------------+
|             INSTR_RETIRED_ANY STAT            |  FIXC0  | 37207147000 | 1257726000 | 4175480000 | 1.378042e+09 |
|           CPU_CLK_UNHALTED_CORE STAT          |  FIXC1  | 37105830000 | 1191602000 | 2966276000 |   1374290000 |
|           CPU_CLK_UNHALTED_REF STAT           |  FIXC2  | 50836148000 | 1632933000 | 4062422000 | 1.882820e+09 |
|              PWR_PKG_ENERGY STAT              |   PWR0  |    867.7899 |          0 |   236.0783 |      32.1404 |
|              PWR_DRAM_ENERGY STAT             |   PWR3  |    103.9662 |          0 |    36.3323 |       3.8506 |
| FP_ARITH_INST_RETIRED_128B_PACKED_DOUBLE STAT |   PMC0  |      761098 |          0 |     761098 |   28188.8148 |
|    FP_ARITH_INST_RETIRED_SCALAR_DOUBLE STAT   |   PMC1  |  8735508100 |  317231300 |  462161900 | 3.235373e+08 |
| FP_ARITH_INST_RETIRED_256B_PACKED_DOUBLE STAT |   PMC2  |      402100 |          0 |     402100 |   14892.5926 |
| FP_ARITH_INST_RETIRED_512B_PACKED_DOUBLE STAT |   PMC3  |     8148557 |          0 |    8148557 |  301798.4074 |
|               CAS_COUNT_RD STAT               | MBOX0C0 |    33929395 |          0 |   25348330 | 1.256644e+06 |
|               CAS_COUNT_WR STAT               | MBOX0C1 |    39206985 |          0 |   28855840 | 1.452111e+06 |
|               CAS_COUNT_RD STAT               | MBOX1C0 |    30877491 |          0 |   23837310 | 1.143611e+06 |
|               CAS_COUNT_WR STAT               | MBOX1C1 |    36829178 |          0 |   27630510 | 1.364044e+06 |
|               CAS_COUNT_RD STAT               | MBOX2C0 |    40125235 |          0 |   33132950 | 1.486120e+06 |
|               CAS_COUNT_WR STAT               | MBOX2C1 |    39316638 |          0 |   30121580 | 1.456172e+06 |
|               CAS_COUNT_RD STAT               | MBOX3C0 |    47574031 |          0 |   41429070 | 1.762001e+06 |
|               CAS_COUNT_WR STAT               | MBOX3C1 |    39581875 |          0 |   30871730 | 1.465995e+06 |
|               CAS_COUNT_RD STAT               | MBOX4C0 |    37682377 |          0 |   26908930 | 1.395644e+06 |
|               CAS_COUNT_WR STAT               | MBOX4C1 |    40405268 |          0 |   27252380 | 1.496491e+06 |
|               CAS_COUNT_RD STAT               | MBOX5C0 |    33661654 |          0 |   25304310 | 1.246728e+06 |
|               CAS_COUNT_WR STAT               | MBOX5C1 |    38299029 |          0 |   26943160 | 1.418483e+06 |
+-----------------------------------------------+---------+-------------+------------+------------+--------------+
+-----------------------------------+-----------+-----------+-----------+-----------+-----------+-----------+-----------+-----------+-----------+-----------+-----------+-----------+-----------+-----------+-----------+-----------+-----------+-----------+-----------+-----------+-----------+-----------+-----------+-----------+-----------+-----------+-----------+
|               Metric              |   Core 0  |   Core 1  |   Core 2  |   Core 3  |   Core 4  |   Core 5  |   Core 6  |  Core 14  |  Core 15  |  Core 16  |  Core 17  |  Core 18  |  Core 19  |  Core 20  |  Core 28  |  Core 29  |  Core 30  |  Core 31  |  Core 32  |  Core 33  |  Core 34  |  Core 42  |  Core 43  |  Core 44  |  Core 45  |  Core 46  |  Core 47  |
+-----------------------------------+-----------+-----------+-----------+-----------+-----------+-----------+-----------+-----------+-----------+-----------+-----------+-----------+-----------+-----------+-----------+-----------+-----------+-----------+-----------+-----------+-----------+-----------+-----------+-----------+-----------+-----------+-----------+
|        Runtime (RDTSC) [s]        |    6.4251 |    6.4066 |    6.4067 |    6.4066 |    6.4299 |    6.4066 |    6.4299 |    6.4252 |    6.4066 |    6.4065 |    6.4066 |    6.4065 |    6.4066 |    6.4066 |    6.4252 |    6.4064 |    6.4065 |    6.4065 |    6.4064 |    6.4064 |    6.4064 |    6.4252 |    6.4065 |    6.4065 |    6.4299 |    6.4064 |    6.4064 |
|        Runtime unhalted [s]       |    1.1436 |    0.5785 |    0.5843 |    0.5865 |    0.6056 |    0.5774 |    0.5968 |    0.4917 |    0.4832 |    0.4775 |    0.4819 |    0.4761 |    0.4773 |    0.4794 |    0.4908 |    0.4840 |    0.4855 |    0.4679 |    0.4702 |    0.4662 |    0.4735 |    0.5030 |    0.4855 |    0.4865 |    0.5069 |    0.4863 |    0.4594 |
|            Clock [MHz]            | 1893.9049 | 1893.9104 | 1893.7538 | 1893.8251 | 1893.8509 | 1893.8755 | 1893.9276 | 1892.8229 | 1892.7276 | 1892.7772 | 1892.6916 | 1892.6987 | 1892.6242 | 1892.7706 | 1893.1452 | 1893.1968 | 1893.1542 | 1893.0830 | 1893.0384 | 1893.0233 | 1893.0710 | 1892.9097 | 1892.9002 | 1892.8848 | 1892.9495 | 1892.8860 | 1892.7554 |
|                CPI                |    0.7104 |    1.1640 |    1.1761 |    1.1800 |    1.2169 |    1.1630 |    1.2002 |    1.0013 |    0.9850 |    0.9736 |    0.9826 |    0.9734 |    0.9761 |    0.9827 |    1.0049 |    0.9917 |    0.9975 |    0.9632 |    0.9677 |    0.9606 |    0.9747 |    1.0326 |    0.9981 |    1.0006 |    1.0402 |    1.0003 |    0.9474 |
|             Energy [J]            |  236.0783 |         0 |         0 |         0 |         0 |         0 |         0 |  202.9367 |         0 |         0 |         0 |         0 |         0 |         0 |  219.6898 |         0 |         0 |         0 |         0 |         0 |         0 |  209.0851 |         0 |         0 |         0 |         0 |         0 |
|             Power [W]             |   36.7429 |         0 |         0 |         0 |         0 |         0 |         0 |   31.5844 |         0 |         0 |         0 |         0 |         0 |         0 |   34.1918 |         0 |         0 |         0 |         0 |         0 |         0 |   32.5413 |         0 |         0 |         0 |         0 |         0 |
|          Energy DRAM [J]          |   36.3323 |         0 |         0 |         0 |         0 |         0 |         0 |   25.7727 |         0 |         0 |         0 |         0 |         0 |         0 |   19.4253 |         0 |         0 |         0 |         0 |         0 |         0 |   22.4359 |         0 |         0 |         0 |         0 |         0 |
|           Power DRAM [W]          |    5.6547 |         0 |         0 |         0 |         0 |         0 |         0 |    4.0112 |         0 |         0 |         0 |         0 |         0 |         0 |    3.0233 |         0 |         0 |         0 |         0 |         0 |         0 |    3.4919 |         0 |         0 |         0 |         0 |         0 |
|            DP [MFLOP/s]           |   82.5633 |   49.8730 |   49.8566 |   49.8716 |   49.6664 |   49.8625 |   49.6661 |   49.6959 |   49.8250 |   49.8416 |   49.8257 |   49.6968 |   49.6892 |   49.5474 |   49.4120 |   49.5485 |   49.5503 |   49.5421 |   49.5512 |   49.5295 |   49.5374 |   49.3843 |   49.5350 |   49.5213 |   49.3493 |   49.5177 |   49.5246 |
|          AVX DP [MFLOP/s]         |   10.3962 |         0 |         0 |         0 |         0 |         0 |         0 |         0 |         0 |         0 |         0 |         0 |         0 |         0 |         0 |         0 |         0 |         0 |         0 |         0 |         0 |         0 |         0 |         0 |         0 |         0 |         0 |
|          Packed [MUOPS/s]         |    1.4493 |         0 |         0 |         0 |         0 |         0 |         0 |         0 |         0 |         0 |         0 |         0 |         0 |         0 |         0 |         0 |         0 |         0 |         0 |         0 |         0 |         0 |         0 |         0 |         0 |         0 |         0 |
|          Scalar [MUOPS/s]         |   71.9302 |   49.8730 |   49.8566 |   49.8716 |   49.6664 |   49.8625 |   49.6661 |   49.6959 |   49.8250 |   49.8416 |   49.8257 |   49.6968 |   49.6892 |   49.5474 |   49.4120 |   49.5485 |   49.5503 |   49.5421 |   49.5512 |   49.5295 |   49.5374 |   49.3843 |   49.5350 |   49.5213 |   49.3493 |   49.5177 |   49.5246 |
|  Memory read bandwidth [MBytes/s] | 1752.7238 |         0 |         0 |         0 |         0 |         0 |         0 |  125.4760 |         0 |         0 |         0 |         0 |         0 |         0 |  162.0957 |         0 |         0 |         0 |         0 |         0 |         0 |  189.4413 |         0 |         0 |         0 |         0 |         0 |
|  Memory read data volume [GBytes] |   11.2615 |         0 |         0 |         0 |         0 |         0 |         0 |    0.8062 |         0 |         0 |         0 |         0 |         0 |         0 |    1.0415 |         0 |         0 |         0 |         0 |         0 |         0 |    1.2172 |         0 |         0 |         0 |         0 |         0 |
| Memory write bandwidth [MBytes/s] | 1710.0345 |         0 |         0 |         0 |         0 |         0 |         0 |  175.0975 |         0 |         0 |         0 |         0 |         0 |         0 |  215.1344 |         0 |         0 |         0 |         0 |         0 |         0 |  226.9736 |         0 |         0 |         0 |         0 |         0 |
| Memory write data volume [GBytes] |   10.9872 |         0 |         0 |         0 |         0 |         0 |         0 |    1.1250 |         0 |         0 |         0 |         0 |         0 |         0 |    1.3823 |         0 |         0 |         0 |         0 |         0 |         0 |    1.4584 |         0 |         0 |         0 |         0 |         0 |
|    Memory bandwidth [MBytes/s]    | 3462.7583 |         0 |         0 |         0 |         0 |         0 |         0 |  300.5734 |         0 |         0 |         0 |         0 |         0 |         0 |  377.2300 |         0 |         0 |         0 |         0 |         0 |         0 |  416.4149 |         0 |         0 |         0 |         0 |         0 |
|    Memory data volume [GBytes]    |   22.2487 |         0 |         0 |         0 |         0 |         0 |         0 |    1.9313 |         0 |         0 |         0 |         0 |         0 |         0 |    2.4238 |         0 |         0 |         0 |         0 |         0 |         0 |    2.6756 |         0 |         0 |         0 |         0 |         0 |
|       Operational intensity       |    0.0238 |    0.0144 |    0.0144 |    0.0144 |    0.0144 |    0.0144 |    0.0144 |    0.1653 |    0.1653 |    0.1653 |    0.1653 |    0.1649 |    0.1648 |    0.1644 |    0.1310 |    0.1310 |    0.1310 |    0.1309 |    0.1310 |    0.1309 |    0.1309 |    0.1186 |    0.1186 |    0.1186 |    0.1186 |    0.1186 |    0.1186 |
+-----------------------------------+-----------+-----------+-----------+-----------+-----------+-----------+-----------+-----------+-----------+-----------+-----------+-----------+-----------+-----------+-----------+-----------+-----------+-----------+-----------+-----------+-----------+-----------+-----------+-----------+-----------+-----------+-----------+
+----------------------------------------+------------+-----------+-----------+-----------+
|                 Metric                 |     Sum    |    Min    |    Max    |    Avg    |
+----------------------------------------+------------+-----------+-----------+-----------+
|        Runtime (RDTSC) [s] STAT        |   173.1207 |    6.4064 |    6.4299 |    6.4119 |
|        Runtime unhalted [s] STAT       |    14.3055 |    0.4594 |    1.1436 |    0.5298 |
|            Clock [MHz] STAT            | 51115.1585 | 1892.6242 | 1893.9276 | 1893.1540 |
|                CPI STAT                |    27.5648 |    0.7104 |    1.2169 |    1.0209 |
|             Energy [J] STAT            |   867.7899 |         0 |  236.0783 |   32.1404 |
|             Power [W] STAT             |   135.0604 |         0 |   36.7429 |    5.0022 |
|          Energy DRAM [J] STAT          |   103.9662 |         0 |   36.3323 |    3.8506 |
|           Power DRAM [W] STAT          |    16.1811 |         0 |    5.6547 |    0.5993 |
|            DP [MFLOP/s] STAT           |  1372.9843 |   49.3493 |   82.5633 |   50.8513 |
|          AVX DP [MFLOP/s] STAT         |    10.3962 |         0 |   10.3962 |    0.3850 |
|          Packed [MUOPS/s] STAT         |     1.4493 |         0 |    1.4493 |    0.0537 |
|          Scalar [MUOPS/s] STAT         |  1362.3512 |   49.3493 |   71.9302 |   50.4575 |
|  Memory read bandwidth [MBytes/s] STAT |  2229.7368 |         0 | 1752.7238 |   82.5828 |
|  Memory read data volume [GBytes] STAT |    14.3264 |         0 |   11.2615 |    0.5306 |
| Memory write bandwidth [MBytes/s] STAT |  2327.2400 |         0 | 1710.0345 |   86.1941 |
| Memory write data volume [GBytes] STAT |    14.9529 |         0 |   10.9872 |    0.5538 |
|    Memory bandwidth [MBytes/s] STAT    |  4556.9766 |         0 | 3462.7583 |  168.7769 |
|    Memory data volume [GBytes] STAT    |    29.2794 |         0 |   22.2487 |    1.0844 |
|       Operational intensity STAT       |     2.8938 |    0.0144 |    0.1653 |    0.1072 |
+----------------------------------------+------------+-----------+-----------+-----------+
--------------------------------------------------------------------------------
CPU name:	Intel(R) Xeon(R) Gold 6132 CPU @ 2.60GHz
CPU type:	Intel Skylake SP processor
CPU clock:	2.59 GHz
--------------------------------------------------------------------------------
Region Solve, Group 1: MEM_DP
+-------------------+-----------+-----------+-----------+-----------+-----------+-----------+-----------+-----------+-----------+-----------+-----------+-----------+-----------+-----------+-----------+-----------+-----------+-----------+-----------+-----------+-----------+-----------+-----------+-----------+-----------+-----------+-----------+
|    Region Info    |   Core 0  |   Core 1  |   Core 2  |   Core 3  |   Core 4  |   Core 5  |   Core 6  |  Core 14  |  Core 15  |  Core 16  |  Core 17  |  Core 18  |  Core 19  |  Core 20  |  Core 28  |  Core 29  |  Core 30  |  Core 31  |  Core 32  |  Core 33  |  Core 34  |  Core 42  |  Core 43  |  Core 44  |  Core 45  |  Core 46  |  Core 47  |
+-------------------+-----------+-----------+-----------+-----------+-----------+-----------+-----------+-----------+-----------+-----------+-----------+-----------+-----------+-----------+-----------+-----------+-----------+-----------+-----------+-----------+-----------+-----------+-----------+-----------+-----------+-----------+-----------+
| RDTSC Runtime [s] | 39.495970 | 39.498430 | 39.498430 | 39.498430 | 39.498430 | 39.498430 | 39.498430 | 39.495970 | 39.498420 | 39.498420 | 39.498420 | 39.498430 | 39.498430 | 39.498420 | 39.495960 | 39.498420 | 39.498410 | 39.498420 | 39.498410 | 39.498420 | 39.498420 | 39.495950 | 39.498420 | 39.498420 | 39.498420 | 39.498420 | 39.498420 |
|     call count    |         1 |         1 |         1 |         1 |         1 |         1 |         1 |         1 |         1 |         1 |         1 |         1 |         1 |         1 |         1 |         1 |         1 |         1 |         1 |         1 |         1 |         1 |         1 |         1 |         1 |         1 |         1 |
+-------------------+-----------+-----------+-----------+-----------+-----------+-----------+-----------+-----------+-----------+-----------+-----------+-----------+-----------+-----------+-----------+-----------+-----------+-----------+-----------+-----------+-----------+-----------+-----------+-----------+-----------+-----------+-----------+
+------------------------------------------+---------+--------------+--------------+--------------+--------------+--------------+--------------+--------------+--------------+--------------+--------------+--------------+--------------+--------------+--------------+--------------+--------------+--------------+--------------+--------------+--------------+--------------+--------------+--------------+--------------+--------------+--------------+--------------+
|                   Event                  | Counter |    Core 0    |    Core 1    |    Core 2    |    Core 3    |    Core 4    |    Core 5    |    Core 6    |    Core 14   |    Core 15   |    Core 16   |    Core 17   |    Core 18   |    Core 19   |    Core 20   |    Core 28   |    Core 29   |    Core 30   |    Core 31   |    Core 32   |    Core 33   |    Core 34   |    Core 42   |    Core 43   |    Core 44   |    Core 45   |    Core 46   |    Core 47   |
+------------------------------------------+---------+--------------+--------------+--------------+--------------+--------------+--------------+--------------+--------------+--------------+--------------+--------------+--------------+--------------+--------------+--------------+--------------+--------------+--------------+--------------+--------------+--------------+--------------+--------------+--------------+--------------+--------------+--------------+
|             INSTR_RETIRED_ANY            |  FIXC0  | 139865900000 | 132273600000 | 133058100000 | 133265200000 | 132785400000 | 131821800000 | 131853700000 | 130391000000 | 130534400000 | 131096500000 | 131189200000 | 130503600000 | 130306700000 | 129407400000 | 129973400000 | 130122200000 | 130570900000 | 130563400000 | 129992400000 | 129602000000 | 130823800000 | 130717100000 | 131686800000 | 131995600000 | 131769700000 | 131035800000 | 130409600000 |
|           CPU_CLK_UNHALTED_CORE          |  FIXC1  |  61579310000 |  68867650000 |  68948190000 |  69482840000 |  69481650000 |  69524890000 |  69648710000 |  69363240000 |  69390150000 |  69374520000 |  69376160000 |  69395540000 |  69395640000 |  69375660000 |  69378230000 |  69377210000 |  69389320000 |  69343590000 |  69339690000 |  69319400000 |  69296660000 |  68712460000 |  68713380000 |  68728080000 |  68759670000 |  68770010000 |  68863690000 |
|           CPU_CLK_UNHALTED_REF           |  FIXC2  |  84266210000 |  94240570000 |  94350750000 |  95082410000 |  95080790000 |  95139950000 |  95309330000 |  94937740000 |  94974450000 |  94953410000 |  94955430000 |  94982260000 |  94981990000 |  94955070000 |  94959410000 |  94958330000 |  94974710000 |  94912060000 |  94907050000 |  94879580000 |  94848540000 |  94070280000 |  94072870000 |  94092430000 |  94136110000 |  94149650000 |  94277180000 |
|              PWR_PKG_ENERGY              |   PWR0  |    2110.1870 |            0 |            0 |            0 |            0 |            0 |            0 |    1887.7670 |            0 |            0 |            0 |            0 |            0 |            0 |    2037.9270 |            0 |            0 |            0 |            0 |            0 |            0 |    1840.8570 |            0 |            0 |            0 |            0 |            0 |
|              PWR_DRAM_ENERGY             |   PWR3  |     311.3505 |            0 |            0 |            0 |            0 |            0 |            0 |     312.2501 |            0 |            0 |            0 |            0 |            0 |            0 |     278.6898 |            0 |            0 |            0 |            0 |            0 |            0 |     275.6038 |            0 |            0 |            0 |            0 |            0 |
| FP_ARITH_INST_RETIRED_128B_PACKED_DOUBLE |   PMC0  |       714138 |            0 |            0 |            0 |            0 |            0 |            0 |            0 |            0 |            0 |            0 |            0 |            0 |            0 |            0 |            0 |            0 |            0 |            0 |            0 |            0 |            0 |            0 |            0 |            0 |            0 |            0 |
|    FP_ARITH_INST_RETIRED_SCALAR_DOUBLE   |   PMC1  |  35228580000 |  35637810000 |  36238820000 |  36439470000 |  36056570000 |  35567730000 |  35588660000 |  35216800000 |  35249360000 |  35392460000 |  35216000000 |  34720770000 |  34644860000 |  34427450000 |  34537870000 |  34623940000 |  35049250000 |  35210200000 |  35062990000 |  34979270000 |  35300110000 |  35280180000 |  35789020000 |  36147410000 |  35950750000 |  35373110000 |  35086910000 |
| FP_ARITH_INST_RETIRED_256B_PACKED_DOUBLE |   PMC2  |      1138324 |            0 |            0 |            0 |            0 |            0 |            0 |            0 |            0 |            0 |            0 |            0 |            0 |            0 |            0 |            0 |            0 |            0 |            0 |            0 |            0 |            0 |            0 |            0 |            0 |            0 |            0 |
| FP_ARITH_INST_RETIRED_512B_PACKED_DOUBLE |   PMC3  |     10452010 |            0 |            0 |            0 |            0 |            0 |            0 |            0 |            0 |            0 |            0 |            0 |            0 |            0 |            0 |            0 |            0 |            0 |            0 |            0 |            0 |            0 |            0 |            0 |            0 |            0 |            0 |
|               CAS_COUNT_RD               | MBOX0C0 |    703823000 |            0 |            0 |            0 |            0 |            0 |            0 |    668687200 |            0 |            0 |            0 |            0 |            0 |            0 |    671232500 |            0 |            0 |            0 |            0 |            0 |            0 |    593484200 |            0 |            0 |            0 |            0 |            0 |
|               CAS_COUNT_WR               | MBOX0C1 |    218409300 |            0 |            0 |            0 |            0 |            0 |            0 |    208947200 |            0 |            0 |            0 |            0 |            0 |            0 |    191596900 |            0 |            0 |            0 |            0 |            0 |            0 |    152323800 |            0 |            0 |            0 |            0 |            0 |
|               CAS_COUNT_RD               | MBOX1C0 |    702651100 |            0 |            0 |            0 |            0 |            0 |            0 |    668454300 |            0 |            0 |            0 |            0 |            0 |            0 |    670966900 |            0 |            0 |            0 |            0 |            0 |            0 |    592509800 |            0 |            0 |            0 |            0 |            0 |
|               CAS_COUNT_WR               | MBOX1C1 |    217625200 |            0 |            0 |            0 |            0 |            0 |            0 |    208788600 |            0 |            0 |            0 |            0 |            0 |            0 |    191480000 |            0 |            0 |            0 |            0 |            0 |            0 |    151458600 |            0 |            0 |            0 |            0 |            0 |
|               CAS_COUNT_RD               | MBOX2C0 |    710433600 |            0 |            0 |            0 |            0 |            0 |            0 |    668850200 |            0 |            0 |            0 |            0 |            0 |            0 |    670728800 |            0 |            0 |            0 |            0 |            0 |            0 |    592654900 |            0 |            0 |            0 |            0 |            0 |
|               CAS_COUNT_WR               | MBOX2C1 |    220225200 |            0 |            0 |            0 |            0 |            0 |            0 |    209057900 |            0 |            0 |            0 |            0 |            0 |            0 |    191446900 |            0 |            0 |            0 |            0 |            0 |            0 |    151593500 |            0 |            0 |            0 |            0 |            0 |
|               CAS_COUNT_RD               | MBOX3C0 |    715811700 |            0 |            0 |            0 |            0 |            0 |            0 |    666936400 |            0 |            0 |            0 |            0 |            0 |            0 |    669075800 |            0 |            0 |            0 |            0 |            0 |            0 |    589911200 |            0 |            0 |            0 |            0 |            0 |
|               CAS_COUNT_WR               | MBOX3C1 |    220512100 |            0 |            0 |            0 |            0 |            0 |            0 |    207745100 |            0 |            0 |            0 |            0 |            0 |            0 |    190392300 |            0 |            0 |            0 |            0 |            0 |            0 |    150814500 |            0 |            0 |            0 |            0 |            0 |
|               CAS_COUNT_RD               | MBOX4C0 |    704733400 |            0 |            0 |            0 |            0 |            0 |            0 |    666794200 |            0 |            0 |            0 |            0 |            0 |            0 |    669324000 |            0 |            0 |            0 |            0 |            0 |            0 |    593016800 |            0 |            0 |            0 |            0 |            0 |
|               CAS_COUNT_WR               | MBOX4C1 |    217467600 |            0 |            0 |            0 |            0 |            0 |            0 |    207646000 |            0 |            0 |            0 |            0 |            0 |            0 |    190264800 |            0 |            0 |            0 |            0 |            0 |            0 |    153667600 |            0 |            0 |            0 |            0 |            0 |
|               CAS_COUNT_RD               | MBOX5C0 |    702926600 |            0 |            0 |            0 |            0 |            0 |            0 |    666754100 |            0 |            0 |            0 |            0 |            0 |            0 |    670542100 |            0 |            0 |            0 |            0 |            0 |            0 |    589824600 |            0 |            0 |            0 |            0 |            0 |
|               CAS_COUNT_WR               | MBOX5C1 |    216874300 |            0 |            0 |            0 |            0 |            0 |            0 |    207774500 |            0 |            0 |            0 |            0 |            0 |            0 |    191842100 |            0 |            0 |            0 |            0 |            0 |            0 |    150767200 |            0 |            0 |            0 |            0 |            0 |
+------------------------------------------+---------+--------------+--------------+--------------+--------------+--------------+--------------+--------------+--------------+--------------+--------------+--------------+--------------+--------------+--------------+--------------+--------------+--------------+--------------+--------------+--------------+--------------+--------------+--------------+--------------+--------------+--------------+--------------+
+-----------------------------------------------+---------+---------------+--------------+--------------+--------------+
|                     Event                     | Counter |      Sum      |      Min     |      Max     |      Avg     |
+-----------------------------------------------+---------+---------------+--------------+--------------+--------------+
|             INSTR_RETIRED_ANY STAT            |  FIXC0  | 3547615200000 | 129407400000 | 139865900000 | 1.313932e+11 |
|           CPU_CLK_UNHALTED_CORE STAT          |  FIXC1  | 1861195540000 |  61579310000 |  69648710000 | 6.893317e+10 |
|           CPU_CLK_UNHALTED_REF STAT           |  FIXC2  | 2547448560000 |  84266210000 |  95309330000 | 9.434995e+10 |
|              PWR_PKG_ENERGY STAT              |   PWR0  |     7876.7380 |            0 |    2110.1870 |     291.7310 |
|              PWR_DRAM_ENERGY STAT             |   PWR3  |     1177.8942 |            0 |     312.2501 |      43.6257 |
| FP_ARITH_INST_RETIRED_128B_PACKED_DOUBLE STAT |   PMC0  |        714138 |            0 |       714138 |   26449.5556 |
|    FP_ARITH_INST_RETIRED_SCALAR_DOUBLE STAT   |   PMC1  |  954016350000 |  34427450000 |  36439470000 | 3.533394e+10 |
| FP_ARITH_INST_RETIRED_256B_PACKED_DOUBLE STAT |   PMC2  |       1138324 |            0 |      1138324 |   42160.1481 |
| FP_ARITH_INST_RETIRED_512B_PACKED_DOUBLE STAT |   PMC3  |      10452010 |            0 |     10452010 |  387111.4815 |
|               CAS_COUNT_RD STAT               | MBOX0C0 |    2637226900 |            0 |    703823000 | 9.767507e+07 |
|               CAS_COUNT_WR STAT               | MBOX0C1 |     771277200 |            0 |    218409300 | 2.856582e+07 |
|               CAS_COUNT_RD STAT               | MBOX1C0 |    2634582100 |            0 |    702651100 | 9.757711e+07 |
|               CAS_COUNT_WR STAT               | MBOX1C1 |     769352400 |            0 |    217625200 | 2.849453e+07 |
|               CAS_COUNT_RD STAT               | MBOX2C0 |    2642667500 |            0 |    710433600 | 9.787657e+07 |
|               CAS_COUNT_WR STAT               | MBOX2C1 |     772323500 |            0 |    220225200 | 2.860457e+07 |
|               CAS_COUNT_RD STAT               | MBOX3C0 |    2641735100 |            0 |    715811700 | 9.784204e+07 |
|               CAS_COUNT_WR STAT               | MBOX3C1 |     769464000 |            0 |    220512100 | 2.849867e+07 |
|               CAS_COUNT_RD STAT               | MBOX4C0 |    2633868400 |            0 |    704733400 | 9.755068e+07 |
|               CAS_COUNT_WR STAT               | MBOX4C1 |     769046000 |            0 |    217467600 | 2.848319e+07 |
|               CAS_COUNT_RD STAT               | MBOX5C0 |    2630047400 |            0 |    702926600 | 9.740916e+07 |
|               CAS_COUNT_WR STAT               | MBOX5C1 |     767258100 |            0 |    216874300 | 2.841697e+07 |
+-----------------------------------------------+---------+---------------+--------------+--------------+--------------+
+-----------------------------------+-----------+-----------+-----------+-----------+-----------+-----------+-----------+-----------+-----------+-----------+-----------+-----------+-----------+-----------+-----------+-----------+-----------+-----------+-----------+-----------+-----------+-----------+-----------+-----------+-----------+-----------+-----------+
|               Metric              |   Core 0  |   Core 1  |   Core 2  |   Core 3  |   Core 4  |   Core 5  |   Core 6  |  Core 14  |  Core 15  |  Core 16  |  Core 17  |  Core 18  |  Core 19  |  Core 20  |  Core 28  |  Core 29  |  Core 30  |  Core 31  |  Core 32  |  Core 33  |  Core 34  |  Core 42  |  Core 43  |  Core 44  |  Core 45  |  Core 46  |  Core 47  |
+-----------------------------------+-----------+-----------+-----------+-----------+-----------+-----------+-----------+-----------+-----------+-----------+-----------+-----------+-----------+-----------+-----------+-----------+-----------+-----------+-----------+-----------+-----------+-----------+-----------+-----------+-----------+-----------+-----------+
|        Runtime (RDTSC) [s]        |   39.4960 |   39.4984 |   39.4984 |   39.4984 |   39.4984 |   39.4984 |   39.4984 |   39.4960 |   39.4984 |   39.4984 |   39.4984 |   39.4984 |   39.4984 |   39.4984 |   39.4960 |   39.4984 |   39.4984 |   39.4984 |   39.4984 |   39.4984 |   39.4984 |   39.4960 |   39.4984 |   39.4984 |   39.4984 |   39.4984 |   39.4984 |
|        Runtime unhalted [s]       |   23.7412 |   26.5512 |   26.5822 |   26.7883 |   26.7879 |   26.8046 |   26.8523 |   26.7422 |   26.7526 |   26.7466 |   26.7472 |   26.7547 |   26.7547 |   26.7470 |   26.7480 |   26.7476 |   26.7523 |   26.7347 |   26.7332 |   26.7253 |   26.7166 |   26.4913 |   26.4917 |   26.4974 |   26.5095 |   26.5135 |   26.5496 |
|            Clock [MHz]            | 1895.4529 | 1895.4354 | 1895.4361 | 1895.4355 | 1895.4354 | 1895.4356 | 1895.4368 | 1895.0563 | 1895.0587 | 1895.0517 | 1895.0562 | 1895.0501 | 1895.0582 | 1895.0497 | 1895.0333 | 1895.0270 | 1895.0309 | 1895.0321 | 1895.0255 | 1895.0195 | 1895.0178 | 1894.5876 | 1894.5608 | 1894.5722 | 1894.5635 | 1894.5759 | 1894.5905 |
|                CPI                |    0.4403 |    0.5206 |    0.5182 |    0.5214 |    0.5233 |    0.5274 |    0.5282 |    0.5320 |    0.5316 |    0.5292 |    0.5288 |    0.5318 |    0.5326 |    0.5361 |    0.5338 |    0.5332 |    0.5314 |    0.5311 |    0.5334 |    0.5349 |    0.5297 |    0.5257 |    0.5218 |    0.5207 |    0.5218 |    0.5248 |    0.5281 |
|             Energy [J]            | 2110.1870 |         0 |         0 |         0 |         0 |         0 |         0 | 1887.7670 |         0 |         0 |         0 |         0 |         0 |         0 | 2037.9270 |         0 |         0 |         0 |         0 |         0 |         0 | 1840.8570 |         0 |         0 |         0 |         0 |         0 |
|             Power [W]             |   53.4279 |         0 |         0 |         0 |         0 |         0 |         0 |   47.7964 |         0 |         0 |         0 |         0 |         0 |         0 |   51.5984 |         0 |         0 |         0 |         0 |         0 |         0 |   46.6088 |         0 |         0 |         0 |         0 |         0 |
|          Energy DRAM [J]          |  311.3505 |         0 |         0 |         0 |         0 |         0 |         0 |  312.2501 |         0 |         0 |         0 |         0 |         0 |         0 |  278.6898 |         0 |         0 |         0 |         0 |         0 |         0 |  275.6038 |         0 |         0 |         0 |         0 |         0 |
|           Power DRAM [W]          |    7.8831 |         0 |         0 |         0 |         0 |         0 |         0 |    7.9059 |         0 |         0 |         0 |         0 |         0 |         0 |    7.0562 |         0 |         0 |         0 |         0 |         0 |         0 |    6.9780 |         0 |         0 |         0 |         0 |         0 |
|            DP [MFLOP/s]           |  894.2223 |  902.2589 |  917.4749 |  922.5549 |  912.8608 |  900.4847 |  901.0145 |  891.6555 |  892.4246 |  896.0475 |  891.5800 |  879.0418 |  877.1199 |  871.6159 |  874.4659 |  876.5905 |  887.3585 |  891.4331 |  887.7064 |  885.5866 |  893.7094 |  893.2607 |  906.0874 |  915.1609 |  910.1820 |  895.5576 |  888.3117 |
|          AVX DP [MFLOP/s]         |    2.2324 |         0 |         0 |         0 |         0 |         0 |         0 |         0 |         0 |         0 |         0 |         0 |         0 |         0 |         0 |         0 |         0 |         0 |         0 |         0 |         0 |         0 |         0 |         0 |         0 |         0 |         0 |
|          Packed [MUOPS/s]         |    0.3115 |         0 |         0 |         0 |         0 |         0 |         0 |         0 |         0 |         0 |         0 |         0 |         0 |         0 |         0 |         0 |         0 |         0 |         0 |         0 |         0 |         0 |         0 |         0 |         0 |         0 |         0 |
|          Scalar [MUOPS/s]         |  891.9538 |  902.2589 |  917.4749 |  922.5549 |  912.8608 |  900.4847 |  901.0145 |  891.6555 |  892.4246 |  896.0475 |  891.5800 |  879.0418 |  877.1199 |  871.6159 |  874.4659 |  876.5905 |  887.3585 |  891.4331 |  887.7064 |  885.5866 |  893.7094 |  893.2607 |  906.0874 |  915.1609 |  910.1820 |  895.5576 |  888.3117 |
|  Memory read bandwidth [MBytes/s] | 6871.1892 |         0 |         0 |         0 |         0 |         0 |         0 | 6492.1684 |         0 |         0 |         0 |         0 |         0 |         0 | 6517.1143 |         0 |         0 |         0 |         0 |         0 |         0 | 5754.7596 |         0 |         0 |         0 |         0 |         0 |
|  Memory read data volume [GBytes] |  271.3843 |         0 |         0 |         0 |         0 |         0 |         0 |  256.4145 |         0 |         0 |         0 |         0 |         0 |         0 |  257.3997 |         0 |         0 |         0 |         0 |         0 |         0 |  227.2897 |         0 |         0 |         0 |         0 |         0 |
| Memory write bandwidth [MBytes/s] | 2124.5529 |         0 |         0 |         0 |         0 |         0 |         0 | 2025.4572 |         0 |         0 |         0 |         0 |         0 |         0 | 1858.6577 |         0 |         0 |         0 |         0 |         0 |         0 | 1475.5947 |         0 |         0 |         0 |         0 |         0 |
| Memory write data volume [GBytes] |   83.9113 |         0 |         0 |         0 |         0 |         0 |         0 |   79.9974 |         0 |         0 |         0 |         0 |         0 |         0 |   73.4095 |         0 |         0 |         0 |         0 |         0 |         0 |   58.2800 |         0 |         0 |         0 |         0 |         0 |
|    Memory bandwidth [MBytes/s]    | 8995.7421 |         0 |         0 |         0 |         0 |         0 |         0 | 8517.6256 |         0 |         0 |         0 |         0 |         0 |         0 | 8375.7721 |         0 |         0 |         0 |         0 |         0 |         0 | 7230.3542 |         0 |         0 |         0 |         0 |         0 |
|    Memory data volume [GBytes]    |  355.2956 |         0 |         0 |         0 |         0 |         0 |         0 |  336.4119 |         0 |         0 |         0 |         0 |         0 |         0 |  330.8092 |         0 |         0 |         0 |         0 |         0 |         0 |  285.5697 |         0 |         0 |         0 |         0 |         0 |
|       Operational intensity       |    0.0994 |    0.1003 |    0.1020 |    0.1026 |    0.1015 |    0.1001 |    0.1002 |    0.1047 |    0.1048 |    0.1052 |    0.1047 |    0.1032 |    0.1030 |    0.1023 |    0.1044 |    0.1047 |    0.1060 |    0.1064 |    0.1060 |    0.1057 |    0.1067 |    0.1235 |    0.1253 |    0.1266 |    0.1259 |    0.1239 |    0.1229 |
+-----------------------------------+-----------+-----------+-----------+-----------+-----------+-----------+-----------+-----------+-----------+-----------+-----------+-----------+-----------+-----------+-----------+-----------+-----------+-----------+-----------+-----------+-----------+-----------+-----------+-----------+-----------+-----------+-----------+
+----------------------------------------+------------+-----------+-----------+-----------+
|                 Metric                 |     Sum    |    Min    |    Max    |    Avg    |
+----------------------------------------+------------+-----------+-----------+-----------+
|        Runtime (RDTSC) [s] STAT        |  1066.4472 |   39.4960 |   39.4984 |   39.4980 |
|        Runtime unhalted [s] STAT       |   717.5634 |   23.7412 |   26.8523 |   26.5764 |
|            Clock [MHz] STAT            | 51166.0852 | 1894.5608 | 1895.4529 | 1895.0402 |
|                CPI STAT                |    14.1719 |    0.4403 |    0.5361 |    0.5249 |
|             Energy [J] STAT            |  7876.7380 |         0 | 2110.1870 |  291.7310 |
|             Power [W] STAT             |   199.4315 |         0 |   53.4279 |    7.3864 |
|          Energy DRAM [J] STAT          |  1177.8942 |         0 |  312.2501 |   43.6257 |
|           Power DRAM [W] STAT          |    29.8232 |         0 |    7.9059 |    1.1046 |
|            DP [MFLOP/s] STAT           | 24155.7669 |  871.6159 |  922.5549 |  894.6580 |
|          AVX DP [MFLOP/s] STAT         |     2.2324 |         0 |    2.2324 |    0.0827 |
|          Packed [MUOPS/s] STAT         |     0.3115 |         0 |    0.3115 |    0.0115 |
|          Scalar [MUOPS/s] STAT         | 24153.4984 |  871.6159 |  922.5549 |  894.5740 |
|  Memory read bandwidth [MBytes/s] STAT | 25635.2315 |         0 | 6871.1892 |  949.4530 |
|  Memory read data volume [GBytes] STAT |  1012.4882 |         0 |  271.3843 |   37.4996 |
| Memory write bandwidth [MBytes/s] STAT |  7484.2625 |         0 | 2124.5529 |  277.1949 |
| Memory write data volume [GBytes] STAT |   295.5982 |         0 |   83.9113 |   10.9481 |
|    Memory bandwidth [MBytes/s] STAT    | 33119.4940 |         0 | 8995.7421 | 1226.6479 |
|    Memory data volume [GBytes] STAT    |  1308.0864 |         0 |  355.2956 |   48.4476 |
|       Operational intensity STAT       |     2.9220 |    0.0994 |    0.1266 |    0.1082 |
+----------------------------------------+------------+-----------+-----------+-----------+
