0.000000000000000000
0.012271846303085129
0.024543692606170259
0.036815538909255388
0.049087385212340517
0.061359231515425647
0.073631077818510776
0.085902924121595906
0.098174770424681035
0.110446616727766164
0.122718463030851294
0.134990309333936409
0.147262155637021552
0.159534001940106696
0.171805848243191811
0.184077694546276927
0.196349540849362070
0.208621387152447213
0.220893233455532328
0.233165079758617444
0.245436926061702587
0.257708772364787730
0.269980618667872818
0.282252464970957961
0.294524311274043105
0.306796157577128248
0.319068003880213391
0.331339850183298479
0.343611696486383622
0.355883542789468765
0.368155389092553853
0.380427235395638996
0.392699081698724139
0.404970928001809283
0.417242774304894426
0.429514620607979514
0.441786466911064657
0.454058313214149800
0.466330159517234888
0.478602005820320031
0.490873852123405174
0.503145698426490262
0.515417544729575461
0.527689391032660549
0.539961237335745636
0.552233083638830835
0.564504929941915923
0.576776776245001122
0.589048622548086209
0.601320468851171297
0.613592315154256496
0.625864161457341583
0.638136007760426782
0.650407854063511870
0.662679700366596958
0.674951546669682156
0.687223392972767244
0.699495239275852332
0.711767085578937531
0.724038931882022618
0.736310778185107706
0.748582624488192905
0.760854470791277993
0.773126317094363191
0.785398163397448279
0.797670009700533367
0.809941856003618565
0.822213702306703653
0.834485548609788852
0.846757394912873940
0.859029241215959027
0.871301087519044226
0.883572933822129314
0.895844780125214402
0.908116626428299600
0.920388472731384688
0.932660319034469776
0.944932165337554975
0.957204011640640062
0.969475857943725261
0.981747704246810349
0.994019550549895436
1.006291396852980524
1.018563243156065834
1.030835089459150922
1.043106935762236009
1.055378782065321097
1.067650628368406185
1.079922474671491273
1.092194320974576582
1.104466167277661670
1.116738013580746758
1.129009859883831846
1.141281706186916933
1.153553552490002243
1.165825398793087331
1.178097245096172418
1.190369091399257506
1.202640937702342594
1.214912784005427904
1.227184630308512991
1.239456476611598079
1.251728322914683167
1.264000169217768255
1.276272015520853564
1.288543861823938652
1.300815708127023740
1.313087554430108828
1.325359400733193915
1.337631247036279003
1.349903093339364313
1.362174939642449401
1.374446785945534488
1.386718632248619576
1.398990478551704664
1.411262324854789973
1.423534171157875061
1.435806017460960149
1.448077863764045237
1.460349710067130324
1.472621556370215412
1.484893402673300722
1.497165248976385810
1.509437095279470897
1.521708941582555985
1.533980787885641073
1.546252634188726383
1.558524480491811470
1.570796326794896558
1.583068173097981646
1.595340019401066733
1.607611865704152043
1.619883712007237131
1.632155558310322219
1.644427404613407306
1.656699250916492394
1.668971097219577704
1.681242943522662792
1.693514789825747879
1.705786636128832967
1.718058482431918055
1.730330328735003143
1.742602175038088452
1.754874021341173540
1.767145867644258628
1.779417713947343715
1.791689560250428803
1.803961406553514113
1.816233252856599201
1.828505099159684288
1.840776945462769376
1.853048791765854464
1.865320638068939552
1.877592484372024861
1.889864330675109949
1.902136176978195037
1.914408023281280125
1.926679869584365212
1.938951715887450522
1.951223562190535610
1.963495408493620697
1.975767254796705785
1.988039101099790873
2.000310947402875961
2.012582793705961048
2.024854640009046136
2.037126486312131668
2.049398332615216756
2.061670178918301843
2.073942025221386931
2.086213871524472019
2.098485717827557107
2.110757564130642194
2.123029410433727282
2.135301256736812370
2.147573103039897457
2.159844949342982545
2.172116795646068077
2.184388641949153165
2.196660488252238252
2.208932334555323340
2.221204180858408428
2.233476027161493516
2.245747873464578603
2.258019719767663691
2.270291566070748779
2.282563412373833867
2.294835258676919398
2.307107104980004486
2.319378951283089574
2.331650797586174662
2.343922643889259749
2.356194490192344837
2.368466336495429925
2.380738182798515012
2.393010029101600100
2.405281875404685188
2.417553721707770276
2.429825568010855807
2.442097414313940895
2.454369260617025983
2.466641106920111071
2.478912953223196158
2.491184799526281246
2.503456645829366334
2.515728492132451422
2.528000338435536509
2.540272184738621597
2.552544031041707129
2.564815877344792217
2.577087723647877304
2.589359569950962392
2.601631416254047480
2.613903262557132567
2.626175108860217655
2.638446955163302743
2.650718801466387831
2.662990647769472918
2.675262494072558006
2.687534340375643538
2.699806186678728626
2.712078032981813713
2.724349879284898801
2.736621725587983889
2.748893571891068976
2.761165418194154064
2.773437264497239152
2.785709110800324240
2.797980957103409327
2.810252803406494415
2.822524649709579947
2.834796496012665035
2.847068342315750122
2.859340188618835210
2.871612034921920298
2.883883881225005386
2.896155727528090473
2.908427573831175561
2.920699420134260649
2.932971266437345736
2.945243112740430824
2.957514959043516356
2.969786805346601444
2.982058651649686531
2.994330497952771619
3.006602344255856707
3.018874190558941795
3.031146036862026882
3.043417883165111970
3.055689729468197058
3.067961575771282146
3.080233422074367677
3.092505268377452765
3.104777114680537853
3.117048960983622941
3.129320807286708028
3.141592653589793116
3.153864499892878204
3.166136346195963291
3.178408192499048379
3.190680038802133467
3.202951885105218555
3.215223731408304086
3.227495577711389174
3.239767424014474262
3.252039270317559350
3.264311116620644437
3.276582962923729525
3.288854809226814613
3.301126655529899701
3.313398501832984788
3.325670348136069876
3.337942194439155408
3.350214040742240496
3.362485887045325583
3.374757733348410671
3.387029579651495759
3.399301425954580846
3.411573272257665934
3.423845118560751022
3.436116964863836110
3.448388811166921197
3.460660657470006285
3.472932503773091817
3.485204350076176905
3.497476196379261992
3.509748042682347080
3.522019888985432168
3.534291735288517255
3.546563581591602343
3.558835427894687431
3.571107274197772519
3.583379120500857606
3.595650966803942694
3.607922813107028226
3.620194659410113314
3.632466505713198401
3.644738352016283489
3.657010198319368577
3.669282044622453665
3.681553890925538752
3.693825737228623840
3.706097583531708928
3.718369429834794015
3.730641276137879103
3.742913122440964635
3.755184968744049723
3.767456815047134810
3.779728661350219898
3.792000507653304986
3.804272353956390074
3.816544200259475161
3.828816046562560249
3.841087892865645337
3.853359739168730425
3.865631585471815956
3.877903431774901044
3.890175278077986132
3.902447124381071220
3.914718970684156307
3.926990816987241395
3.939262663290326483
3.951534509593411570
3.963806355896496658
3.976078202199581746
3.988350048502666834
4.000621894805751921
4.012893741108837453
4.025165587411922097
4.037437433715007629
4.049709280018092272
4.061981126321177804
4.074252972624263336
4.086524818927347980
4.098796665230433511
4.111068511533518155
4.123340357836603687
4.135612204139688330
4.147884050442773862
4.160155896745858506
4.172427743048944038
4.184699589352028681
4.196971435655114213
4.209243281958199745
4.221515128261284389
4.233786974564369920
4.246058820867454564
4.258330667170540096
4.270602513473624740
4.282874359776710271
4.295146206079794915
4.307418052382880447
4.319689898685965090
4.331961744989050622
4.344233591292136154
4.356505437595220798
4.368777283898306329
4.381049130201390973
4.393320976504476505
4.405592822807561149
4.417864669110646680
4.430136515413731324
4.442408361716816856
4.454680208019902388
4.466952054322987031
4.479223900626072563
4.491495746929157207
4.503767593232242739
4.516039439535327382
4.528311285838412914
4.540583132141497558
4.552854978444583089
4.565126824747667733
4.577398671050753265
4.589670517353838797
4.601942363656923440
4.614214209960008972
4.626486056263093616
4.638757902566179148
4.651029748869263791
4.663301595172349323
4.675573441475433967
4.687845287778519499
4.700117134081604142
4.712388980384689674
4.724660826687775206
4.736932672990859849
4.749204519293945381
4.761476365597030025
4.773748211900115557
4.786020058203200200
4.798291904506285732
4.810563750809370376
4.822835597112455908
4.835107443415540551
4.847379289718626083
4.859651136021711615
4.871922982324796259
4.884194828627881790
4.896466674930966434
4.908738521234051966
4.921010367537136609
4.933282213840222141
4.945554060143306785
4.957825906446392317
4.970097752749476960
4.982369599052562492
4.994641445355648024
5.006913291658732668
5.019185137961818199
5.031456984264902843
5.043728830567988375
5.056000676871073019
5.068272523174158550
5.080544369477243194
5.092816215780328726
5.105088062083414258
5.117359908386498901
5.129631754689584433
5.141903600992669077
5.154175447295754608
5.166447293598839252
5.178719139901924784
5.190990986205009428
5.203262832508094959
5.215534678811179603
5.227806525114265135
5.240078371417350667
5.252350217720435310
5.264622064023520842
5.276893910326605486
5.289165756629691018
5.301437602932775661
5.313709449235861193
5.325981295538945837
5.338253141842031368
5.350524988145116012
5.362796834448201544
5.375068680751287076
5.387340527054371719
5.399612373357457251
5.411884219660541895
5.424156065963627427
5.436427912266712070
5.448699758569797602
5.460971604872882246
5.473243451175967778
5.485515297479052421
5.497787143782137953
5.510058990085223485
5.522330836388308128
5.534602682691393660
5.546874528994478304
5.559146375297563836
5.571418221600648479
5.583690067903734011
5.595961914206818655
5.608233760509904187
5.620505606812988830
5.632777453116074362
5.645049299419159894
5.657321145722244538
5.669592992025330069
5.681864838328414713
5.694136684631500245
5.706408530934584888
5.718680377237670420
5.730952223540755064
5.743224069843840596
5.755495916146925239
5.767767762450010771
5.780039608753096303
5.792311455056180947
5.804583301359266478
5.816855147662351122
5.829126993965436654
5.841398840268521298
5.853670686571606829
5.865942532874691473
5.878214379177777005
5.890486225480861648
5.902758071783947180
5.915029918087032712
5.927301764390117356
5.939573610693202887
5.951845456996287531
5.964117303299373063
5.976389149602457707
5.988660995905543238
6.000932842208627882
6.013204688511713414
6.025476534814798946
6.037748381117883589
6.050020227420969121
6.062292073724053765
6.074563920027139297
6.086835766330223940
6.099107612633309472
6.111379458936394116
6.123651305239479647
6.135923151542564291
6.148194997845649823
6.160466844148735355
6.172738690451819998
6.185010536754905530
6.197282383057990174
6.209554229361075706
6.221826075664160349
6.234097921967245881
6.246369768270330525
6.258641614573416057
6.270913460876500700
6.283185307179586232
