Level 0
25528956
12963752
8857377
6705543
5433675
4517904
3865726
3388048
3010451
2714830
2484320
2301596
2151910
2027637
1888865
1761348
1674216
1588412
1482359
2079035
1333179
1264035
1202850
1152247
1110809
1082029
1056149
1031603
1005927
963750
921856
887090
861660
1048294
824324
801675
792595
768307
746788
733977
716970
904446
695893
687323
691533
704264
719423
730592
739817
770120
837125
948071
984090
1111713
1148150
1043212
1110746
1186026
1243053
1402745
1537246
1428965
1503818
1852137

Level 1
6315275
3180660
2218872
1679203
1371988
1133101
975718
864180
785061
693985
629073
577605
541221
503465
468702
437403
410414
392612
371754
350795
339914
324883
321906
297085
286569
275855
266369
256788
251482
244771
238999
232564
225011
215256
217602
209350
198720
196208
188498
184282
180391
177893
174915
170494
167205
164622
161044
157373
154460
150704
149879
146017
143766
142101
141265
141116
136919
134473
131958
131432
185609
150015
126526
149163

Level 2
1563616
789704
551462
415053
342132
287138
248997
218026
195507
177299
158569
144495
135658
126262
118211
112750
106104
101129
96490
92198
88390
84325
80892
77464
75219
72012
69783
66955
64714
63044
60453
59390
57263
56501
54890
52850
60052
50074
48813
56046
53020
62011
62460
69086
139612
152923
164263
107647
180250
170474
244831
210571
288974
274408
426998
248851
352929
340731
318552
340647
414201
424110
480775
507528

Level 3
410471
206263
142036
110568
88857
74916
63715
55890
51507
46365
42290
38792
36841
34484
32812
30266
28571
27885
26563
25350
24304
23255
23752
23542
23915
29391
20904
27915
38931
36582
41686
57934
49677
85245
59644
96155
155053
98553
162311
90673
131579
137431
120546
107622
140525
131245
172398
136559
181357
162368
191342
156744
157583
181547
226342
179143
246320
191215
247459
195793
236815
289565
215310
226456

Level 4
95707
59647
37763
29040
22905
19590
16985
14994
13873
12491
12511
11908
10604
9929
9251
8388
8386
7959
6991
6712
7293
13092
13580
15795
15046
18442
20798
21414
24496
25784
32539
29458
26405
31702
34636
39294
44049
40885
46567
48191
50461
55380
52829
57352
66108
73275
65465
70440
81872
72063
74224
104334
80615
88358
75476
100180
123990
96955
105858
116045
93340
138857
122217
129724

Level 5
27501
14943
10024
7919
6512
5356
4712
4091
3682
3343
3049
2871
2616
2414
2270
2112
3778
5258
7751
8652
14399
14422
15849
16169
24092
16671
27632
19670
22551
21431
32841
26217
25862
29550
27965
28981
39508
39828
31108
32242
30961
29468
35189
46332
37073
37914
39838
39588
41050
40403
44367
46441
64147
76082
47117
78865
53026
52303
48462
61672
80351
62656
60118
75463

