--------------------------------------------------------------------------------
CPU name:	Intel(R) Xeon(R) Gold 6132 CPU @ 2.60GHz
CPU type:	Intel Skylake SP processor
CPU clock:	2.59 GHz
--------------------------------------------------------------------------------
Region Setup, Group 1: FLOPS_DP
+-------------------+----------+----------+----------+----------+----------+----------+----------+----------+----------+----------+----------+----------+----------+----------+----------+----------+----------+----------+----------+----------+----------+----------+----------+----------+----------+----------+----------+----------+----------+----------+----------+----------+----------+----------+
|    Region Info    |  Core 0  |  Core 1  |  Core 2  |  Core 3  |  Core 4  |  Core 5  |  Core 6  |  Core 7  |  Core 8  |  Core 9  |  Core 10 |  Core 11 |  Core 12 |  Core 13 |  Core 14 |  Core 15 |  Core 16 |  Core 17 |  Core 18 |  Core 19 |  Core 20 |  Core 21 |  Core 22 |  Core 23 |  Core 24 |  Core 25 |  Core 26 |  Core 27 |  Core 28 |  Core 29 |  Core 30 |  Core 31 |  Core 32 |  Core 33 |
+-------------------+----------+----------+----------+----------+----------+----------+----------+----------+----------+----------+----------+----------+----------+----------+----------+----------+----------+----------+----------+----------+----------+----------+----------+----------+----------+----------+----------+----------+----------+----------+----------+----------+----------+----------+
| RDTSC Runtime [s] | 0.916331 | 0.916468 | 0.916503 | 0.916508 | 0.916497 | 0.916504 | 0.916461 | 0.916463 | 0.916458 | 0.916426 | 0.916463 | 0.916457 | 0.916498 | 0.916436 | 0.916407 | 0.916390 | 0.916387 | 0.916388 | 0.916373 | 0.916414 | 0.916451 | 0.916367 | 0.916387 | 0.916377 | 0.916394 | 0.916487 | 0.916475 | 0.916485 | 0.916329 | 0.916354 | 0.916383 | 0.916410 | 0.916359 | 0.916375 |
|     call count    |        2 |        2 |        2 |        2 |        2 |        2 |        2 |        2 |        2 |        2 |        2 |        2 |        2 |        2 |        2 |        2 |        2 |        2 |        2 |        2 |        2 |        2 |        2 |        2 |        2 |        2 |        2 |        2 |        2 |        2 |        2 |        2 |        2 |        2 |
+-------------------+----------+----------+----------+----------+----------+----------+----------+----------+----------+----------+----------+----------+----------+----------+----------+----------+----------+----------+----------+----------+----------+----------+----------+----------+----------+----------+----------+----------+----------+----------+----------+----------+----------+----------+
+------------------------------------------+---------+-----------+-----------+-----------+-----------+-----------+-----------+-----------+-----------+-----------+-----------+-----------+-----------+-----------+-----------+-----------+-----------+-----------+-----------+-----------+-----------+-----------+-----------+-----------+-----------+-----------+-----------+-----------+-----------+-----------+-----------+-----------+-----------+-----------+-----------+
|                   Event                  | Counter |   Core 0  |   Core 1  |   Core 2  |   Core 3  |   Core 4  |   Core 5  |   Core 6  |   Core 7  |   Core 8  |   Core 9  |  Core 10  |  Core 11  |  Core 12  |  Core 13  |  Core 14  |  Core 15  |  Core 16  |  Core 17  |  Core 18  |  Core 19  |  Core 20  |  Core 21  |  Core 22  |  Core 23  |  Core 24  |  Core 25  |  Core 26  |  Core 27  |  Core 28  |  Core 29  |  Core 30  |  Core 31  |  Core 32  |  Core 33  |
+------------------------------------------+---------+-----------+-----------+-----------+-----------+-----------+-----------+-----------+-----------+-----------+-----------+-----------+-----------+-----------+-----------+-----------+-----------+-----------+-----------+-----------+-----------+-----------+-----------+-----------+-----------+-----------+-----------+-----------+-----------+-----------+-----------+-----------+-----------+-----------+-----------+
|             INSTR_RETIRED_ANY            |  FIXC0  | 772404200 | 302339200 | 300864600 | 300818400 | 300356100 | 297437400 | 297866000 | 297781300 | 296747900 | 297775900 | 297181300 | 296911000 | 296819800 | 296984200 | 294920800 | 294618600 | 292775700 | 292347600 | 293293900 | 292876000 | 292267700 | 292601200 | 292407900 | 292063300 | 291865400 | 291619200 | 289488500 | 288112500 | 289105200 | 288350700 | 286814700 | 286752900 | 285134400 | 285102300 |
|           CPU_CLK_UNHALTED_CORE          |  FIXC1  | 479176500 | 367213300 | 371187500 | 371036500 | 363532800 | 360329100 | 369640400 | 367384100 | 359275200 | 381782300 | 369960500 | 384731700 | 382563300 | 386183200 | 344409700 | 338393400 | 340503100 | 339209200 | 358733300 | 350564900 | 337165600 | 347555100 | 342667100 | 347749400 | 342553700 | 338457300 | 346524100 | 347517700 | 363329500 | 352436900 | 344855000 | 363412000 | 339775200 | 351772800 |
|           CPU_CLK_UNHALTED_REF           |  FIXC2  | 655656400 | 502742000 | 508201100 | 507963000 | 497714700 | 493309900 | 505978500 | 502999500 | 491801400 | 522711800 | 506439300 | 526660300 | 523684300 | 528649000 | 471471300 | 463214000 | 466077100 | 464347700 | 491072200 | 479990800 | 461558200 | 475843200 | 469122500 | 476061400 | 468934600 | 463326000 | 474314000 | 475737300 | 498023800 | 483033500 | 472811500 | 498607000 | 466031200 | 482133000 |
| FP_ARITH_INST_RETIRED_128B_PACKED_DOUBLE |   PMC0  |    122920 |         0 |         0 |         0 |         0 |         0 |         0 |         0 |         0 |         0 |         0 |         0 |         0 |         0 |         0 |         0 |         0 |         0 |         0 |         0 |         0 |         0 |         0 |         0 |         0 |         0 |         0 |         0 |         0 |         0 |         0 |         0 |         0 |         0 |
|    FP_ARITH_INST_RETIRED_SCALAR_DOUBLE   |   PMC1  | 121185400 |  84906420 |  84480450 |  84450460 |  84444470 |  83611770 |  83611810 |  83611170 |  83428860 |  83408530 |  83408690 |  83122030 |  83121990 |  83123290 |  83122980 |  83121590 |  82808990 |  82713260 |  82712270 |  82712270 |  82712270 |  82696700 |  82697480 |  82554230 |  82554690 |  82554120 |  81731430 |  81301470 |  81338330 |  81301470 |  80900060 |  80642010 |  80436190 |  80198130 |
| FP_ARITH_INST_RETIRED_256B_PACKED_DOUBLE |   PMC2  |     81488 |         0 |         0 |         0 |         0 |         0 |         0 |         0 |         0 |         0 |         0 |         0 |         0 |         0 |         0 |         0 |         0 |         0 |         0 |         0 |         0 |         0 |         0 |         0 |         0 |         0 |         0 |         0 |         0 |         0 |         0 |         0 |         0 |         0 |
| FP_ARITH_INST_RETIRED_512B_PACKED_DOUBLE |   PMC3  |   1080242 |         0 |         0 |         0 |         0 |         0 |         0 |         0 |         0 |         0 |         0 |         0 |         0 |         0 |         0 |         0 |         0 |         0 |         0 |         0 |         0 |         0 |         0 |         0 |         0 |         0 |         0 |         0 |         0 |         0 |         0 |         0 |         0 |         0 |
+------------------------------------------+---------+-----------+-----------+-----------+-----------+-----------+-----------+-----------+-----------+-----------+-----------+-----------+-----------+-----------+-----------+-----------+-----------+-----------+-----------+-----------+-----------+-----------+-----------+-----------+-----------+-----------+-----------+-----------+-----------+-----------+-----------+-----------+-----------+-----------+-----------+
+-----------------------------------------------+---------+-------------+-----------+-----------+--------------+
|                     Event                     | Counter |     Sum     |    Min    |    Max    |      Avg     |
+-----------------------------------------------+---------+-------------+-----------+-----------+--------------+
|             INSTR_RETIRED_ANY STAT            |  FIXC0  | 10464805800 | 285102300 | 772404200 | 3.077884e+08 |
|           CPU_CLK_UNHALTED_CORE STAT          |  FIXC1  | 12251581400 | 337165600 | 479176500 | 3.603406e+08 |
|           CPU_CLK_UNHALTED_REF STAT           |  FIXC2  | 16776221500 | 461558200 | 655656400 | 4.934183e+08 |
| FP_ARITH_INST_RETIRED_128B_PACKED_DOUBLE STAT |   PMC0  |      122920 |         0 |    122920 |    3615.2941 |
|    FP_ARITH_INST_RETIRED_SCALAR_DOUBLE STAT   |   PMC1  |  2850725280 |  80198130 | 121185400 | 8.384486e+07 |
| FP_ARITH_INST_RETIRED_256B_PACKED_DOUBLE STAT |   PMC2  |       81488 |         0 |     81488 |    2396.7059 |
| FP_ARITH_INST_RETIRED_512B_PACKED_DOUBLE STAT |   PMC3  |     1080242 |         0 |   1080242 |   31771.8235 |
+-----------------------------------------------+---------+-------------+-----------+-----------+--------------+
+----------------------+-----------+-----------+-----------+-----------+-----------+-----------+-----------+-----------+-----------+-----------+-----------+-----------+-----------+-----------+-----------+-----------+-----------+-----------+-----------+-----------+-----------+-----------+-----------+-----------+-----------+-----------+-----------+-----------+-----------+-----------+-----------+-----------+-----------+-----------+
|        Metric        |   Core 0  |   Core 1  |   Core 2  |   Core 3  |   Core 4  |   Core 5  |   Core 6  |   Core 7  |   Core 8  |   Core 9  |  Core 10  |  Core 11  |  Core 12  |  Core 13  |  Core 14  |  Core 15  |  Core 16  |  Core 17  |  Core 18  |  Core 19  |  Core 20  |  Core 21  |  Core 22  |  Core 23  |  Core 24  |  Core 25  |  Core 26  |  Core 27  |  Core 28  |  Core 29  |  Core 30  |  Core 31  |  Core 32  |  Core 33  |
+----------------------+-----------+-----------+-----------+-----------+-----------+-----------+-----------+-----------+-----------+-----------+-----------+-----------+-----------+-----------+-----------+-----------+-----------+-----------+-----------+-----------+-----------+-----------+-----------+-----------+-----------+-----------+-----------+-----------+-----------+-----------+-----------+-----------+-----------+-----------+
|  Runtime (RDTSC) [s] |    0.9163 |    0.9165 |    0.9165 |    0.9165 |    0.9165 |    0.9165 |    0.9165 |    0.9165 |    0.9165 |    0.9164 |    0.9165 |    0.9165 |    0.9165 |    0.9164 |    0.9164 |    0.9164 |    0.9164 |    0.9164 |    0.9164 |    0.9164 |    0.9165 |    0.9164 |    0.9164 |    0.9164 |    0.9164 |    0.9165 |    0.9165 |    0.9165 |    0.9163 |    0.9164 |    0.9164 |    0.9164 |    0.9164 |    0.9164 |
| Runtime unhalted [s] |    0.1847 |    0.1416 |    0.1431 |    0.1430 |    0.1402 |    0.1389 |    0.1425 |    0.1416 |    0.1385 |    0.1472 |    0.1426 |    0.1483 |    0.1475 |    0.1489 |    0.1328 |    0.1305 |    0.1313 |    0.1308 |    0.1383 |    0.1352 |    0.1300 |    0.1340 |    0.1321 |    0.1341 |    0.1321 |    0.1305 |    0.1336 |    0.1340 |    0.1401 |    0.1359 |    0.1330 |    0.1401 |    0.1310 |    0.1356 |
|      Clock [MHz]     | 1895.6180 | 1894.5447 | 1894.4771 | 1894.5941 | 1894.5007 | 1894.5721 | 1894.8681 | 1894.4556 | 1894.8250 | 1894.4586 | 1894.7835 | 1894.7810 | 1894.8087 | 1894.7747 | 1894.7492 | 1894.8369 | 1894.9377 | 1894.7676 | 1894.7764 | 1894.3802 | 1894.7347 | 1894.4861 | 1894.6010 | 1894.6764 | 1894.7330 | 1894.7366 | 1894.9560 | 1894.7039 | 1892.2660 | 1892.4994 | 1891.8213 | 1890.4819 | 1891.0731 | 1892.4614 |
|          CPI         |    0.6204 |    1.2146 |    1.2337 |    1.2334 |    1.2103 |    1.2114 |    1.2410 |    1.2337 |    1.2107 |    1.2821 |    1.2449 |    1.2958 |    1.2889 |    1.3003 |    1.1678 |    1.1486 |    1.1630 |    1.1603 |    1.2231 |    1.1970 |    1.1536 |    1.1878 |    1.1719 |    1.1907 |    1.1737 |    1.1606 |    1.1970 |    1.2062 |    1.2567 |    1.2223 |    1.2024 |    1.2673 |    1.1916 |    1.2338 |
|     DP [MFLOP/s]     |  142.3057 |   92.6452 |   92.1770 |   92.1437 |   92.1383 |   91.2290 |   91.2333 |   91.2325 |   91.0340 |   91.0150 |   91.0115 |   90.6994 |   90.6952 |   90.7028 |   90.7053 |   90.7055 |   90.3647 |   90.2601 |   90.2604 |   90.2564 |   90.2528 |   90.2440 |   90.2430 |   90.0876 |   90.0864 |   90.0767 |   89.1802 |   88.7101 |   88.7654 |   88.7228 |   88.2819 |   87.9978 |   87.7780 |   87.5167 |
|   AVX DP [MFLOP/s]   |    9.7867 |         0 |         0 |         0 |         0 |         0 |         0 |         0 |         0 |         0 |         0 |         0 |         0 |         0 |         0 |         0 |         0 |         0 |         0 |         0 |         0 |         0 |         0 |         0 |         0 |         0 |         0 |         0 |         0 |         0 |         0 |         0 |         0 |         0 |
|  AVX512 DP [MFLOP/s] |    9.4310 |         0 |         0 |         0 |         0 |         0 |         0 |         0 |         0 |         0 |         0 |         0 |         0 |         0 |         0 |         0 |         0 |         0 |         0 |         0 |         0 |         0 |         0 |         0 |         0 |         0 |         0 |         0 |         0 |         0 |         0 |         0 |         0 |         0 |
|   Packed [MUOPS/s]   |    1.4019 |         0 |         0 |         0 |         0 |         0 |         0 |         0 |         0 |         0 |         0 |         0 |         0 |         0 |         0 |         0 |         0 |         0 |         0 |         0 |         0 |         0 |         0 |         0 |         0 |         0 |         0 |         0 |         0 |         0 |         0 |         0 |         0 |         0 |
|   Scalar [MUOPS/s]   |  132.2507 |   92.6452 |   92.1770 |   92.1437 |   92.1383 |   91.2290 |   91.2333 |   91.2325 |   91.0340 |   91.0150 |   91.0115 |   90.6994 |   90.6952 |   90.7028 |   90.7053 |   90.7055 |   90.3647 |   90.2601 |   90.2604 |   90.2564 |   90.2528 |   90.2440 |   90.2430 |   90.0876 |   90.0864 |   90.0767 |   89.1802 |   88.7101 |   88.7654 |   88.7228 |   88.2819 |   87.9978 |   87.7780 |   87.5167 |
|  Vectorization ratio |    1.0490 |         0 |         0 |         0 |         0 |         0 |         0 |         0 |         0 |         0 |         0 |         0 |         0 |         0 |         0 |         0 |         0 |         0 |         0 |         0 |         0 |         0 |         0 |         0 |         0 |         0 |         0 |         0 |         0 |         0 |         0 |         0 |         0 |         0 |
+----------------------+-----------+-----------+-----------+-----------+-----------+-----------+-----------+-----------+-----------+-----------+-----------+-----------+-----------+-----------+-----------+-----------+-----------+-----------+-----------+-----------+-----------+-----------+-----------+-----------+-----------+-----------+-----------+-----------+-----------+-----------+-----------+-----------+-----------+-----------+
+---------------------------+------------+-----------+-----------+-----------+
|           Metric          |     Sum    |    Min    |    Max    |    Avg    |
+---------------------------+------------+-----------+-----------+-----------+
|  Runtime (RDTSC) [s] STAT |    31.1589 |    0.9163 |    0.9165 |    0.9164 |
| Runtime unhalted [s] STAT |     4.7236 |    0.1300 |    0.1847 |    0.1389 |
|      Clock [MHz] STAT     | 64402.7407 | 1890.4819 | 1895.6180 | 1894.1983 |
|          CPI STAT         |    40.6966 |    0.6204 |    1.3003 |    1.1970 |
|     DP [MFLOP/s] STAT     |  3120.7584 |   87.5167 |  142.3057 |   91.7870 |
|   AVX DP [MFLOP/s] STAT   |     9.7867 |         0 |    9.7867 |    0.2878 |
|  AVX512 DP [MFLOP/s] STAT |     9.4310 |         0 |    9.4310 |    0.2774 |
|   Packed [MUOPS/s] STAT   |     1.4019 |         0 |    1.4019 |    0.0412 |
|   Scalar [MUOPS/s] STAT   |  3110.7034 |   87.5167 |  132.2507 |   91.4913 |
|  Vectorization ratio STAT |     1.0490 |         0 |    1.0490 |    0.0309 |
+---------------------------+------------+-----------+-----------+-----------+
--------------------------------------------------------------------------------
CPU name:	Intel(R) Xeon(R) Gold 6132 CPU @ 2.60GHz
CPU type:	Intel Skylake SP processor
CPU clock:	2.59 GHz
--------------------------------------------------------------------------------
Region Solve, Group 1: FLOPS_DP
+-------------------+-----------+-----------+-----------+-----------+-----------+-----------+-----------+-----------+-----------+-----------+-----------+-----------+-----------+-----------+-----------+-----------+-----------+-----------+-----------+-----------+-----------+-----------+-----------+-----------+-----------+-----------+-----------+-----------+-----------+-----------+-----------+-----------+-----------+-----------+
|    Region Info    |   Core 0  |   Core 1  |   Core 2  |   Core 3  |   Core 4  |   Core 5  |   Core 6  |   Core 7  |   Core 8  |   Core 9  |  Core 10  |  Core 11  |  Core 12  |  Core 13  |  Core 14  |  Core 15  |  Core 16  |  Core 17  |  Core 18  |  Core 19  |  Core 20  |  Core 21  |  Core 22  |  Core 23  |  Core 24  |  Core 25  |  Core 26  |  Core 27  |  Core 28  |  Core 29  |  Core 30  |  Core 31  |  Core 32  |  Core 33  |
+-------------------+-----------+-----------+-----------+-----------+-----------+-----------+-----------+-----------+-----------+-----------+-----------+-----------+-----------+-----------+-----------+-----------+-----------+-----------+-----------+-----------+-----------+-----------+-----------+-----------+-----------+-----------+-----------+-----------+-----------+-----------+-----------+-----------+-----------+-----------+
| RDTSC Runtime [s] | 21.162830 | 21.162840 | 21.162850 | 21.162850 | 21.162830 | 21.162850 | 21.162830 | 21.162840 | 21.162850 | 21.162840 | 21.162830 | 21.162850 | 21.162850 | 21.162840 | 21.162840 | 21.162840 | 21.162830 | 21.162840 | 21.162830 | 21.162840 | 21.162840 | 21.162840 | 21.162840 | 21.162840 | 21.162850 | 21.162830 | 21.162840 | 21.162840 | 21.162830 | 21.162830 | 21.162810 | 21.162820 | 21.162830 | 21.162830 |
|     call count    |         1 |         1 |         1 |         1 |         1 |         1 |         1 |         1 |         1 |         1 |         1 |         1 |         1 |         1 |         1 |         1 |         1 |         1 |         1 |         1 |         1 |         1 |         1 |         1 |         1 |         1 |         1 |         1 |         1 |         1 |         1 |         1 |         1 |         1 |
+-------------------+-----------+-----------+-----------+-----------+-----------+-----------+-----------+-----------+-----------+-----------+-----------+-----------+-----------+-----------+-----------+-----------+-----------+-----------+-----------+-----------+-----------+-----------+-----------+-----------+-----------+-----------+-----------+-----------+-----------+-----------+-----------+-----------+-----------+-----------+
+------------------------------------------+---------+-------------+-------------+-------------+-------------+-------------+-------------+-------------+-------------+-------------+-------------+-------------+-------------+-------------+-------------+-------------+-------------+-------------+-------------+-------------+-------------+-------------+-------------+-------------+-------------+-------------+-------------+-------------+-------------+-------------+-------------+-------------+-------------+-------------+-------------+
|                   Event                  | Counter |    Core 0   |    Core 1   |    Core 2   |    Core 3   |    Core 4   |    Core 5   |    Core 6   |    Core 7   |    Core 8   |    Core 9   |   Core 10   |   Core 11   |   Core 12   |   Core 13   |   Core 14   |   Core 15   |   Core 16   |   Core 17   |   Core 18   |   Core 19   |   Core 20   |   Core 21   |   Core 22   |   Core 23   |   Core 24   |   Core 25   |   Core 26   |   Core 27   |   Core 28   |   Core 29   |   Core 30   |   Core 31   |   Core 32   |   Core 33   |
+------------------------------------------+---------+-------------+-------------+-------------+-------------+-------------+-------------+-------------+-------------+-------------+-------------+-------------+-------------+-------------+-------------+-------------+-------------+-------------+-------------+-------------+-------------+-------------+-------------+-------------+-------------+-------------+-------------+-------------+-------------+-------------+-------------+-------------+-------------+-------------+-------------+
|             INSTR_RETIRED_ANY            |  FIXC0  | 66524040000 | 66150060000 | 65815880000 | 65931500000 | 65546610000 | 65164760000 | 65129080000 | 64900810000 | 64709480000 | 64508140000 | 64526080000 | 64489550000 | 64666740000 | 64450060000 | 64233470000 | 64065480000 | 63876170000 | 63920920000 | 63857520000 | 63905310000 | 63979680000 | 64010980000 | 63801010000 | 63598600000 | 63764830000 | 63653160000 | 63280680000 | 63277020000 | 63137890000 | 62938220000 | 62679520000 | 62468130000 | 62322720000 | 65615500000 |
|           CPU_CLK_UNHALTED_CORE          |  FIXC1  | 39401660000 | 39567690000 | 39552700000 | 39564360000 | 39561540000 | 39569960000 | 39482600000 | 39570230000 | 39573210000 | 39577940000 | 39577520000 | 39568110000 | 39390150000 | 39566200000 | 39440870000 | 39442380000 | 39451930000 | 39460870000 | 39456530000 | 39454600000 | 39451640000 | 39453140000 | 39439600000 | 39454240000 | 39097000000 | 39455880000 | 39454850000 | 39453470000 | 39525940000 | 39522130000 | 39521810000 | 39522560000 | 39526210000 | 34732270000 |
|           CPU_CLK_UNHALTED_REF           |  FIXC2  | 53930300000 | 54157500000 | 54136570000 | 54152520000 | 54148440000 | 54160050000 | 54040650000 | 54161140000 | 54164900000 | 54171520000 | 54170690000 | 54158580000 | 53914800000 | 54155380000 | 53987300000 | 53989670000 | 54002930000 | 54014220000 | 54007980000 | 54005430000 | 54001170000 | 54003330000 | 53984780000 | 54005830000 | 53517130000 | 54007630000 | 54006070000 | 54004100000 | 54088070000 | 54082860000 | 54082420000 | 54083460000 | 54088430000 | 47528540000 |
| FP_ARITH_INST_RETIRED_128B_PACKED_DOUBLE |   PMC0  |      218232 |           0 |           0 |           0 |           0 |           0 |           0 |           0 |           0 |           0 |           0 |           0 |           0 |           0 |           0 |           0 |           0 |           0 |           0 |           0 |           0 |           0 |           0 |           0 |           0 |           0 |           0 |           0 |           0 |           0 |           0 |           0 |           0 |           0 |
|    FP_ARITH_INST_RETIRED_SCALAR_DOUBLE   |   PMC1  | 19642280000 | 19578440000 | 19527810000 | 19618240000 | 19515950000 | 19347310000 | 19266980000 | 19214140000 | 19168370000 | 19113740000 | 19117630000 | 19106620000 | 19103950000 | 19036020000 | 18926810000 | 18867100000 | 18820150000 | 18833120000 | 18799750000 | 18825010000 | 18894630000 | 18948420000 | 18894170000 | 18835540000 | 18808090000 | 18845310000 | 18708970000 | 18716160000 | 18705780000 | 18681910000 | 18580560000 | 18451660000 | 18355360000 | 18253760000 |
| FP_ARITH_INST_RETIRED_256B_PACKED_DOUBLE |   PMC2  |      302358 |           0 |           0 |           0 |           0 |           0 |           0 |           0 |           0 |           0 |           0 |           0 |           0 |           0 |           0 |           0 |           0 |           0 |           0 |           0 |           0 |           0 |           0 |           0 |           0 |           0 |           0 |           0 |           0 |           0 |           0 |           0 |           0 |           0 |
| FP_ARITH_INST_RETIRED_512B_PACKED_DOUBLE |   PMC3  |     2178750 |           0 |           0 |           0 |           0 |           0 |           0 |           0 |           0 |           0 |           0 |           0 |           0 |           0 |           0 |           0 |           0 |           0 |           0 |           0 |           0 |           0 |           0 |           0 |           0 |           0 |           0 |           0 |           0 |           0 |           0 |           0 |           0 |           0 |
+------------------------------------------+---------+-------------+-------------+-------------+-------------+-------------+-------------+-------------+-------------+-------------+-------------+-------------+-------------+-------------+-------------+-------------+-------------+-------------+-------------+-------------+-------------+-------------+-------------+-------------+-------------+-------------+-------------+-------------+-------------+-------------+-------------+-------------+-------------+-------------+-------------+
+-----------------------------------------------+---------+---------------+-------------+-------------+--------------+
|                     Event                     | Counter |      Sum      |     Min     |     Max     |      Avg     |
+-----------------------------------------------+---------+---------------+-------------+-------------+--------------+
|             INSTR_RETIRED_ANY STAT            |  FIXC0  | 2184899600000 | 62322720000 | 66524040000 | 6.426175e+10 |
|           CPU_CLK_UNHALTED_CORE STAT          |  FIXC1  | 1337841790000 | 34732270000 | 39577940000 | 3.934829e+10 |
|           CPU_CLK_UNHALTED_REF STAT           |  FIXC2  | 1831114390000 | 47528540000 | 54171520000 | 5.385631e+10 |
| FP_ARITH_INST_RETIRED_128B_PACKED_DOUBLE STAT |   PMC0  |        218232 |           0 |      218232 |    6418.5882 |
|    FP_ARITH_INST_RETIRED_SCALAR_DOUBLE STAT   |   PMC1  |  645109740000 | 18253760000 | 19642280000 | 1.897382e+10 |
| FP_ARITH_INST_RETIRED_256B_PACKED_DOUBLE STAT |   PMC2  |        302358 |           0 |      302358 |    8892.8824 |
| FP_ARITH_INST_RETIRED_512B_PACKED_DOUBLE STAT |   PMC3  |       2178750 |           0 |     2178750 |   64080.8824 |
+-----------------------------------------------+---------+---------------+-------------+-------------+--------------+
+----------------------+-----------+-----------+-----------+-----------+-----------+-----------+-----------+-----------+-----------+-----------+-----------+-----------+-----------+-----------+-----------+-----------+-----------+-----------+-----------+-----------+-----------+-----------+-----------+-----------+-----------+-----------+-----------+-----------+-----------+-----------+-----------+-----------+-----------+-----------+
|        Metric        |   Core 0  |   Core 1  |   Core 2  |   Core 3  |   Core 4  |   Core 5  |   Core 6  |   Core 7  |   Core 8  |   Core 9  |  Core 10  |  Core 11  |  Core 12  |  Core 13  |  Core 14  |  Core 15  |  Core 16  |  Core 17  |  Core 18  |  Core 19  |  Core 20  |  Core 21  |  Core 22  |  Core 23  |  Core 24  |  Core 25  |  Core 26  |  Core 27  |  Core 28  |  Core 29  |  Core 30  |  Core 31  |  Core 32  |  Core 33  |
+----------------------+-----------+-----------+-----------+-----------+-----------+-----------+-----------+-----------+-----------+-----------+-----------+-----------+-----------+-----------+-----------+-----------+-----------+-----------+-----------+-----------+-----------+-----------+-----------+-----------+-----------+-----------+-----------+-----------+-----------+-----------+-----------+-----------+-----------+-----------+
|  Runtime (RDTSC) [s] |   21.1628 |   21.1628 |   21.1628 |   21.1628 |   21.1628 |   21.1628 |   21.1628 |   21.1628 |   21.1628 |   21.1628 |   21.1628 |   21.1628 |   21.1628 |   21.1628 |   21.1628 |   21.1628 |   21.1628 |   21.1628 |   21.1628 |   21.1628 |   21.1628 |   21.1628 |   21.1628 |   21.1628 |   21.1628 |   21.1628 |   21.1628 |   21.1628 |   21.1628 |   21.1628 |   21.1628 |   21.1628 |   21.1628 |   21.1628 |
| Runtime unhalted [s] |   15.1909 |   15.2549 |   15.2491 |   15.2536 |   15.2525 |   15.2558 |   15.2221 |   15.2559 |   15.2570 |   15.2588 |   15.2587 |   15.2551 |   15.1864 |   15.2543 |   15.2060 |   15.2066 |   15.2103 |   15.2137 |   15.2120 |   15.2113 |   15.2101 |   15.2107 |   15.2055 |   15.2112 |   15.0734 |   15.2118 |   15.2114 |   15.2109 |   15.2388 |   15.2373 |   15.2372 |   15.2375 |   15.2389 |   13.3906 |
|      Clock [MHz]     | 1895.0179 | 1895.0196 | 1895.0341 | 1895.0344 | 1895.0421 | 1895.0391 | 1895.0331 | 1895.0139 | 1895.0251 | 1895.0200 | 1895.0289 | 1895.0020 | 1895.0089 | 1895.0225 | 1894.9009 | 1894.8903 | 1894.8837 | 1894.9169 | 1894.9274 | 1894.9242 | 1894.9315 | 1894.9278 | 1894.9283 | 1894.8929 | 1894.8823 | 1894.9085 | 1894.9137 | 1894.9166 | 1895.4501 | 1895.4499 | 1895.4500 | 1895.4495 | 1895.4504 | 1895.4412 |
|          CPI         |    0.5923 |    0.5982 |    0.6010 |    0.6001 |    0.6036 |    0.6072 |    0.6062 |    0.6097 |    0.6116 |    0.6135 |    0.6134 |    0.6136 |    0.6091 |    0.6139 |    0.6140 |    0.6157 |    0.6176 |    0.6173 |    0.6179 |    0.6174 |    0.6166 |    0.6163 |    0.6182 |    0.6204 |    0.6131 |    0.6199 |    0.6235 |    0.6235 |    0.6260 |    0.6280 |    0.6305 |    0.6327 |    0.6342 |    0.5293 |
|     DP [MFLOP/s]     |  929.0514 |  925.1329 |  922.7401 |  927.0131 |  922.1805 |  914.2110 |  910.4160 |  907.9188 |  905.7556 |  903.1746 |  903.3589 |  902.8378 |  902.7116 |  899.5021 |  894.3417 |  891.5202 |  889.3021 |  889.9146 |  888.3382 |  889.5314 |  892.8211 |  895.3628 |  892.7994 |  890.0289 |  888.7314 |  890.4910 |  884.0482 |  884.3879 |  883.8979 |  882.7699 |  877.9817 |  871.8904 |  867.3396 |  862.5387 |
|   AVX DP [MFLOP/s]   |    0.8808 |         0 |         0 |         0 |         0 |         0 |         0 |         0 |         0 |         0 |         0 |         0 |         0 |         0 |         0 |         0 |         0 |         0 |         0 |         0 |         0 |         0 |         0 |         0 |         0 |         0 |         0 |         0 |         0 |         0 |         0 |         0 |         0 |         0 |
|  AVX512 DP [MFLOP/s] |    0.8236 |         0 |         0 |         0 |         0 |         0 |         0 |         0 |         0 |         0 |         0 |         0 |         0 |         0 |         0 |         0 |         0 |         0 |         0 |         0 |         0 |         0 |         0 |         0 |         0 |         0 |         0 |         0 |         0 |         0 |         0 |         0 |         0 |         0 |
|   Packed [MUOPS/s]   |    0.1276 |         0 |         0 |         0 |         0 |         0 |         0 |         0 |         0 |         0 |         0 |         0 |         0 |         0 |         0 |         0 |         0 |         0 |         0 |         0 |         0 |         0 |         0 |         0 |         0 |         0 |         0 |         0 |         0 |         0 |         0 |         0 |         0 |         0 |
|   Scalar [MUOPS/s]   |  928.1500 |  925.1329 |  922.7401 |  927.0131 |  922.1805 |  914.2110 |  910.4160 |  907.9188 |  905.7556 |  903.1746 |  903.3589 |  902.8378 |  902.7116 |  899.5021 |  894.3417 |  891.5202 |  889.3021 |  889.9146 |  888.3382 |  889.5314 |  892.8211 |  895.3628 |  892.7994 |  890.0289 |  888.7314 |  890.4910 |  884.0482 |  884.3879 |  883.8979 |  882.7699 |  877.9817 |  871.8904 |  867.3396 |  862.5387 |
|  Vectorization ratio |    0.0137 |         0 |         0 |         0 |         0 |         0 |         0 |         0 |         0 |         0 |         0 |         0 |         0 |         0 |         0 |         0 |         0 |         0 |         0 |         0 |         0 |         0 |         0 |         0 |         0 |         0 |         0 |         0 |         0 |         0 |         0 |         0 |         0 |         0 |
+----------------------+-----------+-----------+-----------+-----------+-----------+-----------+-----------+-----------+-----------+-----------+-----------+-----------+-----------+-----------+-----------+-----------+-----------+-----------+-----------+-----------+-----------+-----------+-----------+-----------+-----------+-----------+-----------+-----------+-----------+-----------+-----------+-----------+-----------+-----------+
+---------------------------+------------+-----------+-----------+-----------+
|           Metric          |     Sum    |    Min    |    Max    |    Avg    |
+---------------------------+------------+-----------+-----------+-----------+
|  Runtime (RDTSC) [s] STAT |   719.5352 |   21.1628 |   21.1628 |   21.1628 |
| Runtime unhalted [s] STAT |   515.7903 |   13.3906 |   15.2588 |   15.1703 |
|      Clock [MHz] STAT     | 64431.7777 | 1894.8823 | 1895.4504 | 1895.0523 |
|          CPI STAT         |    20.8255 |    0.5293 |    0.6342 |    0.6125 |
|     DP [MFLOP/s] STAT     | 30484.0415 |  862.5387 |  929.0514 |  896.5895 |
|   AVX DP [MFLOP/s] STAT   |     0.8808 |         0 |    0.8808 |    0.0259 |
|  AVX512 DP [MFLOP/s] STAT |     0.8236 |         0 |    0.8236 |    0.0242 |
|   Packed [MUOPS/s] STAT   |     0.1276 |         0 |    0.1276 |    0.0038 |
|   Scalar [MUOPS/s] STAT   | 30483.1401 |  862.5387 |  928.1500 |  896.5629 |
|  Vectorization ratio STAT |     0.0137 |         0 |    0.0137 |    0.0004 |
+---------------------------+------------+-----------+-----------+-----------+
