--------------------------------------------------------------------------------
CPU name:	Intel(R) Xeon(R) Gold 6132 CPU @ 2.60GHz
CPU type:	Intel Skylake SP processor
CPU clock:	2.59 GHz
--------------------------------------------------------------------------------
Region Setup, Group 1: FLOPS_DP
+-------------------+----------+----------+----------+----------+----------+----------+----------+----------+----------+----------+----------+----------+----------+----------+----------+----------+----------+----------+----------+----------+----------+----------+----------+----------+----------+----------+----------+----------+----------+----------+----------+----------+
|    Region Info    |  Core 0  |  Core 1  |  Core 2  |  Core 3  |  Core 4  |  Core 5  |  Core 6  |  Core 7  |  Core 8  |  Core 9  |  Core 10 |  Core 11 |  Core 12 |  Core 13 |  Core 14 |  Core 15 |  Core 16 |  Core 17 |  Core 18 |  Core 19 |  Core 20 |  Core 21 |  Core 22 |  Core 23 |  Core 24 |  Core 25 |  Core 26 |  Core 27 |  Core 28 |  Core 29 |  Core 30 |  Core 31 |
+-------------------+----------+----------+----------+----------+----------+----------+----------+----------+----------+----------+----------+----------+----------+----------+----------+----------+----------+----------+----------+----------+----------+----------+----------+----------+----------+----------+----------+----------+----------+----------+----------+----------+
| RDTSC Runtime [s] | 0.896875 | 0.896950 | 0.896949 | 0.896944 | 0.896946 | 0.896936 | 0.896948 | 0.896948 | 0.896949 | 0.896950 | 0.896946 | 0.896911 | 0.896926 | 0.896902 | 0.896884 | 0.896859 | 0.896866 | 0.896869 | 0.896866 | 0.896870 | 0.896871 | 0.896872 | 0.896869 | 0.896865 | 0.896865 | 0.896876 | 0.896872 | 0.896869 | 0.896876 | 0.896849 | 0.896852 | 0.896917 |
|     call count    |        2 |        2 |        2 |        2 |        2 |        2 |        2 |        2 |        2 |        2 |        2 |        2 |        2 |        2 |        2 |        2 |        2 |        2 |        2 |        2 |        2 |        2 |        2 |        2 |        2 |        2 |        2 |        2 |        2 |        2 |        2 |        2 |
+-------------------+----------+----------+----------+----------+----------+----------+----------+----------+----------+----------+----------+----------+----------+----------+----------+----------+----------+----------+----------+----------+----------+----------+----------+----------+----------+----------+----------+----------+----------+----------+----------+----------+
+------------------------------------------+---------+-----------+-----------+-----------+-----------+-----------+-----------+-----------+-----------+-----------+-----------+-----------+-----------+-----------+-----------+-----------+-----------+-----------+-----------+-----------+-----------+-----------+-----------+-----------+-----------+-----------+-----------+-----------+-----------+-----------+-----------+-----------+-----------+
|                   Event                  | Counter |   Core 0  |   Core 1  |   Core 2  |   Core 3  |   Core 4  |   Core 5  |   Core 6  |   Core 7  |   Core 8  |   Core 9  |  Core 10  |  Core 11  |  Core 12  |  Core 13  |  Core 14  |  Core 15  |  Core 16  |  Core 17  |  Core 18  |  Core 19  |  Core 20  |  Core 21  |  Core 22  |  Core 23  |  Core 24  |  Core 25  |  Core 26  |  Core 27  |  Core 28  |  Core 29  |  Core 30  |  Core 31  |
+------------------------------------------+---------+-----------+-----------+-----------+-----------+-----------+-----------+-----------+-----------+-----------+-----------+-----------+-----------+-----------+-----------+-----------+-----------+-----------+-----------+-----------+-----------+-----------+-----------+-----------+-----------+-----------+-----------+-----------+-----------+-----------+-----------+-----------+-----------+
|             INSTR_RETIRED_ANY            |  FIXC0  | 788605700 | 315575400 | 315705500 | 314967300 | 314924100 | 315053900 | 315218700 | 315290700 | 314708800 | 314489600 | 312739500 | 312937800 | 313399700 | 313430300 | 312258300 | 312188700 | 311349000 | 310622200 | 310909700 | 310195400 | 310719400 | 307210900 | 306695500 | 306833700 | 307406500 | 306653500 | 307063300 | 306536100 | 307199200 | 306831100 | 306655300 | 306933600 |
|           CPU_CLK_UNHALTED_CORE          |  FIXC1  | 481014300 | 368016800 | 375743900 | 361529700 | 361902200 | 366047000 | 368689700 | 370847000 | 362100500 | 359569200 | 360075300 | 365039800 | 373906400 | 376089500 | 351591000 | 350715200 | 360744700 | 349927900 | 355277900 | 340976600 | 350924500 | 356096100 | 345411400 | 348365600 | 360199500 | 344591300 | 353066300 | 342556000 | 355982800 | 348083100 | 344346800 | 351944900 |
|           CPU_CLK_UNHALTED_REF           |  FIXC2  | 658116100 | 503715200 | 514258200 | 494808600 | 495382200 | 501057400 | 504672100 | 507625800 | 495647500 | 492141300 | 492861900 | 499628300 | 511850600 | 514769300 | 481225300 | 480021300 | 493733000 | 478964300 | 486269900 | 466711200 | 480316400 | 487384100 | 472831400 | 476838800 | 492999300 | 471637700 | 483235300 | 468853300 | 488841500 | 477282200 | 472245400 | 482457400 |
| FP_ARITH_INST_RETIRED_128B_PACKED_DOUBLE |   PMC0  |    122920 |         0 |         0 |         0 |         0 |         0 |         0 |         0 |         0 |         0 |         0 |         0 |         0 |         0 |         0 |         0 |         0 |         0 |         0 |         0 |         0 |         0 |         0 |         0 |         0 |         0 |         0 |         0 |         0 |         0 |         0 |         0 |
|    FP_ARITH_INST_RETIRED_SCALAR_DOUBLE   |   PMC1  | 126096900 |  88881470 |  88886820 |  88856840 |  88850980 |  88816460 |  88840680 |  88815520 |  88778840 |  88734210 |  88192470 |  88168350 |  88193480 |  88169680 |  88193320 |  88167590 |  88067840 |  88000640 |  88024820 |  88000640 |  88025860 |  86918210 |  86918600 |  86918490 |  86918480 |  86918980 |  86918980 |  86918980 |  86918980 |  86918980 |  86918980 |  86774100 |
| FP_ARITH_INST_RETIRED_256B_PACKED_DOUBLE |   PMC2  |     81488 |         0 |         0 |         0 |         0 |         0 |         0 |         0 |         0 |         0 |         0 |         0 |         0 |         0 |         0 |         0 |         0 |         0 |         0 |         0 |         0 |         0 |         0 |         0 |         0 |         0 |         0 |         0 |         0 |         0 |         0 |         0 |
| FP_ARITH_INST_RETIRED_512B_PACKED_DOUBLE |   PMC3  |   1080242 |         0 |         0 |         0 |         0 |         0 |         0 |         0 |         0 |         0 |         0 |         0 |         0 |         0 |         0 |         0 |         0 |         0 |         0 |         0 |         0 |         0 |         0 |         0 |         0 |         0 |         0 |         0 |         0 |         0 |         0 |         0 |
+------------------------------------------+---------+-----------+-----------+-----------+-----------+-----------+-----------+-----------+-----------+-----------+-----------+-----------+-----------+-----------+-----------+-----------+-----------+-----------+-----------+-----------+-----------+-----------+-----------+-----------+-----------+-----------+-----------+-----------+-----------+-----------+-----------+-----------+-----------+
+-----------------------------------------------+---------+-------------+-----------+-----------+--------------+
|                     Event                     | Counter |     Sum     |    Min    |    Max    |      Avg     |
+-----------------------------------------------+---------+-------------+-----------+-----------+--------------+
|             INSTR_RETIRED_ANY STAT            |  FIXC0  | 10431308400 | 306536100 | 788605700 | 3.259784e+08 |
|           CPU_CLK_UNHALTED_CORE STAT          |  FIXC1  | 11561372900 | 340976600 | 481014300 | 3.612929e+08 |
|           CPU_CLK_UNHALTED_REF STAT           |  FIXC2  | 15828382300 | 466711200 | 658116100 | 4.946369e+08 |
| FP_ARITH_INST_RETIRED_128B_PACKED_DOUBLE STAT |   PMC0  |      122920 |         0 |    122920 |    3841.2500 |
|    FP_ARITH_INST_RETIRED_SCALAR_DOUBLE STAT   |   PMC1  |  2850725170 |  86774100 | 126096900 | 8.908516e+07 |
| FP_ARITH_INST_RETIRED_256B_PACKED_DOUBLE STAT |   PMC2  |       81488 |         0 |     81488 |    2546.5000 |
| FP_ARITH_INST_RETIRED_512B_PACKED_DOUBLE STAT |   PMC3  |     1080242 |         0 |   1080242 |   33757.5625 |
+-----------------------------------------------+---------+-------------+-----------+-----------+--------------+
+----------------------+-----------+-----------+-----------+-----------+-----------+-----------+-----------+-----------+-----------+-----------+-----------+-----------+-----------+-----------+-----------+-----------+-----------+-----------+-----------+-----------+-----------+-----------+-----------+-----------+-----------+-----------+-----------+-----------+-----------+-----------+-----------+-----------+
|        Metric        |   Core 0  |   Core 1  |   Core 2  |   Core 3  |   Core 4  |   Core 5  |   Core 6  |   Core 7  |   Core 8  |   Core 9  |  Core 10  |  Core 11  |  Core 12  |  Core 13  |  Core 14  |  Core 15  |  Core 16  |  Core 17  |  Core 18  |  Core 19  |  Core 20  |  Core 21  |  Core 22  |  Core 23  |  Core 24  |  Core 25  |  Core 26  |  Core 27  |  Core 28  |  Core 29  |  Core 30  |  Core 31  |
+----------------------+-----------+-----------+-----------+-----------+-----------+-----------+-----------+-----------+-----------+-----------+-----------+-----------+-----------+-----------+-----------+-----------+-----------+-----------+-----------+-----------+-----------+-----------+-----------+-----------+-----------+-----------+-----------+-----------+-----------+-----------+-----------+-----------+
|  Runtime (RDTSC) [s] |    0.8969 |    0.8969 |    0.8969 |    0.8969 |    0.8969 |    0.8969 |    0.8969 |    0.8969 |    0.8969 |    0.8969 |    0.8969 |    0.8969 |    0.8969 |    0.8969 |    0.8969 |    0.8969 |    0.8969 |    0.8969 |    0.8969 |    0.8969 |    0.8969 |    0.8969 |    0.8969 |    0.8969 |    0.8969 |    0.8969 |    0.8969 |    0.8969 |    0.8969 |    0.8968 |    0.8969 |    0.8969 |
| Runtime unhalted [s] |    0.1854 |    0.1419 |    0.1449 |    0.1394 |    0.1395 |    0.1411 |    0.1421 |    0.1430 |    0.1396 |    0.1386 |    0.1388 |    0.1407 |    0.1442 |    0.1450 |    0.1356 |    0.1352 |    0.1391 |    0.1349 |    0.1370 |    0.1315 |    0.1353 |    0.1373 |    0.1332 |    0.1343 |    0.1389 |    0.1329 |    0.1361 |    0.1321 |    0.1372 |    0.1342 |    0.1328 |    0.1357 |
|      Clock [MHz]     | 1895.7797 | 1895.0252 | 1895.1479 | 1895.1306 | 1894.8866 | 1894.8803 | 1894.8904 | 1894.8877 | 1894.9101 | 1895.0692 | 1894.9619 | 1895.0714 | 1894.7507 | 1895.0077 | 1895.0545 | 1895.0753 | 1895.1352 | 1894.9939 | 1895.0610 | 1894.9980 | 1895.0413 | 1895.0831 | 1894.7973 | 1894.9427 | 1895.0872 | 1895.0828 | 1895.0908 | 1895.0776 | 1888.8321 | 1891.6470 | 1891.3013 | 1892.1175 |
|          CPI         |    0.6100 |    1.1662 |    1.1902 |    1.1478 |    1.1492 |    1.1619 |    1.1696 |    1.1762 |    1.1506 |    1.1433 |    1.1514 |    1.1665 |    1.1931 |    1.1999 |    1.1260 |    1.1234 |    1.1587 |    1.1265 |    1.1427 |    1.0992 |    1.1294 |    1.1591 |    1.1262 |    1.1354 |    1.1717 |    1.1237 |    1.1498 |    1.1175 |    1.1588 |    1.1344 |    1.1229 |    1.1466 |
|     DP [MFLOP/s]     |  150.8690 |   99.0930 |   99.0990 |   99.0663 |   99.0595 |   99.0220 |   99.0477 |   99.0197 |   98.9787 |   98.9288 |   98.3253 |   98.3023 |   98.3286 |   98.3047 |   98.3330 |   98.3070 |   98.1951 |   98.1199 |   98.1471 |   98.1197 |   98.1478 |   96.9126 |   96.9134 |   96.9136 |   96.9136 |   96.9130 |   96.9135 |   96.9138 |   96.9130 |   96.9160 |   96.9156 |   96.7471 |
|   AVX DP [MFLOP/s]   |    9.9990 |         0 |         0 |         0 |         0 |         0 |         0 |         0 |         0 |         0 |         0 |         0 |         0 |         0 |         0 |         0 |         0 |         0 |         0 |         0 |         0 |         0 |         0 |         0 |         0 |         0 |         0 |         0 |         0 |         0 |         0 |         0 |
|  AVX512 DP [MFLOP/s] |    9.6356 |         0 |         0 |         0 |         0 |         0 |         0 |         0 |         0 |         0 |         0 |         0 |         0 |         0 |         0 |         0 |         0 |         0 |         0 |         0 |         0 |         0 |         0 |         0 |         0 |         0 |         0 |         0 |         0 |         0 |         0 |         0 |
|   Packed [MUOPS/s]   |    1.4324 |         0 |         0 |         0 |         0 |         0 |         0 |         0 |         0 |         0 |         0 |         0 |         0 |         0 |         0 |         0 |         0 |         0 |         0 |         0 |         0 |         0 |         0 |         0 |         0 |         0 |         0 |         0 |         0 |         0 |         0 |         0 |
|   Scalar [MUOPS/s]   |  140.5959 |   99.0930 |   99.0990 |   99.0663 |   99.0595 |   99.0220 |   99.0477 |   99.0197 |   98.9787 |   98.9288 |   98.3253 |   98.3023 |   98.3286 |   98.3047 |   98.3330 |   98.3070 |   98.1951 |   98.1199 |   98.1471 |   98.1197 |   98.1478 |   96.9126 |   96.9134 |   96.9136 |   96.9136 |   96.9130 |   96.9135 |   96.9138 |   96.9130 |   96.9160 |   96.9156 |   96.7471 |
|  Vectorization ratio |    1.0085 |         0 |         0 |         0 |         0 |         0 |         0 |         0 |         0 |         0 |         0 |         0 |         0 |         0 |         0 |         0 |         0 |         0 |         0 |         0 |         0 |         0 |         0 |         0 |         0 |         0 |         0 |         0 |         0 |         0 |         0 |         0 |
+----------------------+-----------+-----------+-----------+-----------+-----------+-----------+-----------+-----------+-----------+-----------+-----------+-----------+-----------+-----------+-----------+-----------+-----------+-----------+-----------+-----------+-----------+-----------+-----------+-----------+-----------+-----------+-----------+-----------+-----------+-----------+-----------+-----------+
+---------------------------+------------+-----------+-----------+-----------+
|           Metric          |     Sum    |    Min    |    Max    |    Avg    |
+---------------------------+------------+-----------+-----------+-----------+
|  Runtime (RDTSC) [s] STAT |    28.7007 |    0.8968 |    0.8969 |    0.8969 |
| Runtime unhalted [s] STAT |     4.4575 |    0.1315 |    0.1854 |    0.1393 |
|      Clock [MHz] STAT     | 60624.8180 | 1888.8321 | 1895.7797 | 1894.5256 |
|          CPI STAT         |    36.2279 |    0.6100 |    1.1999 |    1.1321 |
|     DP [MFLOP/s] STAT     |  3188.6994 |   96.7471 |  150.8690 |   99.6469 |
|   AVX DP [MFLOP/s] STAT   |     9.9990 |         0 |    9.9990 |    0.3125 |
|  AVX512 DP [MFLOP/s] STAT |     9.6356 |         0 |    9.6356 |    0.3011 |
|   Packed [MUOPS/s] STAT   |     1.4324 |         0 |    1.4324 |    0.0448 |
|   Scalar [MUOPS/s] STAT   |  3178.4263 |   96.7471 |  140.5959 |   99.3258 |
|  Vectorization ratio STAT |     1.0085 |         0 |    1.0085 |    0.0315 |
+---------------------------+------------+-----------+-----------+-----------+
--------------------------------------------------------------------------------
CPU name:	Intel(R) Xeon(R) Gold 6132 CPU @ 2.60GHz
CPU type:	Intel Skylake SP processor
CPU clock:	2.59 GHz
--------------------------------------------------------------------------------
Region Solve, Group 1: FLOPS_DP
+-------------------+-----------+-----------+-----------+-----------+-----------+-----------+-----------+-----------+-----------+-----------+-----------+-----------+-----------+-----------+-----------+-----------+-----------+-----------+-----------+-----------+-----------+-----------+-----------+-----------+-----------+-----------+-----------+-----------+-----------+-----------+-----------+-----------+
|    Region Info    |   Core 0  |   Core 1  |   Core 2  |   Core 3  |   Core 4  |   Core 5  |   Core 6  |   Core 7  |   Core 8  |   Core 9  |  Core 10  |  Core 11  |  Core 12  |  Core 13  |  Core 14  |  Core 15  |  Core 16  |  Core 17  |  Core 18  |  Core 19  |  Core 20  |  Core 21  |  Core 22  |  Core 23  |  Core 24  |  Core 25  |  Core 26  |  Core 27  |  Core 28  |  Core 29  |  Core 30  |  Core 31  |
+-------------------+-----------+-----------+-----------+-----------+-----------+-----------+-----------+-----------+-----------+-----------+-----------+-----------+-----------+-----------+-----------+-----------+-----------+-----------+-----------+-----------+-----------+-----------+-----------+-----------+-----------+-----------+-----------+-----------+-----------+-----------+-----------+-----------+
| RDTSC Runtime [s] | 21.894210 | 21.894220 | 21.894230 | 21.894230 | 21.894230 | 21.894230 | 21.894230 | 21.894220 | 21.894220 | 21.894230 | 21.894230 | 21.894230 | 21.894230 | 21.894230 | 21.894240 | 21.894240 | 21.894230 | 21.894230 | 21.894230 | 21.894240 | 21.894240 | 21.894250 | 21.894240 | 21.894240 | 21.894240 | 21.894240 | 21.894250 | 21.894230 | 21.894220 | 21.894230 | 21.894230 | 21.894230 |
|     call count    |         1 |         1 |         1 |         1 |         1 |         1 |         1 |         1 |         1 |         1 |         1 |         1 |         1 |         1 |         1 |         1 |         1 |         1 |         1 |         1 |         1 |         1 |         1 |         1 |         1 |         1 |         1 |         1 |         1 |         1 |         1 |         1 |
+-------------------+-----------+-----------+-----------+-----------+-----------+-----------+-----------+-----------+-----------+-----------+-----------+-----------+-----------+-----------+-----------+-----------+-----------+-----------+-----------+-----------+-----------+-----------+-----------+-----------+-----------+-----------+-----------+-----------+-----------+-----------+-----------+-----------+
+------------------------------------------+---------+-------------+-------------+-------------+-------------+-------------+-------------+-------------+-------------+-------------+-------------+-------------+-------------+-------------+-------------+-------------+-------------+-------------+-------------+-------------+-------------+-------------+-------------+-------------+-------------+-------------+-------------+-------------+-------------+-------------+-------------+-------------+-------------+
|                   Event                  | Counter |    Core 0   |    Core 1   |    Core 2   |    Core 3   |    Core 4   |    Core 5   |    Core 6   |    Core 7   |    Core 8   |    Core 9   |   Core 10   |   Core 11   |   Core 12   |   Core 13   |   Core 14   |   Core 15   |   Core 16   |   Core 17   |   Core 18   |   Core 19   |   Core 20   |   Core 21   |   Core 22   |   Core 23   |   Core 24   |   Core 25   |   Core 26   |   Core 27   |   Core 28   |   Core 29   |   Core 30   |   Core 31   |
+------------------------------------------+---------+-------------+-------------+-------------+-------------+-------------+-------------+-------------+-------------+-------------+-------------+-------------+-------------+-------------+-------------+-------------+-------------+-------------+-------------+-------------+-------------+-------------+-------------+-------------+-------------+-------------+-------------+-------------+-------------+-------------+-------------+-------------+-------------+
|             INSTR_RETIRED_ANY            |  FIXC0  | 69791830000 | 68696940000 | 68836950000 | 68937650000 | 68927990000 | 68850240000 | 68729920000 | 68691780000 | 68432610000 | 68383710000 | 68182870000 | 68288340000 | 68379570000 | 68110380000 | 68070100000 | 68001320000 | 67845410000 | 67777720000 | 67823880000 | 67913920000 | 67916620000 | 67428740000 | 67363190000 | 67400660000 | 67837690000 | 67453640000 | 67662410000 | 67737300000 | 67784530000 | 67697360000 | 67580630000 | 70867150000 |
|           CPU_CLK_UNHALTED_CORE          |  FIXC1  | 40793790000 | 40931900000 | 40932600000 | 40933790000 | 40931730000 | 40912460000 | 40839320000 | 40928240000 | 40925640000 | 40925630000 | 40929950000 | 40929330000 | 40753760000 | 40936540000 | 40824510000 | 40822350000 | 40832650000 | 40830620000 | 40818250000 | 40814060000 | 40810030000 | 40818700000 | 40813610000 | 40812710000 | 40445500000 | 40794000000 | 40815880000 | 40818680000 | 40892730000 | 40913100000 | 40915900000 | 36115770000 |
|           CPU_CLK_UNHALTED_REF           |  FIXC2  | 55836800000 | 56026440000 | 56027090000 | 56028700000 | 56026370000 | 55999980000 | 55899720000 | 56022320000 | 56018130000 | 56018560000 | 56024790000 | 56024000000 | 55783630000 | 56033030000 | 55880690000 | 55877520000 | 55891180000 | 55888240000 | 55870730000 | 55864930000 | 55859380000 | 55871390000 | 55864230000 | 55863470000 | 55360530000 | 55837790000 | 55867390000 | 55871180000 | 55958430000 | 55986300000 | 55990140000 | 49421890000 |
| FP_ARITH_INST_RETIRED_128B_PACKED_DOUBLE |   PMC0  |      218232 |           0 |           0 |           0 |           0 |           0 |           0 |           0 |           0 |           0 |           0 |           0 |           0 |           0 |           0 |           0 |           0 |           0 |           0 |           0 |           0 |           0 |           0 |           0 |           0 |           0 |           0 |           0 |           0 |           0 |           0 |           0 |
|    FP_ARITH_INST_RETIRED_SCALAR_DOUBLE   |   PMC1  | 20639140000 | 20335590000 | 20439240000 | 20527400000 | 20516080000 | 20438990000 | 20338330000 | 20352450000 | 20284920000 | 20270240000 | 20198150000 | 20224400000 | 20169770000 | 20077540000 | 20046370000 | 20043580000 | 19991780000 | 19952090000 | 19984130000 | 20067540000 | 20111840000 | 19961120000 | 19944590000 | 19954560000 | 19996040000 | 19963770000 | 20064320000 | 20144470000 | 20157440000 | 20070970000 | 19975430000 | 19867480000 |
| FP_ARITH_INST_RETIRED_256B_PACKED_DOUBLE |   PMC2  |      302358 |           0 |           0 |           0 |           0 |           0 |           0 |           0 |           0 |           0 |           0 |           0 |           0 |           0 |           0 |           0 |           0 |           0 |           0 |           0 |           0 |           0 |           0 |           0 |           0 |           0 |           0 |           0 |           0 |           0 |           0 |           0 |
| FP_ARITH_INST_RETIRED_512B_PACKED_DOUBLE |   PMC3  |     2178750 |           0 |           0 |           0 |           0 |           0 |           0 |           0 |           0 |           0 |           0 |           0 |           0 |           0 |           0 |           0 |           0 |           0 |           0 |           0 |           0 |           0 |           0 |           0 |           0 |           0 |           0 |           0 |           0 |           0 |           0 |           0 |
+------------------------------------------+---------+-------------+-------------+-------------+-------------+-------------+-------------+-------------+-------------+-------------+-------------+-------------+-------------+-------------+-------------+-------------+-------------+-------------+-------------+-------------+-------------+-------------+-------------+-------------+-------------+-------------+-------------+-------------+-------------+-------------+-------------+-------------+-------------+
+-----------------------------------------------+---------+---------------+-------------+-------------+--------------+
|                     Event                     | Counter |      Sum      |     Min     |     Max     |      Avg     |
+-----------------------------------------------+---------+---------------+-------------+-------------+--------------+
|             INSTR_RETIRED_ANY STAT            |  FIXC0  | 2183403050000 | 67363190000 | 70867150000 | 6.823135e+10 |
|           CPU_CLK_UNHALTED_CORE STAT          |  FIXC1  | 1302513730000 | 36115770000 | 40936540000 | 4.070355e+10 |
|           CPU_CLK_UNHALTED_REF STAT           |  FIXC2  | 1782794970000 | 49421890000 | 56033030000 | 5.571234e+10 |
| FP_ARITH_INST_RETIRED_128B_PACKED_DOUBLE STAT |   PMC0  |        218232 |           0 |      218232 |    6819.7500 |
|    FP_ARITH_INST_RETIRED_SCALAR_DOUBLE STAT   |   PMC1  |  645109760000 | 19867480000 | 20639140000 |  20159680000 |
| FP_ARITH_INST_RETIRED_256B_PACKED_DOUBLE STAT |   PMC2  |        302358 |           0 |      302358 |    9448.6875 |
| FP_ARITH_INST_RETIRED_512B_PACKED_DOUBLE STAT |   PMC3  |       2178750 |           0 |     2178750 |   68085.9375 |
+-----------------------------------------------+---------+---------------+-------------+-------------+--------------+
+----------------------+-----------+-----------+-----------+-----------+-----------+-----------+-----------+-----------+-----------+-----------+-----------+-----------+-----------+-----------+-----------+-----------+-----------+-----------+-----------+-----------+-----------+-----------+-----------+-----------+-----------+-----------+-----------+-----------+-----------+-----------+-----------+-----------+
|        Metric        |   Core 0  |   Core 1  |   Core 2  |   Core 3  |   Core 4  |   Core 5  |   Core 6  |   Core 7  |   Core 8  |   Core 9  |  Core 10  |  Core 11  |  Core 12  |  Core 13  |  Core 14  |  Core 15  |  Core 16  |  Core 17  |  Core 18  |  Core 19  |  Core 20  |  Core 21  |  Core 22  |  Core 23  |  Core 24  |  Core 25  |  Core 26  |  Core 27  |  Core 28  |  Core 29  |  Core 30  |  Core 31  |
+----------------------+-----------+-----------+-----------+-----------+-----------+-----------+-----------+-----------+-----------+-----------+-----------+-----------+-----------+-----------+-----------+-----------+-----------+-----------+-----------+-----------+-----------+-----------+-----------+-----------+-----------+-----------+-----------+-----------+-----------+-----------+-----------+-----------+
|  Runtime (RDTSC) [s] |   21.8942 |   21.8942 |   21.8942 |   21.8942 |   21.8942 |   21.8942 |   21.8942 |   21.8942 |   21.8942 |   21.8942 |   21.8942 |   21.8942 |   21.8942 |   21.8942 |   21.8942 |   21.8942 |   21.8942 |   21.8942 |   21.8942 |   21.8942 |   21.8942 |   21.8942 |   21.8942 |   21.8942 |   21.8942 |   21.8942 |   21.8942 |   21.8942 |   21.8942 |   21.8942 |   21.8942 |   21.8942 |
| Runtime unhalted [s] |   15.7276 |   15.7808 |   15.7811 |   15.7815 |   15.7808 |   15.7733 |   15.7451 |   15.7794 |   15.7784 |   15.7784 |   15.7801 |   15.7798 |   15.7121 |   15.7826 |   15.7394 |   15.7386 |   15.7426 |   15.7418 |   15.7370 |   15.7354 |   15.7338 |   15.7372 |   15.7352 |   15.7349 |   15.5933 |   15.7277 |   15.7361 |   15.7372 |   15.7657 |   15.7736 |   15.7746 |   13.9240 |
|      Clock [MHz]     | 1894.9857 | 1894.9654 | 1894.9758 | 1894.9764 | 1894.9599 | 1894.9603 | 1894.9653 | 1894.9353 | 1894.9566 | 1894.9416 | 1894.9309 | 1894.9289 | 1894.9306 | 1894.9573 | 1894.9232 | 1894.9305 | 1894.9453 | 1894.9508 | 1894.9704 | 1894.9726 | 1894.9738 | 1894.9689 | 1894.9755 | 1894.9595 | 1894.9701 | 1894.9618 | 1894.9737 | 1894.9751 | 1895.4528 | 1895.4530 | 1895.4527 | 1895.4395 |
|          CPI         |    0.5845 |    0.5958 |    0.5946 |    0.5938 |    0.5938 |    0.5942 |    0.5942 |    0.5958 |    0.5980 |    0.5985 |    0.6003 |    0.5994 |    0.5960 |    0.6010 |    0.5997 |    0.6003 |    0.6018 |    0.6024 |    0.6018 |    0.6010 |    0.6009 |    0.6054 |    0.6059 |    0.6055 |    0.5962 |    0.6048 |    0.6032 |    0.6026 |    0.6033 |    0.6044 |    0.6054 |    0.5096 |
|     DP [MFLOP/s]     |  943.5470 |  928.8109 |  933.5446 |  937.5712 |  937.0542 |  933.5332 |  928.9356 |  929.5810 |  926.4966 |  925.8257 |  922.5330 |  923.7320 |  921.2368 |  917.0243 |  915.6002 |  915.4727 |  913.1072 |  911.2944 |  912.7578 |  916.5671 |  918.5905 |  911.7060 |  910.9515 |  911.4068 |  913.3014 |  911.8275 |  916.4196 |  920.0812 |  920.6740 |  916.7242 |  912.3605 |  907.4299 |
|   AVX DP [MFLOP/s]   |    0.8513 |         0 |         0 |         0 |         0 |         0 |         0 |         0 |         0 |         0 |         0 |         0 |         0 |         0 |         0 |         0 |         0 |         0 |         0 |         0 |         0 |         0 |         0 |         0 |         0 |         0 |         0 |         0 |         0 |         0 |         0 |         0 |
|  AVX512 DP [MFLOP/s] |    0.7961 |         0 |         0 |         0 |         0 |         0 |         0 |         0 |         0 |         0 |         0 |         0 |         0 |         0 |         0 |         0 |         0 |         0 |         0 |         0 |         0 |         0 |         0 |         0 |         0 |         0 |         0 |         0 |         0 |         0 |         0 |         0 |
|   Packed [MUOPS/s]   |    0.1233 |         0 |         0 |         0 |         0 |         0 |         0 |         0 |         0 |         0 |         0 |         0 |         0 |         0 |         0 |         0 |         0 |         0 |         0 |         0 |         0 |         0 |         0 |         0 |         0 |         0 |         0 |         0 |         0 |         0 |         0 |         0 |
|   Scalar [MUOPS/s]   |  942.6757 |  928.8109 |  933.5446 |  937.5712 |  937.0542 |  933.5332 |  928.9356 |  929.5810 |  926.4966 |  925.8257 |  922.5330 |  923.7320 |  921.2368 |  917.0243 |  915.6002 |  915.4727 |  913.1072 |  911.2944 |  912.7578 |  916.5671 |  918.5905 |  911.7060 |  910.9515 |  911.4068 |  913.3014 |  911.8275 |  916.4196 |  920.0812 |  920.6740 |  916.7242 |  912.3605 |  907.4299 |
|  Vectorization ratio |    0.0131 |         0 |         0 |         0 |         0 |         0 |         0 |         0 |         0 |         0 |         0 |         0 |         0 |         0 |         0 |         0 |         0 |         0 |         0 |         0 |         0 |         0 |         0 |         0 |         0 |         0 |         0 |         0 |         0 |         0 |         0 |         0 |
+----------------------+-----------+-----------+-----------+-----------+-----------+-----------+-----------+-----------+-----------+-----------+-----------+-----------+-----------+-----------+-----------+-----------+-----------+-----------+-----------+-----------+-----------+-----------+-----------+-----------+-----------+-----------+-----------+-----------+-----------+-----------+-----------+-----------+
+---------------------------+------------+-----------+-----------+-----------+
|           Metric          |     Sum    |    Min    |    Max    |    Avg    |
+---------------------------+------------+-----------+-----------+-----------+
|  Runtime (RDTSC) [s] STAT |   700.6144 |   21.8942 |   21.8942 |   21.8942 |
| Runtime unhalted [s] STAT |   502.1691 |   13.9240 |   15.7826 |   15.6928 |
|      Clock [MHz] STAT     | 60640.6192 | 1894.9232 | 1895.4530 | 1895.0194 |
|          CPI STAT         |    19.0941 |    0.5096 |    0.6059 |    0.5967 |
|     DP [MFLOP/s] STAT     | 29465.6986 |  907.4299 |  943.5470 |  920.8031 |
|   AVX DP [MFLOP/s] STAT   |     0.8513 |         0 |    0.8513 |    0.0266 |
|  AVX512 DP [MFLOP/s] STAT |     0.7961 |         0 |    0.7961 |    0.0249 |
|   Packed [MUOPS/s] STAT   |     0.1233 |         0 |    0.1233 |    0.0039 |
|   Scalar [MUOPS/s] STAT   | 29464.8273 |  907.4299 |  942.6757 |  920.7759 |
|  Vectorization ratio STAT |     0.0131 |         0 |    0.0131 |    0.0004 |
+---------------------------+------------+-----------+-----------+-----------+
