--------------------------------------------------------------------------------
CPU name:	Intel(R) Xeon(R) Gold 6132 CPU @ 2.60GHz
CPU type:	Intel Skylake SP processor
CPU clock:	2.59 GHz
--------------------------------------------------------------------------------
Region Setup, Group 1: MEM_DP
+-------------------+----------+----------+----------+----------+----------+----------+----------+----------+----------+----------+----------+----------+----------+----------+----------+----------+----------+----------+----------+----------+----------+----------+----------+----------+----------+----------+----------+----------+----------+
|    Region Info    |  Core 0  |  Core 1  |  Core 2  |  Core 3  |  Core 4  |  Core 5  |  Core 6  |  Core 7  |  Core 8  |  Core 9  |  Core 10 |  Core 11 |  Core 12 |  Core 13 |  Core 14 |  Core 15 |  Core 16 |  Core 17 |  Core 18 |  Core 19 |  Core 20 |  Core 21 |  Core 22 |  Core 23 |  Core 24 |  Core 25 |  Core 26 |  Core 27 |  Core 28 |
+-------------------+----------+----------+----------+----------+----------+----------+----------+----------+----------+----------+----------+----------+----------+----------+----------+----------+----------+----------+----------+----------+----------+----------+----------+----------+----------+----------+----------+----------+----------+
| RDTSC Runtime [s] | 0.904651 | 0.888820 | 0.888717 | 0.888710 | 0.888774 | 0.888712 | 0.908142 | 0.888683 | 0.888725 | 0.888836 | 0.888722 | 0.888759 | 0.908154 | 0.888726 | 0.904619 | 0.888671 | 0.888662 | 0.888668 | 0.888652 | 0.888666 | 0.888762 | 0.888670 | 0.888653 | 0.888658 | 0.888622 | 0.888616 | 0.888699 | 0.888610 | 0.904536 |
|     call count    |        2 |        2 |        2 |        2 |        2 |        2 |        2 |        2 |        2 |        2 |        2 |        2 |        2 |        2 |        2 |        2 |        2 |        2 |        2 |        2 |        2 |        2 |        2 |        2 |        2 |        2 |        2 |        2 |        2 |
+-------------------+----------+----------+----------+----------+----------+----------+----------+----------+----------+----------+----------+----------+----------+----------+----------+----------+----------+----------+----------+----------+----------+----------+----------+----------+----------+----------+----------+----------+----------+
+------------------------------------------+---------+-----------+-----------+-----------+-----------+-----------+-----------+-----------+-----------+-----------+-----------+-----------+-----------+-----------+-----------+-----------+-----------+-----------+-----------+-----------+-----------+-----------+-----------+-----------+-----------+-----------+-----------+-----------+-----------+-----------+
|                   Event                  | Counter |   Core 0  |   Core 1  |   Core 2  |   Core 3  |   Core 4  |   Core 5  |   Core 6  |   Core 7  |   Core 8  |   Core 9  |  Core 10  |  Core 11  |  Core 12  |  Core 13  |  Core 14  |  Core 15  |  Core 16  |  Core 17  |  Core 18  |  Core 19  |  Core 20  |  Core 21  |  Core 22  |  Core 23  |  Core 24  |  Core 25  |  Core 26  |  Core 27  |  Core 28  |
+------------------------------------------+---------+-----------+-----------+-----------+-----------+-----------+-----------+-----------+-----------+-----------+-----------+-----------+-----------+-----------+-----------+-----------+-----------+-----------+-----------+-----------+-----------+-----------+-----------+-----------+-----------+-----------+-----------+-----------+-----------+-----------+
|             INSTR_RETIRED_ANY            |  FIXC0  | 826065500 | 354371200 | 350974000 | 350232200 | 349489300 | 349742800 | 349846000 | 347344500 | 345551000 | 345654000 | 345478100 | 345605900 | 345033800 | 341878300 | 342803700 | 339850900 | 338401800 | 338379700 | 338044400 | 337268600 | 337070500 | 337051900 | 336745800 | 336528800 | 336500900 | 336246900 | 335939600 | 337710100 | 338702000 |
|           CPU_CLK_UNHALTED_CORE          |  FIXC1  | 547615400 | 385533700 | 382081700 | 378427600 | 375538400 | 378081900 | 413316800 | 385105400 | 375520000 | 375834200 | 376218700 | 375224600 | 420514700 | 381598800 | 402228000 | 369311400 | 366925400 | 370061400 | 370151900 | 365842100 | 361785400 | 364200600 | 371710400 | 367472600 | 366598500 | 369101600 | 362177200 | 369825700 | 425769200 |
|           CPU_CLK_UNHALTED_REF           |  FIXC2  | 749276600 | 527784000 | 522995000 | 518011600 | 514100400 | 517591600 | 565772300 | 527183900 | 514071100 | 514497000 | 515026200 | 513622300 | 575631200 | 522328700 | 550779700 | 505431100 | 502207100 | 506486900 | 506611000 | 500680800 | 495478200 | 498458000 | 509176500 | 502952800 | 501739500 | 505201600 | 495686000 | 506369300 | 585700300 |
|              PWR_PKG_ENERGY              |   PWR0  |   35.1229 |         0 |         0 |         0 |         0 |         0 |         0 |         0 |         0 |         0 |         0 |         0 |         0 |         0 |   35.4262 |         0 |         0 |         0 |         0 |         0 |         0 |         0 |         0 |         0 |         0 |         0 |         0 |         0 |   26.8188 |
|              PWR_DRAM_ENERGY             |   PWR3  |    4.4350 |         0 |         0 |         0 |         0 |         0 |         0 |         0 |         0 |         0 |         0 |         0 |         0 |         0 |    3.6357 |         0 |         0 |         0 |         0 |         0 |         0 |         0 |         0 |         0 |         0 |         0 |         0 |         0 |    2.8661 |
| FP_ARITH_INST_RETIRED_128B_PACKED_DOUBLE |   PMC0  |    122920 |         0 |         0 |         0 |         0 |         0 |         0 |         0 |         0 |         0 |         0 |         0 |         0 |         0 |         0 |         0 |         0 |         0 |         0 |         0 |         0 |         0 |         0 |         0 |         0 |         0 |         0 |         0 |         0 |
|    FP_ARITH_INST_RETIRED_SCALAR_DOUBLE   |   PMC1  | 136275500 | 100273200 |  99419230 |  99207010 |  99054930 |  99057080 |  98605850 |  98210420 |  97850830 |  97842570 |  97829930 |  97844080 |  97007830 |  96563230 |  96586630 |  96129840 |  96029460 |  95963300 |  95894460 |  95727630 |  95752340 |  95711540 |  95520540 |  95496640 |  95520810 |  95388870 |  95413050 |  95335040 |  95214210 |
| FP_ARITH_INST_RETIRED_256B_PACKED_DOUBLE |   PMC2  |     81488 |         0 |         0 |         0 |         0 |         0 |         0 |         0 |         0 |         0 |         0 |         0 |         0 |         0 |         0 |         0 |         0 |         0 |         0 |         0 |         0 |         0 |         0 |         0 |         0 |         0 |         0 |         0 |         0 |
| FP_ARITH_INST_RETIRED_512B_PACKED_DOUBLE |   PMC3  |   1080242 |         0 |         0 |         0 |         0 |         0 |         0 |         0 |         0 |         0 |         0 |         0 |         0 |         0 |         0 |         0 |         0 |         0 |         0 |         0 |         0 |         0 |         0 |         0 |         0 |         0 |         0 |         0 |         0 |
|               CAS_COUNT_RD               | MBOX0C0 |   1384284 |         0 |         0 |         0 |         0 |         0 |         0 |         0 |         0 |         0 |         0 |         0 |         0 |         0 |    706073 |         0 |         0 |         0 |         0 |         0 |         0 |         0 |         0 |         0 |         0 |         0 |         0 |         0 |     49618 |
|               CAS_COUNT_WR               | MBOX0C1 |   2667306 |         0 |         0 |         0 |         0 |         0 |         0 |         0 |         0 |         0 |         0 |         0 |         0 |         0 |    945285 |         0 |         0 |         0 |         0 |         0 |         0 |         0 |         0 |         0 |         0 |         0 |         0 |         0 |     43910 |
|               CAS_COUNT_RD               | MBOX1C0 |   1219643 |         0 |         0 |         0 |         0 |         0 |         0 |         0 |         0 |         0 |         0 |         0 |         0 |         0 |    707898 |         0 |         0 |         0 |         0 |         0 |         0 |         0 |         0 |         0 |         0 |         0 |         0 |         0 |     52032 |
|               CAS_COUNT_WR               | MBOX1C1 |   2489435 |         0 |         0 |         0 |         0 |         0 |         0 |         0 |         0 |         0 |         0 |         0 |         0 |         0 |    945143 |         0 |         0 |         0 |         0 |         0 |         0 |         0 |         0 |         0 |         0 |         0 |         0 |         0 |     48568 |
|               CAS_COUNT_RD               | MBOX2C0 |   1172256 |         0 |         0 |         0 |         0 |         0 |         0 |         0 |         0 |         0 |         0 |         0 |         0 |         0 |    718591 |         0 |         0 |         0 |         0 |         0 |         0 |         0 |         0 |         0 |         0 |         0 |         0 |         0 |     61306 |
|               CAS_COUNT_WR               | MBOX2C1 |   2414405 |         0 |         0 |         0 |         0 |         0 |         0 |         0 |         0 |         0 |         0 |         0 |         0 |         0 |    958045 |         0 |         0 |         0 |         0 |         0 |         0 |         0 |         0 |         0 |         0 |         0 |         0 |         0 |     56753 |
|               CAS_COUNT_RD               | MBOX3C0 |    918445 |         0 |         0 |         0 |         0 |         0 |         0 |         0 |         0 |         0 |         0 |         0 |         0 |         0 |    615540 |         0 |         0 |         0 |         0 |         0 |         0 |         0 |         0 |         0 |         0 |         0 |         0 |         0 |     38913 |
|               CAS_COUNT_WR               | MBOX3C1 |   2213195 |         0 |         0 |         0 |         0 |         0 |         0 |         0 |         0 |         0 |         0 |         0 |         0 |         0 |    867431 |         0 |         0 |         0 |         0 |         0 |         0 |         0 |         0 |         0 |         0 |         0 |         0 |         0 |     34242 |
|               CAS_COUNT_RD               | MBOX4C0 |   1259646 |         0 |         0 |         0 |         0 |         0 |         0 |         0 |         0 |         0 |         0 |         0 |         0 |         0 |    625357 |         0 |         0 |         0 |         0 |         0 |         0 |         0 |         0 |         0 |         0 |         0 |         0 |         0 |     39512 |
|               CAS_COUNT_WR               | MBOX4C1 |   2659327 |         0 |         0 |         0 |         0 |         0 |         0 |         0 |         0 |         0 |         0 |         0 |         0 |         0 |    880756 |         0 |         0 |         0 |         0 |         0 |         0 |         0 |         0 |         0 |         0 |         0 |         0 |         0 |     37813 |
|               CAS_COUNT_RD               | MBOX5C0 |    911944 |         0 |         0 |         0 |         0 |         0 |         0 |         0 |         0 |         0 |         0 |         0 |         0 |         0 |    613774 |         0 |         0 |         0 |         0 |         0 |         0 |         0 |         0 |         0 |         0 |         0 |         0 |         0 |     42398 |
|               CAS_COUNT_WR               | MBOX5C1 |   2207341 |         0 |         0 |         0 |         0 |         0 |         0 |         0 |         0 |         0 |         0 |         0 |         0 |         0 |    865188 |         0 |         0 |         0 |         0 |         0 |         0 |         0 |         0 |         0 |         0 |         0 |         0 |         0 |     38976 |
+------------------------------------------+---------+-----------+-----------+-----------+-----------+-----------+-----------+-----------+-----------+-----------+-----------+-----------+-----------+-----------+-----------+-----------+-----------+-----------+-----------+-----------+-----------+-----------+-----------+-----------+-----------+-----------+-----------+-----------+-----------+-----------+
+-----------------------------------------------+---------+-------------+-----------+-----------+--------------+
|                     Event                     | Counter |     Sum     |    Min    |    Max    |      Avg     |
+-----------------------------------------------+---------+-------------+-----------+-----------+--------------+
|             INSTR_RETIRED_ANY STAT            |  FIXC0  | 10414512200 | 335939600 | 826065500 | 3.591211e+08 |
|           CPU_CLK_UNHALTED_CORE STAT          |  FIXC1  | 11153773300 | 361785400 | 547615400 | 3.846129e+08 |
|           CPU_CLK_UNHALTED_REF STAT           |  FIXC2  | 15270850700 | 495478200 | 749276600 | 5.265811e+08 |
|              PWR_PKG_ENERGY STAT              |   PWR0  |     97.3679 |         0 |   35.4262 |       3.3575 |
|              PWR_DRAM_ENERGY STAT             |   PWR3  |     10.9368 |         0 |    4.4350 |       0.3771 |
| FP_ARITH_INST_RETIRED_128B_PACKED_DOUBLE STAT |   PMC0  |      122920 |         0 |    122920 |    4238.6207 |
|    FP_ARITH_INST_RETIRED_SCALAR_DOUBLE STAT   |   PMC1  |  2850726050 |  95214210 | 136275500 | 9.830090e+07 |
| FP_ARITH_INST_RETIRED_256B_PACKED_DOUBLE STAT |   PMC2  |       81488 |         0 |     81488 |    2809.9310 |
| FP_ARITH_INST_RETIRED_512B_PACKED_DOUBLE STAT |   PMC3  |     1080242 |         0 |   1080242 |   37249.7241 |
|               CAS_COUNT_RD STAT               | MBOX0C0 |     2139975 |         0 |   1384284 |   73792.2414 |
|               CAS_COUNT_WR STAT               | MBOX0C1 |     3656501 |         0 |   2667306 |  126086.2414 |
|               CAS_COUNT_RD STAT               | MBOX1C0 |     1979573 |         0 |   1219643 |   68261.1379 |
|               CAS_COUNT_WR STAT               | MBOX1C1 |     3483146 |         0 |   2489435 |  120108.4828 |
|               CAS_COUNT_RD STAT               | MBOX2C0 |     1952153 |         0 |   1172256 |   67315.6207 |
|               CAS_COUNT_WR STAT               | MBOX2C1 |     3429203 |         0 |   2414405 |  118248.3793 |
|               CAS_COUNT_RD STAT               | MBOX3C0 |     1572898 |         0 |    918445 |   54237.8621 |
|               CAS_COUNT_WR STAT               | MBOX3C1 |     3114868 |         0 |   2213195 |  107409.2414 |
|               CAS_COUNT_RD STAT               | MBOX4C0 |     1924515 |         0 |   1259646 |   66362.5862 |
|               CAS_COUNT_WR STAT               | MBOX4C1 |     3577896 |         0 |   2659327 |  123375.7241 |
|               CAS_COUNT_RD STAT               | MBOX5C0 |     1568116 |         0 |    911944 |   54072.9655 |
|               CAS_COUNT_WR STAT               | MBOX5C1 |     3111505 |         0 |   2207341 |  107293.2759 |
+-----------------------------------------------+---------+-------------+-----------+-----------+--------------+
+-----------------------------------+-----------+-----------+-----------+-----------+-----------+-----------+-----------+-----------+-----------+-----------+-----------+-----------+-----------+-----------+-----------+-----------+-----------+-----------+-----------+-----------+-----------+-----------+-----------+-----------+-----------+-----------+-----------+-----------+-----------+
|               Metric              |   Core 0  |   Core 1  |   Core 2  |   Core 3  |   Core 4  |   Core 5  |   Core 6  |   Core 7  |   Core 8  |   Core 9  |  Core 10  |  Core 11  |  Core 12  |  Core 13  |  Core 14  |  Core 15  |  Core 16  |  Core 17  |  Core 18  |  Core 19  |  Core 20  |  Core 21  |  Core 22  |  Core 23  |  Core 24  |  Core 25  |  Core 26  |  Core 27  |  Core 28  |
+-----------------------------------+-----------+-----------+-----------+-----------+-----------+-----------+-----------+-----------+-----------+-----------+-----------+-----------+-----------+-----------+-----------+-----------+-----------+-----------+-----------+-----------+-----------+-----------+-----------+-----------+-----------+-----------+-----------+-----------+-----------+
|        Runtime (RDTSC) [s]        |    0.9047 |    0.8888 |    0.8887 |    0.8887 |    0.8888 |    0.8887 |    0.9081 |    0.8887 |    0.8887 |    0.8888 |    0.8887 |    0.8888 |    0.9082 |    0.8887 |    0.9046 |    0.8887 |    0.8887 |    0.8887 |    0.8887 |    0.8887 |    0.8888 |    0.8887 |    0.8887 |    0.8887 |    0.8886 |    0.8886 |    0.8887 |    0.8886 |    0.9045 |
|        Runtime unhalted [s]       |    0.2111 |    0.1486 |    0.1473 |    0.1459 |    0.1448 |    0.1458 |    0.1594 |    0.1485 |    0.1448 |    0.1449 |    0.1450 |    0.1447 |    0.1621 |    0.1471 |    0.1551 |    0.1424 |    0.1415 |    0.1427 |    0.1427 |    0.1410 |    0.1395 |    0.1404 |    0.1433 |    0.1417 |    0.1413 |    0.1423 |    0.1396 |    0.1426 |    0.1642 |
|            Clock [MHz]            | 1895.6767 | 1894.6845 | 1894.9139 | 1894.8468 | 1894.6858 | 1894.6520 | 1894.8383 | 1894.7340 | 1894.7009 | 1894.7165 | 1894.7060 | 1894.8648 | 1894.8186 | 1894.9332 | 1894.1971 | 1895.2283 | 1895.0720 | 1895.1184 | 1895.1176 | 1895.2370 | 1893.9010 | 1895.1469 | 1893.5080 | 1895.0842 | 1895.1482 | 1895.0121 | 1895.1572 | 1894.3512 | 1885.5132 |
|                CPI                |    0.6629 |    1.0879 |    1.0886 |    1.0805 |    1.0745 |    1.0810 |    1.1814 |    1.1087 |    1.0867 |    1.0873 |    1.0890 |    1.0857 |    1.2188 |    1.1162 |    1.1733 |    1.0867 |    1.0843 |    1.0936 |    1.0950 |    1.0847 |    1.0733 |    1.0805 |    1.1038 |    1.0919 |    1.0894 |    1.0977 |    1.0781 |    1.0951 |    1.2571 |
|             Energy [J]            |   35.1229 |         0 |         0 |         0 |         0 |         0 |         0 |         0 |         0 |         0 |         0 |         0 |         0 |         0 |   35.4262 |         0 |         0 |         0 |         0 |         0 |         0 |         0 |         0 |         0 |         0 |         0 |         0 |         0 |   26.8188 |
|             Power [W]             |   38.8247 |         0 |         0 |         0 |         0 |         0 |         0 |         0 |         0 |         0 |         0 |         0 |         0 |         0 |   39.1615 |         0 |         0 |         0 |         0 |         0 |         0 |         0 |         0 |         0 |         0 |         0 |         0 |         0 |   29.6492 |
|          Energy DRAM [J]          |    4.4350 |         0 |         0 |         0 |         0 |         0 |         0 |         0 |         0 |         0 |         0 |         0 |         0 |         0 |    3.6357 |         0 |         0 |         0 |         0 |         0 |         0 |         0 |         0 |         0 |         0 |         0 |         0 |         0 |    2.8661 |
|           Power DRAM [W]          |    4.9024 |         0 |         0 |         0 |         0 |         0 |         0 |         0 |         0 |         0 |         0 |         0 |         0 |         0 |    4.0190 |         0 |         0 |         0 |         0 |         0 |         0 |         0 |         0 |         0 |         0 |         0 |         0 |         0 |    3.1685 |
|            DP [MFLOP/s]           |  160.8235 |  112.8161 |  111.8683 |  111.6304 |  111.4512 |  111.4614 |  108.5798 |  110.5123 |  110.1024 |  110.0795 |  110.0794 |  110.0907 |  106.8187 |  108.6535 |  106.7705 |  108.1726 |  108.0607 |  107.9856 |  107.9100 |  107.7206 |  107.7367 |  107.7020 |  107.4891 |  107.4616 |  107.4932 |  107.3454 |  107.3626 |  107.2856 |  105.2631 |
|          AVX DP [MFLOP/s]         |    9.9131 |         0 |         0 |         0 |         0 |         0 |         0 |         0 |         0 |         0 |         0 |         0 |         0 |         0 |         0 |         0 |         0 |         0 |         0 |         0 |         0 |         0 |         0 |         0 |         0 |         0 |         0 |         0 |         0 |
|          Packed [MUOPS/s]         |    1.4200 |         0 |         0 |         0 |         0 |         0 |         0 |         0 |         0 |         0 |         0 |         0 |         0 |         0 |         0 |         0 |         0 |         0 |         0 |         0 |         0 |         0 |         0 |         0 |         0 |         0 |         0 |         0 |         0 |
|          Scalar [MUOPS/s]         |  150.6387 |  112.8161 |  111.8683 |  111.6304 |  111.4512 |  111.4614 |  108.5798 |  110.5123 |  110.1024 |  110.0795 |  110.0794 |  110.0907 |  106.8187 |  108.6535 |  106.7705 |  108.1726 |  108.0607 |  107.9856 |  107.9100 |  107.7206 |  107.7367 |  107.7020 |  107.4891 |  107.4616 |  107.4932 |  107.3454 |  107.3626 |  107.2856 |  105.2631 |
|  Memory read bandwidth [MBytes/s] |  485.7540 |         0 |         0 |         0 |         0 |         0 |         0 |         0 |         0 |         0 |         0 |         0 |         0 |         0 |  282.0887 |         0 |         0 |         0 |         0 |         0 |         0 |         0 |         0 |         0 |         0 |         0 |         0 |         0 |   20.0786 |
|  Memory read data volume [GBytes] |    0.4394 |         0 |         0 |         0 |         0 |         0 |         0 |         0 |         0 |         0 |         0 |         0 |         0 |         0 |    0.2552 |         0 |         0 |         0 |         0 |         0 |         0 |         0 |         0 |         0 |         0 |         0 |         0 |         0 |    0.0182 |
| Memory write bandwidth [MBytes/s] | 1036.4928 |         0 |         0 |         0 |         0 |         0 |         0 |         0 |         0 |         0 |         0 |         0 |         0 |         0 |  386.4148 |         0 |         0 |         0 |         0 |         0 |         0 |         0 |         0 |         0 |         0 |         0 |         0 |         0 |   18.4147 |
| Memory write data volume [GBytes] |    0.9377 |         0 |         0 |         0 |         0 |         0 |         0 |         0 |         0 |         0 |         0 |         0 |         0 |         0 |    0.3496 |         0 |         0 |         0 |         0 |         0 |         0 |         0 |         0 |         0 |         0 |         0 |         0 |         0 |    0.0167 |
|    Memory bandwidth [MBytes/s]    | 1522.2468 |         0 |         0 |         0 |         0 |         0 |         0 |         0 |         0 |         0 |         0 |         0 |         0 |         0 |  668.5035 |         0 |         0 |         0 |         0 |         0 |         0 |         0 |         0 |         0 |         0 |         0 |         0 |         0 |   38.4934 |
|    Memory data volume [GBytes]    |    1.3771 |         0 |         0 |         0 |         0 |         0 |         0 |         0 |         0 |         0 |         0 |         0 |         0 |         0 |    0.6047 |         0 |         0 |         0 |         0 |         0 |         0 |         0 |         0 |         0 |         0 |         0 |         0 |         0 |    0.0348 |
|       Operational intensity       |    0.1056 |    0.0728 |    0.0722 |    0.0720 |    0.0719 |    0.0719 |    0.0716 |    0.0713 |    0.0711 |    0.0710 |    0.0710 |    0.0711 |    0.0704 |    0.0701 |    0.1597 |    0.1590 |    0.1588 |    0.1587 |    0.1586 |    0.1583 |    0.1583 |    0.1583 |    0.1580 |    0.1579 |    0.1580 |    0.1577 |    0.1578 |    0.1576 |    2.7346 |
+-----------------------------------+-----------+-----------+-----------+-----------+-----------+-----------+-----------+-----------+-----------+-----------+-----------+-----------+-----------+-----------+-----------+-----------+-----------+-----------+-----------+-----------+-----------+-----------+-----------+-----------+-----------+-----------+-----------+-----------+-----------+
+----------------------------------------+------------+-----------+-----------+-----------+
|                 Metric                 |     Sum    |    Min    |    Max    |    Avg    |
+----------------------------------------+------------+-----------+-----------+-----------+
|        Runtime (RDTSC) [s] STAT        |    25.8591 |    0.8886 |    0.9082 |    0.8917 |
|        Runtime unhalted [s] STAT       |     4.3003 |    0.1395 |    0.2111 |    0.1483 |
|            Clock [MHz] STAT            | 54940.5644 | 1885.5132 | 1895.6767 | 1894.5022 |
|                CPI STAT                |    31.6337 |    0.6629 |    1.2571 |    1.0908 |
|             Energy [J] STAT            |    97.3679 |         0 |   35.4262 |    3.3575 |
|             Power [W] STAT             |   107.6354 |         0 |   39.1615 |    3.7116 |
|          Energy DRAM [J] STAT          |    10.9368 |         0 |    4.4350 |    0.3771 |
|           Power DRAM [W] STAT          |    12.0899 |         0 |    4.9024 |    0.4169 |
|            DP [MFLOP/s] STAT           |  3206.7265 |  105.2631 |  160.8235 |  110.5768 |
|          AVX DP [MFLOP/s] STAT         |     9.9131 |         0 |    9.9131 |    0.3418 |
|          Packed [MUOPS/s] STAT         |     1.4200 |         0 |    1.4200 |    0.0490 |
|          Scalar [MUOPS/s] STAT         |  3196.5417 |  105.2631 |  150.6387 |  110.2256 |
|  Memory read bandwidth [MBytes/s] STAT |   787.9213 |         0 |  485.7540 |   27.1697 |
|  Memory read data volume [GBytes] STAT |     0.7128 |         0 |    0.4394 |    0.0246 |
| Memory write bandwidth [MBytes/s] STAT |  1441.3223 |         0 | 1036.4928 |   49.7008 |
| Memory write data volume [GBytes] STAT |     1.3040 |         0 |    0.9377 |    0.0450 |
|    Memory bandwidth [MBytes/s] STAT    |  2229.2437 |         0 | 1522.2468 |   76.8705 |
|    Memory data volume [GBytes] STAT    |     2.0166 |         0 |    1.3771 |    0.0695 |
|       Operational intensity STAT       |     5.9853 |    0.0701 |    2.7346 |    0.2064 |
+----------------------------------------+------------+-----------+-----------+-----------+
--------------------------------------------------------------------------------
CPU name:	Intel(R) Xeon(R) Gold 6132 CPU @ 2.60GHz
CPU type:	Intel Skylake SP processor
CPU clock:	2.59 GHz
--------------------------------------------------------------------------------
Region Solve, Group 1: MEM_DP
+-------------------+-----------+-----------+-----------+-----------+-----------+-----------+-----------+-----------+-----------+-----------+-----------+-----------+-----------+-----------+-----------+-----------+-----------+-----------+-----------+-----------+-----------+-----------+-----------+-----------+-----------+-----------+-----------+-----------+-----------+
|    Region Info    |   Core 0  |   Core 1  |   Core 2  |   Core 3  |   Core 4  |   Core 5  |   Core 6  |   Core 7  |   Core 8  |   Core 9  |  Core 10  |  Core 11  |  Core 12  |  Core 13  |  Core 14  |  Core 15  |  Core 16  |  Core 17  |  Core 18  |  Core 19  |  Core 20  |  Core 21  |  Core 22  |  Core 23  |  Core 24  |  Core 25  |  Core 26  |  Core 27  |  Core 28  |
+-------------------+-----------+-----------+-----------+-----------+-----------+-----------+-----------+-----------+-----------+-----------+-----------+-----------+-----------+-----------+-----------+-----------+-----------+-----------+-----------+-----------+-----------+-----------+-----------+-----------+-----------+-----------+-----------+-----------+-----------+
| RDTSC Runtime [s] | 23.851850 | 23.853810 | 23.853800 | 23.853800 | 23.853810 | 23.853800 | 23.853800 | 23.853800 | 23.853810 | 23.853800 | 23.853800 | 23.853810 | 23.853800 | 23.853810 | 23.851870 | 23.853790 | 23.853820 | 23.853820 | 23.853820 | 23.853800 | 23.853800 | 23.853820 | 23.853820 | 23.853820 | 23.853830 | 23.853800 | 23.853800 | 23.853820 | 23.851840 |
|     call count    |         1 |         1 |         1 |         1 |         1 |         1 |         1 |         1 |         1 |         1 |         1 |         1 |         1 |         1 |         1 |         1 |         1 |         1 |         1 |         1 |         1 |         1 |         1 |         1 |         1 |         1 |         1 |         1 |         1 |
+-------------------+-----------+-----------+-----------+-----------+-----------+-----------+-----------+-----------+-----------+-----------+-----------+-----------+-----------+-----------+-----------+-----------+-----------+-----------+-----------+-----------+-----------+-----------+-----------+-----------+-----------+-----------+-----------+-----------+-----------+
+------------------------------------------+---------+-------------+-------------+-------------+-------------+-------------+-------------+-------------+-------------+-------------+-------------+-------------+-------------+-------------+-------------+-------------+-------------+-------------+-------------+-------------+-------------+-------------+-------------+-------------+-------------+-------------+-------------+-------------+-------------+-------------+
|                   Event                  | Counter |    Core 0   |    Core 1   |    Core 2   |    Core 3   |    Core 4   |    Core 5   |    Core 6   |    Core 7   |    Core 8   |    Core 9   |   Core 10   |   Core 11   |   Core 12   |   Core 13   |   Core 14   |   Core 15   |   Core 16   |   Core 17   |   Core 18   |   Core 19   |   Core 20   |   Core 21   |   Core 22   |   Core 23   |   Core 24   |   Core 25   |   Core 26   |   Core 27   |   Core 28   |
+------------------------------------------+---------+-------------+-------------+-------------+-------------+-------------+-------------+-------------+-------------+-------------+-------------+-------------+-------------+-------------+-------------+-------------+-------------+-------------+-------------+-------------+-------------+-------------+-------------+-------------+-------------+-------------+-------------+-------------+-------------+-------------+
|             INSTR_RETIRED_ANY            |  FIXC0  | 77755190000 | 77469070000 | 77319020000 | 77364490000 | 77275460000 | 77141190000 | 76849140000 | 76429760000 | 76177390000 | 75591390000 | 75428380000 | 75391500000 | 75046130000 | 74699740000 | 74552070000 | 74464920000 | 74480900000 | 74579900000 | 74300570000 | 73702780000 | 73489330000 | 73628070000 | 73690740000 | 73840600000 | 74061410000 | 73786730000 | 73703530000 | 73541000000 | 76852390000 |
|           CPU_CLK_UNHALTED_CORE          |  FIXC1  | 44483180000 | 44675660000 | 44675790000 | 44679610000 | 44680220000 | 44681580000 | 44589830000 | 44668280000 | 44671930000 | 44678750000 | 44684940000 | 44685050000 | 44506700000 | 44685360000 | 44571510000 | 44575780000 | 44581480000 | 44585730000 | 44585300000 | 44583000000 | 44582030000 | 44583240000 | 44580480000 | 44583830000 | 44227830000 | 44587810000 | 44591770000 | 44590690000 | 39798060000 |
|           CPU_CLK_UNHALTED_REF           |  FIXC2  | 60886530000 | 61150970000 | 61150880000 | 61156030000 | 61156400000 | 61157640000 | 61032200000 | 61140090000 | 61144650000 | 61154300000 | 61162810000 | 61163070000 | 60919060000 | 61163590000 | 61006890000 | 61012440000 | 61020500000 | 61026690000 | 61025670000 | 61023160000 | 61022070000 | 61023700000 | 61018860000 | 61023930000 | 60537350000 | 61029700000 | 61035250000 | 61032890000 | 54459810000 |
|              PWR_PKG_ENERGY              |   PWR0  |   1664.9350 |           0 |           0 |           0 |           0 |           0 |           0 |           0 |           0 |           0 |           0 |           0 |           0 |           0 |   1756.1690 |           0 |           0 |           0 |           0 |           0 |           0 |           0 |           0 |           0 |           0 |           0 |           0 |           0 |    975.5862 |
|              PWR_DRAM_ENERGY             |   PWR3  |    169.6263 |           0 |           0 |           0 |           0 |           0 |           0 |           0 |           0 |           0 |           0 |           0 |           0 |           0 |    170.9865 |           0 |           0 |           0 |           0 |           0 |           0 |           0 |           0 |           0 |           0 |           0 |           0 |           0 |     78.0743 |
| FP_ARITH_INST_RETIRED_128B_PACKED_DOUBLE |   PMC0  |      218232 |           0 |           0 |           0 |           0 |           0 |           0 |           0 |           0 |           0 |           0 |           0 |           0 |           0 |           0 |           0 |           0 |           0 |           0 |           0 |           0 |           0 |           0 |           0 |           0 |           0 |           0 |           0 |           0 |
|    FP_ARITH_INST_RETIRED_SCALAR_DOUBLE   |   PMC1  | 23021350000 | 22997230000 | 23023150000 | 23083350000 | 23011620000 | 22910430000 | 22764750000 | 22668550000 | 22593370000 | 22415240000 | 22353920000 | 22287320000 | 22063320000 | 21993380000 | 21958740000 | 21912550000 | 21913790000 | 22004160000 | 21980660000 | 21814930000 | 21753140000 | 21790880000 | 21799230000 | 21864670000 | 21916110000 | 21952860000 | 21879100000 | 21752300000 | 21629620000 |
| FP_ARITH_INST_RETIRED_256B_PACKED_DOUBLE |   PMC2  |      302358 |           0 |           0 |           0 |           0 |           0 |           0 |           0 |           0 |           0 |           0 |           0 |           0 |           0 |           0 |           0 |           0 |           0 |           0 |           0 |           0 |           0 |           0 |           0 |           0 |           0 |           0 |           0 |           0 |
| FP_ARITH_INST_RETIRED_512B_PACKED_DOUBLE |   PMC3  |     2178750 |           0 |           0 |           0 |           0 |           0 |           0 |           0 |           0 |           0 |           0 |           0 |           0 |           0 |           0 |           0 |           0 |           0 |           0 |           0 |           0 |           0 |           0 |           0 |           0 |           0 |           0 |           0 |           0 |
|               CAS_COUNT_RD               | MBOX0C0 |   262098200 |           0 |           0 |           0 |           0 |           0 |           0 |           0 |           0 |           0 |           0 |           0 |           0 |           0 |   270426700 |           0 |           0 |           0 |           0 |           0 |           0 |           0 |           0 |           0 |           0 |           0 |           0 |           0 |     5021026 |
|               CAS_COUNT_WR               | MBOX0C1 |   148102900 |           0 |           0 |           0 |           0 |           0 |           0 |           0 |           0 |           0 |           0 |           0 |           0 |           0 |   148841400 |           0 |           0 |           0 |           0 |           0 |           0 |           0 |           0 |           0 |           0 |           0 |           0 |           0 |     3256104 |
|               CAS_COUNT_RD               | MBOX1C0 |   262065100 |           0 |           0 |           0 |           0 |           0 |           0 |           0 |           0 |           0 |           0 |           0 |           0 |           0 |   270779500 |           0 |           0 |           0 |           0 |           0 |           0 |           0 |           0 |           0 |           0 |           0 |           0 |           0 |     4993446 |
|               CAS_COUNT_WR               | MBOX1C1 |   147898500 |           0 |           0 |           0 |           0 |           0 |           0 |           0 |           0 |           0 |           0 |           0 |           0 |           0 |   149214600 |           0 |           0 |           0 |           0 |           0 |           0 |           0 |           0 |           0 |           0 |           0 |           0 |           0 |     3247998 |
|               CAS_COUNT_RD               | MBOX2C0 |   261517100 |           0 |           0 |           0 |           0 |           0 |           0 |           0 |           0 |           0 |           0 |           0 |           0 |           0 |   270091200 |           0 |           0 |           0 |           0 |           0 |           0 |           0 |           0 |           0 |           0 |           0 |           0 |           0 |     5030994 |
|               CAS_COUNT_WR               | MBOX2C1 |   147422900 |           0 |           0 |           0 |           0 |           0 |           0 |           0 |           0 |           0 |           0 |           0 |           0 |           0 |   148586200 |           0 |           0 |           0 |           0 |           0 |           0 |           0 |           0 |           0 |           0 |           0 |           0 |           0 |     3264354 |
|               CAS_COUNT_RD               | MBOX3C0 |   260261000 |           0 |           0 |           0 |           0 |           0 |           0 |           0 |           0 |           0 |           0 |           0 |           0 |           0 |   268028900 |           0 |           0 |           0 |           0 |           0 |           0 |           0 |           0 |           0 |           0 |           0 |           0 |           0 |     4841958 |
|               CAS_COUNT_WR               | MBOX3C1 |   146816500 |           0 |           0 |           0 |           0 |           0 |           0 |           0 |           0 |           0 |           0 |           0 |           0 |           0 |   146921500 |           0 |           0 |           0 |           0 |           0 |           0 |           0 |           0 |           0 |           0 |           0 |           0 |           0 |     3099814 |
|               CAS_COUNT_RD               | MBOX4C0 |   260699500 |           0 |           0 |           0 |           0 |           0 |           0 |           0 |           0 |           0 |           0 |           0 |           0 |           0 |   268495300 |           0 |           0 |           0 |           0 |           0 |           0 |           0 |           0 |           0 |           0 |           0 |           0 |           0 |     4912778 |
|               CAS_COUNT_WR               | MBOX4C1 |   147327600 |           0 |           0 |           0 |           0 |           0 |           0 |           0 |           0 |           0 |           0 |           0 |           0 |           0 |   147370200 |           0 |           0 |           0 |           0 |           0 |           0 |           0 |           0 |           0 |           0 |           0 |           0 |           0 |     3159535 |
|               CAS_COUNT_RD               | MBOX5C0 |   260543500 |           0 |           0 |           0 |           0 |           0 |           0 |           0 |           0 |           0 |           0 |           0 |           0 |           0 |   268641900 |           0 |           0 |           0 |           0 |           0 |           0 |           0 |           0 |           0 |           0 |           0 |           0 |           0 |     4864936 |
|               CAS_COUNT_WR               | MBOX5C1 |   147005500 |           0 |           0 |           0 |           0 |           0 |           0 |           0 |           0 |           0 |           0 |           0 |           0 |           0 |   147394900 |           0 |           0 |           0 |           0 |           0 |           0 |           0 |           0 |           0 |           0 |           0 |           0 |           0 |     3147194 |
+------------------------------------------+---------+-------------+-------------+-------------+-------------+-------------+-------------+-------------+-------------+-------------+-------------+-------------+-------------+-------------+-------------+-------------+-------------+-------------+-------------+-------------+-------------+-------------+-------------+-------------+-------------+-------------+-------------+-------------+-------------+-------------+
+-----------------------------------------------+---------+---------------+-------------+-------------+--------------+
|                     Event                     | Counter |      Sum      |     Min     |     Max     |      Avg     |
+-----------------------------------------------+---------+---------------+-------------+-------------+--------------+
|             INSTR_RETIRED_ANY STAT            |  FIXC0  | 2182612790000 | 73489330000 | 77755190000 |  75262510000 |
|           CPU_CLK_UNHALTED_CORE STAT          |  FIXC1  | 1288655420000 | 39798060000 | 44685360000 | 4.443639e+10 |
|           CPU_CLK_UNHALTED_REF STAT           |  FIXC2  | 1763837130000 | 54459810000 | 61163590000 |  60821970000 |
|              PWR_PKG_ENERGY STAT              |   PWR0  |     4396.6902 |           0 |   1756.1690 |     151.6100 |
|              PWR_DRAM_ENERGY STAT             |   PWR3  |      418.6871 |           0 |    170.9865 |      14.4375 |
| FP_ARITH_INST_RETIRED_128B_PACKED_DOUBLE STAT |   PMC0  |        218232 |           0 |      218232 |    7525.2414 |
|    FP_ARITH_INST_RETIRED_SCALAR_DOUBLE STAT   |   PMC1  |  645109720000 | 21629620000 | 23083350000 | 2.224516e+10 |
| FP_ARITH_INST_RETIRED_256B_PACKED_DOUBLE STAT |   PMC2  |        302358 |           0 |      302358 |   10426.1379 |
| FP_ARITH_INST_RETIRED_512B_PACKED_DOUBLE STAT |   PMC3  |       2178750 |           0 |     2178750 |   75129.3103 |
|               CAS_COUNT_RD STAT               | MBOX0C0 |     537545926 |           0 |   270426700 | 1.853607e+07 |
|               CAS_COUNT_WR STAT               | MBOX0C1 |     300200404 |           0 |   148841400 | 1.035174e+07 |
|               CAS_COUNT_RD STAT               | MBOX1C0 |     537838046 |           0 |   270779500 | 1.854614e+07 |
|               CAS_COUNT_WR STAT               | MBOX1C1 |     300361098 |           0 |   149214600 | 1.035728e+07 |
|               CAS_COUNT_RD STAT               | MBOX2C0 |     536639294 |           0 |   270091200 | 1.850480e+07 |
|               CAS_COUNT_WR STAT               | MBOX2C1 |     299273454 |           0 |   148586200 | 1.031977e+07 |
|               CAS_COUNT_RD STAT               | MBOX3C0 |     533131858 |           0 |   268028900 | 1.838386e+07 |
|               CAS_COUNT_WR STAT               | MBOX3C1 |     296837814 |           0 |   146921500 | 1.023579e+07 |
|               CAS_COUNT_RD STAT               | MBOX4C0 |     534107578 |           0 |   268495300 | 1.841750e+07 |
|               CAS_COUNT_WR STAT               | MBOX4C1 |     297857335 |           0 |   147370200 | 1.027094e+07 |
|               CAS_COUNT_RD STAT               | MBOX5C0 |     534050336 |           0 |   268641900 | 1.841553e+07 |
|               CAS_COUNT_WR STAT               | MBOX5C1 |     297547594 |           0 |   147394900 | 1.026026e+07 |
+-----------------------------------------------+---------+---------------+-------------+-------------+--------------+
+-----------------------------------+-----------+-----------+-----------+-----------+-----------+-----------+-----------+-----------+-----------+-----------+-----------+-----------+-----------+-----------+-----------+-----------+-----------+-----------+-----------+-----------+-----------+-----------+-----------+-----------+-----------+-----------+-----------+-----------+-----------+
|               Metric              |   Core 0  |   Core 1  |   Core 2  |   Core 3  |   Core 4  |   Core 5  |   Core 6  |   Core 7  |   Core 8  |   Core 9  |  Core 10  |  Core 11  |  Core 12  |  Core 13  |  Core 14  |  Core 15  |  Core 16  |  Core 17  |  Core 18  |  Core 19  |  Core 20  |  Core 21  |  Core 22  |  Core 23  |  Core 24  |  Core 25  |  Core 26  |  Core 27  |  Core 28  |
+-----------------------------------+-----------+-----------+-----------+-----------+-----------+-----------+-----------+-----------+-----------+-----------+-----------+-----------+-----------+-----------+-----------+-----------+-----------+-----------+-----------+-----------+-----------+-----------+-----------+-----------+-----------+-----------+-----------+-----------+-----------+
|        Runtime (RDTSC) [s]        |   23.8518 |   23.8538 |   23.8538 |   23.8538 |   23.8538 |   23.8538 |   23.8538 |   23.8538 |   23.8538 |   23.8538 |   23.8538 |   23.8538 |   23.8538 |   23.8538 |   23.8519 |   23.8538 |   23.8538 |   23.8538 |   23.8538 |   23.8538 |   23.8538 |   23.8538 |   23.8538 |   23.8538 |   23.8538 |   23.8538 |   23.8538 |   23.8538 |   23.8518 |
|        Runtime unhalted [s]       |   17.1500 |   17.2242 |   17.2243 |   17.2258 |   17.2260 |   17.2265 |   17.1912 |   17.2214 |   17.2228 |   17.2254 |   17.2278 |   17.2279 |   17.1591 |   17.2280 |   17.1841 |   17.1857 |   17.1879 |   17.1896 |   17.1894 |   17.1885 |   17.1881 |   17.1886 |   17.1875 |   17.1888 |   17.0516 |   17.1904 |   17.1919 |   17.1915 |   15.3437 |
|            Clock [MHz]            | 1894.9833 | 1894.9529 | 1894.9612 | 1894.9636 | 1894.9780 | 1894.9973 | 1894.9929 | 1894.9770 | 1894.9905 | 1894.9807 | 1894.9796 | 1894.9762 | 1894.9728 | 1894.9732 | 1895.0001 | 1895.0093 | 1895.0013 | 1894.9897 | 1895.0031 | 1894.9833 | 1894.9759 | 1894.9767 | 1895.0097 | 1894.9946 | 1894.9729 | 1894.9846 | 1894.9806 | 1895.0080 | 1895.4685 |
|                CPI                |    0.5721 |    0.5767 |    0.5778 |    0.5775 |    0.5782 |    0.5792 |    0.5802 |    0.5844 |    0.5864 |    0.5911 |    0.5924 |    0.5927 |    0.5931 |    0.5982 |    0.5979 |    0.5986 |    0.5986 |    0.5978 |    0.6001 |    0.6049 |    0.6066 |    0.6055 |    0.6050 |    0.6038 |    0.5972 |    0.6043 |    0.6050 |    0.6063 |    0.5179 |
|             Energy [J]            | 1664.9350 |         0 |         0 |         0 |         0 |         0 |         0 |         0 |         0 |         0 |         0 |         0 |         0 |         0 | 1756.1690 |         0 |         0 |         0 |         0 |         0 |         0 |         0 |         0 |         0 |         0 |         0 |         0 |         0 |  975.5862 |
|             Power [W]             |   69.8032 |         0 |         0 |         0 |         0 |         0 |         0 |         0 |         0 |         0 |         0 |         0 |         0 |         0 |   73.6281 |         0 |         0 |         0 |         0 |         0 |         0 |         0 |         0 |         0 |         0 |         0 |         0 |         0 |   40.9019 |
|          Energy DRAM [J]          |  169.6263 |         0 |         0 |         0 |         0 |         0 |         0 |         0 |         0 |         0 |         0 |         0 |         0 |         0 |  170.9865 |         0 |         0 |         0 |         0 |         0 |         0 |         0 |         0 |         0 |         0 |         0 |         0 |         0 |   78.0743 |
|           Power DRAM [W]          |    7.1117 |         0 |         0 |         0 |         0 |         0 |         0 |         0 |         0 |         0 |         0 |         0 |         0 |         0 |    7.1687 |         0 |         0 |         0 |         0 |         0 |         0 |         0 |         0 |         0 |         0 |         0 |         0 |         0 |    3.2733 |
|            DP [MFLOP/s]           |  965.9807 |  964.0904 |  965.1775 |  967.7012 |  964.6937 |  960.4520 |  954.3448 |  950.3119 |  947.1598 |  939.6926 |  937.1220 |  934.3296 |  924.9394 |  922.0070 |  920.6297 |  918.6192 |  918.6700 |  922.4585 |  921.4734 |  914.5264 |  911.9360 |  913.5174 |  913.8675 |  916.6108 |  918.7669 |  920.3087 |  917.2165 |  911.9001 |  906.8323 |
|          AVX DP [MFLOP/s]         |    0.7815 |         0 |         0 |         0 |         0 |         0 |         0 |         0 |         0 |         0 |         0 |         0 |         0 |         0 |         0 |         0 |         0 |         0 |         0 |         0 |         0 |         0 |         0 |         0 |         0 |         0 |         0 |         0 |         0 |
|          Packed [MUOPS/s]         |    0.1132 |         0 |         0 |         0 |         0 |         0 |         0 |         0 |         0 |         0 |         0 |         0 |         0 |         0 |         0 |         0 |         0 |         0 |         0 |         0 |         0 |         0 |         0 |         0 |         0 |         0 |         0 |         0 |         0 |
|          Scalar [MUOPS/s]         |  965.1809 |  964.0904 |  965.1775 |  967.7012 |  964.6937 |  960.4520 |  954.3448 |  950.3119 |  947.1598 |  939.6926 |  937.1220 |  934.3296 |  924.9394 |  922.0070 |  920.6297 |  918.6192 |  918.6700 |  922.4585 |  921.4734 |  914.5264 |  911.9360 |  913.5174 |  913.8675 |  916.6108 |  918.7669 |  920.3087 |  917.2165 |  911.9001 |  906.8323 |
|  Memory read bandwidth [MBytes/s] | 4205.1162 |         0 |         0 |         0 |         0 |         0 |         0 |         0 |         0 |         0 |         0 |         0 |         0 |         0 | 4337.3398 |         0 |         0 |         0 |         0 |         0 |         0 |         0 |         0 |         0 |         0 |         0 |         0 |         0 |   79.5984 |
|  Memory read data volume [GBytes] |  100.2998 |         0 |         0 |         0 |         0 |         0 |         0 |         0 |         0 |         0 |         0 |         0 |         0 |         0 |  103.4537 |         0 |         0 |         0 |         0 |         0 |         0 |         0 |         0 |         0 |         0 |         0 |         0 |         0 |    1.8986 |
| Memory write bandwidth [MBytes/s] | 2373.5152 |         0 |         0 |         0 |         0 |         0 |         0 |         0 |         0 |         0 |         0 |         0 |         0 |         0 | 2383.5885 |         0 |         0 |         0 |         0 |         0 |         0 |         0 |         0 |         0 |         0 |         0 |         0 |         0 |   51.4510 |
| Memory write data volume [GBytes] |   56.6127 |         0 |         0 |         0 |         0 |         0 |         0 |         0 |         0 |         0 |         0 |         0 |         0 |         0 |   56.8530 |         0 |         0 |         0 |         0 |         0 |         0 |         0 |         0 |         0 |         0 |         0 |         0 |         0 |    1.2272 |
|    Memory bandwidth [MBytes/s]    | 6578.6315 |         0 |         0 |         0 |         0 |         0 |         0 |         0 |         0 |         0 |         0 |         0 |         0 |         0 | 6720.9283 |         0 |         0 |         0 |         0 |         0 |         0 |         0 |         0 |         0 |         0 |         0 |         0 |         0 |  131.0494 |
|    Memory data volume [GBytes]    |  156.9125 |         0 |         0 |         0 |         0 |         0 |         0 |         0 |         0 |         0 |         0 |         0 |         0 |         0 |  160.3067 |         0 |         0 |         0 |         0 |         0 |         0 |         0 |         0 |         0 |         0 |         0 |         0 |         0 |    3.1258 |
|       Operational intensity       |    0.1468 |    0.1466 |    0.1467 |    0.1471 |    0.1467 |    0.1460 |    0.1451 |    0.1445 |    0.1440 |    0.1429 |    0.1425 |    0.1420 |    0.1406 |    0.1402 |    0.1370 |    0.1367 |    0.1367 |    0.1373 |    0.1371 |    0.1361 |    0.1357 |    0.1359 |    0.1360 |    0.1364 |    0.1367 |    0.1369 |    0.1365 |    0.1357 |    6.9198 |
+-----------------------------------+-----------+-----------+-----------+-----------+-----------+-----------+-----------+-----------+-----------+-----------+-----------+-----------+-----------+-----------+-----------+-----------+-----------+-----------+-----------+-----------+-----------+-----------+-----------+-----------+-----------+-----------+-----------+-----------+-----------+
+----------------------------------------+------------+-----------+-----------+-----------+
|                 Metric                 |     Sum    |    Min    |    Max    |    Avg    |
+----------------------------------------+------------+-----------+-----------+-----------+
|        Runtime (RDTSC) [s] STAT        |   691.7543 |   23.8518 |   23.8538 |   23.8536 |
|        Runtime unhalted [s] STAT       |   496.8277 |   15.3437 |   17.2280 |   17.1320 |
|            Clock [MHz] STAT            | 54955.0375 | 1894.9529 | 1895.4685 | 1895.0013 |
|                CPI STAT                |    17.1295 |    0.5179 |    0.6066 |    0.5907 |
|             Energy [J] STAT            |  4396.6902 |         0 | 1756.1690 |  151.6100 |
|             Power [W] STAT             |   184.3332 |         0 |   73.6281 |    6.3563 |
|          Energy DRAM [J] STAT          |   418.6871 |         0 |  170.9865 |   14.4375 |
|           Power DRAM [W] STAT          |    17.5537 |         0 |    7.1687 |    0.6053 |
|            DP [MFLOP/s] STAT           | 27045.3360 |  906.8323 |  967.7012 |  932.5978 |
|          AVX DP [MFLOP/s] STAT         |     0.7815 |         0 |    0.7815 |    0.0269 |
|          Packed [MUOPS/s] STAT         |     0.1132 |         0 |    0.1132 |    0.0039 |
|          Scalar [MUOPS/s] STAT         | 27044.5362 |  906.8323 |  967.7012 |  932.5702 |
|  Memory read bandwidth [MBytes/s] STAT |  8622.0544 |         0 | 4337.3398 |  297.3122 |
|  Memory read data volume [GBytes] STAT |   205.6521 |         0 |  103.4537 |    7.0915 |
| Memory write bandwidth [MBytes/s] STAT |  4808.5547 |         0 | 2383.5885 |  165.8122 |
| Memory write data volume [GBytes] STAT |   114.6929 |         0 |   56.8530 |    3.9549 |
|    Memory bandwidth [MBytes/s] STAT    | 13430.6092 |         0 | 6720.9283 |  463.1245 |
|    Memory data volume [GBytes] STAT    |   320.3450 |         0 |  160.3067 |   11.0464 |
|       Operational intensity STAT       |    10.8522 |    0.1357 |    6.9198 |    0.3742 |
+----------------------------------------+------------+-----------+-----------+-----------+
