--------------------------------------------------------------------------------
CPU name:	Intel(R) Xeon(R) Gold 6132 CPU @ 2.60GHz
CPU type:	Intel Skylake SP processor
CPU clock:	2.59 GHz
--------------------------------------------------------------------------------
Region Setup, Group 1: FLOPS_DP
+-------------------+----------+----------+----------+----------+----------+----------+----------+----------+----------+----------+----------+----------+----------+----------+----------+----------+----------+----------+----------+----------+----------+----------+----------+----------+----------+----------+
|    Region Info    |  Core 0  |  Core 1  |  Core 2  |  Core 3  |  Core 4  |  Core 5  |  Core 6  |  Core 7  |  Core 8  |  Core 9  |  Core 10 |  Core 11 |  Core 12 |  Core 13 |  Core 14 |  Core 15 |  Core 16 |  Core 17 |  Core 18 |  Core 19 |  Core 20 |  Core 21 |  Core 22 |  Core 23 |  Core 24 |  Core 25 |
+-------------------+----------+----------+----------+----------+----------+----------+----------+----------+----------+----------+----------+----------+----------+----------+----------+----------+----------+----------+----------+----------+----------+----------+----------+----------+----------+----------+
| RDTSC Runtime [s] | 0.851557 | 0.851641 | 0.851603 | 0.851648 | 0.851646 | 0.851640 | 0.851648 | 0.851642 | 0.851644 | 0.851637 | 0.851645 | 0.851642 | 0.851642 | 0.851644 | 0.851525 | 0.851587 | 0.851579 | 0.851535 | 0.851572 | 0.851576 | 0.851571 | 0.851576 | 0.851574 | 0.851568 | 0.851584 | 0.851625 |
|     call count    |        2 |        2 |        2 |        2 |        2 |        2 |        2 |        2 |        2 |        2 |        2 |        2 |        2 |        2 |        2 |        2 |        2 |        2 |        2 |        2 |        2 |        2 |        2 |        2 |        2 |        2 |
+-------------------+----------+----------+----------+----------+----------+----------+----------+----------+----------+----------+----------+----------+----------+----------+----------+----------+----------+----------+----------+----------+----------+----------+----------+----------+----------+----------+
+------------------------------------------+---------+-----------+-----------+-----------+-----------+-----------+-----------+-----------+-----------+-----------+-----------+-----------+-----------+-----------+-----------+-----------+-----------+-----------+-----------+-----------+-----------+-----------+-----------+-----------+-----------+-----------+-----------+
|                   Event                  | Counter |   Core 0  |   Core 1  |   Core 2  |   Core 3  |   Core 4  |   Core 5  |   Core 6  |   Core 7  |   Core 8  |   Core 9  |  Core 10  |  Core 11  |  Core 12  |  Core 13  |  Core 14  |  Core 15  |  Core 16  |  Core 17  |  Core 18  |  Core 19  |  Core 20  |  Core 21  |  Core 22  |  Core 23  |  Core 24  |  Core 25  |
+------------------------------------------+---------+-----------+-----------+-----------+-----------+-----------+-----------+-----------+-----------+-----------+-----------+-----------+-----------+-----------+-----------+-----------+-----------+-----------+-----------+-----------+-----------+-----------+-----------+-----------+-----------+-----------+-----------+
|             INSTR_RETIRED_ANY            |  FIXC0  | 859750300 | 388027900 | 387621700 | 387447300 | 386775400 | 387073100 | 384779500 | 384512100 | 384094700 | 384156000 | 384083200 | 383579500 | 382297100 | 378621900 | 377454900 | 377295100 | 375704600 | 376202600 | 375737500 | 375776900 | 375768300 | 374395300 | 374255500 | 374372000 | 371898300 | 370238700 |
|           CPU_CLK_UNHALTED_CORE          |  FIXC1  | 546759200 | 378604600 | 380462500 | 387682600 | 379597800 | 382561000 | 382224800 | 383451900 | 383167300 | 381443000 | 384403600 | 380913100 | 387916600 | 378638500 | 381335000 | 372312400 | 374465000 | 382524400 | 378309000 | 373957000 | 386689400 | 376077700 | 377806600 | 375785100 | 382192000 | 373564000 |
|           CPU_CLK_UNHALTED_REF           |  FIXC2  | 747980200 | 518126200 | 520685000 | 530567800 | 519497300 | 523579900 | 523086200 | 524775400 | 524388000 | 522003700 | 526079300 | 521303300 | 530883600 | 518193100 | 521933600 | 509544900 | 512499400 | 523544500 | 517760800 | 511823200 | 529270800 | 514704500 | 517105200 | 514295300 | 523065400 | 511283900 |
| FP_ARITH_INST_RETIRED_128B_PACKED_DOUBLE |   PMC0  |    122920 |         0 |         0 |         0 |         0 |         0 |         0 |         0 |         0 |         0 |         0 |         0 |         0 |         0 |         0 |         0 |         0 |         0 |         0 |         0 |         0 |         0 |         0 |         0 |         0 |         0 |
|    FP_ARITH_INST_RETIRED_SCALAR_DOUBLE   |   PMC1  | 146420100 | 110393700 | 110362200 | 110153700 | 110111000 | 110113000 | 109449000 | 109298700 | 109225200 | 109216900 | 109206200 | 109074700 | 108623100 | 107618100 | 107284300 | 107320100 | 107133400 | 107129200 | 107093000 | 107129200 | 106999300 | 106733200 | 106696300 | 106733200 | 105873000 | 105335000 |
| FP_ARITH_INST_RETIRED_256B_PACKED_DOUBLE |   PMC2  |     81488 |         0 |         0 |         0 |         0 |         0 |         0 |         0 |         0 |         0 |         0 |         0 |         0 |         0 |         0 |         0 |         0 |         0 |         0 |         0 |         0 |         0 |         0 |         0 |         0 |         0 |
| FP_ARITH_INST_RETIRED_512B_PACKED_DOUBLE |   PMC3  |   1080242 |         0 |         0 |         0 |         0 |         0 |         0 |         0 |         0 |         0 |         0 |         0 |         0 |         0 |         0 |         0 |         0 |         0 |         0 |         0 |         0 |         0 |         0 |         0 |         0 |         0 |
+------------------------------------------+---------+-----------+-----------+-----------+-----------+-----------+-----------+-----------+-----------+-----------+-----------+-----------+-----------+-----------+-----------+-----------+-----------+-----------+-----------+-----------+-----------+-----------+-----------+-----------+-----------+-----------+-----------+
+-----------------------------------------------+---------+-------------+-----------+-----------+--------------+
|                     Event                     | Counter |     Sum     |    Min    |    Max    |      Avg     |
+-----------------------------------------------+---------+-------------+-----------+-----------+--------------+
|             INSTR_RETIRED_ANY STAT            |  FIXC0  | 10361919400 | 370238700 | 859750300 | 3.985354e+08 |
|           CPU_CLK_UNHALTED_CORE STAT          |  FIXC1  | 10052844100 | 372312400 | 546759200 |    386647850 |
|           CPU_CLK_UNHALTED_REF STAT           |  FIXC2  | 13757980500 | 509544900 | 747980200 | 5.291531e+08 |
| FP_ARITH_INST_RETIRED_128B_PACKED_DOUBLE STAT |   PMC0  |      122920 |         0 |    122920 |    4727.6923 |
|    FP_ARITH_INST_RETIRED_SCALAR_DOUBLE STAT   |   PMC1  |  2850724800 | 105335000 | 146420100 | 1.096433e+08 |
| FP_ARITH_INST_RETIRED_256B_PACKED_DOUBLE STAT |   PMC2  |       81488 |         0 |     81488 |    3134.1538 |
| FP_ARITH_INST_RETIRED_512B_PACKED_DOUBLE STAT |   PMC3  |     1080242 |         0 |   1080242 |   41547.7692 |
+-----------------------------------------------+---------+-------------+-----------+-----------+--------------+
+----------------------+-----------+-----------+-----------+-----------+-----------+-----------+-----------+-----------+-----------+-----------+-----------+-----------+-----------+-----------+-----------+-----------+-----------+-----------+-----------+-----------+-----------+-----------+-----------+-----------+-----------+-----------+
|        Metric        |   Core 0  |   Core 1  |   Core 2  |   Core 3  |   Core 4  |   Core 5  |   Core 6  |   Core 7  |   Core 8  |   Core 9  |  Core 10  |  Core 11  |  Core 12  |  Core 13  |  Core 14  |  Core 15  |  Core 16  |  Core 17  |  Core 18  |  Core 19  |  Core 20  |  Core 21  |  Core 22  |  Core 23  |  Core 24  |  Core 25  |
+----------------------+-----------+-----------+-----------+-----------+-----------+-----------+-----------+-----------+-----------+-----------+-----------+-----------+-----------+-----------+-----------+-----------+-----------+-----------+-----------+-----------+-----------+-----------+-----------+-----------+-----------+-----------+
|  Runtime (RDTSC) [s] |    0.8516 |    0.8516 |    0.8516 |    0.8516 |    0.8516 |    0.8516 |    0.8516 |    0.8516 |    0.8516 |    0.8516 |    0.8516 |    0.8516 |    0.8516 |    0.8516 |    0.8515 |    0.8516 |    0.8516 |    0.8515 |    0.8516 |    0.8516 |    0.8516 |    0.8516 |    0.8516 |    0.8516 |    0.8516 |    0.8516 |
| Runtime unhalted [s] |    0.2108 |    0.1460 |    0.1467 |    0.1495 |    0.1464 |    0.1475 |    0.1474 |    0.1478 |    0.1477 |    0.1471 |    0.1482 |    0.1469 |    0.1496 |    0.1460 |    0.1470 |    0.1435 |    0.1444 |    0.1475 |    0.1459 |    0.1442 |    0.1491 |    0.1450 |    0.1457 |    0.1449 |    0.1474 |    0.1440 |
|      Clock [MHz]     | 1895.9927 | 1895.3133 | 1895.2542 | 1895.2482 | 1895.2699 | 1895.1710 | 1895.2926 | 1895.2569 | 1895.2494 | 1895.3383 | 1895.2517 | 1895.2483 | 1895.2641 | 1895.2383 | 1895.0562 | 1895.2029 | 1895.1716 | 1895.1178 | 1895.1700 | 1895.1010 | 1895.0253 | 1895.1792 | 1895.0528 | 1895.2115 | 1895.2053 | 1895.1063 |
|          CPI         |    0.6360 |    0.9757 |    0.9815 |    1.0006 |    0.9814 |    0.9883 |    0.9934 |    0.9972 |    0.9976 |    0.9929 |    1.0008 |    0.9930 |    1.0147 |    1.0000 |    1.0103 |    0.9868 |    0.9967 |    1.0168 |    1.0068 |    0.9952 |    1.0291 |    1.0045 |    1.0095 |    1.0038 |    1.0277 |    1.0090 |
|     DP [MFLOP/s]     |  182.7639 |  129.6246 |  129.5935 |  129.3418 |  129.2919 |  129.2953 |  128.5143 |  128.3388 |  128.2522 |  128.2435 |  128.2297 |  128.0758 |  127.5454 |  126.3651 |  125.9908 |  126.0237 |  125.8057 |  125.8071 |  125.7591 |  125.8011 |  125.6494 |  125.3360 |  125.2931 |  125.3372 |  124.3247 |  123.6870 |
|   AVX DP [MFLOP/s]   |   10.5312 |         0 |         0 |         0 |         0 |         0 |         0 |         0 |         0 |         0 |         0 |         0 |         0 |         0 |         0 |         0 |         0 |         0 |         0 |         0 |         0 |         0 |         0 |         0 |         0 |         0 |
|  AVX512 DP [MFLOP/s] |   10.1484 |         0 |         0 |         0 |         0 |         0 |         0 |         0 |         0 |         0 |         0 |         0 |         0 |         0 |         0 |         0 |         0 |         0 |         0 |         0 |         0 |         0 |         0 |         0 |         0 |         0 |
|   Packed [MUOPS/s]   |    1.5086 |         0 |         0 |         0 |         0 |         0 |         0 |         0 |         0 |         0 |         0 |         0 |         0 |         0 |         0 |         0 |         0 |         0 |         0 |         0 |         0 |         0 |         0 |         0 |         0 |         0 |
|   Scalar [MUOPS/s]   |  171.9440 |  129.6246 |  129.5935 |  129.3418 |  129.2919 |  129.2953 |  128.5143 |  128.3388 |  128.2522 |  128.2435 |  128.2297 |  128.0758 |  127.5454 |  126.3651 |  125.9908 |  126.0237 |  125.8057 |  125.8071 |  125.7591 |  125.8011 |  125.6494 |  125.3360 |  125.2931 |  125.3372 |  124.3247 |  123.6870 |
|  Vectorization ratio |    0.8697 |         0 |         0 |         0 |         0 |         0 |         0 |         0 |         0 |         0 |         0 |         0 |         0 |         0 |         0 |         0 |         0 |         0 |         0 |         0 |         0 |         0 |         0 |         0 |         0 |         0 |
+----------------------+-----------+-----------+-----------+-----------+-----------+-----------+-----------+-----------+-----------+-----------+-----------+-----------+-----------+-----------+-----------+-----------+-----------+-----------+-----------+-----------+-----------+-----------+-----------+-----------+-----------+-----------+
+---------------------------+------------+-----------+-----------+-----------+
|           Metric          |     Sum    |    Min    |    Max    |    Avg    |
+---------------------------+------------+-----------+-----------+-----------+
|  Runtime (RDTSC) [s] STAT |    22.1414 |    0.8515 |    0.8516 |    0.8516 |
| Runtime unhalted [s] STAT |     3.8762 |    0.1435 |    0.2108 |    0.1491 |
|      Clock [MHz] STAT     | 49275.9888 | 1895.0253 | 1895.9927 | 1895.2303 |
|          CPI STAT         |    25.6493 |    0.6360 |    1.0291 |    0.9865 |
|     DP [MFLOP/s] STAT     |  3358.2907 |  123.6870 |  182.7639 |  129.1650 |
|   AVX DP [MFLOP/s] STAT   |    10.5312 |         0 |   10.5312 |    0.4050 |
|  AVX512 DP [MFLOP/s] STAT |    10.1484 |         0 |   10.1484 |    0.3903 |
|   Packed [MUOPS/s] STAT   |     1.5086 |         0 |    1.5086 |    0.0580 |
|   Scalar [MUOPS/s] STAT   |  3347.4708 |  123.6870 |  171.9440 |  128.7489 |
|  Vectorization ratio STAT |     0.8697 |         0 |    0.8697 |    0.0335 |
+---------------------------+------------+-----------+-----------+-----------+
--------------------------------------------------------------------------------
CPU name:	Intel(R) Xeon(R) Gold 6132 CPU @ 2.60GHz
CPU type:	Intel Skylake SP processor
CPU clock:	2.59 GHz
--------------------------------------------------------------------------------
Region Solve, Group 1: FLOPS_DP
+-------------------+-----------+-----------+-----------+-----------+-----------+-----------+-----------+-----------+-----------+-----------+-----------+-----------+-----------+-----------+-----------+-----------+-----------+-----------+-----------+-----------+-----------+-----------+-----------+-----------+-----------+-----------+
|    Region Info    |   Core 0  |   Core 1  |   Core 2  |   Core 3  |   Core 4  |   Core 5  |   Core 6  |   Core 7  |   Core 8  |   Core 9  |  Core 10  |  Core 11  |  Core 12  |  Core 13  |  Core 14  |  Core 15  |  Core 16  |  Core 17  |  Core 18  |  Core 19  |  Core 20  |  Core 21  |  Core 22  |  Core 23  |  Core 24  |  Core 25  |
+-------------------+-----------+-----------+-----------+-----------+-----------+-----------+-----------+-----------+-----------+-----------+-----------+-----------+-----------+-----------+-----------+-----------+-----------+-----------+-----------+-----------+-----------+-----------+-----------+-----------+-----------+-----------+
| RDTSC Runtime [s] | 25.754740 | 25.754740 | 25.754750 | 25.754740 | 25.754760 | 25.754760 | 25.754750 | 25.754760 | 25.754760 | 25.754740 | 25.754740 | 25.754750 | 25.754750 | 25.754750 | 25.754740 | 25.754740 | 25.754740 | 25.754740 | 25.754740 | 25.754750 | 25.754750 | 25.754740 | 25.754740 | 25.754750 | 25.754740 | 25.754740 |
|     call count    |         1 |         1 |         1 |         1 |         1 |         1 |         1 |         1 |         1 |         1 |         1 |         1 |         1 |         1 |         1 |         1 |         1 |         1 |         1 |         1 |         1 |         1 |         1 |         1 |         1 |         1 |
+-------------------+-----------+-----------+-----------+-----------+-----------+-----------+-----------+-----------+-----------+-----------+-----------+-----------+-----------+-----------+-----------+-----------+-----------+-----------+-----------+-----------+-----------+-----------+-----------+-----------+-----------+-----------+
+------------------------------------------+---------+-------------+-------------+-------------+-------------+-------------+-------------+-------------+-------------+-------------+-------------+-------------+-------------+-------------+-------------+-------------+-------------+-------------+-------------+-------------+-------------+-------------+-------------+-------------+-------------+-------------+-------------+
|                   Event                  | Counter |    Core 0   |    Core 1   |    Core 2   |    Core 3   |    Core 4   |    Core 5   |    Core 6   |    Core 7   |    Core 8   |    Core 9   |   Core 10   |   Core 11   |   Core 12   |   Core 13   |   Core 14   |   Core 15   |   Core 16   |   Core 17   |   Core 18   |   Core 19   |   Core 20   |   Core 21   |   Core 22   |   Core 23   |   Core 24   |   Core 25   |
+------------------------------------------+---------+-------------+-------------+-------------+-------------+-------------+-------------+-------------+-------------+-------------+-------------+-------------+-------------+-------------+-------------+-------------+-------------+-------------+-------------+-------------+-------------+-------------+-------------+-------------+-------------+-------------+-------------+
|             INSTR_RETIRED_ANY            |  FIXC0  | 85585860000 | 85338930000 | 85545980000 | 85551890000 | 85436880000 | 85176280000 | 84955800000 | 84568870000 | 84640920000 | 84774460000 | 84195990000 | 83980060000 | 83732870000 | 83162560000 | 83148380000 | 83259170000 | 83295080000 | 83134610000 | 82576970000 | 82550890000 | 82381420000 | 82540880000 | 82419910000 | 82239500000 | 81898360000 | 84668810000 |
|           CPU_CLK_UNHALTED_CORE          |  FIXC1  | 48061020000 | 48246000000 | 48214660000 | 48219240000 | 48227750000 | 48222000000 | 48157300000 | 48235200000 | 48228780000 | 48230810000 | 48230580000 | 48234820000 | 48057040000 | 48233920000 | 48191040000 | 48185790000 | 48205050000 | 48192920000 | 48203210000 | 48196430000 | 48200720000 | 48201120000 | 48206210000 | 48218110000 | 47863760000 | 43434540000 |
|           CPU_CLK_UNHALTED_REF           |  FIXC2  | 65785270000 | 66038680000 | 65995480000 | 66002280000 | 66013580000 | 66005670000 | 65917370000 | 66023740000 | 66015180000 | 66017850000 | 66017610000 | 66024530000 | 65781290000 | 66022500000 | 65945590000 | 65938370000 | 65964760000 | 65948150000 | 65962250000 | 65952950000 | 65958840000 | 65959360000 | 65966350000 | 65982620000 | 65497730000 | 59436790000 |
| FP_ARITH_INST_RETIRED_128B_PACKED_DOUBLE |   PMC0  |      218232 |           0 |           0 |           0 |           0 |           0 |           0 |           0 |           0 |           0 |           0 |           0 |           0 |           0 |           0 |           0 |           0 |           0 |           0 |           0 |           0 |           0 |           0 |           0 |           0 |           0 |
|    FP_ARITH_INST_RETIRED_SCALAR_DOUBLE   |   PMC1  | 25332790000 | 25334190000 | 25498060000 | 25519660000 | 25407780000 | 25284610000 | 25187640000 | 25105690000 | 25122030000 | 25148600000 | 24897740000 | 24776120000 | 24662590000 | 24518810000 | 24491810000 | 24583480000 | 24667420000 | 24634030000 | 24470480000 | 24451260000 | 24404400000 | 24499600000 | 24540360000 | 24463740000 | 24163600000 | 23943260000 |
| FP_ARITH_INST_RETIRED_256B_PACKED_DOUBLE |   PMC2  |      302358 |           0 |           0 |           0 |           0 |           0 |           0 |           0 |           0 |           0 |           0 |           0 |           0 |           0 |           0 |           0 |           0 |           0 |           0 |           0 |           0 |           0 |           0 |           0 |           0 |           0 |
| FP_ARITH_INST_RETIRED_512B_PACKED_DOUBLE |   PMC3  |     2178750 |           0 |           0 |           0 |           0 |           0 |           0 |           0 |           0 |           0 |           0 |           0 |           0 |           0 |           0 |           0 |           0 |           0 |           0 |           0 |           0 |           0 |           0 |           0 |           0 |           0 |
+------------------------------------------+---------+-------------+-------------+-------------+-------------+-------------+-------------+-------------+-------------+-------------+-------------+-------------+-------------+-------------+-------------+-------------+-------------+-------------+-------------+-------------+-------------+-------------+-------------+-------------+-------------+-------------+-------------+
+-----------------------------------------------+---------+---------------+-------------+-------------+--------------+
|                     Event                     | Counter |      Sum      |     Min     |     Max     |      Avg     |
+-----------------------------------------------+---------+---------------+-------------+-------------+--------------+
|             INSTR_RETIRED_ANY STAT            |  FIXC0  | 2180761330000 | 81898360000 | 85585860000 | 8.387544e+10 |
|           CPU_CLK_UNHALTED_CORE STAT          |  FIXC1  | 1248098020000 | 43434540000 | 48246000000 |  48003770000 |
|           CPU_CLK_UNHALTED_REF STAT           |  FIXC2  | 1708174790000 | 59436790000 | 66038680000 | 6.569903e+10 |
| FP_ARITH_INST_RETIRED_128B_PACKED_DOUBLE STAT |   PMC0  |        218232 |           0 |      218232 |    8393.5385 |
|    FP_ARITH_INST_RETIRED_SCALAR_DOUBLE STAT   |   PMC1  |  645109750000 | 23943260000 | 25519660000 | 2.481191e+10 |
| FP_ARITH_INST_RETIRED_256B_PACKED_DOUBLE STAT |   PMC2  |        302358 |           0 |      302358 |   11629.1538 |
| FP_ARITH_INST_RETIRED_512B_PACKED_DOUBLE STAT |   PMC3  |       2178750 |           0 |     2178750 |   83798.0769 |
+-----------------------------------------------+---------+---------------+-------------+-------------+--------------+
+----------------------+-----------+-----------+-----------+-----------+-----------+-----------+-----------+-----------+-----------+-----------+-----------+-----------+-----------+-----------+-----------+-----------+-----------+-----------+-----------+-----------+-----------+-----------+-----------+-----------+-----------+-----------+
|        Metric        |   Core 0  |   Core 1  |   Core 2  |   Core 3  |   Core 4  |   Core 5  |   Core 6  |   Core 7  |   Core 8  |   Core 9  |  Core 10  |  Core 11  |  Core 12  |  Core 13  |  Core 14  |  Core 15  |  Core 16  |  Core 17  |  Core 18  |  Core 19  |  Core 20  |  Core 21  |  Core 22  |  Core 23  |  Core 24  |  Core 25  |
+----------------------+-----------+-----------+-----------+-----------+-----------+-----------+-----------+-----------+-----------+-----------+-----------+-----------+-----------+-----------+-----------+-----------+-----------+-----------+-----------+-----------+-----------+-----------+-----------+-----------+-----------+-----------+
|  Runtime (RDTSC) [s] |   25.7547 |   25.7547 |   25.7548 |   25.7547 |   25.7548 |   25.7548 |   25.7548 |   25.7548 |   25.7548 |   25.7547 |   25.7547 |   25.7548 |   25.7548 |   25.7548 |   25.7547 |   25.7547 |   25.7547 |   25.7547 |   25.7547 |   25.7548 |   25.7548 |   25.7547 |   25.7547 |   25.7548 |   25.7547 |   25.7547 |
| Runtime unhalted [s] |   18.5294 |   18.6008 |   18.5887 |   18.5904 |   18.5937 |   18.5915 |   18.5666 |   18.5966 |   18.5941 |   18.5949 |   18.5948 |   18.5964 |   18.5279 |   18.5961 |   18.5796 |   18.5775 |   18.5850 |   18.5803 |   18.5843 |   18.5816 |   18.5833 |   18.5835 |   18.5854 |   18.5900 |   18.4534 |   16.7457 |
|      Clock [MHz]     | 1894.9379 | 1894.9319 | 1894.9405 | 1894.9253 | 1894.9353 | 1894.9364 | 1894.9289 | 1894.9364 | 1894.9298 | 1894.9330 | 1894.9308 | 1894.8988 | 1894.8957 | 1894.9217 | 1895.4451 | 1895.4461 | 1895.4452 | 1895.4455 | 1895.4449 | 1895.4456 | 1895.4450 | 1895.4458 | 1895.4451 | 1895.4455 | 1895.4452 | 1895.4422 |
|          CPI         |    0.5616 |    0.5653 |    0.5636 |    0.5636 |    0.5645 |    0.5661 |    0.5669 |    0.5704 |    0.5698 |    0.5689 |    0.5728 |    0.5744 |    0.5739 |    0.5800 |    0.5796 |    0.5787 |    0.5787 |    0.5797 |    0.5837 |    0.5838 |    0.5851 |    0.5840 |    0.5849 |    0.5863 |    0.5844 |    0.5130 |
|     DP [MFLOP/s]     |  984.3573 |  983.6710 |  990.0333 |  990.8724 |  986.5275 |  981.7451 |  977.9804 |  974.7981 |  975.4325 |  976.4649 |  966.7246 |  962.0020 |  957.5938 |  952.0112 |  950.9632 |  954.5225 |  957.7818 |  956.4853 |  950.1350 |  949.3884 |  947.5689 |  951.2657 |  952.8483 |  949.8729 |  938.2195 |  929.6642 |
|   AVX DP [MFLOP/s]   |    0.7237 |         0 |         0 |         0 |         0 |         0 |         0 |         0 |         0 |         0 |         0 |         0 |         0 |         0 |         0 |         0 |         0 |         0 |         0 |         0 |         0 |         0 |         0 |         0 |         0 |         0 |
|  AVX512 DP [MFLOP/s] |    0.6768 |         0 |         0 |         0 |         0 |         0 |         0 |         0 |         0 |         0 |         0 |         0 |         0 |         0 |         0 |         0 |         0 |         0 |         0 |         0 |         0 |         0 |         0 |         0 |         0 |         0 |
|   Packed [MUOPS/s]   |    0.1048 |         0 |         0 |         0 |         0 |         0 |         0 |         0 |         0 |         0 |         0 |         0 |         0 |         0 |         0 |         0 |         0 |         0 |         0 |         0 |         0 |         0 |         0 |         0 |         0 |         0 |
|   Scalar [MUOPS/s]   |  983.6166 |  983.6710 |  990.0333 |  990.8724 |  986.5275 |  981.7451 |  977.9804 |  974.7981 |  975.4325 |  976.4649 |  966.7246 |  962.0020 |  957.5938 |  952.0112 |  950.9632 |  954.5225 |  957.7818 |  956.4853 |  950.1350 |  949.3884 |  947.5689 |  951.2657 |  952.8483 |  949.8729 |  938.2195 |  929.6642 |
|  Vectorization ratio |    0.0107 |         0 |         0 |         0 |         0 |         0 |         0 |         0 |         0 |         0 |         0 |         0 |         0 |         0 |         0 |         0 |         0 |         0 |         0 |         0 |         0 |         0 |         0 |         0 |         0 |         0 |
+----------------------+-----------+-----------+-----------+-----------+-----------+-----------+-----------+-----------+-----------+-----------+-----------+-----------+-----------+-----------+-----------+-----------+-----------+-----------+-----------+-----------+-----------+-----------+-----------+-----------+-----------+-----------+
+---------------------------+------------+-----------+-----------+-----------+
|           Metric          |     Sum    |    Min    |    Max    |    Avg    |
+---------------------------+------------+-----------+-----------+-----------+
|  Runtime (RDTSC) [s] STAT |   669.6234 |   25.7547 |   25.7548 |   25.7547 |
| Runtime unhalted [s] STAT |   481.1915 |   16.7457 |   18.6008 |   18.5074 |
|      Clock [MHz] STAT     | 49274.3236 | 1894.8957 | 1895.4461 | 1895.1663 |
|          CPI STAT         |    14.8837 |    0.5130 |    0.5863 |    0.5725 |
|     DP [MFLOP/s] STAT     | 25048.9298 |  929.6642 |  990.8724 |  963.4204 |
|   AVX DP [MFLOP/s] STAT   |     0.7237 |         0 |    0.7237 |    0.0278 |
|  AVX512 DP [MFLOP/s] STAT |     0.6768 |         0 |    0.6768 |    0.0260 |
|   Packed [MUOPS/s] STAT   |     0.1048 |         0 |    0.1048 |    0.0040 |
|   Scalar [MUOPS/s] STAT   | 25048.1891 |  929.6642 |  990.8724 |  963.3919 |
|  Vectorization ratio STAT |     0.0107 |         0 |    0.0107 |    0.0004 |
+---------------------------+------------+-----------+-----------+-----------+
