--------------------------------------------------------------------------------
CPU name:	Intel(R) Xeon(R) Gold 6132 CPU @ 2.60GHz
CPU type:	Intel Skylake SP processor
CPU clock:	2.59 GHz
--------------------------------------------------------------------------------
Region Setup, Group 1: MEM_DP
+-------------------+----------+----------+----------+----------+----------+----------+----------+----------+----------+----------+----------+----------+----------+----------+----------+----------+----------+----------+----------+----------+----------+
|    Region Info    |  Core 0  |  Core 1  |  Core 2  |  Core 3  |  Core 4  |  Core 5  |  Core 6  |  Core 7  |  Core 8  |  Core 9  |  Core 10 |  Core 11 |  Core 12 |  Core 13 |  Core 14 |  Core 15 |  Core 16 |  Core 17 |  Core 18 |  Core 19 |  Core 20 |
+-------------------+----------+----------+----------+----------+----------+----------+----------+----------+----------+----------+----------+----------+----------+----------+----------+----------+----------+----------+----------+----------+----------+
| RDTSC Runtime [s] | 0.857961 | 0.859900 | 0.859922 | 0.859907 | 0.859924 | 0.859902 | 0.859908 | 0.859858 | 0.859888 | 0.859905 | 0.859886 | 0.859869 | 0.859934 | 0.859886 | 0.858076 | 0.859873 | 0.859845 | 0.859930 | 0.859928 | 0.859841 | 0.859903 |
|     call count    |        2 |        2 |        2 |        2 |        2 |        2 |        2 |        2 |        2 |        2 |        2 |        2 |        2 |        2 |        2 |        2 |        2 |        2 |        2 |        2 |        2 |
+-------------------+----------+----------+----------+----------+----------+----------+----------+----------+----------+----------+----------+----------+----------+----------+----------+----------+----------+----------+----------+----------+----------+
+------------------------------------------+---------+-----------+-----------+-----------+-----------+-----------+-----------+-----------+-----------+-----------+-----------+-----------+-----------+-----------+-----------+-----------+-----------+-----------+-----------+-----------+-----------+-----------+
|                   Event                  | Counter |   Core 0  |   Core 1  |   Core 2  |   Core 3  |   Core 4  |   Core 5  |   Core 6  |   Core 7  |   Core 8  |   Core 9  |  Core 10  |  Core 11  |  Core 12  |  Core 13  |  Core 14  |  Core 15  |  Core 16  |  Core 17  |  Core 18  |  Core 19  |  Core 20  |
+------------------------------------------+---------+-----------+-----------+-----------+-----------+-----------+-----------+-----------+-----------+-----------+-----------+-----------+-----------+-----------+-----------+-----------+-----------+-----------+-----------+-----------+-----------+-----------+
|             INSTR_RETIRED_ANY            |  FIXC0  | 950876500 | 477082700 | 473117200 | 471782200 | 471191300 | 470507200 | 470870000 | 469413300 | 469295300 | 469438400 | 467907700 | 467154300 | 466425400 | 466362600 | 466395900 | 466152800 | 465173600 | 464645900 | 464840800 | 464956200 | 464806800 |
|           CPU_CLK_UNHALTED_CORE          |  FIXC1  | 587964200 | 424948700 | 427563700 | 424835200 | 425462800 | 427015200 | 433941800 | 424568600 | 424968100 | 430821900 | 426462300 | 433991800 | 424804600 | 425190800 | 426645800 | 422350500 | 429137000 | 422600200 | 425538900 | 429135300 | 426676700 |
|           CPU_CLK_UNHALTED_REF           |  FIXC2  | 804298100 | 581519800 | 585087700 | 581352900 | 582217000 | 584345200 | 593815000 | 580992400 | 581544300 | 589561400 | 583583300 | 593886300 | 581315200 | 581841600 | 584016100 | 578124000 | 587407000 | 578466300 | 582534400 | 587379400 | 584063700 |
|              PWR_PKG_ENERGY              |   PWR0  |   34.4334 |         0 |         0 |         0 |         0 |         0 |         0 |         0 |         0 |         0 |         0 |         0 |         0 |         0 |   29.8303 |         0 |         0 |         0 |         0 |         0 |         0 |
|              PWR_DRAM_ENERGY             |   PWR3  |    4.3678 |         0 |         0 |         0 |         0 |         0 |         0 |         0 |         0 |         0 |         0 |         0 |         0 |         0 |    3.2891 |         0 |         0 |         0 |         0 |         0 |         0 |
| FP_ARITH_INST_RETIRED_128B_PACKED_DOUBLE |   PMC0  |    122920 |         0 |         0 |         0 |         0 |         0 |         0 |         0 |         0 |         0 |         0 |         0 |         0 |         0 |         0 |         0 |         0 |         0 |         0 |         0 |         0 |
|    FP_ARITH_INST_RETIRED_SCALAR_DOUBLE   |   PMC1  | 173148500 | 136441800 | 135260200 | 134837700 | 134687900 | 134437000 | 134462000 | 134150500 | 134115900 | 134069900 | 133661800 | 133323500 | 133237800 | 133215200 | 133240400 | 133215300 | 133116100 | 133050200 | 133074300 | 133050200 | 132929500 |
| FP_ARITH_INST_RETIRED_256B_PACKED_DOUBLE |   PMC2  |     81488 |         0 |         0 |         0 |         0 |         0 |         0 |         0 |         0 |         0 |         0 |         0 |         0 |         0 |         0 |         0 |         0 |         0 |         0 |         0 |         0 |
| FP_ARITH_INST_RETIRED_512B_PACKED_DOUBLE |   PMC3  |   1080242 |         0 |         0 |         0 |         0 |         0 |         0 |         0 |         0 |         0 |         0 |         0 |         0 |         0 |         0 |         0 |         0 |         0 |         0 |         0 |         0 |
|               CAS_COUNT_RD               | MBOX0C0 |   1334571 |         0 |         0 |         0 |         0 |         0 |         0 |         0 |         0 |         0 |         0 |         0 |         0 |         0 |    433970 |         0 |         0 |         0 |         0 |         0 |         0 |
|               CAS_COUNT_WR               | MBOX0C1 |   2597057 |         0 |         0 |         0 |         0 |         0 |         0 |         0 |         0 |         0 |         0 |         0 |         0 |         0 |    600444 |         0 |         0 |         0 |         0 |         0 |         0 |
|               CAS_COUNT_RD               | MBOX1C0 |   1370506 |         0 |         0 |         0 |         0 |         0 |         0 |         0 |         0 |         0 |         0 |         0 |         0 |         0 |    439946 |         0 |         0 |         0 |         0 |         0 |         0 |
|               CAS_COUNT_WR               | MBOX1C1 |   2642089 |         0 |         0 |         0 |         0 |         0 |         0 |         0 |         0 |         0 |         0 |         0 |         0 |         0 |    608095 |         0 |         0 |         0 |         0 |         0 |         0 |
|               CAS_COUNT_RD               | MBOX2C0 |   1350632 |         0 |         0 |         0 |         0 |         0 |         0 |         0 |         0 |         0 |         0 |         0 |         0 |         0 |    438450 |         0 |         0 |         0 |         0 |         0 |         0 |
|               CAS_COUNT_WR               | MBOX2C1 |   2614315 |         0 |         0 |         0 |         0 |         0 |         0 |         0 |         0 |         0 |         0 |         0 |         0 |         0 |    607740 |         0 |         0 |         0 |         0 |         0 |         0 |
|               CAS_COUNT_RD               | MBOX3C0 |   1117025 |         0 |         0 |         0 |         0 |         0 |         0 |         0 |         0 |         0 |         0 |         0 |         0 |         0 |    367687 |         0 |         0 |         0 |         0 |         0 |         0 |
|               CAS_COUNT_WR               | MBOX3C1 |   2464973 |         0 |         0 |         0 |         0 |         0 |         0 |         0 |         0 |         0 |         0 |         0 |         0 |         0 |    547768 |         0 |         0 |         0 |         0 |         0 |         0 |
|               CAS_COUNT_RD               | MBOX4C0 |   1451767 |         0 |         0 |         0 |         0 |         0 |         0 |         0 |         0 |         0 |         0 |         0 |         0 |         0 |    371473 |         0 |         0 |         0 |         0 |         0 |         0 |
|               CAS_COUNT_WR               | MBOX4C1 |   2929878 |         0 |         0 |         0 |         0 |         0 |         0 |         0 |         0 |         0 |         0 |         0 |         0 |         0 |    552719 |         0 |         0 |         0 |         0 |         0 |         0 |
|               CAS_COUNT_RD               | MBOX5C0 |   1160022 |         0 |         0 |         0 |         0 |         0 |         0 |         0 |         0 |         0 |         0 |         0 |         0 |         0 |    364608 |         0 |         0 |         0 |         0 |         0 |         0 |
|               CAS_COUNT_WR               | MBOX5C1 |   2519277 |         0 |         0 |         0 |         0 |         0 |         0 |         0 |         0 |         0 |         0 |         0 |         0 |         0 |    545452 |         0 |         0 |         0 |         0 |         0 |         0 |
+------------------------------------------+---------+-----------+-----------+-----------+-----------+-----------+-----------+-----------+-----------+-----------+-----------+-----------+-----------+-----------+-----------+-----------+-----------+-----------+-----------+-----------+-----------+-----------+
+-----------------------------------------------+---------+-------------+-----------+-----------+--------------+
|                     Event                     | Counter |     Sum     |    Min    |    Max    |      Avg     |
+-----------------------------------------------+---------+-------------+-----------+-----------+--------------+
|             INSTR_RETIRED_ANY STAT            |  FIXC0  | 10318396100 | 464645900 | 950876500 | 4.913522e+08 |
|           CPU_CLK_UNHALTED_CORE STAT          |  FIXC1  |  9124624100 | 422350500 | 587964200 | 4.345059e+08 |
|           CPU_CLK_UNHALTED_REF STAT           |  FIXC2  | 12487351100 | 578124000 | 804298100 | 5.946358e+08 |
|              PWR_PKG_ENERGY STAT              |   PWR0  |     64.2637 |         0 |   34.4334 |       3.0602 |
|              PWR_DRAM_ENERGY STAT             |   PWR3  |      7.6569 |         0 |    4.3678 |       0.3646 |
| FP_ARITH_INST_RETIRED_128B_PACKED_DOUBLE STAT |   PMC0  |      122920 |         0 |    122920 |    5853.3333 |
|    FP_ARITH_INST_RETIRED_SCALAR_DOUBLE STAT   |   PMC1  |  2850725700 | 132929500 | 173148500 | 1.357488e+08 |
| FP_ARITH_INST_RETIRED_256B_PACKED_DOUBLE STAT |   PMC2  |       81488 |         0 |     81488 |    3880.3810 |
| FP_ARITH_INST_RETIRED_512B_PACKED_DOUBLE STAT |   PMC3  |     1080242 |         0 |   1080242 |   51440.0952 |
|               CAS_COUNT_RD STAT               | MBOX0C0 |     1768541 |         0 |   1334571 |   84216.2381 |
|               CAS_COUNT_WR STAT               | MBOX0C1 |     3197501 |         0 |   2597057 |  152261.9524 |
|               CAS_COUNT_RD STAT               | MBOX1C0 |     1810452 |         0 |   1370506 |        86212 |
|               CAS_COUNT_WR STAT               | MBOX1C1 |     3250184 |         0 |   2642089 |  154770.6667 |
|               CAS_COUNT_RD STAT               | MBOX2C0 |     1789082 |         0 |   1350632 |   85194.3810 |
|               CAS_COUNT_WR STAT               | MBOX2C1 |     3222055 |         0 |   2614315 |  153431.1905 |
|               CAS_COUNT_RD STAT               | MBOX3C0 |     1484712 |         0 |   1117025 |   70700.5714 |
|               CAS_COUNT_WR STAT               | MBOX3C1 |     3012741 |         0 |   2464973 |  143463.8571 |
|               CAS_COUNT_RD STAT               | MBOX4C0 |     1823240 |         0 |   1451767 |   86820.9524 |
|               CAS_COUNT_WR STAT               | MBOX4C1 |     3482597 |         0 |   2929878 |  165837.9524 |
|               CAS_COUNT_RD STAT               | MBOX5C0 |     1524630 |         0 |   1160022 |   72601.4286 |
|               CAS_COUNT_WR STAT               | MBOX5C1 |     3064729 |         0 |   2519277 |  145939.4762 |
+-----------------------------------------------+---------+-------------+-----------+-----------+--------------+
+-----------------------------------+-----------+-----------+-----------+-----------+-----------+-----------+-----------+-----------+-----------+-----------+-----------+-----------+-----------+-----------+-----------+-----------+-----------+-----------+-----------+-----------+-----------+
|               Metric              |   Core 0  |   Core 1  |   Core 2  |   Core 3  |   Core 4  |   Core 5  |   Core 6  |   Core 7  |   Core 8  |   Core 9  |  Core 10  |  Core 11  |  Core 12  |  Core 13  |  Core 14  |  Core 15  |  Core 16  |  Core 17  |  Core 18  |  Core 19  |  Core 20  |
+-----------------------------------+-----------+-----------+-----------+-----------+-----------+-----------+-----------+-----------+-----------+-----------+-----------+-----------+-----------+-----------+-----------+-----------+-----------+-----------+-----------+-----------+-----------+
|        Runtime (RDTSC) [s]        |    0.8580 |    0.8599 |    0.8599 |    0.8599 |    0.8599 |    0.8599 |    0.8599 |    0.8599 |    0.8599 |    0.8599 |    0.8599 |    0.8599 |    0.8599 |    0.8599 |    0.8581 |    0.8599 |    0.8598 |    0.8599 |    0.8599 |    0.8598 |    0.8599 |
|        Runtime unhalted [s]       |    0.2267 |    0.1638 |    0.1648 |    0.1638 |    0.1640 |    0.1646 |    0.1673 |    0.1637 |    0.1638 |    0.1661 |    0.1644 |    0.1673 |    0.1638 |    0.1639 |    0.1645 |    0.1628 |    0.1655 |    0.1629 |    0.1641 |    0.1654 |    0.1645 |
|            Clock [MHz]            | 1896.1006 | 1895.3942 | 1895.4285 | 1895.4319 | 1895.4147 | 1895.4023 | 1895.4305 | 1895.4178 | 1895.4009 | 1895.3799 | 1895.4195 | 1895.4213 | 1895.4183 | 1895.4251 | 1894.8298 | 1894.8706 | 1894.8917 | 1894.8689 | 1894.7208 | 1894.9732 | 1894.8126 |
|                CPI                |    0.6183 |    0.8907 |    0.9037 |    0.9005 |    0.9030 |    0.9076 |    0.9216 |    0.9045 |    0.9055 |    0.9177 |    0.9114 |    0.9290 |    0.9108 |    0.9117 |    0.9148 |    0.9060 |    0.9225 |    0.9095 |    0.9155 |    0.9230 |    0.9180 |
|             Energy [J]            |   34.4334 |         0 |         0 |         0 |         0 |         0 |         0 |         0 |         0 |         0 |         0 |         0 |         0 |         0 |   29.8303 |         0 |         0 |         0 |         0 |         0 |         0 |
|             Power [W]             |   40.1340 |         0 |         0 |         0 |         0 |         0 |         0 |         0 |         0 |         0 |         0 |         0 |         0 |         0 |   34.7642 |         0 |         0 |         0 |         0 |         0 |         0 |
|          Energy DRAM [J]          |    4.3678 |         0 |         0 |         0 |         0 |         0 |         0 |         0 |         0 |         0 |         0 |         0 |         0 |         0 |    3.2891 |         0 |         0 |         0 |         0 |         0 |         0 |
|           Power DRAM [W]          |    5.0909 |         0 |         0 |         0 |         0 |         0 |         0 |         0 |         0 |         0 |         0 |         0 |         0 |         0 |    3.8331 |         0 |         0 |         0 |         0 |         0 |         0 |
|            DP [MFLOP/s]           |  212.5531 |  158.6716 |  157.2935 |  156.8050 |  156.6277 |  156.3399 |  156.3678 |  156.0146 |  155.9690 |  155.9124 |  155.4413 |  155.0510 |  154.9396 |  154.9219 |  155.2782 |  154.9243 |  154.8140 |  154.7221 |  154.7505 |  154.7382 |  154.5866 |
|          AVX DP [MFLOP/s]         |   10.4526 |         0 |         0 |         0 |         0 |         0 |         0 |         0 |         0 |         0 |         0 |         0 |         0 |         0 |         0 |         0 |         0 |         0 |         0 |         0 |         0 |
|          Packed [MUOPS/s]         |    1.4973 |         0 |         0 |         0 |         0 |         0 |         0 |         0 |         0 |         0 |         0 |         0 |         0 |         0 |         0 |         0 |         0 |         0 |         0 |         0 |         0 |
|          Scalar [MUOPS/s]         |  201.8140 |  158.6716 |  157.2935 |  156.8050 |  156.6277 |  156.3399 |  156.3678 |  156.0146 |  155.9690 |  155.9124 |  155.4413 |  155.0510 |  154.9396 |  154.9219 |  155.2782 |  154.9243 |  154.8140 |  154.7221 |  154.7505 |  154.7382 |  154.5866 |
|  Memory read bandwidth [MBytes/s] |  580.6903 |         0 |         0 |         0 |         0 |         0 |         0 |         0 |         0 |         0 |         0 |         0 |         0 |         0 |  180.2086 |         0 |         0 |         0 |         0 |         0 |         0 |
|  Memory read data volume [GBytes] |    0.4982 |         0 |         0 |         0 |         0 |         0 |         0 |         0 |         0 |         0 |         0 |         0 |         0 |         0 |    0.1546 |         0 |         0 |         0 |         0 |         0 |         0 |
| Memory write bandwidth [MBytes/s] | 1176.1909 |         0 |         0 |         0 |         0 |         0 |         0 |         0 |         0 |         0 |         0 |         0 |         0 |         0 |  258.2313 |         0 |         0 |         0 |         0 |         0 |         0 |
| Memory write data volume [GBytes] |    1.0091 |         0 |         0 |         0 |         0 |         0 |         0 |         0 |         0 |         0 |         0 |         0 |         0 |         0 |    0.2216 |         0 |         0 |         0 |         0 |         0 |         0 |
|    Memory bandwidth [MBytes/s]    | 1756.8812 |         0 |         0 |         0 |         0 |         0 |         0 |         0 |         0 |         0 |         0 |         0 |         0 |         0 |  438.4398 |         0 |         0 |         0 |         0 |         0 |         0 |
|    Memory data volume [GBytes]    |    1.5073 |         0 |         0 |         0 |         0 |         0 |         0 |         0 |         0 |         0 |         0 |         0 |         0 |         0 |    0.3762 |         0 |         0 |         0 |         0 |         0 |         0 |
|       Operational intensity       |    0.1210 |    0.0905 |    0.0897 |    0.0895 |    0.0894 |    0.0892 |    0.0892 |    0.0890 |    0.0890 |    0.0889 |    0.0887 |    0.0884 |    0.0884 |    0.0884 |    0.3542 |    0.3541 |    0.3538 |    0.3537 |    0.3537 |    0.3537 |    0.3533 |
+-----------------------------------+-----------+-----------+-----------+-----------+-----------+-----------+-----------+-----------+-----------+-----------+-----------+-----------+-----------+-----------+-----------+-----------+-----------+-----------+-----------+-----------+-----------+
+----------------------------------------+------------+-----------+-----------+-----------+
|                 Metric                 |     Sum    |    Min    |    Max    |    Avg    |
+----------------------------------------+------------+-----------+-----------+-----------+
|        Runtime (RDTSC) [s] STAT        |    18.0540 |    0.8580 |    0.8599 |    0.8597 |
|        Runtime unhalted [s] STAT       |     3.5177 |    0.1628 |    0.2267 |    0.1675 |
|            Clock [MHz] STAT            | 39800.4531 | 1894.7208 | 1896.1006 | 1895.2597 |
|                CPI STAT                |    18.8453 |    0.6183 |    0.9290 |    0.8974 |
|             Energy [J] STAT            |    64.2637 |         0 |   34.4334 |    3.0602 |
|             Power [W] STAT             |    74.8982 |         0 |   40.1340 |    3.5666 |
|          Energy DRAM [J] STAT          |     7.6569 |         0 |    4.3678 |    0.3646 |
|           Power DRAM [W] STAT          |     8.9240 |         0 |    5.0909 |    0.4250 |
|            DP [MFLOP/s] STAT           |  3326.7223 |  154.5866 |  212.5531 |  158.4153 |
|          AVX DP [MFLOP/s] STAT         |    10.4526 |         0 |   10.4526 |    0.4977 |
|          Packed [MUOPS/s] STAT         |     1.4973 |         0 |    1.4973 |    0.0713 |
|          Scalar [MUOPS/s] STAT         |  3315.9832 |  154.5866 |  201.8140 |  157.9040 |
|  Memory read bandwidth [MBytes/s] STAT |   760.8989 |         0 |  580.6903 |   36.2333 |
|  Memory read data volume [GBytes] STAT |     0.6528 |         0 |    0.4982 |    0.0311 |
| Memory write bandwidth [MBytes/s] STAT |  1434.4222 |         0 | 1176.1909 |   68.3058 |
| Memory write data volume [GBytes] STAT |     1.2307 |         0 |    1.0091 |    0.0586 |
|    Memory bandwidth [MBytes/s] STAT    |  2195.3210 |         0 | 1756.8812 |  104.5391 |
|    Memory data volume [GBytes] STAT    |     1.8835 |         0 |    1.5073 |    0.0897 |
|       Operational intensity STAT       |     3.7558 |    0.0884 |    0.3542 |    0.1788 |
+----------------------------------------+------------+-----------+-----------+-----------+
--------------------------------------------------------------------------------
CPU name:	Intel(R) Xeon(R) Gold 6132 CPU @ 2.60GHz
CPU type:	Intel Skylake SP processor
CPU clock:	2.59 GHz
--------------------------------------------------------------------------------
Region Solve, Group 1: MEM_DP
+-------------------+-----------+-----------+-----------+-----------+-----------+-----------+-----------+-----------+-----------+-----------+-----------+-----------+-----------+-----------+-----------+-----------+-----------+-----------+-----------+-----------+-----------+
|    Region Info    |   Core 0  |   Core 1  |   Core 2  |   Core 3  |   Core 4  |   Core 5  |   Core 6  |   Core 7  |   Core 8  |   Core 9  |  Core 10  |  Core 11  |  Core 12  |  Core 13  |  Core 14  |  Core 15  |  Core 16  |  Core 17  |  Core 18  |  Core 19  |  Core 20  |
+-------------------+-----------+-----------+-----------+-----------+-----------+-----------+-----------+-----------+-----------+-----------+-----------+-----------+-----------+-----------+-----------+-----------+-----------+-----------+-----------+-----------+-----------+
| RDTSC Runtime [s] | 30.951750 | 30.952760 | 30.952760 | 30.952760 | 30.952760 | 30.952760 | 30.952770 | 30.952760 | 30.952760 | 30.952770 | 30.952760 | 30.952760 | 30.952770 | 30.952770 | 30.951710 | 30.952760 | 30.952760 | 30.952760 | 30.952760 | 30.952760 | 30.952760 |
|     call count    |         1 |         1 |         1 |         1 |         1 |         1 |         1 |         1 |         1 |         1 |         1 |         1 |         1 |         1 |         1 |         1 |         1 |         1 |         1 |         1 |         1 |
+-------------------+-----------+-----------+-----------+-----------+-----------+-----------+-----------+-----------+-----------+-----------+-----------+-----------+-----------+-----------+-----------+-----------+-----------+-----------+-----------+-----------+-----------+
+------------------------------------------+---------+--------------+--------------+--------------+--------------+--------------+--------------+--------------+--------------+--------------+--------------+--------------+--------------+--------------+--------------+--------------+--------------+--------------+--------------+--------------+--------------+--------------+
|                   Event                  | Counter |    Core 0    |    Core 1    |    Core 2    |    Core 3    |    Core 4    |    Core 5    |    Core 6    |    Core 7    |    Core 8    |    Core 9    |    Core 10   |    Core 11   |    Core 12   |    Core 13   |    Core 14   |    Core 15   |    Core 16   |    Core 17   |    Core 18   |    Core 19   |    Core 20   |
+------------------------------------------+---------+--------------+--------------+--------------+--------------+--------------+--------------+--------------+--------------+--------------+--------------+--------------+--------------+--------------+--------------+--------------+--------------+--------------+--------------+--------------+--------------+--------------+
|             INSTR_RETIRED_ANY            |  FIXC0  | 106217100000 | 105764400000 | 105512800000 | 105070500000 | 104449200000 | 104234500000 | 104022300000 | 103880200000 | 103604200000 | 103480700000 | 103090700000 | 103023600000 | 102980100000 | 102550400000 | 102356500000 | 102522800000 | 102298600000 | 102624700000 | 102751200000 | 102557600000 | 105973500000 |
|           CPU_CLK_UNHALTED_CORE          |  FIXC1  |  57857010000 |  58072250000 |  58085080000 |  58082290000 |  58092010000 |  58097860000 |  58009770000 |  58101450000 |  58087410000 |  58094940000 |  58103060000 |  58104870000 |  57927660000 |  58056450000 |  58059040000 |  58069190000 |  58071570000 |  58071600000 |  58077410000 |  58075540000 |  52849260000 |
|           CPU_CLK_UNHALTED_REF           |  FIXC2  |  79185530000 |  79480030000 |  79497730000 |  79493590000 |  79507380000 |  79514860000 |  79395140000 |  79521140000 |  79501440000 |  79512140000 |  79523280000 |  79525420000 |  79283280000 |  79458970000 |  79449210000 |  79463100000 |  79466380000 |  79466360000 |  79474340000 |  79471810000 |  72319130000 |
|              PWR_PKG_ENERGY              |   PWR0  |    1974.7340 |            0 |            0 |            0 |            0 |            0 |            0 |            0 |            0 |            0 |            0 |            0 |            0 |            0 |    1545.3210 |            0 |            0 |            0 |            0 |            0 |            0 |
|              PWR_DRAM_ENERGY             |   PWR3  |     236.6022 |            0 |            0 |            0 |            0 |            0 |            0 |            0 |            0 |            0 |            0 |            0 |            0 |            0 |     177.8880 |            0 |            0 |            0 |            0 |            0 |            0 |
| FP_ARITH_INST_RETIRED_128B_PACKED_DOUBLE |   PMC0  |       218232 |            0 |            0 |            0 |            0 |            0 |            0 |            0 |            0 |            0 |            0 |            0 |            0 |            0 |            0 |            0 |            0 |            0 |            0 |            0 |            0 |
|    FP_ARITH_INST_RETIRED_SCALAR_DOUBLE   |   PMC1  |  31503430000 |  31476760000 |  31483950000 |  31256280000 |  30998130000 |  30945120000 |  30855240000 |  30823600000 |  30643130000 |  30536900000 |  30433810000 |  30393340000 |  30397010000 |  30420720000 |  30369710000 |  30406390000 |  30332950000 |  30509260000 |  30630320000 |  30462280000 |  30231410000 |
| FP_ARITH_INST_RETIRED_256B_PACKED_DOUBLE |   PMC2  |       302358 |            0 |            0 |            0 |            0 |            0 |            0 |            0 |            0 |            0 |            0 |            0 |            0 |            0 |            0 |            0 |            0 |            0 |            0 |            0 |            0 |
| FP_ARITH_INST_RETIRED_512B_PACKED_DOUBLE |   PMC3  |      2178750 |            0 |            0 |            0 |            0 |            0 |            0 |            0 |            0 |            0 |            0 |            0 |            0 |            0 |            0 |            0 |            0 |            0 |            0 |            0 |            0 |
|               CAS_COUNT_RD               | MBOX0C0 |    395678600 |            0 |            0 |            0 |            0 |            0 |            0 |            0 |            0 |            0 |            0 |            0 |            0 |            0 |    175507600 |            0 |            0 |            0 |            0 |            0 |            0 |
|               CAS_COUNT_WR               | MBOX0C1 |    207733700 |            0 |            0 |            0 |            0 |            0 |            0 |            0 |            0 |            0 |            0 |            0 |            0 |            0 |     95307420 |            0 |            0 |            0 |            0 |            0 |            0 |
|               CAS_COUNT_RD               | MBOX1C0 |    395767200 |            0 |            0 |            0 |            0 |            0 |            0 |            0 |            0 |            0 |            0 |            0 |            0 |            0 |    175381600 |            0 |            0 |            0 |            0 |            0 |            0 |
|               CAS_COUNT_WR               | MBOX1C1 |    208100100 |            0 |            0 |            0 |            0 |            0 |            0 |            0 |            0 |            0 |            0 |            0 |            0 |            0 |     95080670 |            0 |            0 |            0 |            0 |            0 |            0 |
|               CAS_COUNT_RD               | MBOX2C0 |    395893600 |            0 |            0 |            0 |            0 |            0 |            0 |            0 |            0 |            0 |            0 |            0 |            0 |            0 |    175521000 |            0 |            0 |            0 |            0 |            0 |            0 |
|               CAS_COUNT_WR               | MBOX2C1 |    207957000 |            0 |            0 |            0 |            0 |            0 |            0 |            0 |            0 |            0 |            0 |            0 |            0 |            0 |     95191520 |            0 |            0 |            0 |            0 |            0 |            0 |
|               CAS_COUNT_RD               | MBOX3C0 |    393875000 |            0 |            0 |            0 |            0 |            0 |            0 |            0 |            0 |            0 |            0 |            0 |            0 |            0 |    174366400 |            0 |            0 |            0 |            0 |            0 |            0 |
|               CAS_COUNT_WR               | MBOX3C1 |    207257500 |            0 |            0 |            0 |            0 |            0 |            0 |            0 |            0 |            0 |            0 |            0 |            0 |            0 |     94286390 |            0 |            0 |            0 |            0 |            0 |            0 |
|               CAS_COUNT_RD               | MBOX4C0 |    393911800 |            0 |            0 |            0 |            0 |            0 |            0 |            0 |            0 |            0 |            0 |            0 |            0 |            0 |    174485200 |            0 |            0 |            0 |            0 |            0 |            0 |
|               CAS_COUNT_WR               | MBOX4C1 |    207501500 |            0 |            0 |            0 |            0 |            0 |            0 |            0 |            0 |            0 |            0 |            0 |            0 |            0 |     94718820 |            0 |            0 |            0 |            0 |            0 |            0 |
|               CAS_COUNT_RD               | MBOX5C0 |    393724900 |            0 |            0 |            0 |            0 |            0 |            0 |            0 |            0 |            0 |            0 |            0 |            0 |            0 |    174194200 |            0 |            0 |            0 |            0 |            0 |            0 |
|               CAS_COUNT_WR               | MBOX5C1 |    207343600 |            0 |            0 |            0 |            0 |            0 |            0 |            0 |            0 |            0 |            0 |            0 |            0 |            0 |     94188480 |            0 |            0 |            0 |            0 |            0 |            0 |
+------------------------------------------+---------+--------------+--------------+--------------+--------------+--------------+--------------+--------------+--------------+--------------+--------------+--------------+--------------+--------------+--------------+--------------+--------------+--------------+--------------+--------------+--------------+--------------+
+-----------------------------------------------+---------+---------------+--------------+--------------+--------------+
|                     Event                     | Counter |      Sum      |      Min     |      Max     |      Avg     |
+-----------------------------------------------+---------+---------------+--------------+--------------+--------------+
|             INSTR_RETIRED_ANY STAT            |  FIXC0  | 2178965600000 | 102298600000 | 106217100000 | 1.037603e+11 |
|           CPU_CLK_UNHALTED_CORE STAT          |  FIXC1  | 1214045720000 |  52849260000 |  58104870000 | 5.781170e+10 |
|           CPU_CLK_UNHALTED_REF STAT           |  FIXC2  | 1661510260000 |  72319130000 |  79525420000 | 7.911954e+10 |
|              PWR_PKG_ENERGY STAT              |   PWR0  |     3520.0550 |            0 |    1974.7340 |     167.6217 |
|              PWR_DRAM_ENERGY STAT             |   PWR3  |      414.4902 |            0 |     236.6022 |      19.7376 |
| FP_ARITH_INST_RETIRED_128B_PACKED_DOUBLE STAT |   PMC0  |        218232 |            0 |       218232 |        10392 |
|    FP_ARITH_INST_RETIRED_SCALAR_DOUBLE STAT   |   PMC1  |  645109740000 |  30231410000 |  31503430000 | 3.071951e+10 |
| FP_ARITH_INST_RETIRED_256B_PACKED_DOUBLE STAT |   PMC2  |        302358 |            0 |       302358 |        14398 |
| FP_ARITH_INST_RETIRED_512B_PACKED_DOUBLE STAT |   PMC3  |       2178750 |            0 |      2178750 |       103750 |
|               CAS_COUNT_RD STAT               | MBOX0C0 |     571186200 |            0 |    395678600 | 2.719934e+07 |
|               CAS_COUNT_WR STAT               | MBOX0C1 |     303041120 |            0 |    207733700 | 1.443053e+07 |
|               CAS_COUNT_RD STAT               | MBOX1C0 |     571148800 |            0 |    395767200 | 2.719756e+07 |
|               CAS_COUNT_WR STAT               | MBOX1C1 |     303180770 |            0 |    208100100 | 1.443718e+07 |
|               CAS_COUNT_RD STAT               | MBOX2C0 |     571414600 |            0 |    395893600 | 2.721022e+07 |
|               CAS_COUNT_WR STAT               | MBOX2C1 |     303148520 |            0 |    207957000 | 1.443564e+07 |
|               CAS_COUNT_RD STAT               | MBOX3C0 |     568241400 |            0 |    393875000 | 2.705911e+07 |
|               CAS_COUNT_WR STAT               | MBOX3C1 |     301543890 |            0 |    207257500 | 1.435923e+07 |
|               CAS_COUNT_RD STAT               | MBOX4C0 |     568397000 |            0 |    393911800 | 2.706652e+07 |
|               CAS_COUNT_WR STAT               | MBOX4C1 |     302220320 |            0 |    207501500 | 1.439144e+07 |
|               CAS_COUNT_RD STAT               | MBOX5C0 |     567919100 |            0 |    393724900 | 2.704377e+07 |
|               CAS_COUNT_WR STAT               | MBOX5C1 |     301532080 |            0 |    207343600 | 1.435867e+07 |
+-----------------------------------------------+---------+---------------+--------------+--------------+--------------+
+-----------------------------------+-----------+-----------+-----------+-----------+-----------+-----------+-----------+-----------+-----------+-----------+-----------+-----------+-----------+-----------+-----------+-----------+-----------+-----------+-----------+-----------+-----------+
|               Metric              |   Core 0  |   Core 1  |   Core 2  |   Core 3  |   Core 4  |   Core 5  |   Core 6  |   Core 7  |   Core 8  |   Core 9  |  Core 10  |  Core 11  |  Core 12  |  Core 13  |  Core 14  |  Core 15  |  Core 16  |  Core 17  |  Core 18  |  Core 19  |  Core 20  |
+-----------------------------------+-----------+-----------+-----------+-----------+-----------+-----------+-----------+-----------+-----------+-----------+-----------+-----------+-----------+-----------+-----------+-----------+-----------+-----------+-----------+-----------+-----------+
|        Runtime (RDTSC) [s]        |   30.9518 |   30.9528 |   30.9528 |   30.9528 |   30.9528 |   30.9528 |   30.9528 |   30.9528 |   30.9528 |   30.9528 |   30.9528 |   30.9528 |   30.9528 |   30.9528 |   30.9517 |   30.9528 |   30.9528 |   30.9528 |   30.9528 |   30.9528 |   30.9528 |
|        Runtime unhalted [s]       |   22.3063 |   22.3893 |   22.3943 |   22.3932 |   22.3969 |   22.3992 |   22.3652 |   22.4006 |   22.3952 |   22.3981 |   22.4012 |   22.4019 |   22.3336 |   22.3832 |   22.3842 |   22.3882 |   22.3891 |   22.3891 |   22.3913 |   22.3906 |   20.3756 |
|            Clock [MHz]            | 1895.1243 | 1895.1264 | 1895.1230 | 1895.1307 | 1895.1191 | 1895.1316 | 1895.1115 | 1895.0991 | 1895.1106 | 1895.1012 | 1895.1006 | 1895.1086 | 1895.0991 | 1895.1129 | 1895.4303 | 1895.4303 | 1895.4297 | 1895.4312 | 1895.4305 | 1895.4298 | 1895.4541 |
|                CPI                |    0.5447 |    0.5491 |    0.5505 |    0.5528 |    0.5562 |    0.5574 |    0.5577 |    0.5593 |    0.5607 |    0.5614 |    0.5636 |    0.5640 |    0.5625 |    0.5661 |    0.5672 |    0.5664 |    0.5677 |    0.5659 |    0.5652 |    0.5663 |    0.4987 |
|             Energy [J]            | 1974.7340 |         0 |         0 |         0 |         0 |         0 |         0 |         0 |         0 |         0 |         0 |         0 |         0 |         0 | 1545.3210 |         0 |         0 |         0 |         0 |         0 |         0 |
|             Power [W]             |   63.8004 |         0 |         0 |         0 |         0 |         0 |         0 |         0 |         0 |         0 |         0 |         0 |         0 |         0 |   49.9268 |         0 |         0 |         0 |         0 |         0 |         0 |
|          Energy DRAM [J]          |  236.6022 |         0 |         0 |         0 |         0 |         0 |         0 |         0 |         0 |         0 |         0 |         0 |         0 |         0 |  177.8880 |         0 |         0 |         0 |         0 |         0 |         0 |
|           Power DRAM [W]          |    7.6442 |         0 |         0 |         0 |         0 |         0 |         0 |         0 |         0 |         0 |         0 |         0 |         0 |         0 |    5.7473 |         0 |         0 |         0 |         0 |         0 |         0 |
|            DP [MFLOP/s]           | 1018.4402 | 1016.9290 | 1017.1613 | 1009.8059 | 1001.4658 |  999.7532 |  996.8491 |  995.8272 |  989.9967 |  986.5644 |  983.2341 |  981.9267 |  982.0449 |  982.8109 |  981.1965 |  982.3483 |  979.9756 |  985.6717 |  989.5828 |  984.1539 |  976.6951 |
|          AVX DP [MFLOP/s]         |    0.6022 |         0 |         0 |         0 |         0 |         0 |         0 |         0 |         0 |         0 |         0 |         0 |         0 |         0 |         0 |         0 |         0 |         0 |         0 |         0 |         0 |
|          Packed [MUOPS/s]         |    0.0872 |         0 |         0 |         0 |         0 |         0 |         0 |         0 |         0 |         0 |         0 |         0 |         0 |         0 |         0 |         0 |         0 |         0 |         0 |         0 |         0 |
|          Scalar [MUOPS/s]         | 1017.8239 | 1016.9290 | 1017.1613 | 1009.8059 | 1001.4658 |  999.7532 |  996.8491 |  995.8272 |  989.9967 |  986.5644 |  983.2341 |  981.9267 |  982.0449 |  982.8109 |  981.1965 |  982.3483 |  979.9756 |  985.6717 |  989.5828 |  984.1539 |  976.6951 |
|  Memory read bandwidth [MBytes/s] | 4898.1550 |         0 |         0 |         0 |         0 |         0 |         0 |         0 |         0 |         0 |         0 |         0 |         0 |         0 | 2169.9991 |         0 |         0 |         0 |         0 |         0 |         0 |
|  Memory read data volume [GBytes] |  151.6065 |         0 |         0 |         0 |         0 |         0 |         0 |         0 |         0 |         0 |         0 |         0 |         0 |         0 |   67.1652 |         0 |         0 |         0 |         0 |         0 |         0 |
| Memory write bandwidth [MBytes/s] | 2576.1767 |         0 |         0 |         0 |         0 |         0 |         0 |         0 |         0 |         0 |         0 |         0 |         0 |         0 | 1176.0737 |         0 |         0 |         0 |         0 |         0 |         0 |
| Memory write data volume [GBytes] |   79.7372 |         0 |         0 |         0 |         0 |         0 |         0 |         0 |         0 |         0 |         0 |         0 |         0 |         0 |   36.4015 |         0 |         0 |         0 |         0 |         0 |         0 |
|    Memory bandwidth [MBytes/s]    | 7474.3318 |         0 |         0 |         0 |         0 |         0 |         0 |         0 |         0 |         0 |         0 |         0 |         0 |         0 | 3346.0728 |         0 |         0 |         0 |         0 |         0 |         0 |
|    Memory data volume [GBytes]    |  231.3436 |         0 |         0 |         0 |         0 |         0 |         0 |         0 |         0 |         0 |         0 |         0 |         0 |         0 |  103.5667 |         0 |         0 |         0 |         0 |         0 |         0 |
|       Operational intensity       |    0.1363 |    0.1361 |    0.1361 |    0.1351 |    0.1340 |    0.1338 |    0.1334 |    0.1332 |    0.1325 |    0.1320 |    0.1316 |    0.1314 |    0.1314 |    0.1315 |    0.2932 |    0.2936 |    0.2929 |    0.2946 |    0.2958 |    0.2941 |    0.2919 |
+-----------------------------------+-----------+-----------+-----------+-----------+-----------+-----------+-----------+-----------+-----------+-----------+-----------+-----------+-----------+-----------+-----------+-----------+-----------+-----------+-----------+-----------+-----------+
+----------------------------------------+------------+-----------+-----------+-----------+
|                 Metric                 |     Sum    |    Min    |    Max    |    Avg    |
+----------------------------------------+------------+-----------+-----------+-----------+
|        Runtime (RDTSC) [s] STAT        |   650.0067 |   30.9517 |   30.9528 |   30.9527 |
|        Runtime unhalted [s] STAT       |   468.0663 |   20.3756 |   22.4019 |   22.2889 |
|            Clock [MHz] STAT            | 39799.6346 | 1895.0991 | 1895.4541 | 1895.2207 |
|                CPI STAT                |    11.7034 |    0.4987 |    0.5677 |    0.5573 |
|             Energy [J] STAT            |  3520.0550 |         0 | 1974.7340 |  167.6217 |
|             Power [W] STAT             |   113.7272 |         0 |   63.8004 |    5.4156 |
|          Energy DRAM [J] STAT          |   414.4902 |         0 |  236.6022 |   19.7376 |
|           Power DRAM [W] STAT          |    13.3915 |         0 |    7.6442 |    0.6377 |
|            DP [MFLOP/s] STAT           | 20842.4333 |  976.6951 | 1018.4402 |  992.4968 |
|          AVX DP [MFLOP/s] STAT         |     0.6022 |         0 |    0.6022 |    0.0287 |
|          Packed [MUOPS/s] STAT         |     0.0872 |         0 |    0.0872 |    0.0042 |
|          Scalar [MUOPS/s] STAT         | 20841.8170 |  976.6951 | 1017.8239 |  992.4675 |
|  Memory read bandwidth [MBytes/s] STAT |  7068.1541 |         0 | 4898.1550 |  336.5788 |
|  Memory read data volume [GBytes] STAT |   218.7717 |         0 |  151.6065 |   10.4177 |
| Memory write bandwidth [MBytes/s] STAT |  3752.2504 |         0 | 2576.1767 |  178.6786 |
| Memory write data volume [GBytes] STAT |   116.1387 |         0 |   79.7372 |    5.5304 |
|    Memory bandwidth [MBytes/s] STAT    | 10820.4046 |         0 | 7474.3318 |  515.2574 |
|    Memory data volume [GBytes] STAT    |   334.9103 |         0 |  231.3436 |   15.9481 |
|       Operational intensity STAT       |     3.9245 |    0.1314 |    0.2958 |    0.1869 |
+----------------------------------------+------------+-----------+-----------+-----------+
