--------------------------------------------------------------------------------
CPU name:	Intel(R) Xeon(R) Gold 6132 CPU @ 2.60GHz
CPU type:	Intel Skylake SP processor
CPU clock:	2.59 GHz
--------------------------------------------------------------------------------
Region Setup, Group 1: MEM_DP
+-------------------+----------+----------+----------+----------+----------+----------+----------+----------+----------+----------+----------+----------+----------+----------+----------+
|    Region Info    |  Core 0  |  Core 1  |  Core 2  |  Core 3  |  Core 4  |  Core 5  |  Core 6  |  Core 7  |  Core 8  |  Core 9  |  Core 10 |  Core 11 |  Core 12 |  Core 13 |  Core 14 |
+-------------------+----------+----------+----------+----------+----------+----------+----------+----------+----------+----------+----------+----------+----------+----------+----------+
| RDTSC Runtime [s] | 0.859693 | 0.861632 | 0.861660 | 0.861641 | 0.861608 | 0.861654 | 0.861665 | 0.861641 | 0.861645 | 0.861634 | 0.861653 | 0.861647 | 0.861647 | 0.861642 | 0.859709 |
|     call count    |        2 |        2 |        2 |        2 |        2 |        2 |        2 |        2 |        2 |        2 |        2 |        2 |        2 |        2 |        2 |
+-------------------+----------+----------+----------+----------+----------+----------+----------+----------+----------+----------+----------+----------+----------+----------+----------+
+------------------------------------------+---------+------------+-----------+-----------+-----------+-----------+-----------+-----------+-----------+-----------+-----------+-----------+-----------+-----------+-----------+-----------+
|                   Event                  | Counter |   Core 0   |   Core 1  |   Core 2  |   Core 3  |   Core 4  |   Core 5  |   Core 6  |   Core 7  |   Core 8  |   Core 9  |  Core 10  |  Core 11  |  Core 12  |  Core 13  |  Core 14  |
+------------------------------------------+---------+------------+-----------+-----------+-----------+-----------+-----------+-----------+-----------+-----------+-----------+-----------+-----------+-----------+-----------+-----------+
|             INSTR_RETIRED_ANY            |  FIXC0  | 1130451000 | 658817200 | 657616200 | 657296000 | 655742100 | 654716400 | 654491100 | 653341000 | 648815600 | 647766900 | 646607400 | 645972500 | 645974100 | 645516300 | 644824100 |
|           CPU_CLK_UNHALTED_CORE          |  FIXC1  |  647462900 | 505034200 | 507422100 | 505979300 | 508241600 | 506333500 | 507333300 | 510085800 | 507097300 | 511571700 | 510348800 | 511983000 | 512949000 | 515940800 | 504357000 |
|           CPU_CLK_UNHALTED_REF           |  FIXC2  |  885895600 | 691101300 | 694373500 | 692395800 | 695486500 | 692879500 | 694243900 | 698011400 | 693919800 | 700048400 | 698370600 | 700608300 | 701936900 | 706029900 | 691781900 |
|              PWR_PKG_ENERGY              |   PWR0  |    35.7791 |         0 |         0 |         0 |         0 |         0 |         0 |         0 |         0 |         0 |         0 |         0 |         0 |         0 |   26.0992 |
|              PWR_DRAM_ENERGY             |   PWR3  |     4.5795 |         0 |         0 |         0 |         0 |         0 |         0 |         0 |         0 |         0 |         0 |         0 |         0 |         0 |    2.8877 |
| FP_ARITH_INST_RETIRED_128B_PACKED_DOUBLE |   PMC0  |     122920 |         0 |         0 |         0 |         0 |         0 |         0 |         0 |         0 |         0 |         0 |         0 |         0 |         0 |         0 |
|    FP_ARITH_INST_RETIRED_SCALAR_DOUBLE   |   PMC1  |  225947400 | 189623200 | 189319000 | 189215200 | 188734900 | 188411000 | 188383800 | 187962600 | 186964700 | 186527900 | 186213900 | 185974200 | 185972400 | 185804700 | 185670200 |
| FP_ARITH_INST_RETIRED_256B_PACKED_DOUBLE |   PMC2  |      81488 |         0 |         0 |         0 |         0 |         0 |         0 |         0 |         0 |         0 |         0 |         0 |         0 |         0 |         0 |
| FP_ARITH_INST_RETIRED_512B_PACKED_DOUBLE |   PMC3  |    1080242 |         0 |         0 |         0 |         0 |         0 |         0 |         0 |         0 |         0 |         0 |         0 |         0 |         0 |         0 |
|               CAS_COUNT_RD               | MBOX0C0 |    1718939 |         0 |         0 |         0 |         0 |         0 |         0 |         0 |         0 |         0 |         0 |         0 |         0 |         0 |     54703 |
|               CAS_COUNT_WR               | MBOX0C1 |    2953848 |         0 |         0 |         0 |         0 |         0 |         0 |         0 |         0 |         0 |         0 |         0 |         0 |         0 |     70469 |
|               CAS_COUNT_RD               | MBOX1C0 |    1713553 |         0 |         0 |         0 |         0 |         0 |         0 |         0 |         0 |         0 |         0 |         0 |         0 |         0 |     62351 |
|               CAS_COUNT_WR               | MBOX1C1 |    2945769 |         0 |         0 |         0 |         0 |         0 |         0 |         0 |         0 |         0 |         0 |         0 |         0 |         0 |     80126 |
|               CAS_COUNT_RD               | MBOX2C0 |    1700164 |         0 |         0 |         0 |         0 |         0 |         0 |         0 |         0 |         0 |         0 |         0 |         0 |         0 |     60049 |
|               CAS_COUNT_WR               | MBOX2C1 |    2930657 |         0 |         0 |         0 |         0 |         0 |         0 |         0 |         0 |         0 |         0 |         0 |         0 |         0 |     78674 |
|               CAS_COUNT_RD               | MBOX3C0 |    1628849 |         0 |         0 |         0 |         0 |         0 |         0 |         0 |         0 |         0 |         0 |         0 |         0 |         0 |     42935 |
|               CAS_COUNT_WR               | MBOX3C1 |    3036095 |         0 |         0 |         0 |         0 |         0 |         0 |         0 |         0 |         0 |         0 |         0 |         0 |         0 |     60110 |
|               CAS_COUNT_RD               | MBOX4C0 |    1535983 |         0 |         0 |         0 |         0 |         0 |         0 |         0 |         0 |         0 |         0 |         0 |         0 |         0 |     49917 |
|               CAS_COUNT_WR               | MBOX4C1 |    2918999 |         0 |         0 |         0 |         0 |         0 |         0 |         0 |         0 |         0 |         0 |         0 |         0 |         0 |     68251 |
|               CAS_COUNT_RD               | MBOX5C0 |    1519584 |         0 |         0 |         0 |         0 |         0 |         0 |         0 |         0 |         0 |         0 |         0 |         0 |         0 |     43544 |
|               CAS_COUNT_WR               | MBOX5C1 |    2897170 |         0 |         0 |         0 |         0 |         0 |         0 |         0 |         0 |         0 |         0 |         0 |         0 |         0 |     61273 |
+------------------------------------------+---------+------------+-----------+-----------+-----------+-----------+-----------+-----------+-----------+-----------+-----------+-----------+-----------+-----------+-----------+-----------+
+-----------------------------------------------+---------+-------------+-----------+------------+--------------+
|                     Event                     | Counter |     Sum     |    Min    |     Max    |      Avg     |
+-----------------------------------------------+---------+-------------+-----------+------------+--------------+
|             INSTR_RETIRED_ANY STAT            |  FIXC0  | 10247947900 | 644824100 | 1130451000 | 6.831965e+08 |
|           CPU_CLK_UNHALTED_CORE STAT          |  FIXC1  |  7772140300 | 504357000 |  647462900 | 5.181427e+08 |
|           CPU_CLK_UNHALTED_REF STAT           |  FIXC2  | 10637083300 | 691101300 |  885895600 | 7.091389e+08 |
|              PWR_PKG_ENERGY STAT              |   PWR0  |     61.8783 |         0 |    35.7791 |       4.1252 |
|              PWR_DRAM_ENERGY STAT             |   PWR3  |      7.4672 |         0 |     4.5795 |       0.4978 |
| FP_ARITH_INST_RETIRED_128B_PACKED_DOUBLE STAT |   PMC0  |      122920 |         0 |     122920 |    8194.6667 |
|    FP_ARITH_INST_RETIRED_SCALAR_DOUBLE STAT   |   PMC1  |  2850725100 | 185670200 |  225947400 |    190048340 |
| FP_ARITH_INST_RETIRED_256B_PACKED_DOUBLE STAT |   PMC2  |       81488 |         0 |      81488 |    5432.5333 |
| FP_ARITH_INST_RETIRED_512B_PACKED_DOUBLE STAT |   PMC3  |     1080242 |         0 |    1080242 |   72016.1333 |
|               CAS_COUNT_RD STAT               | MBOX0C0 |     1773642 |         0 |    1718939 |  118242.8000 |
|               CAS_COUNT_WR STAT               | MBOX0C1 |     3024317 |         0 |    2953848 |  201621.1333 |
|               CAS_COUNT_RD STAT               | MBOX1C0 |     1775904 |         0 |    1713553 |  118393.6000 |
|               CAS_COUNT_WR STAT               | MBOX1C1 |     3025895 |         0 |    2945769 |  201726.3333 |
|               CAS_COUNT_RD STAT               | MBOX2C0 |     1760213 |         0 |    1700164 |  117347.5333 |
|               CAS_COUNT_WR STAT               | MBOX2C1 |     3009331 |         0 |    2930657 |  200622.0667 |
|               CAS_COUNT_RD STAT               | MBOX3C0 |     1671784 |         0 |    1628849 |  111452.2667 |
|               CAS_COUNT_WR STAT               | MBOX3C1 |     3096205 |         0 |    3036095 |  206413.6667 |
|               CAS_COUNT_RD STAT               | MBOX4C0 |     1585900 |         0 |    1535983 |  105726.6667 |
|               CAS_COUNT_WR STAT               | MBOX4C1 |     2987250 |         0 |    2918999 |       199150 |
|               CAS_COUNT_RD STAT               | MBOX5C0 |     1563128 |         0 |    1519584 |  104208.5333 |
|               CAS_COUNT_WR STAT               | MBOX5C1 |     2958443 |         0 |    2897170 |  197229.5333 |
+-----------------------------------------------+---------+-------------+-----------+------------+--------------+
+-----------------------------------+-----------+-----------+-----------+-----------+-----------+-----------+-----------+-----------+-----------+-----------+-----------+-----------+-----------+-----------+-----------+
|               Metric              |   Core 0  |   Core 1  |   Core 2  |   Core 3  |   Core 4  |   Core 5  |   Core 6  |   Core 7  |   Core 8  |   Core 9  |  Core 10  |  Core 11  |  Core 12  |  Core 13  |  Core 14  |
+-----------------------------------+-----------+-----------+-----------+-----------+-----------+-----------+-----------+-----------+-----------+-----------+-----------+-----------+-----------+-----------+-----------+
|        Runtime (RDTSC) [s]        |    0.8597 |    0.8616 |    0.8617 |    0.8616 |    0.8616 |    0.8617 |    0.8617 |    0.8616 |    0.8616 |    0.8616 |    0.8617 |    0.8616 |    0.8616 |    0.8616 |    0.8597 |
|        Runtime unhalted [s]       |    0.2496 |    0.1947 |    0.1956 |    0.1951 |    0.1959 |    0.1952 |    0.1956 |    0.1967 |    0.1955 |    0.1972 |    0.1968 |    0.1974 |    0.1978 |    0.1989 |    0.1944 |
|            Clock [MHz]            | 1895.6736 | 1895.4411 | 1895.4287 | 1895.4378 | 1895.4517 | 1895.4405 | 1895.4508 | 1895.4483 | 1895.4539 | 1895.4383 | 1895.4501 | 1895.4463 | 1895.4282 | 1895.4311 | 1891.0372 |
|                CPI                |    0.5727 |    0.7666 |    0.7716 |    0.7698 |    0.7751 |    0.7734 |    0.7752 |    0.7807 |    0.7816 |    0.7897 |    0.7893 |    0.7926 |    0.7941 |    0.7993 |    0.7822 |
|             Energy [J]            |   35.7791 |         0 |         0 |         0 |         0 |         0 |         0 |         0 |         0 |         0 |         0 |         0 |         0 |         0 |   26.0992 |
|             Power [W]             |   41.6185 |         0 |         0 |         0 |         0 |         0 |         0 |         0 |         0 |         0 |         0 |         0 |         0 |         0 |   30.3582 |
|          Energy DRAM [J]          |    4.5795 |         0 |         0 |         0 |         0 |         0 |         0 |         0 |         0 |         0 |         0 |         0 |         0 |         0 |    2.8877 |
|           Power DRAM [W]          |    5.3269 |         0 |         0 |         0 |         0 |         0 |         0 |         0 |         0 |         0 |         0 |         0 |         0 |         0 |    3.3590 |
|            DP [MFLOP/s]           |  273.5409 |  220.0745 |  219.7142 |  219.5985 |  219.0496 |  218.6620 |  218.6277 |  218.1448 |  216.9857 |  216.4816 |  216.1125 |  215.8358 |  215.8336 |  215.6403 |  215.9686 |
|          AVX DP [MFLOP/s]         |   10.4315 |         0 |         0 |         0 |         0 |         0 |         0 |         0 |         0 |         0 |         0 |         0 |         0 |         0 |         0 |
|          Packed [MUOPS/s]         |    1.4943 |         0 |         0 |         0 |         0 |         0 |         0 |         0 |         0 |         0 |         0 |         0 |         0 |         0 |         0 |
|          Scalar [MUOPS/s]         |  262.8234 |  220.0745 |  219.7142 |  219.5985 |  219.0496 |  218.6620 |  218.6277 |  218.1448 |  216.9857 |  216.4816 |  216.1125 |  215.8358 |  215.8336 |  215.6403 |  215.9686 |
|  Memory read bandwidth [MBytes/s] |  730.8338 |         0 |         0 |         0 |         0 |         0 |         0 |         0 |         0 |         0 |         0 |         0 |         0 |         0 |   23.3380 |
|  Memory read data volume [GBytes] |    0.6283 |         0 |         0 |         0 |         0 |         0 |         0 |         0 |         0 |         0 |         0 |         0 |         0 |         0 |    0.0201 |
| Memory write bandwidth [MBytes/s] | 1316.3799 |         0 |         0 |         0 |         0 |         0 |         0 |         0 |         0 |         0 |         0 |         0 |         0 |         0 |   31.1847 |
| Memory write data volume [GBytes] |    1.1317 |         0 |         0 |         0 |         0 |         0 |         0 |         0 |         0 |         0 |         0 |         0 |         0 |         0 |    0.0268 |
|    Memory bandwidth [MBytes/s]    | 2047.2137 |         0 |         0 |         0 |         0 |         0 |         0 |         0 |         0 |         0 |         0 |         0 |         0 |         0 |   54.5228 |
|    Memory data volume [GBytes]    |    1.7600 |         0 |         0 |         0 |         0 |         0 |         0 |         0 |         0 |         0 |         0 |         0 |         0 |         0 |    0.0469 |
|       Operational intensity       |    0.1336 |    0.1077 |    0.1076 |    0.1075 |    0.1072 |    0.1071 |    0.1070 |    0.1068 |    0.1062 |    0.1060 |    0.1058 |    0.1057 |    0.1057 |    0.1056 |    3.9611 |
+-----------------------------------+-----------+-----------+-----------+-----------+-----------+-----------+-----------+-----------+-----------+-----------+-----------+-----------+-----------+-----------+-----------+
+----------------------------------------+------------+-----------+-----------+-----------+
|                 Metric                 |     Sum    |    Min    |    Max    |    Avg    |
+----------------------------------------+------------+-----------+-----------+-----------+
|        Runtime (RDTSC) [s] STAT        |    12.9206 |    0.8597 |    0.8617 |    0.8614 |
|        Runtime unhalted [s] STAT       |     2.9964 |    0.1944 |    0.2496 |    0.1998 |
|            Clock [MHz] STAT            | 28427.4576 | 1891.0372 | 1895.6736 | 1895.1638 |
|                CPI STAT                |    11.5139 |    0.5727 |    0.7993 |    0.7676 |
|             Energy [J] STAT            |    61.8783 |         0 |   35.7791 |    4.1252 |
|             Power [W] STAT             |    71.9767 |         0 |   41.6185 |    4.7984 |
|          Energy DRAM [J] STAT          |     7.4672 |         0 |    4.5795 |    0.4978 |
|           Power DRAM [W] STAT          |     8.6859 |         0 |    5.3269 |    0.5791 |
|            DP [MFLOP/s] STAT           |  3320.2703 |  215.6403 |  273.5409 |  221.3514 |
|          AVX DP [MFLOP/s] STAT         |    10.4315 |         0 |   10.4315 |    0.6954 |
|          Packed [MUOPS/s] STAT         |     1.4943 |         0 |    1.4943 |    0.0996 |
|          Scalar [MUOPS/s] STAT         |  3309.5528 |  215.6403 |  262.8234 |  220.6369 |
|  Memory read bandwidth [MBytes/s] STAT |   754.1718 |         0 |  730.8338 |   50.2781 |
|  Memory read data volume [GBytes] STAT |     0.6484 |         0 |    0.6283 |    0.0432 |
| Memory write bandwidth [MBytes/s] STAT |  1347.5646 |         0 | 1316.3799 |   89.8376 |
| Memory write data volume [GBytes] STAT |     1.1585 |         0 |    1.1317 |    0.0772 |
|    Memory bandwidth [MBytes/s] STAT    |  2101.7365 |         0 | 2047.2137 |  140.1158 |
|    Memory data volume [GBytes] STAT    |     1.8069 |         0 |    1.7600 |    0.1205 |
|       Operational intensity STAT       |     5.4806 |    0.1056 |    3.9611 |    0.3654 |
+----------------------------------------+------------+-----------+-----------+-----------+
--------------------------------------------------------------------------------
CPU name:	Intel(R) Xeon(R) Gold 6132 CPU @ 2.60GHz
CPU type:	Intel Skylake SP processor
CPU clock:	2.59 GHz
--------------------------------------------------------------------------------
Region Solve, Group 1: MEM_DP
+-------------------+-----------+-----------+-----------+-----------+-----------+-----------+-----------+-----------+-----------+-----------+-----------+-----------+-----------+-----------+-----------+
|    Region Info    |   Core 0  |   Core 1  |   Core 2  |   Core 3  |   Core 4  |   Core 5  |   Core 6  |   Core 7  |   Core 8  |   Core 9  |  Core 10  |  Core 11  |  Core 12  |  Core 13  |  Core 14  |
+-------------------+-----------+-----------+-----------+-----------+-----------+-----------+-----------+-----------+-----------+-----------+-----------+-----------+-----------+-----------+-----------+
| RDTSC Runtime [s] | 41.610090 | 41.611160 | 41.611150 | 41.611160 | 41.611160 | 41.611160 | 41.611150 | 41.611150 | 41.611160 | 41.611150 | 41.611160 | 41.611150 | 41.611160 | 41.611160 | 41.610080 |
|     call count    |         1 |         1 |         1 |         1 |         1 |         1 |         1 |         1 |         1 |         1 |         1 |         1 |         1 |         1 |         1 |
+-------------------+-----------+-----------+-----------+-----------+-----------+-----------+-----------+-----------+-----------+-----------+-----------+-----------+-----------+-----------+-----------+
+------------------------------------------+---------+--------------+--------------+--------------+--------------+--------------+--------------+--------------+--------------+--------------+--------------+--------------+--------------+--------------+--------------+--------------+
|                   Event                  | Counter |    Core 0    |    Core 1    |    Core 2    |    Core 3    |    Core 4    |    Core 5    |    Core 6    |    Core 7    |    Core 8    |    Core 9    |    Core 10   |    Core 11   |    Core 12   |    Core 13   |    Core 14   |
+------------------------------------------+---------+--------------+--------------+--------------+--------------+--------------+--------------+--------------+--------------+--------------+--------------+--------------+--------------+--------------+--------------+--------------+
|             INSTR_RETIRED_ANY            |  FIXC0  | 147262600000 | 147241100000 | 146906600000 | 146269100000 | 145072600000 | 145269200000 | 144849500000 | 144031300000 | 143716000000 | 143714000000 | 143185100000 | 143540000000 | 144047300000 | 143851500000 | 147148200000 |
|           CPU_CLK_UNHALTED_CORE          |  FIXC1  |  77918260000 |  78105150000 |  78121130000 |  78143270000 |  78135520000 |  78148250000 |  78051390000 |  78146000000 |  78130300000 |  78145060000 |  78137770000 |  78123750000 |  77934470000 |  78124110000 |  72880440000 |
|           CPU_CLK_UNHALTED_REF           |  FIXC2  | 106637000000 | 106893900000 | 106914800000 | 106945000000 | 106934400000 | 106951600000 | 106819000000 | 106948700000 | 106926700000 | 106948200000 | 106938200000 | 106919200000 | 106660300000 | 106919900000 |  99732050000 |
|              PWR_PKG_ENERGY              |   PWR0  |    2557.1880 |            0 |            0 |            0 |            0 |            0 |            0 |            0 |            0 |            0 |            0 |            0 |            0 |            0 |    1353.1540 |
|              PWR_DRAM_ENERGY             |   PWR3  |     336.5170 |            0 |            0 |            0 |            0 |            0 |            0 |            0 |            0 |            0 |            0 |            0 |            0 |            0 |     149.3786 |
| FP_ARITH_INST_RETIRED_128B_PACKED_DOUBLE |   PMC0  |       218232 |            0 |            0 |            0 |            0 |            0 |            0 |            0 |            0 |            0 |            0 |            0 |            0 |            0 |            0 |
|    FP_ARITH_INST_RETIRED_SCALAR_DOUBLE   |   PMC1  |  43720510000 |  43958390000 |  43794180000 |  43499720000 |  43150400000 |  43153880000 |  42803800000 |  42582990000 |  42459800000 |  42645740000 |  42532540000 |  42619560000 |  42834670000 |  42891590000 |  42461970000 |
| FP_ARITH_INST_RETIRED_256B_PACKED_DOUBLE |   PMC2  |       302358 |            0 |            0 |            0 |            0 |            0 |            0 |            0 |            0 |            0 |            0 |            0 |            0 |            0 |            0 |
| FP_ARITH_INST_RETIRED_512B_PACKED_DOUBLE |   PMC3  |      2178750 |            0 |            0 |            0 |            0 |            0 |            0 |            0 |            0 |            0 |            0 |            0 |            0 |            0 |            0 |
|               CAS_COUNT_RD               | MBOX0C0 |    589457300 |            0 |            0 |            0 |            0 |            0 |            0 |            0 |            0 |            0 |            0 |            0 |            0 |            0 |     16631860 |
|               CAS_COUNT_WR               | MBOX0C1 |    292416800 |            0 |            0 |            0 |            0 |            0 |            0 |            0 |            0 |            0 |            0 |            0 |            0 |            0 |      9382437 |
|               CAS_COUNT_RD               | MBOX1C0 |    589504500 |            0 |            0 |            0 |            0 |            0 |            0 |            0 |            0 |            0 |            0 |            0 |            0 |            0 |     16567260 |
|               CAS_COUNT_WR               | MBOX1C1 |    293062300 |            0 |            0 |            0 |            0 |            0 |            0 |            0 |            0 |            0 |            0 |            0 |            0 |            0 |      9218678 |
|               CAS_COUNT_RD               | MBOX2C0 |    589461000 |            0 |            0 |            0 |            0 |            0 |            0 |            0 |            0 |            0 |            0 |            0 |            0 |            0 |     16686160 |
|               CAS_COUNT_WR               | MBOX2C1 |    292522000 |            0 |            0 |            0 |            0 |            0 |            0 |            0 |            0 |            0 |            0 |            0 |            0 |            0 |      9396574 |
|               CAS_COUNT_RD               | MBOX3C0 |    586380900 |            0 |            0 |            0 |            0 |            0 |            0 |            0 |            0 |            0 |            0 |            0 |            0 |            0 |     16384140 |
|               CAS_COUNT_WR               | MBOX3C1 |    291784000 |            0 |            0 |            0 |            0 |            0 |            0 |            0 |            0 |            0 |            0 |            0 |            0 |            0 |      9107184 |
|               CAS_COUNT_RD               | MBOX4C0 |    585708700 |            0 |            0 |            0 |            0 |            0 |            0 |            0 |            0 |            0 |            0 |            0 |            0 |            0 |     16406350 |
|               CAS_COUNT_WR               | MBOX4C1 |    290993800 |            0 |            0 |            0 |            0 |            0 |            0 |            0 |            0 |            0 |            0 |            0 |            0 |            0 |      9111463 |
|               CAS_COUNT_RD               | MBOX5C0 |    586507700 |            0 |            0 |            0 |            0 |            0 |            0 |            0 |            0 |            0 |            0 |            0 |            0 |            0 |     16387700 |
|               CAS_COUNT_WR               | MBOX5C1 |    292070700 |            0 |            0 |            0 |            0 |            0 |            0 |            0 |            0 |            0 |            0 |            0 |            0 |            0 |      9097112 |
+------------------------------------------+---------+--------------+--------------+--------------+--------------+--------------+--------------+--------------+--------------+--------------+--------------+--------------+--------------+--------------+--------------+--------------+
+-----------------------------------------------+---------+---------------+--------------+--------------+--------------+
|                     Event                     | Counter |      Sum      |      Min     |      Max     |      Avg     |
+-----------------------------------------------+---------+---------------+--------------+--------------+--------------+
|             INSTR_RETIRED_ANY STAT            |  FIXC0  | 2176104100000 | 143185100000 | 147262600000 | 1.450736e+11 |
|           CPU_CLK_UNHALTED_CORE STAT          |  FIXC1  | 1166244870000 |  72880440000 |  78148250000 |  77749658000 |
|           CPU_CLK_UNHALTED_REF STAT           |  FIXC2  | 1596088950000 |  99732050000 | 106951600000 | 106405930000 |
|              PWR_PKG_ENERGY STAT              |   PWR0  |     3910.3420 |            0 |    2557.1880 |     260.6895 |
|              PWR_DRAM_ENERGY STAT             |   PWR3  |      485.8956 |            0 |     336.5170 |      32.3930 |
| FP_ARITH_INST_RETIRED_128B_PACKED_DOUBLE STAT |   PMC0  |        218232 |            0 |       218232 |   14548.8000 |
|    FP_ARITH_INST_RETIRED_SCALAR_DOUBLE STAT   |   PMC1  |  645109740000 |  42459800000 |  43958390000 |  43007316000 |
| FP_ARITH_INST_RETIRED_256B_PACKED_DOUBLE STAT |   PMC2  |        302358 |            0 |       302358 |   20157.2000 |
| FP_ARITH_INST_RETIRED_512B_PACKED_DOUBLE STAT |   PMC3  |       2178750 |            0 |      2178750 |       145250 |
|               CAS_COUNT_RD STAT               | MBOX0C0 |     606089160 |            0 |    589457300 |     40405944 |
|               CAS_COUNT_WR STAT               | MBOX0C1 |     301799237 |            0 |    292416800 | 2.011995e+07 |
|               CAS_COUNT_RD STAT               | MBOX1C0 |     606071760 |            0 |    589504500 |     40404784 |
|               CAS_COUNT_WR STAT               | MBOX1C1 |     302280978 |            0 |    293062300 | 2.015207e+07 |
|               CAS_COUNT_RD STAT               | MBOX2C0 |     606147160 |            0 |    589461000 | 4.040981e+07 |
|               CAS_COUNT_WR STAT               | MBOX2C1 |     301918574 |            0 |    292522000 | 2.012790e+07 |
|               CAS_COUNT_RD STAT               | MBOX3C0 |     602765040 |            0 |    586380900 |     40184336 |
|               CAS_COUNT_WR STAT               | MBOX3C1 |     300891184 |            0 |    291784000 | 2.005941e+07 |
|               CAS_COUNT_RD STAT               | MBOX4C0 |     602115050 |            0 |    585708700 | 4.014100e+07 |
|               CAS_COUNT_WR STAT               | MBOX4C1 |     300105263 |            0 |    290993800 | 2.000702e+07 |
|               CAS_COUNT_RD STAT               | MBOX5C0 |     602895400 |            0 |    586507700 | 4.019303e+07 |
|               CAS_COUNT_WR STAT               | MBOX5C1 |     301167812 |            0 |    292070700 | 2.007785e+07 |
+-----------------------------------------------+---------+---------------+--------------+--------------+--------------+
+-----------------------------------+-----------+-----------+-----------+-----------+-----------+-----------+-----------+-----------+-----------+-----------+-----------+-----------+-----------+-----------+-----------+
|               Metric              |   Core 0  |   Core 1  |   Core 2  |   Core 3  |   Core 4  |   Core 5  |   Core 6  |   Core 7  |   Core 8  |   Core 9  |  Core 10  |  Core 11  |  Core 12  |  Core 13  |  Core 14  |
+-----------------------------------+-----------+-----------+-----------+-----------+-----------+-----------+-----------+-----------+-----------+-----------+-----------+-----------+-----------+-----------+-----------+
|        Runtime (RDTSC) [s]        |   41.6101 |   41.6112 |   41.6112 |   41.6112 |   41.6112 |   41.6112 |   41.6112 |   41.6112 |   41.6112 |   41.6112 |   41.6112 |   41.6112 |   41.6112 |   41.6112 |   41.6101 |
|        Runtime unhalted [s]       |   30.0406 |   30.1126 |   30.1188 |   30.1273 |   30.1243 |   30.1292 |   30.0919 |   30.1284 |   30.1223 |   30.1280 |   30.1252 |   30.1198 |   30.0468 |   30.1199 |   28.0983 |
|            Clock [MHz]            | 1895.2327 | 1895.2127 | 1895.2299 | 1895.2317 | 1895.2316 | 1895.2355 | 1895.2362 | 1895.2323 | 1895.2414 | 1895.2184 | 1895.2188 | 1895.2155 | 1895.2129 | 1895.2118 | 1895.4287 |
|                CPI                |    0.5291 |    0.5305 |    0.5318 |    0.5342 |    0.5386 |    0.5380 |    0.5388 |    0.5426 |    0.5436 |    0.5438 |    0.5457 |    0.5443 |    0.5410 |    0.5431 |    0.4953 |
|             Energy [J]            | 2557.1880 |         0 |         0 |         0 |         0 |         0 |         0 |         0 |         0 |         0 |         0 |         0 |         0 |         0 | 1353.1540 |
|             Power [W]             |   61.4560 |         0 |         0 |         0 |         0 |         0 |         0 |         0 |         0 |         0 |         0 |         0 |         0 |         0 |   32.5199 |
|          Energy DRAM [J]          |  336.5170 |         0 |         0 |         0 |         0 |         0 |         0 |         0 |         0 |         0 |         0 |         0 |         0 |         0 |  149.3786 |
|           Power DRAM [W]          |    8.0874 |         0 |         0 |         0 |         0 |         0 |         0 |         0 |         0 |         0 |         0 |         0 |         0 |         0 |    3.5900 |
|            DP [MFLOP/s]           | 1051.1774 | 1056.4087 | 1052.4626 | 1045.3859 | 1036.9910 | 1037.0747 | 1028.6618 | 1023.3553 | 1020.3945 | 1024.8633 | 1022.1426 | 1024.2341 | 1029.4034 | 1030.7713 | 1020.4732 |
|          AVX DP [MFLOP/s]         |    0.4480 |         0 |         0 |         0 |         0 |         0 |         0 |         0 |         0 |         0 |         0 |         0 |         0 |         0 |         0 |
|          Packed [MUOPS/s]         |    0.0649 |         0 |         0 |         0 |         0 |         0 |         0 |         0 |         0 |         0 |         0 |         0 |         0 |         0 |         0 |
|          Scalar [MUOPS/s]         | 1050.7189 | 1056.4087 | 1052.4626 | 1045.3859 | 1036.9910 | 1037.0747 | 1028.6618 | 1023.3553 | 1020.3945 | 1024.8633 | 1022.1426 | 1024.2341 | 1029.4034 | 1030.7713 | 1020.4732 |
|  Memory read bandwidth [MBytes/s] | 5424.8690 |         0 |         0 |         0 |         0 |         0 |         0 |         0 |         0 |         0 |         0 |         0 |         0 |         0 |  152.3684 |
|  Memory read data volume [GBytes] |  225.7293 |         0 |         0 |         0 |         0 |         0 |         0 |         0 |         0 |         0 |         0 |         0 |         0 |         0 |    6.3401 |
| Memory write bandwidth [MBytes/s] | 2696.0378 |         0 |         0 |         0 |         0 |         0 |         0 |         0 |         0 |         0 |         0 |         0 |         0 |         0 |   85.0770 |
| Memory write data volume [GBytes] |  112.1824 |         0 |         0 |         0 |         0 |         0 |         0 |         0 |         0 |         0 |         0 |         0 |         0 |         0 |    3.5401 |
|    Memory bandwidth [MBytes/s]    | 8120.9068 |         0 |         0 |         0 |         0 |         0 |         0 |         0 |         0 |         0 |         0 |         0 |         0 |         0 |  237.4454 |
|    Memory data volume [GBytes]    |  337.9117 |         0 |         0 |         0 |         0 |         0 |         0 |         0 |         0 |         0 |         0 |         0 |         0 |         0 |    9.8801 |
|       Operational intensity       |    0.1294 |    0.1301 |    0.1296 |    0.1287 |    0.1277 |    0.1277 |    0.1267 |    0.1260 |    0.1257 |    0.1262 |    0.1259 |    0.1261 |    0.1268 |    0.1269 |    4.2977 |
+-----------------------------------+-----------+-----------+-----------+-----------+-----------+-----------+-----------+-----------+-----------+-----------+-----------+-----------+-----------+-----------+-----------+
+----------------------------------------+------------+-----------+-----------+-----------+
|                 Metric                 |     Sum    |    Min    |    Max    |    Avg    |
+----------------------------------------+------------+-----------+-----------+-----------+
|        Runtime (RDTSC) [s] STAT        |   624.1658 |   41.6101 |   41.6112 |   41.6111 |
|        Runtime unhalted [s] STAT       |   449.6334 |   28.0983 |   30.1292 |   29.9756 |
|            Clock [MHz] STAT            | 28428.5901 | 1895.2118 | 1895.4287 | 1895.2393 |
|                CPI STAT                |     8.0404 |    0.4953 |    0.5457 |    0.5360 |
|             Energy [J] STAT            |  3910.3420 |         0 | 2557.1880 |  260.6895 |
|             Power [W] STAT             |    93.9759 |         0 |   61.4560 |    6.2651 |
|          Energy DRAM [J] STAT          |   485.8956 |         0 |  336.5170 |   32.3930 |
|           Power DRAM [W] STAT          |    11.6774 |         0 |    8.0874 |    0.7785 |
|            DP [MFLOP/s] STAT           | 15503.7998 | 1020.3945 | 1056.4087 | 1033.5867 |
|          AVX DP [MFLOP/s] STAT         |     0.4480 |         0 |    0.4480 |    0.0299 |
|          Packed [MUOPS/s] STAT         |     0.0649 |         0 |    0.0649 |    0.0043 |
|          Scalar [MUOPS/s] STAT         | 15503.3413 | 1020.3945 | 1056.4087 | 1033.5561 |
|  Memory read bandwidth [MBytes/s] STAT |  5577.2374 |         0 | 5424.8690 |  371.8158 |
|  Memory read data volume [GBytes] STAT |   232.0694 |         0 |  225.7293 |   15.4713 |
| Memory write bandwidth [MBytes/s] STAT |  2781.1148 |         0 | 2696.0378 |  185.4077 |
| Memory write data volume [GBytes] STAT |   115.7225 |         0 |  112.1824 |    7.7148 |
|    Memory bandwidth [MBytes/s] STAT    |  8358.3522 |         0 | 8120.9068 |  557.2235 |
|    Memory data volume [GBytes] STAT    |   347.7918 |         0 |  337.9117 |   23.1861 |
|       Operational intensity STAT       |     6.0812 |    0.1257 |    4.2977 |    0.4054 |
+----------------------------------------+------------+-----------+-----------+-----------+
