--------------------------------------------------------------------------------
CPU name:	Intel(R) Xeon(R) Gold 6132 CPU @ 2.60GHz
CPU type:	Intel Skylake SP processor
CPU clock:	2.59 GHz
--------------------------------------------------------------------------------
Region Setup, Group 1: MEM_DP
+-------------------+----------+----------+----------+----------+----------+----------+----------+----------+----------+----------+----------+----------+----------+----------+----------+----------+----------+----------+----------+----------+----------+----------+
|    Region Info    |  Core 0  |  Core 1  |  Core 2  |  Core 3  |  Core 4  |  Core 5  |  Core 14 |  Core 15 |  Core 16 |  Core 17 |  Core 18 |  Core 19 |  Core 28 |  Core 29 |  Core 30 |  Core 31 |  Core 32 |  Core 42 |  Core 43 |  Core 44 |  Core 45 |  Core 46 |
+-------------------+----------+----------+----------+----------+----------+----------+----------+----------+----------+----------+----------+----------+----------+----------+----------+----------+----------+----------+----------+----------+----------+----------+
| RDTSC Runtime [s] | 0.948524 | 0.953238 | 0.953216 | 0.953180 | 0.953223 | 0.953183 | 0.948543 | 0.953195 | 0.953199 | 0.953236 | 0.953200 | 0.953190 | 0.948510 | 0.953158 | 0.953267 | 0.953255 | 0.953187 | 0.948463 | 0.953242 | 0.953195 | 0.953222 | 0.953207 |
|     call count    |        2 |        2 |        2 |        2 |        2 |        2 |        2 |        2 |        2 |        2 |        2 |        2 |        2 |        2 |        2 |        2 |        2 |        2 |        2 |        2 |        2 |        2 |
+-------------------+----------+----------+----------+----------+----------+----------+----------+----------+----------+----------+----------+----------+----------+----------+----------+----------+----------+----------+----------+----------+----------+----------+
+------------------------------------------+---------+-----------+-----------+-----------+-----------+-----------+-----------+-----------+-----------+-----------+-----------+-----------+-----------+-----------+-----------+-----------+-----------+-----------+-----------+-----------+-----------+-----------+-----------+
|                   Event                  | Counter |   Core 0  |   Core 1  |   Core 2  |   Core 3  |   Core 4  |   Core 5  |  Core 14  |  Core 15  |  Core 16  |  Core 17  |  Core 18  |  Core 19  |  Core 28  |  Core 29  |  Core 30  |  Core 31  |  Core 32  |  Core 42  |  Core 43  |  Core 44  |  Core 45  |  Core 46  |
+------------------------------------------+---------+-----------+-----------+-----------+-----------+-----------+-----------+-----------+-----------+-----------+-----------+-----------+-----------+-----------+-----------+-----------+-----------+-----------+-----------+-----------+-----------+-----------+-----------+
|             INSTR_RETIRED_ANY            |  FIXC0  | 928288500 | 453737500 | 453357600 | 453261100 | 452894100 | 452531600 | 450462800 | 450914500 | 450324900 | 450220900 | 449633000 | 447657100 | 447680400 | 447488800 | 448445300 | 448295200 | 446075800 | 445200600 | 442879600 | 441445600 | 439873200 | 438976600 |
|           CPU_CLK_UNHALTED_CORE          |  FIXC1  | 611862300 | 449398100 | 455404100 | 453300900 | 461106900 | 454400900 | 413875400 | 422665200 | 414238800 | 414045500 | 416511200 | 417864400 | 418689500 | 414784300 | 434518500 | 431878600 | 420332900 | 417022700 | 421072000 | 424099500 | 417536300 | 423107300 |
|           CPU_CLK_UNHALTED_REF           |  FIXC2  | 837488900 | 615448400 | 623643100 | 620766600 | 631563400 | 622370100 | 566804200 | 578846700 | 567353100 | 566964900 | 570402000 | 572248600 | 573603700 | 568092500 | 595182700 | 591509900 | 575715200 | 571391900 | 576808200 | 581020100 | 571925100 | 579638500 |
|              PWR_PKG_ENERGY              |   PWR0  |   32.8314 |         0 |         0 |         0 |         0 |         0 |   32.5303 |         0 |         0 |         0 |         0 |         0 |   31.3418 |         0 |         0 |         0 |         0 |   28.9734 |         0 |         0 |         0 |         0 |
|              PWR_DRAM_ENERGY             |   PWR3  |    4.4943 |         0 |         0 |         0 |         0 |         0 |    3.6432 |         0 |         0 |         0 |         0 |         0 |    3.2783 |         0 |         0 |         0 |         0 |    3.3696 |         0 |         0 |         0 |         0 |
| FP_ARITH_INST_RETIRED_128B_PACKED_DOUBLE |   PMC0  |    122920 |         0 |         0 |         0 |         0 |         0 |         0 |         0 |         0 |         0 |         0 |         0 |         0 |         0 |         0 |         0 |         0 |         0 |         0 |         0 |         0 |         0 |
|    FP_ARITH_INST_RETIRED_SCALAR_DOUBLE   |   PMC1  | 165913800 | 129052200 | 128939300 | 128934300 | 128715800 | 128704200 | 128705300 | 128704800 | 128645100 | 128624500 | 128404500 | 127791900 | 127790900 | 127791100 | 127793200 | 127792600 | 127560400 | 127376100 | 126552800 | 126068900 | 125640600 | 125223500 |
| FP_ARITH_INST_RETIRED_256B_PACKED_DOUBLE |   PMC2  |     81488 |         0 |         0 |         0 |         0 |         0 |         0 |         0 |         0 |         0 |         0 |         0 |         0 |         0 |         0 |         0 |         0 |         0 |         0 |         0 |         0 |         0 |
| FP_ARITH_INST_RETIRED_512B_PACKED_DOUBLE |   PMC3  |   1080242 |         0 |         0 |         0 |         0 |         0 |         0 |         0 |         0 |         0 |         0 |         0 |         0 |         0 |         0 |         0 |         0 |         0 |         0 |         0 |         0 |         0 |
|               CAS_COUNT_RD               | MBOX0C0 |   1015977 |         0 |         0 |         0 |         0 |         0 |    394417 |         0 |         0 |         0 |         0 |         0 |    268887 |         0 |         0 |         0 |         0 |    364514 |         0 |         0 |         0 |         0 |
|               CAS_COUNT_WR               | MBOX0C1 |   1994258 |         0 |         0 |         0 |         0 |         0 |    520048 |         0 |         0 |         0 |         0 |         0 |    386249 |         0 |         0 |         0 |         0 |    440233 |         0 |         0 |         0 |         0 |
|               CAS_COUNT_RD               | MBOX1C0 |   1108922 |         0 |         0 |         0 |         0 |         0 |    354971 |         0 |         0 |         0 |         0 |         0 |    268613 |         0 |         0 |         0 |         0 |    328877 |         0 |         0 |         0 |         0 |
|               CAS_COUNT_WR               | MBOX1C1 |   2090272 |         0 |         0 |         0 |         0 |         0 |    491178 |         0 |         0 |         0 |         0 |         0 |    384292 |         0 |         0 |         0 |         0 |    412997 |         0 |         0 |         0 |         0 |
|               CAS_COUNT_RD               | MBOX2C0 |   1041744 |         0 |         0 |         0 |         0 |         0 |    359540 |         0 |         0 |         0 |         0 |         0 |    292349 |         0 |         0 |         0 |         0 |    388688 |         0 |         0 |         0 |         0 |
|               CAS_COUNT_WR               | MBOX2C1 |   2021953 |         0 |         0 |         0 |         0 |         0 |    495591 |         0 |         0 |         0 |         0 |         0 |    411792 |         0 |         0 |         0 |         0 |    467259 |         0 |         0 |         0 |         0 |
|               CAS_COUNT_RD               | MBOX3C0 |    789390 |         0 |         0 |         0 |         0 |         0 |    290972 |         0 |         0 |         0 |         0 |         0 |    220438 |         0 |         0 |         0 |         0 |    446522 |         0 |         0 |         0 |         0 |
|               CAS_COUNT_WR               | MBOX3C1 |   1832700 |         0 |         0 |         0 |         0 |         0 |    432690 |         0 |         0 |         0 |         0 |         0 |    338230 |         0 |         0 |         0 |         0 |    524488 |         0 |         0 |         0 |         0 |
|               CAS_COUNT_RD               | MBOX4C0 |    913065 |         0 |         0 |         0 |         0 |         0 |    381911 |         0 |         0 |         0 |         0 |         0 |    217632 |         0 |         0 |         0 |         0 |    359015 |         0 |         0 |         0 |         0 |
|               CAS_COUNT_WR               | MBOX4C1 |   1859928 |         0 |         0 |         0 |         0 |         0 |    520084 |         0 |         0 |         0 |         0 |         0 |    340394 |         0 |         0 |         0 |         0 |    445803 |         0 |         0 |         0 |         0 |
|               CAS_COUNT_RD               | MBOX5C0 |   1534695 |         0 |         0 |         0 |         0 |         0 |    280006 |         0 |         0 |         0 |         0 |         0 |    224513 |         0 |         0 |         0 |         0 |    376319 |         0 |         0 |         0 |         0 |
|               CAS_COUNT_WR               | MBOX5C1 |   2493882 |         0 |         0 |         0 |         0 |         0 |    421620 |         0 |         0 |         0 |         0 |         0 |    347217 |         0 |         0 |         0 |         0 |    452861 |         0 |         0 |         0 |         0 |
+------------------------------------------+---------+-----------+-----------+-----------+-----------+-----------+-----------+-----------+-----------+-----------+-----------+-----------+-----------+-----------+-----------+-----------+-----------+-----------+-----------+-----------+-----------+-----------+-----------+
+-----------------------------------------------+---------+-------------+-----------+-----------+--------------+
|                     Event                     | Counter |     Sum     |    Min    |    Max    |      Avg     |
+-----------------------------------------------+---------+-------------+-----------+-----------+--------------+
|             INSTR_RETIRED_ANY STAT            |  FIXC0  | 10339644700 | 438976600 | 928288500 |    469983850 |
|           CPU_CLK_UNHALTED_CORE STAT          |  FIXC1  |  9607715300 | 413875400 | 611862300 | 4.367143e+08 |
|           CPU_CLK_UNHALTED_REF STAT           |  FIXC2  | 13158787800 | 566804200 | 837488900 | 5.981267e+08 |
|              PWR_PKG_ENERGY STAT              |   PWR0  |    125.6769 |         0 |   32.8314 |       5.7126 |
|              PWR_DRAM_ENERGY STAT             |   PWR3  |     14.7854 |         0 |    4.4943 |       0.6721 |
| FP_ARITH_INST_RETIRED_128B_PACKED_DOUBLE STAT |   PMC0  |      122920 |         0 |    122920 |    5587.2727 |
|    FP_ARITH_INST_RETIRED_SCALAR_DOUBLE STAT   |   PMC1  |  2850725800 | 125223500 | 165913800 | 1.295784e+08 |
| FP_ARITH_INST_RETIRED_256B_PACKED_DOUBLE STAT |   PMC2  |       81488 |         0 |     81488 |         3704 |
| FP_ARITH_INST_RETIRED_512B_PACKED_DOUBLE STAT |   PMC3  |     1080242 |         0 |   1080242 |   49101.9091 |
|               CAS_COUNT_RD STAT               | MBOX0C0 |     2043795 |         0 |   1015977 |   92899.7727 |
|               CAS_COUNT_WR STAT               | MBOX0C1 |     3340788 |         0 |   1994258 |       151854 |
|               CAS_COUNT_RD STAT               | MBOX1C0 |     2061383 |         0 |   1108922 |   93699.2273 |
|               CAS_COUNT_WR STAT               | MBOX1C1 |     3378739 |         0 |   2090272 |  153579.0455 |
|               CAS_COUNT_RD STAT               | MBOX2C0 |     2082321 |         0 |   1041744 |   94650.9545 |
|               CAS_COUNT_WR STAT               | MBOX2C1 |     3396595 |         0 |   2021953 |  154390.6818 |
|               CAS_COUNT_RD STAT               | MBOX3C0 |     1747322 |         0 |    789390 |   79423.7273 |
|               CAS_COUNT_WR STAT               | MBOX3C1 |     3128108 |         0 |   1832700 |  142186.7273 |
|               CAS_COUNT_RD STAT               | MBOX4C0 |     1871623 |         0 |    913065 |   85073.7727 |
|               CAS_COUNT_WR STAT               | MBOX4C1 |     3166209 |         0 |   1859928 |  143918.5909 |
|               CAS_COUNT_RD STAT               | MBOX5C0 |     2415533 |         0 |   1534695 |  109796.9545 |
|               CAS_COUNT_WR STAT               | MBOX5C1 |     3715580 |         0 |   2493882 |       168890 |
+-----------------------------------------------+---------+-------------+-----------+-----------+--------------+
+-----------------------------------+-----------+-----------+-----------+-----------+-----------+-----------+-----------+-----------+-----------+-----------+-----------+-----------+-----------+-----------+-----------+-----------+-----------+-----------+-----------+-----------+-----------+-----------+
|               Metric              |   Core 0  |   Core 1  |   Core 2  |   Core 3  |   Core 4  |   Core 5  |  Core 14  |  Core 15  |  Core 16  |  Core 17  |  Core 18  |  Core 19  |  Core 28  |  Core 29  |  Core 30  |  Core 31  |  Core 32  |  Core 42  |  Core 43  |  Core 44  |  Core 45  |  Core 46  |
+-----------------------------------+-----------+-----------+-----------+-----------+-----------+-----------+-----------+-----------+-----------+-----------+-----------+-----------+-----------+-----------+-----------+-----------+-----------+-----------+-----------+-----------+-----------+-----------+
|        Runtime (RDTSC) [s]        |    0.9485 |    0.9532 |    0.9532 |    0.9532 |    0.9532 |    0.9532 |    0.9485 |    0.9532 |    0.9532 |    0.9532 |    0.9532 |    0.9532 |    0.9485 |    0.9532 |    0.9533 |    0.9533 |    0.9532 |    0.9485 |    0.9532 |    0.9532 |    0.9532 |    0.9532 |
|        Runtime unhalted [s]       |    0.2359 |    0.1733 |    0.1756 |    0.1748 |    0.1778 |    0.1752 |    0.1596 |    0.1630 |    0.1597 |    0.1596 |    0.1606 |    0.1611 |    0.1614 |    0.1599 |    0.1675 |    0.1665 |    0.1621 |    0.1608 |    0.1623 |    0.1635 |    0.1610 |    0.1631 |
|            Clock [MHz]            | 1894.9419 | 1893.9166 | 1894.0092 | 1893.9980 | 1893.6772 | 1893.7024 | 1893.9034 | 1893.8876 | 1893.7324 | 1894.1448 | 1893.9431 | 1893.9648 | 1893.2214 | 1893.7582 | 1893.5608 | 1893.7426 | 1893.6816 | 1892.9838 | 1893.4167 | 1893.2060 | 1893.5482 | 1893.2788 |
|                CPI                |    0.6591 |    0.9904 |    1.0045 |    1.0001 |    1.0181 |    1.0041 |    0.9188 |    0.9374 |    0.9199 |    0.9196 |    0.9263 |    0.9334 |    0.9352 |    0.9269 |    0.9689 |    0.9634 |    0.9423 |    0.9367 |    0.9508 |    0.9607 |    0.9492 |    0.9638 |
|             Energy [J]            |   32.8314 |         0 |         0 |         0 |         0 |         0 |   32.5303 |         0 |         0 |         0 |         0 |         0 |   31.3418 |         0 |         0 |         0 |         0 |   28.9734 |         0 |         0 |         0 |         0 |
|             Power [W]             |   34.6132 |         0 |         0 |         0 |         0 |         0 |   34.2950 |         0 |         0 |         0 |         0 |         0 |   33.0432 |         0 |         0 |         0 |         0 |   30.5477 |         0 |         0 |         0 |         0 |
|          Energy DRAM [J]          |    4.4943 |         0 |         0 |         0 |         0 |         0 |    3.6432 |         0 |         0 |         0 |         0 |         0 |    3.2783 |         0 |         0 |         0 |         0 |    3.3696 |         0 |         0 |         0 |         0 |
|           Power DRAM [W]          |    4.7382 |         0 |         0 |         0 |         0 |         0 |    3.8408 |         0 |         0 |         0 |         0 |         0 |    3.4563 |         0 |         0 |         0 |         0 |    3.5527 |         0 |         0 |         0 |         0 |
|            DP [MFLOP/s]           |  184.6317 |  135.3830 |  135.2677 |  135.2675 |  135.0323 |  135.0257 |  135.6873 |  135.0246 |  134.9615 |  134.9345 |  134.7089 |  134.0676 |  134.7280 |  134.0712 |  134.0581 |  134.0593 |  133.8251 |  134.2974 |  132.7603 |  132.2593 |  131.8062 |  131.3707 |
|          AVX DP [MFLOP/s]         |    9.4546 |         0 |         0 |         0 |         0 |         0 |         0 |         0 |         0 |         0 |         0 |         0 |         0 |         0 |         0 |         0 |         0 |         0 |         0 |         0 |         0 |         0 |
|          Packed [MUOPS/s]         |    1.3544 |         0 |         0 |         0 |         0 |         0 |         0 |         0 |         0 |         0 |         0 |         0 |         0 |         0 |         0 |         0 |         0 |         0 |         0 |         0 |         0 |         0 |
|          Scalar [MUOPS/s]         |  174.9179 |  135.3830 |  135.2677 |  135.2675 |  135.0323 |  135.0257 |  135.6873 |  135.0246 |  134.9615 |  134.9345 |  134.7089 |  134.0676 |  134.7280 |  134.0712 |  134.0581 |  134.0593 |  133.8251 |  134.2974 |  132.7603 |  132.2593 |  131.8062 |  131.3707 |
|  Memory read bandwidth [MBytes/s] |  432.0849 |         0 |         0 |         0 |         0 |         0 |  139.1147 |         0 |         0 |         0 |         0 |         0 |  100.7007 |         0 |         0 |         0 |         0 |  152.7649 |         0 |         0 |         0 |         0 |
|  Memory read data volume [GBytes] |    0.4098 |         0 |         0 |         0 |         0 |         0 |    0.1320 |         0 |         0 |         0 |         0 |         0 |    0.0955 |         0 |         0 |         0 |         0 |    0.1449 |         0 |         0 |         0 |         0 |
| Memory write bandwidth [MBytes/s] |  829.4486 |         0 |         0 |         0 |         0 |         0 |  194.4007 |         0 |         0 |         0 |         0 |         0 |  148.9949 |         0 |         0 |         0 |         0 |  185.1343 |         0 |         0 |         0 |         0 |
| Memory write data volume [GBytes] |    0.7868 |         0 |         0 |         0 |         0 |         0 |    0.1844 |         0 |         0 |         0 |         0 |         0 |    0.1413 |         0 |         0 |         0 |         0 |    0.1756 |         0 |         0 |         0 |         0 |
|    Memory bandwidth [MBytes/s]    | 1261.5335 |         0 |         0 |         0 |         0 |         0 |  333.5154 |         0 |         0 |         0 |         0 |         0 |  249.6956 |         0 |         0 |         0 |         0 |  337.8991 |         0 |         0 |         0 |         0 |
|    Memory data volume [GBytes]    |    1.1966 |         0 |         0 |         0 |         0 |         0 |    0.3164 |         0 |         0 |         0 |         0 |         0 |    0.2368 |         0 |         0 |         0 |         0 |    0.3205 |         0 |         0 |         0 |         0 |
|       Operational intensity       |    0.1464 |    0.1078 |    0.1078 |    0.1078 |    0.1076 |    0.1076 |    0.4068 |    0.4068 |    0.4066 |    0.4066 |    0.4059 |    0.4040 |    0.5396 |    0.5396 |    0.5396 |    0.5396 |    0.5386 |    0.3974 |    0.3949 |    0.3934 |    0.3920 |    0.3907 |
+-----------------------------------+-----------+-----------+-----------+-----------+-----------+-----------+-----------+-----------+-----------+-----------+-----------+-----------+-----------+-----------+-----------+-----------+-----------+-----------+-----------+-----------+-----------+-----------+
+----------------------------------------+------------+-----------+-----------+-----------+
|                 Metric                 |     Sum    |    Min    |    Max    |    Avg    |
+----------------------------------------+------------+-----------+-----------+-----------+
|        Runtime (RDTSC) [s] STAT        |    20.9518 |    0.9485 |    0.9533 |    0.9524 |
|        Runtime unhalted [s] STAT       |     3.7043 |    0.1596 |    0.2359 |    0.1684 |
|            Clock [MHz] STAT            | 41662.2195 | 1892.9838 | 1894.9419 | 1893.7372 |
|                CPI STAT                |    20.7296 |    0.6591 |    1.0181 |    0.9423 |
|             Energy [J] STAT            |   125.6769 |         0 |   32.8314 |    5.7126 |
|             Power [W] STAT             |   132.4991 |         0 |   34.6132 |    6.0227 |
|          Energy DRAM [J] STAT          |    14.7854 |         0 |    4.4943 |    0.6721 |
|           Power DRAM [W] STAT          |    15.5880 |         0 |    4.7382 |    0.7085 |
|            DP [MFLOP/s] STAT           |  3003.2279 |  131.3707 |  184.6317 |  136.5104 |
|          AVX DP [MFLOP/s] STAT         |     9.4546 |         0 |    9.4546 |    0.4298 |
|          Packed [MUOPS/s] STAT         |     1.3544 |         0 |    1.3544 |    0.0616 |
|          Scalar [MUOPS/s] STAT         |  2993.5141 |  131.3707 |  174.9179 |  136.0688 |
|  Memory read bandwidth [MBytes/s] STAT |   824.6652 |         0 |  432.0849 |   37.4848 |
|  Memory read data volume [GBytes] STAT |     0.7822 |         0 |    0.4098 |    0.0356 |
| Memory write bandwidth [MBytes/s] STAT |  1357.9785 |         0 |  829.4486 |   61.7263 |
| Memory write data volume [GBytes] STAT |     1.2881 |         0 |    0.7868 |    0.0585 |
|    Memory bandwidth [MBytes/s] STAT    |  2182.6436 |         0 | 1261.5335 |   99.2111 |
|    Memory data volume [GBytes] STAT    |     2.0703 |         0 |    1.1966 |    0.0941 |
|       Operational intensity STAT       |     7.7871 |    0.1076 |    0.5396 |    0.3540 |
+----------------------------------------+------------+-----------+-----------+-----------+
--------------------------------------------------------------------------------
CPU name:	Intel(R) Xeon(R) Gold 6132 CPU @ 2.60GHz
CPU type:	Intel Skylake SP processor
CPU clock:	2.59 GHz
--------------------------------------------------------------------------------
Region Solve, Group 1: MEM_DP
+-------------------+-----------+-----------+-----------+-----------+-----------+-----------+-----------+-----------+-----------+-----------+-----------+-----------+-----------+-----------+-----------+-----------+-----------+-----------+-----------+-----------+-----------+-----------+
|    Region Info    |   Core 0  |   Core 1  |   Core 2  |   Core 3  |   Core 4  |   Core 5  |  Core 14  |  Core 15  |  Core 16  |  Core 17  |  Core 18  |  Core 19  |  Core 28  |  Core 29  |  Core 30  |  Core 31  |  Core 32  |  Core 42  |  Core 43  |  Core 44  |  Core 45  |  Core 46  |
+-------------------+-----------+-----------+-----------+-----------+-----------+-----------+-----------+-----------+-----------+-----------+-----------+-----------+-----------+-----------+-----------+-----------+-----------+-----------+-----------+-----------+-----------+-----------+
| RDTSC Runtime [s] | 29.276880 | 29.279420 | 29.279420 | 29.279420 | 29.279420 | 29.279420 | 29.276880 | 29.279410 | 29.279460 | 29.279410 | 29.279410 | 29.279480 | 29.276870 | 29.279400 | 29.279410 | 29.279410 | 29.279410 | 29.276920 | 29.279410 | 29.279460 | 29.279470 | 29.279410 |
|     call count    |         1 |         1 |         1 |         1 |         1 |         1 |         1 |         1 |         1 |         1 |         1 |         1 |         1 |         1 |         1 |         1 |         1 |         1 |         1 |         1 |         1 |         1 |
+-------------------+-----------+-----------+-----------+-----------+-----------+-----------+-----------+-----------+-----------+-----------+-----------+-----------+-----------+-----------+-----------+-----------+-----------+-----------+-----------+-----------+-----------+-----------+
+------------------------------------------+---------+--------------+--------------+--------------+--------------+-------------+-------------+-------------+-------------+-------------+-------------+-------------+-------------+-------------+-------------+-------------+-------------+-------------+-------------+-------------+-------------+-------------+--------------+
|                   Event                  | Counter |    Core 0    |    Core 1    |    Core 2    |    Core 3    |    Core 4   |    Core 5   |   Core 14   |   Core 15   |   Core 16   |   Core 17   |   Core 18   |   Core 19   |   Core 28   |   Core 29   |   Core 30   |   Core 31   |   Core 32   |   Core 42   |   Core 43   |   Core 44   |   Core 45   |    Core 46   |
+------------------------------------------+---------+--------------+--------------+--------------+--------------+-------------+-------------+-------------+-------------+-------------+-------------+-------------+-------------+-------------+-------------+-------------+-------------+-------------+-------------+-------------+-------------+-------------+--------------+
|             INSTR_RETIRED_ANY            |  FIXC0  | 101163500000 | 100684500000 | 100662300000 | 100521200000 | 99974540000 | 99756120000 | 99338440000 | 99407600000 | 99196580000 | 98769580000 | 98600680000 | 98446600000 | 98274180000 | 98270090000 | 98074190000 | 97916110000 | 98008390000 | 97975670000 | 97958660000 | 97897690000 | 97444870000 | 100783000000 |
|           CPU_CLK_UNHALTED_CORE          |  FIXC1  |  54766420000 |  54921200000 |  54903370000 |  54899560000 | 54888160000 | 54888300000 | 54649090000 | 54729710000 | 54718040000 | 54746790000 | 54739580000 | 54727170000 | 54561400000 | 54756540000 | 54735750000 | 54753080000 | 54731710000 | 54753590000 | 54760260000 | 54780120000 | 54782520000 |  49623720000 |
|           CPU_CLK_UNHALTED_REF           |  FIXC2  |  74956620000 |  75168620000 |  75144020000 |  75138690000 | 75122950000 | 75123000000 | 74796800000 | 74907210000 | 74891350000 | 74931020000 | 74921480000 | 74904590000 | 74677480000 | 74945120000 | 74916340000 | 74940280000 | 74910820000 | 74925920000 | 74935060000 | 74962210000 | 74965520000 |  67905960000 |
|              PWR_PKG_ENERGY              |   PWR0  |    1500.8380 |            0 |            0 |            0 |           0 |           0 |   1578.2600 |           0 |           0 |           0 |           0 |           0 |   1463.8980 |           0 |           0 |           0 |           0 |   1333.1390 |           0 |           0 |           0 |            0 |
|              PWR_DRAM_ENERGY             |   PWR3  |     154.3683 |            0 |            0 |            0 |           0 |           0 |    158.5656 |           0 |           0 |           0 |           0 |           0 |    140.3721 |           0 |           0 |           0 |           0 |    140.1649 |           0 |           0 |           0 |            0 |
| FP_ARITH_INST_RETIRED_128B_PACKED_DOUBLE |   PMC0  |       218232 |            0 |            0 |            0 |           0 |           0 |           0 |           0 |           0 |           0 |           0 |           0 |           0 |           0 |           0 |           0 |           0 |           0 |           0 |           0 |           0 |            0 |
|    FP_ARITH_INST_RETIRED_SCALAR_DOUBLE   |   PMC1  |  29953300000 |  29915110000 |  30028310000 |  29926530000 | 29679810000 | 29620020000 | 29480500000 | 29519650000 | 29392060000 | 29155650000 | 29110900000 | 29062580000 | 28962600000 | 29107650000 | 29111530000 | 29068900000 | 29086230000 | 29076680000 | 29136510000 | 29164590000 | 28900010000 |  28650650000 |
| FP_ARITH_INST_RETIRED_256B_PACKED_DOUBLE |   PMC2  |       302358 |            0 |            0 |            0 |           0 |           0 |           0 |           0 |           0 |           0 |           0 |           0 |           0 |           0 |           0 |           0 |           0 |           0 |           0 |           0 |           0 |            0 |
| FP_ARITH_INST_RETIRED_512B_PACKED_DOUBLE |   PMC3  |      2178750 |            0 |            0 |            0 |           0 |           0 |           0 |           0 |           0 |           0 |           0 |           0 |           0 |           0 |           0 |           0 |           0 |           0 |           0 |           0 |           0 |            0 |
|               CAS_COUNT_RD               | MBOX0C0 |    128776100 |            0 |            0 |            0 |           0 |           0 |   141392400 |           0 |           0 |           0 |           0 |           0 |   109531200 |           0 |           0 |           0 |           0 |   111532400 |           0 |           0 |           0 |            0 |
|               CAS_COUNT_WR               | MBOX0C1 |     78431980 |            0 |            0 |            0 |           0 |           0 |    84125130 |           0 |           0 |           0 |           0 |           0 |    64006610 |           0 |           0 |           0 |           0 |    59880550 |           0 |           0 |           0 |            0 |
|               CAS_COUNT_RD               | MBOX1C0 |    127932900 |            0 |            0 |            0 |           0 |           0 |   141827200 |           0 |           0 |           0 |           0 |           0 |   109438400 |           0 |           0 |           0 |           0 |   111527500 |           0 |           0 |           0 |            0 |
|               CAS_COUNT_WR               | MBOX1C1 |     78336910 |            0 |            0 |            0 |           0 |           0 |    84529650 |           0 |           0 |           0 |           0 |           0 |    63903190 |           0 |           0 |           0 |           0 |    59771360 |           0 |           0 |           0 |            0 |
|               CAS_COUNT_RD               | MBOX2C0 |    128188900 |            0 |            0 |            0 |           0 |           0 |   141484200 |           0 |           0 |           0 |           0 |           0 |   109507600 |           0 |           0 |           0 |           0 |   111494800 |           0 |           0 |           0 |            0 |
|               CAS_COUNT_WR               | MBOX2C1 |     78247720 |            0 |            0 |            0 |           0 |           0 |    84031690 |           0 |           0 |           0 |           0 |           0 |    63968180 |           0 |           0 |           0 |           0 |    59904440 |           0 |           0 |           0 |            0 |
|               CAS_COUNT_RD               | MBOX3C0 |    127478400 |            0 |            0 |            0 |           0 |           0 |   140586000 |           0 |           0 |           0 |           0 |           0 |   108657200 |           0 |           0 |           0 |           0 |   111513400 |           0 |           0 |           0 |            0 |
|               CAS_COUNT_WR               | MBOX3C1 |     77946720 |            0 |            0 |            0 |           0 |           0 |    83328460 |           0 |           0 |           0 |           0 |           0 |    63306950 |           0 |           0 |           0 |           0 |    60086120 |           0 |           0 |           0 |            0 |
|               CAS_COUNT_RD               | MBOX4C0 |    129105500 |            0 |            0 |            0 |           0 |           0 |   140717700 |           0 |           0 |           0 |           0 |           0 |   108711000 |           0 |           0 |           0 |           0 |   111089600 |           0 |           0 |           0 |            0 |
|               CAS_COUNT_WR               | MBOX4C1 |     78451180 |            0 |            0 |            0 |           0 |           0 |    83713320 |           0 |           0 |           0 |           0 |           0 |    63329660 |           0 |           0 |           0 |           0 |    59653120 |           0 |           0 |           0 |            0 |
|               CAS_COUNT_RD               | MBOX5C0 |    128566300 |            0 |            0 |            0 |           0 |           0 |   140528300 |           0 |           0 |           0 |           0 |           0 |   108665700 |           0 |           0 |           0 |           0 |   111235100 |           0 |           0 |           0 |            0 |
|               CAS_COUNT_WR               | MBOX5C1 |     78998420 |            0 |            0 |            0 |           0 |           0 |    83345720 |           0 |           0 |           0 |           0 |           0 |    63284690 |           0 |           0 |           0 |           0 |    59622850 |           0 |           0 |           0 |            0 |
+------------------------------------------+---------+--------------+--------------+--------------+--------------+-------------+-------------+-------------+-------------+-------------+-------------+-------------+-------------+-------------+-------------+-------------+-------------+-------------+-------------+-------------+-------------+-------------+--------------+
+-----------------------------------------------+---------+---------------+-------------+--------------+--------------+
|                     Event                     | Counter |      Sum      |     Min     |      Max     |      Avg     |
+-----------------------------------------------+---------+---------------+-------------+--------------+--------------+
|             INSTR_RETIRED_ANY STAT            |  FIXC0  | 2179124490000 | 97444870000 | 101163500000 | 9.905111e+10 |
|           CPU_CLK_UNHALTED_CORE STAT          |  FIXC1  | 1199816080000 | 49623720000 |  54921200000 | 5.453709e+10 |
|           CPU_CLK_UNHALTED_REF STAT           |  FIXC2  | 1642091060000 | 67905960000 |  75168620000 | 7.464050e+10 |
|              PWR_PKG_ENERGY STAT              |   PWR0  |     5876.1350 |           0 |    1578.2600 |     267.0970 |
|              PWR_DRAM_ENERGY STAT             |   PWR3  |      593.4709 |           0 |     158.5656 |      26.9760 |
| FP_ARITH_INST_RETIRED_128B_PACKED_DOUBLE STAT |   PMC0  |        218232 |           0 |       218232 |    9919.6364 |
|    FP_ARITH_INST_RETIRED_SCALAR_DOUBLE STAT   |   PMC1  |  645109770000 | 28650650000 |  30028310000 | 2.932317e+10 |
| FP_ARITH_INST_RETIRED_256B_PACKED_DOUBLE STAT |   PMC2  |        302358 |           0 |       302358 |   13743.5455 |
| FP_ARITH_INST_RETIRED_512B_PACKED_DOUBLE STAT |   PMC3  |       2178750 |           0 |      2178750 |   99034.0909 |
|               CAS_COUNT_RD STAT               | MBOX0C0 |     491232100 |           0 |    141392400 | 2.232873e+07 |
|               CAS_COUNT_WR STAT               | MBOX0C1 |     286444270 |           0 |     84125130 | 1.302019e+07 |
|               CAS_COUNT_RD STAT               | MBOX1C0 |     490726000 |           0 |    141827200 | 2.230573e+07 |
|               CAS_COUNT_WR STAT               | MBOX1C1 |     286541110 |           0 |     84529650 | 1.302460e+07 |
|               CAS_COUNT_RD STAT               | MBOX2C0 |     490675500 |           0 |    141484200 | 2.230343e+07 |
|               CAS_COUNT_WR STAT               | MBOX2C1 |     286152030 |           0 |     84031690 | 1.300691e+07 |
|               CAS_COUNT_RD STAT               | MBOX3C0 |     488235000 |           0 |    140586000 |     22192500 |
|               CAS_COUNT_WR STAT               | MBOX3C1 |     284668250 |           0 |     83328460 | 1.293947e+07 |
|               CAS_COUNT_RD STAT               | MBOX4C0 |     489623800 |           0 |    140717700 | 2.225563e+07 |
|               CAS_COUNT_WR STAT               | MBOX4C1 |     285147280 |           0 |     83713320 |     12961240 |
|               CAS_COUNT_RD STAT               | MBOX5C0 |     488995400 |           0 |    140528300 | 2.222706e+07 |
|               CAS_COUNT_WR STAT               | MBOX5C1 |     285251680 |           0 |     83345720 | 1.296599e+07 |
+-----------------------------------------------+---------+---------------+-------------+--------------+--------------+
+-----------------------------------+-----------+-----------+-----------+-----------+-----------+-----------+-----------+-----------+-----------+-----------+-----------+-----------+-----------+-----------+-----------+-----------+-----------+-----------+-----------+-----------+-----------+-----------+
|               Metric              |   Core 0  |   Core 1  |   Core 2  |   Core 3  |   Core 4  |   Core 5  |  Core 14  |  Core 15  |  Core 16  |  Core 17  |  Core 18  |  Core 19  |  Core 28  |  Core 29  |  Core 30  |  Core 31  |  Core 32  |  Core 42  |  Core 43  |  Core 44  |  Core 45  |  Core 46  |
+-----------------------------------+-----------+-----------+-----------+-----------+-----------+-----------+-----------+-----------+-----------+-----------+-----------+-----------+-----------+-----------+-----------+-----------+-----------+-----------+-----------+-----------+-----------+-----------+
|        Runtime (RDTSC) [s]        |   29.2769 |   29.2794 |   29.2794 |   29.2794 |   29.2794 |   29.2794 |   29.2769 |   29.2794 |   29.2795 |   29.2794 |   29.2794 |   29.2795 |   29.2769 |   29.2794 |   29.2794 |   29.2794 |   29.2794 |   29.2769 |   29.2794 |   29.2795 |   29.2795 |   29.2794 |
|        Runtime unhalted [s]       |   21.1151 |   21.1748 |   21.1679 |   21.1664 |   21.1620 |   21.1621 |   21.0699 |   21.1009 |   21.0964 |   21.1075 |   21.1047 |   21.1000 |   21.0361 |   21.1113 |   21.1033 |   21.1100 |   21.1017 |   21.1102 |   21.1127 |   21.1204 |   21.1213 |   19.1323 |
|            Clock [MHz]            | 1895.0716 | 1895.0676 | 1895.0726 | 1895.0755 | 1895.0790 | 1895.0825 | 1895.0523 | 1895.0505 | 1895.0477 | 1895.0396 | 1895.0313 | 1895.0289 | 1895.0345 | 1895.0205 | 1895.0287 | 1895.0231 | 1895.0285 | 1895.4040 | 1895.4037 | 1895.4043 | 1895.4037 | 1895.4079 |
|                CPI                |    0.5414 |    0.5455 |    0.5454 |    0.5461 |    0.5490 |    0.5502 |    0.5501 |    0.5506 |    0.5516 |    0.5543 |    0.5552 |    0.5559 |    0.5552 |    0.5572 |    0.5581 |    0.5592 |    0.5584 |    0.5588 |    0.5590 |    0.5596 |    0.5622 |    0.4924 |
|             Energy [J]            | 1500.8380 |         0 |         0 |         0 |         0 |         0 | 1578.2600 |         0 |         0 |         0 |         0 |         0 | 1463.8980 |         0 |         0 |         0 |         0 | 1333.1390 |         0 |         0 |         0 |         0 |
|             Power [W]             |   51.2636 |         0 |         0 |         0 |         0 |         0 |   53.9081 |         0 |         0 |         0 |         0 |         0 |   50.0019 |         0 |         0 |         0 |         0 |   45.5355 |         0 |         0 |         0 |         0 |
|          Energy DRAM [J]          |  154.3683 |         0 |         0 |         0 |         0 |         0 |  158.5656 |         0 |         0 |         0 |         0 |         0 |  140.3721 |         0 |         0 |         0 |         0 |  140.1649 |         0 |         0 |         0 |         0 |
|           Power DRAM [W]          |    5.2727 |         0 |         0 |         0 |         0 |         0 |    5.4161 |         0 |         0 |         0 |         0 |         0 |    4.7946 |         0 |         0 |         0 |         0 |    4.7876 |         0 |         0 |         0 |         0 |
|            DP [MFLOP/s]           | 1023.7558 | 1021.7112 | 1025.5774 | 1022.1012 | 1013.6748 | 1011.6327 | 1006.9550 | 1008.2051 | 1003.8457 |  995.7731 |  994.2448 |  992.5921 |  989.2656 |  994.1341 |  994.2663 |  992.8103 |  993.4022 |  993.1605 |  995.1194 |  996.0768 |  987.0401 |  978.5255 |
|          AVX DP [MFLOP/s]         |    0.6367 |         0 |         0 |         0 |         0 |         0 |         0 |         0 |         0 |         0 |         0 |         0 |         0 |         0 |         0 |         0 |         0 |         0 |         0 |         0 |         0 |         0 |
|          Packed [MUOPS/s]         |    0.0922 |         0 |         0 |         0 |         0 |         0 |         0 |         0 |         0 |         0 |         0 |         0 |         0 |         0 |         0 |         0 |         0 |         0 |         0 |         0 |         0 |         0 |
|          Scalar [MUOPS/s]         | 1023.1042 | 1021.7112 | 1025.5774 | 1022.1012 | 1013.6748 | 1011.6327 | 1006.9550 | 1008.2051 | 1003.8457 |  995.7731 |  994.2448 |  992.5921 |  989.2656 |  994.1341 |  994.2663 |  992.8103 |  993.4022 |  993.1605 |  995.1194 |  996.0768 |  987.0401 |  978.5255 |
|  Memory read bandwidth [MBytes/s] | 1683.3446 |         0 |         0 |         0 |         0 |         0 | 1850.5487 |         0 |         0 |         0 |         0 |         0 | 1430.7783 |         0 |         0 |         0 |         0 | 1461.1216 |         0 |         0 |         0 |         0 |
|  Memory read data volume [GBytes] |   49.2831 |         0 |         0 |         0 |         0 |         0 |   54.1783 |         0 |         0 |         0 |         0 |         0 |   41.8887 |         0 |         0 |         0 |         0 |   42.7771 |         0 |         0 |         0 |         0 |
| Memory write bandwidth [MBytes/s] | 1028.3346 |         0 |         0 |         0 |         0 |         0 | 1099.7324 |         0 |         0 |         0 |         0 |         0 |  834.6232 |         0 |         0 |         0 |         0 |  784.6037 |         0 |         0 |         0 |         0 |
| Memory write data volume [GBytes] |   30.1064 |         0 |         0 |         0 |         0 |         0 |   32.1967 |         0 |         0 |         0 |         0 |         0 |   24.4352 |         0 |         0 |         0 |         0 |   22.9708 |         0 |         0 |         0 |         0 |
|    Memory bandwidth [MBytes/s]    | 2711.6792 |         0 |         0 |         0 |         0 |         0 | 2950.2811 |         0 |         0 |         0 |         0 |         0 | 2265.4015 |         0 |         0 |         0 |         0 | 2245.7253 |         0 |         0 |         0 |         0 |
|    Memory data volume [GBytes]    |   79.3895 |         0 |         0 |         0 |         0 |         0 |   86.3750 |         0 |         0 |         0 |         0 |         0 |   66.3239 |         0 |         0 |         0 |         0 |   65.7479 |         0 |         0 |         0 |         0 |
|       Operational intensity       |    0.3775 |    0.3768 |    0.3782 |    0.3770 |    0.3739 |    0.3731 |    0.3413 |    0.3418 |    0.3403 |    0.3375 |    0.3370 |    0.3365 |    0.4367 |    0.4389 |    0.4389 |    0.4383 |    0.4385 |    0.4422 |    0.4432 |    0.4436 |    0.4396 |    0.4358 |
+-----------------------------------+-----------+-----------+-----------+-----------+-----------+-----------+-----------+-----------+-----------+-----------+-----------+-----------+-----------+-----------+-----------+-----------+-----------+-----------+-----------+-----------+-----------+-----------+
+----------------------------------------+------------+-----------+-----------+-----------+
|                 Metric                 |     Sum    |    Min    |    Max    |    Avg    |
+----------------------------------------+------------+-----------+-----------+-----------+
|        Runtime (RDTSC) [s] STAT        |   644.1372 |   29.2769 |   29.2795 |   29.2790 |
|        Runtime unhalted [s] STAT       |   462.5870 |   19.1323 |   21.1748 |   21.0267 |
|            Clock [MHz] STAT            | 41692.8580 | 1895.0205 | 1895.4079 | 1895.1299 |
|                CPI STAT                |    12.1154 |    0.4924 |    0.5622 |    0.5507 |
|             Energy [J] STAT            |  5876.1350 |         0 | 1578.2600 |  267.0970 |
|             Power [W] STAT             |   200.7091 |         0 |   53.9081 |    9.1231 |
|          Energy DRAM [J] STAT          |   593.4709 |         0 |  158.5656 |   26.9760 |
|           Power DRAM [W] STAT          |    20.2710 |         0 |    5.4161 |    0.9214 |
|            DP [MFLOP/s] STAT           | 22033.8697 |  978.5255 | 1025.5774 | 1001.5395 |
|          AVX DP [MFLOP/s] STAT         |     0.6367 |         0 |    0.6367 |    0.0289 |
|          Packed [MUOPS/s] STAT         |     0.0922 |         0 |    0.0922 |    0.0042 |
|          Scalar [MUOPS/s] STAT         | 22033.2181 |  978.5255 | 1025.5774 | 1001.5099 |
|  Memory read bandwidth [MBytes/s] STAT |  6425.7932 |         0 | 1850.5487 |  292.0815 |
|  Memory read data volume [GBytes] STAT |   188.1272 |         0 |   54.1783 |    8.5512 |
| Memory write bandwidth [MBytes/s] STAT |  3747.2939 |         0 | 1099.7324 |  170.3315 |
| Memory write data volume [GBytes] STAT |   109.7091 |         0 |   32.1967 |    4.9868 |
|    Memory bandwidth [MBytes/s] STAT    | 10173.0871 |         0 | 2950.2811 |  462.4131 |
|    Memory data volume [GBytes] STAT    |   297.8363 |         0 |   86.3750 |   13.5380 |
|       Operational intensity STAT       |     8.6866 |    0.3365 |    0.4436 |    0.3948 |
+----------------------------------------+------------+-----------+-----------+-----------+
