--------------------------------------------------------------------------------
CPU name:	Intel(R) Xeon(R) Gold 6132 CPU @ 2.60GHz
CPU type:	Intel Skylake SP processor
CPU clock:	2.59 GHz
--------------------------------------------------------------------------------
Region Setup, Group 1: MEM_DP
+-------------------+----------+----------+----------+----------+----------+----------+----------+----------+----------+----------+----------+----------+----------+----------+----------+
|    Region Info    |  Core 0  |  Core 1  |  Core 2  |  Core 3  |  Core 14 |  Core 15 |  Core 16 |  Core 17 |  Core 28 |  Core 29 |  Core 30 |  Core 31 |  Core 42 |  Core 43 |  Core 44 |
+-------------------+----------+----------+----------+----------+----------+----------+----------+----------+----------+----------+----------+----------+----------+----------+----------+
| RDTSC Runtime [s] | 0.972578 | 0.977114 | 0.977193 | 0.977089 | 0.972576 | 0.977111 | 0.977110 | 0.977100 | 0.972489 | 0.977057 | 0.977075 | 0.977074 | 0.972505 | 0.977066 | 0.977156 |
|     call count    |        2 |        2 |        2 |        2 |        2 |        2 |        2 |        2 |        2 |        2 |        2 |        2 |        2 |        2 |        2 |
+-------------------+----------+----------+----------+----------+----------+----------+----------+----------+----------+----------+----------+----------+----------+----------+----------+
+------------------------------------------+---------+------------+-----------+-----------+-----------+-----------+-----------+-----------+-----------+-----------+-----------+-----------+-----------+-----------+-----------+-----------+
|                   Event                  | Counter |   Core 0   |   Core 1  |   Core 2  |   Core 3  |  Core 14  |  Core 15  |  Core 16  |  Core 17  |  Core 28  |  Core 29  |  Core 30  |  Core 31  |  Core 42  |  Core 43  |  Core 44  |
+------------------------------------------+---------+------------+-----------+-----------+-----------+-----------+-----------+-----------+-----------+-----------+-----------+-----------+-----------+-----------+-----------+-----------+
|             INSTR_RETIRED_ANY            |  FIXC0  | 1132045000 | 660319800 | 659617700 | 658897700 | 655599200 | 655247200 | 654649400 | 653378100 | 648943500 | 647918600 | 646928500 | 646033900 | 645974500 | 645871600 | 645680000 |
|           CPU_CLK_UNHALTED_CORE          |  FIXC1  |  684023200 | 537920100 | 550386100 | 540411300 | 508523200 | 520298000 | 512701700 | 513223800 | 512508000 | 518029400 | 520522200 | 516731400 | 516634600 | 525771500 | 523637300 |
|           CPU_CLK_UNHALTED_REF           |  FIXC2  |  936678300 | 736574300 | 753609100 | 739873000 | 696345300 | 712332500 | 702010200 | 702715800 | 701864100 | 709329200 | 712803100 | 707556900 | 707820800 | 720282100 | 717311900 |
|              PWR_PKG_ENERGY              |   PWR0  |    32.5983 |         0 |         0 |         0 |   32.4842 |         0 |         0 |         0 |   31.9070 |         0 |         0 |         0 |   28.5703 |         0 |         0 |
|              PWR_DRAM_ENERGY             |   PWR3  |     4.3955 |         0 |         0 |         0 |    3.6242 |         0 |         0 |         0 |    3.3343 |         0 |         0 |         0 |    3.5771 |         0 |         0 |
| FP_ARITH_INST_RETIRED_128B_PACKED_DOUBLE |   PMC0  |     122920 |         0 |         0 |         0 |         0 |         0 |         0 |         0 |         0 |         0 |         0 |         0 |         0 |         0 |         0 |
|    FP_ARITH_INST_RETIRED_SCALAR_DOUBLE   |   PMC1  |  225947400 | 189623200 | 189319000 | 189215200 | 188734900 | 188411000 | 188383800 | 187962600 | 186964700 | 186527900 | 186213900 | 185974200 | 185972400 | 185804700 | 185670200 |
| FP_ARITH_INST_RETIRED_256B_PACKED_DOUBLE |   PMC2  |      81488 |         0 |         0 |         0 |         0 |         0 |         0 |         0 |         0 |         0 |         0 |         0 |         0 |         0 |         0 |
| FP_ARITH_INST_RETIRED_512B_PACKED_DOUBLE |   PMC3  |    1080242 |         0 |         0 |         0 |         0 |         0 |         0 |         0 |         0 |         0 |         0 |         0 |         0 |         0 |         0 |
|               CAS_COUNT_RD               | MBOX0C0 |     906791 |         0 |         0 |         0 |    369903 |         0 |         0 |         0 |    341571 |         0 |         0 |         0 |    527135 |         0 |         0 |
|               CAS_COUNT_WR               | MBOX0C1 |    1922282 |         0 |         0 |         0 |    477457 |         0 |         0 |         0 |    464346 |         0 |         0 |         0 |    450964 |         0 |         0 |
|               CAS_COUNT_RD               | MBOX1C0 |     798153 |         0 |         0 |         0 |    366341 |         0 |         0 |         0 |    355754 |         0 |         0 |         0 |    961330 |         0 |         0 |
|               CAS_COUNT_WR               | MBOX1C1 |    1873321 |         0 |         0 |         0 |    484968 |         0 |         0 |         0 |    482370 |         0 |         0 |         0 |    833673 |         0 |         0 |
|               CAS_COUNT_RD               | MBOX2C0 |     812630 |         0 |         0 |         0 |    367639 |         0 |         0 |         0 |    353704 |         0 |         0 |         0 |    487731 |         0 |         0 |
|               CAS_COUNT_WR               | MBOX2C1 |    1904095 |         0 |         0 |         0 |    486657 |         0 |         0 |         0 |    482829 |         0 |         0 |         0 |    425961 |         0 |         0 |
|               CAS_COUNT_RD               | MBOX3C0 |     617808 |         0 |         0 |         0 |    302416 |         0 |         0 |         0 |    288213 |         0 |         0 |         0 |    991655 |         0 |         0 |
|               CAS_COUNT_WR               | MBOX3C1 |    1754796 |         0 |         0 |         0 |    429782 |         0 |         0 |         0 |    423026 |         0 |         0 |         0 |    772736 |         0 |         0 |
|               CAS_COUNT_RD               | MBOX4C0 |     725147 |         0 |         0 |         0 |    366165 |         0 |         0 |         0 |    290763 |         0 |         0 |         0 |    630252 |         0 |         0 |
|               CAS_COUNT_WR               | MBOX4C1 |    1750566 |         0 |         0 |         0 |    490584 |         0 |         0 |         0 |    426026 |         0 |         0 |         0 |    533546 |         0 |         0 |
|               CAS_COUNT_RD               | MBOX5C0 |     662045 |         0 |         0 |         0 |    295419 |         0 |         0 |         0 |    293178 |         0 |         0 |         0 |    499737 |         0 |         0 |
|               CAS_COUNT_WR               | MBOX5C1 |    1739433 |         0 |         0 |         0 |    424015 |         0 |         0 |         0 |    429769 |         0 |         0 |         0 |    460845 |         0 |         0 |
+------------------------------------------+---------+------------+-----------+-----------+-----------+-----------+-----------+-----------+-----------+-----------+-----------+-----------+-----------+-----------+-----------+-----------+
+-----------------------------------------------+---------+-------------+-----------+------------+--------------+
|                     Event                     | Counter |     Sum     |    Min    |     Max    |      Avg     |
+-----------------------------------------------+---------+-------------+-----------+------------+--------------+
|             INSTR_RETIRED_ANY STAT            |  FIXC0  | 10257104700 | 645680000 | 1132045000 |    683806980 |
|           CPU_CLK_UNHALTED_CORE STAT          |  FIXC1  |  8001321800 | 508523200 |  684023200 | 5.334215e+08 |
|           CPU_CLK_UNHALTED_REF STAT           |  FIXC2  | 10957106600 | 696345300 |  936678300 | 7.304738e+08 |
|              PWR_PKG_ENERGY STAT              |   PWR0  |    125.5598 |         0 |    32.5983 |       8.3707 |
|              PWR_DRAM_ENERGY STAT             |   PWR3  |     14.9311 |         0 |     4.3955 |       0.9954 |
| FP_ARITH_INST_RETIRED_128B_PACKED_DOUBLE STAT |   PMC0  |      122920 |         0 |     122920 |    8194.6667 |
|    FP_ARITH_INST_RETIRED_SCALAR_DOUBLE STAT   |   PMC1  |  2850725100 | 185670200 |  225947400 |    190048340 |
| FP_ARITH_INST_RETIRED_256B_PACKED_DOUBLE STAT |   PMC2  |       81488 |         0 |      81488 |    5432.5333 |
| FP_ARITH_INST_RETIRED_512B_PACKED_DOUBLE STAT |   PMC3  |     1080242 |         0 |    1080242 |   72016.1333 |
|               CAS_COUNT_RD STAT               | MBOX0C0 |     2145400 |         0 |     906791 |  143026.6667 |
|               CAS_COUNT_WR STAT               | MBOX0C1 |     3315049 |         0 |    1922282 |  221003.2667 |
|               CAS_COUNT_RD STAT               | MBOX1C0 |     2481578 |         0 |     961330 |  165438.5333 |
|               CAS_COUNT_WR STAT               | MBOX1C1 |     3674332 |         0 |    1873321 |  244955.4667 |
|               CAS_COUNT_RD STAT               | MBOX2C0 |     2021704 |         0 |     812630 |  134780.2667 |
|               CAS_COUNT_WR STAT               | MBOX2C1 |     3299542 |         0 |    1904095 |  219969.4667 |
|               CAS_COUNT_RD STAT               | MBOX3C0 |     2200092 |         0 |     991655 |  146672.8000 |
|               CAS_COUNT_WR STAT               | MBOX3C1 |     3380340 |         0 |    1754796 |       225356 |
|               CAS_COUNT_RD STAT               | MBOX4C0 |     2012327 |         0 |     725147 |  134155.1333 |
|               CAS_COUNT_WR STAT               | MBOX4C1 |     3200722 |         0 |    1750566 |  213381.4667 |
|               CAS_COUNT_RD STAT               | MBOX5C0 |     1750379 |         0 |     662045 |  116691.9333 |
|               CAS_COUNT_WR STAT               | MBOX5C1 |     3054062 |         0 |    1739433 |  203604.1333 |
+-----------------------------------------------+---------+-------------+-----------+------------+--------------+
+-----------------------------------+-----------+-----------+-----------+-----------+-----------+-----------+-----------+-----------+-----------+-----------+-----------+-----------+-----------+-----------+-----------+
|               Metric              |   Core 0  |   Core 1  |   Core 2  |   Core 3  |  Core 14  |  Core 15  |  Core 16  |  Core 17  |  Core 28  |  Core 29  |  Core 30  |  Core 31  |  Core 42  |  Core 43  |  Core 44  |
+-----------------------------------+-----------+-----------+-----------+-----------+-----------+-----------+-----------+-----------+-----------+-----------+-----------+-----------+-----------+-----------+-----------+
|        Runtime (RDTSC) [s]        |    0.9726 |    0.9771 |    0.9772 |    0.9771 |    0.9726 |    0.9771 |    0.9771 |    0.9771 |    0.9725 |    0.9771 |    0.9771 |    0.9771 |    0.9725 |    0.9771 |    0.9772 |
|        Runtime unhalted [s]       |    0.2637 |    0.2074 |    0.2122 |    0.2083 |    0.1961 |    0.2006 |    0.1977 |    0.1979 |    0.1976 |    0.1997 |    0.2007 |    0.1992 |    0.1992 |    0.2027 |    0.2019 |
|            Clock [MHz]            | 1894.1387 | 1894.2296 | 1894.3173 | 1894.5176 | 1894.1637 | 1894.5270 | 1894.3173 | 1894.3423 | 1893.9958 | 1894.2529 | 1894.0920 | 1894.2395 | 1893.1785 | 1893.3278 | 1893.4504 |
|                CPI                |    0.6042 |    0.8146 |    0.8344 |    0.8202 |    0.7757 |    0.7940 |    0.7832 |    0.7855 |    0.7898 |    0.7995 |    0.8046 |    0.7999 |    0.7998 |    0.8140 |    0.8110 |
|             Energy [J]            |   32.5983 |         0 |         0 |         0 |   32.4842 |         0 |         0 |         0 |   31.9070 |         0 |         0 |         0 |   28.5703 |         0 |         0 |
|             Power [W]             |   33.5174 |         0 |         0 |         0 |   33.4001 |         0 |         0 |         0 |   32.8097 |         0 |         0 |         0 |   29.3780 |         0 |         0 |
|          Energy DRAM [J]          |    4.3955 |         0 |         0 |         0 |    3.6242 |         0 |         0 |         0 |    3.3343 |         0 |         0 |         0 |    3.5771 |         0 |         0 |
|           Power DRAM [W]          |    4.5194 |         0 |         0 |         0 |    3.7264 |         0 |         0 |         0 |    3.4286 |         0 |         0 |         0 |    3.6783 |         0 |         0 |
|            DP [MFLOP/s]           |  241.7916 |  194.0646 |  193.7376 |  193.6519 |  194.0567 |  192.8246 |  192.7969 |  192.3679 |  192.2539 |  190.9078 |  190.5829 |  190.3379 |  191.2303 |  190.1661 |  190.0109 |
|          AVX DP [MFLOP/s]         |    9.2207 |         0 |         0 |         0 |         0 |         0 |         0 |         0 |         0 |         0 |         0 |         0 |         0 |         0 |         0 |
|          Packed [MUOPS/s]         |    1.3209 |         0 |         0 |         0 |         0 |         0 |         0 |         0 |         0 |         0 |         0 |         0 |         0 |         0 |         0 |
|          Scalar [MUOPS/s]         |  232.3181 |  194.0646 |  193.7376 |  193.6519 |  194.0567 |  192.8246 |  192.7969 |  192.3679 |  192.2539 |  190.9078 |  190.5829 |  190.3379 |  191.2303 |  190.1661 |  190.0109 |
|  Memory read bandwidth [MBytes/s] |  297.6058 |         0 |         0 |         0 |  136.0762 |         0 |         0 |         0 |  126.5657 |         0 |         0 |         0 |  269.6765 |         0 |         0 |
|  Memory read data volume [GBytes] |    0.2894 |         0 |         0 |         0 |    0.1323 |         0 |         0 |         0 |    0.1231 |         0 |         0 |         0 |    0.2623 |         0 |         0 |
| Memory write bandwidth [MBytes/s] |  720.1970 |         0 |         0 |         0 |  183.8228 |         0 |         0 |         0 |  178.2390 |         0 |         0 |         0 |  228.8671 |         0 |         0 |
| Memory write data volume [GBytes] |    0.7004 |         0 |         0 |         0 |    0.1788 |         0 |         0 |         0 |    0.1733 |         0 |         0 |         0 |    0.2226 |         0 |         0 |
|    Memory bandwidth [MBytes/s]    | 1017.8028 |         0 |         0 |         0 |  319.8990 |         0 |         0 |         0 |  304.8047 |         0 |         0 |         0 |  498.5437 |         0 |         0 |
|    Memory data volume [GBytes]    |    0.9899 |         0 |         0 |         0 |    0.3111 |         0 |         0 |         0 |    0.2964 |         0 |         0 |         0 |    0.4848 |         0 |         0 |
|       Operational intensity       |    0.2376 |    0.1916 |    0.1913 |    0.1911 |    0.6066 |    0.6056 |    0.6055 |    0.6041 |    0.6307 |    0.6293 |    0.6282 |    0.6274 |    0.3836 |    0.3832 |    0.3830 |
+-----------------------------------+-----------+-----------+-----------+-----------+-----------+-----------+-----------+-----------+-----------+-----------+-----------+-----------+-----------+-----------+-----------+
+----------------------------------------+------------+-----------+-----------+-----------+
|                 Metric                 |     Sum    |    Min    |    Max    |    Avg    |
+----------------------------------------+------------+-----------+-----------+-----------+
|        Runtime (RDTSC) [s] STAT        |    14.6385 |    0.9725 |    0.9772 |    0.9759 |
|        Runtime unhalted [s] STAT       |     3.0849 |    0.1961 |    0.2637 |    0.2057 |
|            Clock [MHz] STAT            | 28411.0904 | 1893.1785 | 1894.5270 | 1894.0727 |
|                CPI STAT                |    11.8304 |    0.6042 |    0.8344 |    0.7887 |
|             Energy [J] STAT            |   125.5598 |         0 |   32.5983 |    8.3707 |
|             Power [W] STAT             |   129.1052 |         0 |   33.5174 |    8.6070 |
|          Energy DRAM [J] STAT          |    14.9311 |         0 |    4.3955 |    0.9954 |
|           Power DRAM [W] STAT          |    15.3527 |         0 |    4.5194 |    1.0235 |
|            DP [MFLOP/s] STAT           |  2930.7816 |  190.0109 |  241.7916 |  195.3854 |
|          AVX DP [MFLOP/s] STAT         |     9.2207 |         0 |    9.2207 |    0.6147 |
|          Packed [MUOPS/s] STAT         |     1.3209 |         0 |    1.3209 |    0.0881 |
|          Scalar [MUOPS/s] STAT         |  2921.3081 |  190.0109 |  232.3181 |  194.7539 |
|  Memory read bandwidth [MBytes/s] STAT |   829.9242 |         0 |  297.6058 |   55.3283 |
|  Memory read data volume [GBytes] STAT |     0.8071 |         0 |    0.2894 |    0.0538 |
| Memory write bandwidth [MBytes/s] STAT |  1311.1259 |         0 |  720.1970 |   87.4084 |
| Memory write data volume [GBytes] STAT |     1.2751 |         0 |    0.7004 |    0.0850 |
|    Memory bandwidth [MBytes/s] STAT    |  2141.0502 |         0 | 1017.8028 |  142.7367 |
|    Memory data volume [GBytes] STAT    |     2.0822 |         0 |    0.9899 |    0.1388 |
|       Operational intensity STAT       |     6.8988 |    0.1911 |    0.6307 |    0.4599 |
+----------------------------------------+------------+-----------+-----------+-----------+
--------------------------------------------------------------------------------
CPU name:	Intel(R) Xeon(R) Gold 6132 CPU @ 2.60GHz
CPU type:	Intel Skylake SP processor
CPU clock:	2.59 GHz
--------------------------------------------------------------------------------
Region Solve, Group 1: MEM_DP
+-------------------+-----------+-----------+-----------+-----------+-----------+-----------+-----------+-----------+-----------+-----------+-----------+-----------+-----------+-----------+-----------+
|    Region Info    |   Core 0  |   Core 1  |   Core 2  |   Core 3  |  Core 14  |  Core 15  |  Core 16  |  Core 17  |  Core 28  |  Core 29  |  Core 30  |  Core 31  |  Core 42  |  Core 43  |  Core 44  |
+-------------------+-----------+-----------+-----------+-----------+-----------+-----------+-----------+-----------+-----------+-----------+-----------+-----------+-----------+-----------+-----------+
| RDTSC Runtime [s] | 40.501510 | 40.504070 | 40.504070 | 40.504060 | 40.501530 | 40.504070 | 40.504070 | 40.504070 | 40.501530 | 40.504060 | 40.504070 | 40.504070 | 40.501510 | 40.504050 | 40.504060 |
|     call count    |         1 |         1 |         1 |         1 |         1 |         1 |         1 |         1 |         1 |         1 |         1 |         1 |         1 |         1 |         1 |
+-------------------+-----------+-----------+-----------+-----------+-----------+-----------+-----------+-----------+-----------+-----------+-----------+-----------+-----------+-----------+-----------+
+------------------------------------------+---------+--------------+--------------+--------------+--------------+--------------+--------------+--------------+--------------+--------------+--------------+--------------+--------------+--------------+--------------+--------------+
|                   Event                  | Counter |    Core 0    |    Core 1    |    Core 2    |    Core 3    |    Core 14   |    Core 15   |    Core 16   |    Core 17   |    Core 28   |    Core 29   |    Core 30   |    Core 31   |    Core 42   |    Core 43   |    Core 44   |
+------------------------------------------+---------+--------------+--------------+--------------+--------------+--------------+--------------+--------------+--------------+--------------+--------------+--------------+--------------+--------------+--------------+--------------+
|             INSTR_RETIRED_ANY            |  FIXC0  | 147294600000 | 147241200000 | 146906200000 | 146251200000 | 145052100000 | 145254700000 | 144847700000 | 144001400000 | 143696200000 | 143711100000 | 143176300000 | 143527100000 | 144044200000 | 143864100000 | 147044900000 |
|           CPU_CLK_UNHALTED_CORE          |  FIXC1  |  75872500000 |  76007340000 |  76016500000 |  76020570000 |  75840460000 |  75859180000 |  75782280000 |  75871110000 |  75846360000 |  75849460000 |  75861190000 |  75859500000 |  75717810000 |  75928640000 |  70731370000 |
|           CPU_CLK_UNHALTED_REF           |  FIXC2  | 103840700000 | 104025300000 | 104038000000 | 104043300000 | 103795900000 | 103821400000 | 103716200000 | 103838400000 | 103805300000 | 103810000000 | 103826000000 | 103823800000 | 103613800000 | 103902300000 |  96790900000 |
|              PWR_PKG_ENERGY              |   PWR0  |    1786.3400 |            0 |            0 |            0 |    1874.0290 |            0 |            0 |            0 |    1820.2220 |            0 |            0 |            0 |    1574.6340 |            0 |            0 |
|              PWR_DRAM_ENERGY             |   PWR3  |     196.6018 |            0 |            0 |            0 |     206.7370 |            0 |            0 |            0 |     189.5113 |            0 |            0 |            0 |     175.3177 |            0 |            0 |
| FP_ARITH_INST_RETIRED_128B_PACKED_DOUBLE |   PMC0  |       218232 |            0 |            0 |            0 |            0 |            0 |            0 |            0 |            0 |            0 |            0 |            0 |            0 |            0 |            0 |
|    FP_ARITH_INST_RETIRED_SCALAR_DOUBLE   |   PMC1  |  43720520000 |  43958580000 |  43794270000 |  43499900000 |  43150390000 |  43153890000 |  42803710000 |  42582970000 |  42459730000 |  42645720000 |  42532470000 |  42619540000 |  42834700000 |  42891590000 |  42461760000 |
| FP_ARITH_INST_RETIRED_256B_PACKED_DOUBLE |   PMC2  |       302358 |            0 |            0 |            0 |            0 |            0 |            0 |            0 |            0 |            0 |            0 |            0 |            0 |            0 |            0 |
| FP_ARITH_INST_RETIRED_512B_PACKED_DOUBLE |   PMC3  |      2178750 |            0 |            0 |            0 |            0 |            0 |            0 |            0 |            0 |            0 |            0 |            0 |            0 |            0 |            0 |
|               CAS_COUNT_RD               | MBOX0C0 |    125119200 |            0 |            0 |            0 |    147339300 |            0 |            0 |            0 |    139049700 |            0 |            0 |            0 |     96455060 |            0 |            0 |
|               CAS_COUNT_WR               | MBOX0C1 |     77740380 |            0 |            0 |            0 |     90307620 |            0 |            0 |            0 |     80283290 |            0 |            0 |            0 |     51694450 |            0 |            0 |
|               CAS_COUNT_RD               | MBOX1C0 |    124404400 |            0 |            0 |            0 |    147293700 |            0 |            0 |            0 |    139437800 |            0 |            0 |            0 |     97528380 |            0 |            0 |
|               CAS_COUNT_WR               | MBOX1C1 |     77676020 |            0 |            0 |            0 |     90633230 |            0 |            0 |            0 |     80460970 |            0 |            0 |            0 |     52490540 |            0 |            0 |
|               CAS_COUNT_RD               | MBOX2C0 |    123954300 |            0 |            0 |            0 |    147540400 |            0 |            0 |            0 |    139039100 |            0 |            0 |            0 |     96473330 |            0 |            0 |
|               CAS_COUNT_WR               | MBOX2C1 |     77348460 |            0 |            0 |            0 |     90737870 |            0 |            0 |            0 |     80288150 |            0 |            0 |            0 |     51648700 |            0 |            0 |
|               CAS_COUNT_RD               | MBOX3C0 |    123571900 |            0 |            0 |            0 |    146620400 |            0 |            0 |            0 |    138065200 |            0 |            0 |            0 |     97451690 |            0 |            0 |
|               CAS_COUNT_WR               | MBOX3C1 |     77229960 |            0 |            0 |            0 |     90020520 |            0 |            0 |            0 |     79538640 |            0 |            0 |            0 |     52370530 |            0 |            0 |
|               CAS_COUNT_RD               | MBOX4C0 |    124657700 |            0 |            0 |            0 |    146729900 |            0 |            0 |            0 |    138099900 |            0 |            0 |            0 |     96530010 |            0 |            0 |
|               CAS_COUNT_WR               | MBOX4C1 |     77479900 |            0 |            0 |            0 |     90000620 |            0 |            0 |            0 |     79553140 |            0 |            0 |            0 |     51722130 |            0 |            0 |
|               CAS_COUNT_RD               | MBOX5C0 |    123937100 |            0 |            0 |            0 |    146277100 |            0 |            0 |            0 |    138412200 |            0 |            0 |            0 |     96822120 |            0 |            0 |
|               CAS_COUNT_WR               | MBOX5C1 |     77424780 |            0 |            0 |            0 |     89679350 |            0 |            0 |            0 |     79616000 |            0 |            0 |            0 |     51944750 |            0 |            0 |
+------------------------------------------+---------+--------------+--------------+--------------+--------------+--------------+--------------+--------------+--------------+--------------+--------------+--------------+--------------+--------------+--------------+--------------+
+-----------------------------------------------+---------+---------------+--------------+--------------+--------------+
|                     Event                     | Counter |      Sum      |      Min     |      Max     |      Avg     |
+-----------------------------------------------+---------+---------------+--------------+--------------+--------------+
|             INSTR_RETIRED_ANY STAT            |  FIXC0  | 2175913000000 | 143176300000 | 147294600000 | 1.450609e+11 |
|           CPU_CLK_UNHALTED_CORE STAT          |  FIXC1  | 1133064270000 |  70731370000 |  76020570000 |  75537618000 |
|           CPU_CLK_UNHALTED_REF STAT           |  FIXC2  | 1550691300000 |  96790900000 | 104043300000 | 103379420000 |
|              PWR_PKG_ENERGY STAT              |   PWR0  |     7055.2250 |            0 |    1874.0290 |     470.3483 |
|              PWR_DRAM_ENERGY STAT             |   PWR3  |      768.1678 |            0 |     206.7370 |      51.2112 |
| FP_ARITH_INST_RETIRED_128B_PACKED_DOUBLE STAT |   PMC0  |        218232 |            0 |       218232 |   14548.8000 |
|    FP_ARITH_INST_RETIRED_SCALAR_DOUBLE STAT   |   PMC1  |  645109740000 |  42459730000 |  43958580000 |  43007316000 |
| FP_ARITH_INST_RETIRED_256B_PACKED_DOUBLE STAT |   PMC2  |        302358 |            0 |       302358 |   20157.2000 |
| FP_ARITH_INST_RETIRED_512B_PACKED_DOUBLE STAT |   PMC3  |       2178750 |            0 |      2178750 |       145250 |
|               CAS_COUNT_RD STAT               | MBOX0C0 |     507963260 |            0 |    147339300 | 3.386422e+07 |
|               CAS_COUNT_WR STAT               | MBOX0C1 |     300025740 |            0 |     90307620 |     20001716 |
|               CAS_COUNT_RD STAT               | MBOX1C0 |     508664280 |            0 |    147293700 |     33910952 |
|               CAS_COUNT_WR STAT               | MBOX1C1 |     301260760 |            0 |     90633230 | 2.008405e+07 |
|               CAS_COUNT_RD STAT               | MBOX2C0 |     507007130 |            0 |    147540400 | 3.380048e+07 |
|               CAS_COUNT_WR STAT               | MBOX2C1 |     300023180 |            0 |     90737870 | 2.000155e+07 |
|               CAS_COUNT_RD STAT               | MBOX3C0 |     505709190 |            0 |    146620400 |     33713946 |
|               CAS_COUNT_WR STAT               | MBOX3C1 |     299159650 |            0 |     90020520 | 1.994398e+07 |
|               CAS_COUNT_RD STAT               | MBOX4C0 |     506017510 |            0 |    146729900 | 3.373450e+07 |
|               CAS_COUNT_WR STAT               | MBOX4C1 |     298755790 |            0 |     90000620 | 1.991705e+07 |
|               CAS_COUNT_RD STAT               | MBOX5C0 |     505448520 |            0 |    146277100 |     33696568 |
|               CAS_COUNT_WR STAT               | MBOX5C1 |     298664880 |            0 |     89679350 |     19910992 |
+-----------------------------------------------+---------+---------------+--------------+--------------+--------------+
+-----------------------------------+-----------+-----------+-----------+-----------+-----------+-----------+-----------+-----------+-----------+-----------+-----------+-----------+-----------+-----------+-----------+
|               Metric              |   Core 0  |   Core 1  |   Core 2  |   Core 3  |  Core 14  |  Core 15  |  Core 16  |  Core 17  |  Core 28  |  Core 29  |  Core 30  |  Core 31  |  Core 42  |  Core 43  |  Core 44  |
+-----------------------------------+-----------+-----------+-----------+-----------+-----------+-----------+-----------+-----------+-----------+-----------+-----------+-----------+-----------+-----------+-----------+
|        Runtime (RDTSC) [s]        |   40.5015 |   40.5041 |   40.5041 |   40.5041 |   40.5015 |   40.5041 |   40.5041 |   40.5041 |   40.5015 |   40.5041 |   40.5041 |   40.5041 |   40.5015 |   40.5040 |   40.5041 |
|        Runtime unhalted [s]       |   29.2518 |   29.3038 |   29.3073 |   29.3089 |   29.2395 |   29.2467 |   29.2170 |   29.2513 |   29.2417 |   29.2429 |   29.2475 |   29.2468 |   29.1922 |   29.2735 |   27.2697 |
|            Clock [MHz]            | 1895.1700 | 1895.1690 | 1895.1661 | 1895.1710 | 1895.1874 | 1895.1896 | 1895.1887 | 1895.1773 | 1895.1632 | 1895.1548 | 1895.1558 | 1895.1538 | 1895.4478 | 1895.4479 | 1895.4352 |
|                CPI                |    0.5151 |    0.5162 |    0.5174 |    0.5198 |    0.5228 |    0.5222 |    0.5232 |    0.5269 |    0.5278 |    0.5278 |    0.5298 |    0.5285 |    0.5257 |    0.5278 |    0.4810 |
|             Energy [J]            | 1786.3400 |         0 |         0 |         0 | 1874.0290 |         0 |         0 |         0 | 1820.2220 |         0 |         0 |         0 | 1574.6340 |         0 |         0 |
|             Power [W]             |   44.1055 |         0 |         0 |         0 |   46.2706 |         0 |         0 |         0 |   44.9421 |         0 |         0 |         0 |   38.8784 |         0 |         0 |
|          Energy DRAM [J]          |  196.6018 |         0 |         0 |         0 |  206.7370 |         0 |         0 |         0 |  189.5113 |         0 |         0 |         0 |  175.3177 |         0 |         0 |
|           Power DRAM [W]          |    4.8542 |         0 |         0 |         0 |    5.1044 |         0 |         0 |         0 |    4.6791 |         0 |         0 |         0 |    4.3287 |         0 |         0 |
|            DP [MFLOP/s]           | 1079.9498 | 1085.2880 | 1081.2313 | 1073.9639 | 1065.4015 | 1065.4211 | 1056.7755 | 1051.3257 | 1048.3488 | 1052.8752 | 1050.0789 | 1052.2286 | 1057.6075 | 1058.9457 | 1048.3334 |
|          AVX DP [MFLOP/s]         |    0.4602 |         0 |         0 |         0 |         0 |         0 |         0 |         0 |         0 |         0 |         0 |         0 |         0 |         0 |         0 |
|          Packed [MUOPS/s]         |    0.0666 |         0 |         0 |         0 |         0 |         0 |         0 |         0 |         0 |         0 |         0 |         0 |         0 |         0 |         0 |
|          Scalar [MUOPS/s]         | 1079.4788 | 1085.2880 | 1081.2313 | 1073.9639 | 1065.4015 | 1065.4211 | 1056.7755 | 1051.3257 | 1048.3488 | 1052.8752 | 1050.0789 | 1052.2286 | 1057.6075 | 1058.9457 | 1048.3334 |
|  Memory read bandwidth [MBytes/s] | 1178.2586 |         0 |         0 |         0 | 1393.4104 |         0 |         0 |         0 | 1314.8799 |         0 |         0 |         0 |  918.5010 |         0 |         0 |
|  Memory read data volume [GBytes] |   47.7213 |         0 |         0 |         0 |   56.4353 |         0 |         0 |         0 |   53.2546 |         0 |         0 |         0 |   37.2007 |         0 |         0 |
| Memory write bandwidth [MBytes/s] |  734.6286 |         0 |         0 |         0 |  855.4805 |         0 |         0 |         0 |  758.0793 |         0 |         0 |         0 |  492.8150 |         0 |         0 |
| Memory write data volume [GBytes] |   29.7536 |         0 |         0 |         0 |   34.6483 |         0 |         0 |         0 |   30.7034 |         0 |         0 |         0 |   19.9598 |         0 |         0 |
|    Memory bandwidth [MBytes/s]    | 1912.8873 |         0 |         0 |         0 | 2248.8909 |         0 |         0 |         0 | 2072.9593 |         0 |         0 |         0 | 1411.3160 |         0 |         0 |
|    Memory data volume [GBytes]    |   77.4748 |         0 |         0 |         0 |   91.0835 |         0 |         0 |         0 |   83.9580 |         0 |         0 |         0 |   57.1604 |         0 |         0 |
|       Operational intensity       |    0.5646 |    0.5674 |    0.5653 |    0.5615 |    0.4737 |    0.4738 |    0.4699 |    0.4675 |    0.5057 |    0.5079 |    0.5066 |    0.5076 |    0.7494 |    0.7504 |    0.7429 |
+-----------------------------------+-----------+-----------+-----------+-----------+-----------+-----------+-----------+-----------+-----------+-----------+-----------+-----------+-----------+-----------+-----------+
+----------------------------------------+------------+-----------+-----------+-----------+
|                 Metric                 |     Sum    |    Min    |    Max    |    Avg    |
+----------------------------------------+------------+-----------+-----------+-----------+
|        Runtime (RDTSC) [s] STAT        |   607.5510 |   40.5015 |   40.5041 |   40.5034 |
|        Runtime unhalted [s] STAT       |   436.8406 |   27.2697 |   29.3089 |   29.1227 |
|            Clock [MHz] STAT            | 28428.3776 | 1895.1538 | 1895.4479 | 1895.2252 |
|                CPI STAT                |     7.8120 |    0.4810 |    0.5298 |    0.5208 |
|             Energy [J] STAT            |  7055.2250 |         0 | 1874.0290 |  470.3483 |
|             Power [W] STAT             |   174.1966 |         0 |   46.2706 |   11.6131 |
|          Energy DRAM [J] STAT          |   768.1678 |         0 |  206.7370 |   51.2112 |
|           Power DRAM [W] STAT          |    18.9664 |         0 |    5.1044 |    1.2644 |
|            DP [MFLOP/s] STAT           | 15927.7749 | 1048.3334 | 1085.2880 | 1061.8517 |
|          AVX DP [MFLOP/s] STAT         |     0.4602 |         0 |    0.4602 |    0.0307 |
|          Packed [MUOPS/s] STAT         |     0.0666 |         0 |    0.0666 |    0.0044 |
|          Scalar [MUOPS/s] STAT         | 15927.3039 | 1048.3334 | 1085.2880 | 1061.8203 |
|  Memory read bandwidth [MBytes/s] STAT |  4805.0499 |         0 | 1393.4104 |  320.3367 |
|  Memory read data volume [GBytes] STAT |   194.6119 |         0 |   56.4353 |   12.9741 |
| Memory write bandwidth [MBytes/s] STAT |  2841.0034 |         0 |  855.4805 |  189.4002 |
| Memory write data volume [GBytes] STAT |   115.0651 |         0 |   34.6483 |    7.6710 |
|    Memory bandwidth [MBytes/s] STAT    |  7646.0535 |         0 | 2248.8909 |  509.7369 |
|    Memory data volume [GBytes] STAT    |   309.6767 |         0 |   91.0835 |   20.6451 |
|       Operational intensity STAT       |     8.4142 |    0.4675 |    0.7504 |    0.5609 |
+----------------------------------------+------------+-----------+-----------+-----------+
