--------------------------------------------------------------------------------
CPU name:	Intel(R) Xeon(R) Gold 6132 CPU @ 2.60GHz
CPU type:	Intel Skylake SP processor
CPU clock:	2.59 GHz
--------------------------------------------------------------------------------
Region Setup, Group 1: MEM_DP
+-------------------+----------+----------+----------+----------+----------+----------+----------+----------+----------+----------+----------+----------+----------+----------+----------+----------+----------+----------+----------+----------+----------+----------+----------+----------+----------+----------+----------+----------+----------+----------+----------+----------+----------+----------+
|    Region Info    |  Core 0  |  Core 1  |  Core 2  |  Core 3  |  Core 4  |  Core 5  |  Core 6  |  Core 7  |  Core 8  |  Core 14 |  Core 15 |  Core 16 |  Core 17 |  Core 18 |  Core 19 |  Core 20 |  Core 21 |  Core 22 |  Core 28 |  Core 29 |  Core 30 |  Core 31 |  Core 32 |  Core 33 |  Core 34 |  Core 35 |  Core 42 |  Core 43 |  Core 44 |  Core 45 |  Core 46 |  Core 47 |  Core 48 |  Core 49 |
+-------------------+----------+----------+----------+----------+----------+----------+----------+----------+----------+----------+----------+----------+----------+----------+----------+----------+----------+----------+----------+----------+----------+----------+----------+----------+----------+----------+----------+----------+----------+----------+----------+----------+----------+----------+
| RDTSC Runtime [s] | 0.995212 | 0.999807 | 0.999917 | 0.999822 | 0.999856 | 0.999773 | 0.999889 | 0.999845 | 0.999862 | 0.995277 | 0.999926 | 0.999808 | 0.999797 | 0.999822 | 0.999815 | 0.999826 | 0.999820 | 0.999876 | 0.995316 | 0.999875 | 0.999920 | 0.999827 | 0.999834 | 0.999882 | 0.999886 | 0.999913 | 0.995284 | 0.999797 | 0.999864 | 0.999788 | 0.999859 | 0.999748 | 0.999767 | 0.999740 |
|     call count    |        2 |        2 |        2 |        2 |        2 |        2 |        2 |        2 |        2 |        2 |        2 |        2 |        2 |        2 |        2 |        2 |        2 |        2 |        2 |        2 |        2 |        2 |        2 |        2 |        2 |        2 |        2 |        2 |        2 |        2 |        2 |        2 |        2 |        2 |
+-------------------+----------+----------+----------+----------+----------+----------+----------+----------+----------+----------+----------+----------+----------+----------+----------+----------+----------+----------+----------+----------+----------+----------+----------+----------+----------+----------+----------+----------+----------+----------+----------+----------+----------+----------+
+------------------------------------------+---------+-----------+-----------+-----------+-----------+-----------+-----------+-----------+-----------+-----------+-----------+-----------+-----------+-----------+-----------+-----------+-----------+-----------+-----------+-----------+-----------+-----------+-----------+-----------+-----------+-----------+-----------+-----------+-----------+-----------+-----------+-----------+-----------+-----------+-----------+
|                   Event                  | Counter |   Core 0  |   Core 1  |   Core 2  |   Core 3  |   Core 4  |   Core 5  |   Core 6  |   Core 7  |   Core 8  |  Core 14  |  Core 15  |  Core 16  |  Core 17  |  Core 18  |  Core 19  |  Core 20  |  Core 21  |  Core 22  |  Core 28  |  Core 29  |  Core 30  |  Core 31  |  Core 32  |  Core 33  |  Core 34  |  Core 35  |  Core 42  |  Core 43  |  Core 44  |  Core 45  |  Core 46  |  Core 47  |  Core 48  |  Core 49  |
+------------------------------------------+---------+-----------+-----------+-----------+-----------+-----------+-----------+-----------+-----------+-----------+-----------+-----------+-----------+-----------+-----------+-----------+-----------+-----------+-----------+-----------+-----------+-----------+-----------+-----------+-----------+-----------+-----------+-----------+-----------+-----------+-----------+-----------+-----------+-----------+-----------+
|             INSTR_RETIRED_ANY            |  FIXC0  | 772130800 | 305174500 | 304591100 | 303119300 | 303505900 | 301246900 | 302727400 | 302734300 | 301136800 | 298059800 | 298067700 | 296668200 | 298393400 | 296101400 | 297200900 | 297296100 | 296369100 | 294460800 | 295624400 | 294557000 | 295130200 | 295861300 | 294336600 | 296125600 | 293259200 | 295102800 | 292537000 | 291449300 | 290962200 | 289461300 | 289255900 | 287387000 | 288169500 | 287877800 |
|           CPU_CLK_UNHALTED_CORE          |  FIXC1  | 478351200 | 427015000 | 449703300 | 419528800 | 429563400 | 440548100 | 472046200 | 471709900 | 452362400 | 390437100 | 390916800 | 381533100 | 417818300 | 369684900 | 392448400 | 394941800 | 416241500 | 384004200 | 408513100 | 386399700 | 397806000 | 416470500 | 383534600 | 433495000 | 372171100 | 412117300 | 411284400 | 417745900 | 402608200 | 376068200 | 396482900 | 376870700 | 403702000 | 410224100 |
|           CPU_CLK_UNHALTED_REF           |  FIXC2  | 654800700 | 584915200 | 615968500 | 574697700 | 588230900 | 603419600 | 646417300 | 646429700 | 619547900 | 535055500 | 535482400 | 522717000 | 572331800 | 506512700 | 537730200 | 541064700 | 570275400 | 525967300 | 559666300 | 529411200 | 544866700 | 570478900 | 525349600 | 593812600 | 509852800 | 564525700 | 563637600 | 572304400 | 551739600 | 515467700 | 543234200 | 516519100 | 553170200 | 562205300 |
|              PWR_PKG_ENERGY              |   PWR0  |   35.4799 |         0 |         0 |         0 |         0 |         0 |         0 |         0 |         0 |   35.3193 |         0 |         0 |         0 |         0 |         0 |         0 |         0 |         0 |   33.7873 |         0 |         0 |         0 |         0 |         0 |         0 |         0 |   31.1718 |         0 |         0 |         0 |         0 |         0 |         0 |         0 |
|              PWR_DRAM_ENERGY             |   PWR3  |    4.6453 |         0 |         0 |         0 |         0 |         0 |         0 |         0 |         0 |    3.7378 |         0 |         0 |         0 |         0 |         0 |         0 |         0 |         0 |    3.4090 |         0 |         0 |         0 |         0 |         0 |         0 |         0 |    3.5542 |         0 |         0 |         0 |         0 |         0 |         0 |         0 |
| FP_ARITH_INST_RETIRED_128B_PACKED_DOUBLE |   PMC0  |    122920 |         0 |         0 |         0 |         0 |         0 |         0 |         0 |         0 |         0 |         0 |         0 |         0 |         0 |         0 |         0 |         0 |         0 |         0 |         0 |         0 |         0 |         0 |         0 |         0 |         0 |         0 |         0 |         0 |         0 |         0 |         0 |         0 |         0 |
|    FP_ARITH_INST_RETIRED_SCALAR_DOUBLE   |   PMC1  | 121185400 |  84906460 |  84480480 |  84450490 |  84444500 |  83611800 |  83611840 |  83611200 |  83428890 |  83408560 |  83408720 |  83122060 |  83122030 |  83123330 |  83123010 |  83121620 |  82809020 |  82713290 |  82712300 |  82712300 |  82712300 |  82696730 |  82697520 |  82554260 |  82554720 |  82554160 |  81731470 |  81301500 |  81338360 |  81301500 |  80900090 |  80642040 |  80436220 |  80198160 |
| FP_ARITH_INST_RETIRED_256B_PACKED_DOUBLE |   PMC2  |     81488 |         0 |         0 |         0 |         0 |         0 |         0 |         0 |         0 |         0 |         0 |         0 |         0 |         0 |         0 |         0 |         0 |         0 |         0 |         0 |         0 |         0 |         0 |         0 |         0 |         0 |         0 |         0 |         0 |         0 |         0 |         0 |         0 |         0 |
| FP_ARITH_INST_RETIRED_512B_PACKED_DOUBLE |   PMC3  |   1080242 |         0 |         0 |         0 |         0 |         0 |         0 |         0 |         0 |         0 |         0 |         0 |         0 |         0 |         0 |         0 |         0 |         0 |         0 |         0 |         0 |         0 |         0 |         0 |         0 |         0 |         0 |         0 |         0 |         0 |         0 |         0 |         0 |         0 |
|               CAS_COUNT_RD               | MBOX0C0 |   1191715 |         0 |         0 |         0 |         0 |         0 |         0 |         0 |         0 |    422856 |         0 |         0 |         0 |         0 |         0 |         0 |         0 |         0 |    280563 |         0 |         0 |         0 |         0 |         0 |         0 |         0 |    431461 |         0 |         0 |         0 |         0 |         0 |         0 |         0 |
|               CAS_COUNT_WR               | MBOX0C1 |   2109119 |         0 |         0 |         0 |         0 |         0 |         0 |         0 |         0 |    537595 |         0 |         0 |         0 |         0 |         0 |         0 |         0 |         0 |    407809 |         0 |         0 |         0 |         0 |         0 |         0 |         0 |    510077 |         0 |         0 |         0 |         0 |         0 |         0 |         0 |
|               CAS_COUNT_RD               | MBOX1C0 |    966219 |         0 |         0 |         0 |         0 |         0 |         0 |         0 |         0 |    348644 |         0 |         0 |         0 |         0 |         0 |         0 |         0 |         0 |    277024 |         0 |         0 |         0 |         0 |         0 |         0 |         0 |    328788 |         0 |         0 |         0 |         0 |         0 |         0 |         0 |
|               CAS_COUNT_WR               | MBOX1C1 |   2005056 |         0 |         0 |         0 |         0 |         0 |         0 |         0 |         0 |    483626 |         0 |         0 |         0 |         0 |         0 |         0 |         0 |         0 |    402991 |         0 |         0 |         0 |         0 |         0 |         0 |         0 |    435288 |         0 |         0 |         0 |         0 |         0 |         0 |         0 |
|               CAS_COUNT_RD               | MBOX2C0 |   1034909 |         0 |         0 |         0 |         0 |         0 |         0 |         0 |         0 |    357022 |         0 |         0 |         0 |         0 |         0 |         0 |         0 |         0 |    288790 |         0 |         0 |         0 |         0 |         0 |         0 |         0 |    410351 |         0 |         0 |         0 |         0 |         0 |         0 |         0 |
|               CAS_COUNT_WR               | MBOX2C1 |   2103435 |         0 |         0 |         0 |         0 |         0 |         0 |         0 |         0 |    491963 |         0 |         0 |         0 |         0 |         0 |         0 |         0 |         0 |    421122 |         0 |         0 |         0 |         0 |         0 |         0 |         0 |    501865 |         0 |         0 |         0 |         0 |         0 |         0 |         0 |
|               CAS_COUNT_RD               | MBOX3C0 |    864472 |         0 |         0 |         0 |         0 |         0 |         0 |         0 |         0 |    280493 |         0 |         0 |         0 |         0 |         0 |         0 |         0 |         0 |    221222 |         0 |         0 |         0 |         0 |         0 |         0 |         0 |    498963 |         0 |         0 |         0 |         0 |         0 |         0 |         0 |
|               CAS_COUNT_WR               | MBOX3C1 |   1888099 |         0 |         0 |         0 |         0 |         0 |         0 |         0 |         0 |    419777 |         0 |         0 |         0 |         0 |         0 |         0 |         0 |         0 |    354883 |         0 |         0 |         0 |         0 |         0 |         0 |         0 |    586952 |         0 |         0 |         0 |         0 |         0 |         0 |         0 |
|               CAS_COUNT_RD               | MBOX4C0 |    921104 |         0 |         0 |         0 |         0 |         0 |         0 |         0 |         0 |    406397 |         0 |         0 |         0 |         0 |         0 |         0 |         0 |         0 |    220517 |         0 |         0 |         0 |         0 |         0 |         0 |         0 |    509041 |         0 |         0 |         0 |         0 |         0 |         0 |         0 |
|               CAS_COUNT_WR               | MBOX4C1 |   1871301 |         0 |         0 |         0 |         0 |         0 |         0 |         0 |         0 |    533028 |         0 |         0 |         0 |         0 |         0 |         0 |         0 |         0 |    351264 |         0 |         0 |         0 |         0 |         0 |         0 |         0 |    598742 |         0 |         0 |         0 |         0 |         0 |         0 |         0 |
|               CAS_COUNT_RD               | MBOX5C0 |   1494308 |         0 |         0 |         0 |         0 |         0 |         0 |         0 |         0 |    285911 |         0 |         0 |         0 |         0 |         0 |         0 |         0 |         0 |    217556 |         0 |         0 |         0 |         0 |         0 |         0 |         0 |    301264 |         0 |         0 |         0 |         0 |         0 |         0 |         0 |
|               CAS_COUNT_WR               | MBOX5C1 |   2487149 |         0 |         0 |         0 |         0 |         0 |         0 |         0 |         0 |    424894 |         0 |         0 |         0 |         0 |         0 |         0 |         0 |         0 |    350271 |         0 |         0 |         0 |         0 |         0 |         0 |         0 |    409702 |         0 |         0 |         0 |         0 |         0 |         0 |         0 |
+------------------------------------------+---------+-----------+-----------+-----------+-----------+-----------+-----------+-----------+-----------+-----------+-----------+-----------+-----------+-----------+-----------+-----------+-----------+-----------+-----------+-----------+-----------+-----------+-----------+-----------+-----------+-----------+-----------+-----------+-----------+-----------+-----------+-----------+-----------+-----------+-----------+
+-----------------------------------------------+---------+-------------+-----------+-----------+--------------+
|                     Event                     | Counter |     Sum     |    Min    |    Max    |      Avg     |
+-----------------------------------------------+---------+-------------+-----------+-----------+--------------+
|             INSTR_RETIRED_ANY STAT            |  FIXC0  | 10546081500 | 287387000 | 772130800 | 3.101789e+08 |
|           CPU_CLK_UNHALTED_CORE STAT          |  FIXC1  | 13984348100 | 369684900 | 478351200 | 4.113044e+08 |
|           CPU_CLK_UNHALTED_REF STAT           |  FIXC2  | 19157806400 | 506512700 | 654800700 | 5.634649e+08 |
|              PWR_PKG_ENERGY STAT              |   PWR0  |    135.7583 |         0 |   35.4799 |       3.9929 |
|              PWR_DRAM_ENERGY STAT             |   PWR3  |     15.3463 |         0 |    4.6453 |       0.4514 |
| FP_ARITH_INST_RETIRED_128B_PACKED_DOUBLE STAT |   PMC0  |      122920 |         0 |    122920 |    3615.2941 |
|    FP_ARITH_INST_RETIRED_SCALAR_DOUBLE STAT   |   PMC1  |  2850726330 |  80198160 | 121185400 | 8.384489e+07 |
| FP_ARITH_INST_RETIRED_256B_PACKED_DOUBLE STAT |   PMC2  |       81488 |         0 |     81488 |    2396.7059 |
| FP_ARITH_INST_RETIRED_512B_PACKED_DOUBLE STAT |   PMC3  |     1080242 |         0 |   1080242 |   31771.8235 |
|               CAS_COUNT_RD STAT               | MBOX0C0 |     2326595 |         0 |   1191715 |   68429.2647 |
|               CAS_COUNT_WR STAT               | MBOX0C1 |     3564600 |         0 |   2109119 |  104841.1765 |
|               CAS_COUNT_RD STAT               | MBOX1C0 |     1920675 |         0 |    966219 |   56490.4412 |
|               CAS_COUNT_WR STAT               | MBOX1C1 |     3326961 |         0 |   2005056 |   97851.7941 |
|               CAS_COUNT_RD STAT               | MBOX2C0 |     2091072 |         0 |   1034909 |   61502.1176 |
|               CAS_COUNT_WR STAT               | MBOX2C1 |     3518385 |         0 |   2103435 |  103481.9118 |
|               CAS_COUNT_RD STAT               | MBOX3C0 |     1865150 |         0 |    864472 |   54857.3529 |
|               CAS_COUNT_WR STAT               | MBOX3C1 |     3249711 |         0 |   1888099 |   95579.7353 |
|               CAS_COUNT_RD STAT               | MBOX4C0 |     2057059 |         0 |    921104 |   60501.7353 |
|               CAS_COUNT_WR STAT               | MBOX4C1 |     3354335 |         0 |   1871301 |   98656.9118 |
|               CAS_COUNT_RD STAT               | MBOX5C0 |     2299039 |         0 |   1494308 |   67618.7941 |
|               CAS_COUNT_WR STAT               | MBOX5C1 |     3672016 |         0 |   2487149 |  108000.4706 |
+-----------------------------------------------+---------+-------------+-----------+-----------+--------------+
+-----------------------------------+-----------+-----------+-----------+-----------+-----------+-----------+-----------+-----------+-----------+-----------+-----------+-----------+-----------+-----------+-----------+-----------+-----------+-----------+-----------+-----------+-----------+-----------+-----------+-----------+-----------+-----------+-----------+-----------+-----------+-----------+-----------+-----------+-----------+-----------+
|               Metric              |   Core 0  |   Core 1  |   Core 2  |   Core 3  |   Core 4  |   Core 5  |   Core 6  |   Core 7  |   Core 8  |  Core 14  |  Core 15  |  Core 16  |  Core 17  |  Core 18  |  Core 19  |  Core 20  |  Core 21  |  Core 22  |  Core 28  |  Core 29  |  Core 30  |  Core 31  |  Core 32  |  Core 33  |  Core 34  |  Core 35  |  Core 42  |  Core 43  |  Core 44  |  Core 45  |  Core 46  |  Core 47  |  Core 48  |  Core 49  |
+-----------------------------------+-----------+-----------+-----------+-----------+-----------+-----------+-----------+-----------+-----------+-----------+-----------+-----------+-----------+-----------+-----------+-----------+-----------+-----------+-----------+-----------+-----------+-----------+-----------+-----------+-----------+-----------+-----------+-----------+-----------+-----------+-----------+-----------+-----------+-----------+
|        Runtime (RDTSC) [s]        |    0.9952 |    0.9998 |    0.9999 |    0.9998 |    0.9999 |    0.9998 |    0.9999 |    0.9998 |    0.9999 |    0.9953 |    0.9999 |    0.9998 |    0.9998 |    0.9998 |    0.9998 |    0.9998 |    0.9998 |    0.9999 |    0.9953 |    0.9999 |    0.9999 |    0.9998 |    0.9998 |    0.9999 |    0.9999 |    0.9999 |    0.9953 |    0.9998 |    0.9999 |    0.9998 |    0.9999 |    0.9997 |    0.9998 |    0.9997 |
|        Runtime unhalted [s]       |    0.1844 |    0.1646 |    0.1734 |    0.1617 |    0.1656 |    0.1698 |    0.1820 |    0.1819 |    0.1744 |    0.1505 |    0.1507 |    0.1471 |    0.1611 |    0.1425 |    0.1513 |    0.1523 |    0.1605 |    0.1480 |    0.1575 |    0.1490 |    0.1534 |    0.1606 |    0.1479 |    0.1671 |    0.1435 |    0.1589 |    0.1586 |    0.1611 |    0.1552 |    0.1450 |    0.1529 |    0.1453 |    0.1556 |    0.1582 |
|            Clock [MHz]            | 1894.8232 | 1893.5692 | 1893.6448 | 1893.4475 | 1894.1326 | 1893.6725 | 1894.0982 | 1892.7125 | 1893.8368 | 1892.7062 | 1893.5208 | 1893.2002 | 1893.5228 | 1893.0946 | 1892.9933 | 1893.2800 | 1893.1791 | 1893.6869 | 1893.2492 | 1893.1046 | 1893.7036 | 1893.5449 | 1893.5950 | 1893.5014 | 1893.3408 | 1893.5121 | 1892.6627 | 1893.2853 | 1892.6897 | 1892.3266 | 1893.0771 | 1892.5046 | 1892.9236 | 1892.5928 |
|                CPI                |    0.6195 |    1.3992 |    1.4764 |    1.3840 |    1.4153 |    1.4624 |    1.5593 |    1.5582 |    1.5022 |    1.3099 |    1.3115 |    1.2861 |    1.4002 |    1.2485 |    1.3205 |    1.3284 |    1.4045 |    1.3041 |    1.3819 |    1.3118 |    1.3479 |    1.4077 |    1.3030 |    1.4639 |    1.2691 |    1.3965 |    1.4059 |    1.4333 |    1.3837 |    1.2992 |    1.3707 |    1.3114 |    1.4009 |    1.4250 |
|             Energy [J]            |   35.4799 |         0 |         0 |         0 |         0 |         0 |         0 |         0 |         0 |   35.3193 |         0 |         0 |         0 |         0 |         0 |         0 |         0 |         0 |   33.7873 |         0 |         0 |         0 |         0 |         0 |         0 |         0 |   31.1718 |         0 |         0 |         0 |         0 |         0 |         0 |         0 |
|             Power [W]             |   35.6506 |         0 |         0 |         0 |         0 |         0 |         0 |         0 |         0 |   35.4869 |         0 |         0 |         0 |         0 |         0 |         0 |         0 |         0 |   33.9463 |         0 |         0 |         0 |         0 |         0 |         0 |         0 |   31.3195 |         0 |         0 |         0 |         0 |         0 |         0 |         0 |
|          Energy DRAM [J]          |    4.6453 |         0 |         0 |         0 |         0 |         0 |         0 |         0 |         0 |    3.7378 |         0 |         0 |         0 |         0 |         0 |         0 |         0 |         0 |    3.4090 |         0 |         0 |         0 |         0 |         0 |         0 |         0 |    3.5542 |         0 |         0 |         0 |         0 |         0 |         0 |         0 |
|           Power DRAM [W]          |    4.6677 |         0 |         0 |         0 |         0 |         0 |         0 |         0 |         0 |    3.7555 |         0 |         0 |         0 |         0 |         0 |         0 |         0 |         0 |    3.4251 |         0 |         0 |         0 |         0 |         0 |         0 |         0 |    3.5710 |         0 |         0 |         0 |         0 |         0 |         0 |         0 |
|            DP [MFLOP/s]           |  131.0264 |   84.9229 |   84.4875 |   84.4655 |   84.4567 |   83.6308 |   83.6211 |   83.6242 |   83.4404 |   83.8043 |   83.4149 |   83.1380 |   83.1389 |   83.1381 |   83.1384 |   83.1361 |   82.8239 |   82.7235 |   83.1015 |   82.7226 |   82.7189 |   82.7111 |   82.7112 |   82.5640 |   82.5641 |   82.5613 |   82.1187 |   81.3180 |   81.3494 |   81.3188 |   80.9115 |   80.6624 |   80.4550 |   80.2190 |
|          AVX DP [MFLOP/s]         |    9.0110 |         0 |         0 |         0 |         0 |         0 |         0 |         0 |         0 |         0 |         0 |         0 |         0 |         0 |         0 |         0 |         0 |         0 |         0 |         0 |         0 |         0 |         0 |         0 |         0 |         0 |         0 |         0 |         0 |         0 |         0 |         0 |         0 |         0 |
|          Packed [MUOPS/s]         |    1.2908 |         0 |         0 |         0 |         0 |         0 |         0 |         0 |         0 |         0 |         0 |         0 |         0 |         0 |         0 |         0 |         0 |         0 |         0 |         0 |         0 |         0 |         0 |         0 |         0 |         0 |         0 |         0 |         0 |         0 |         0 |         0 |         0 |         0 |
|          Scalar [MUOPS/s]         |  121.7684 |   84.9229 |   84.4875 |   84.4655 |   84.4567 |   83.6308 |   83.6211 |   83.6242 |   83.4404 |   83.8043 |   83.4149 |   83.1380 |   83.1389 |   83.1381 |   83.1384 |   83.1361 |   82.8239 |   82.7235 |   83.1015 |   82.7226 |   82.7189 |   82.7111 |   82.7112 |   82.5640 |   82.5641 |   82.5613 |   82.1187 |   81.3180 |   81.3494 |   81.3188 |   80.9115 |   80.6624 |   80.4550 |   80.2190 |
|  Memory read bandwidth [MBytes/s] |  416.2474 |         0 |         0 |         0 |         0 |         0 |         0 |         0 |         0 |  135.1228 |         0 |         0 |         0 |         0 |         0 |         0 |         0 |         0 |   96.8165 |         0 |         0 |         0 |         0 |         0 |         0 |         0 |  159.4636 |         0 |         0 |         0 |         0 |         0 |         0 |         0 |
|  Memory read data volume [GBytes] |    0.4143 |         0 |         0 |         0 |         0 |         0 |         0 |         0 |         0 |    0.1345 |         0 |         0 |         0 |         0 |         0 |         0 |         0 |         0 |    0.0964 |         0 |         0 |         0 |         0 |         0 |         0 |         0 |    0.1587 |         0 |         0 |         0 |         0 |         0 |         0 |         0 |
| Memory write bandwidth [MBytes/s] |  801.5437 |         0 |         0 |         0 |         0 |         0 |         0 |         0 |         0 |  185.8944 |         0 |         0 |         0 |         0 |         0 |         0 |         0 |         0 |  147.1429 |         0 |         0 |         0 |         0 |         0 |         0 |         0 |  195.6507 |         0 |         0 |         0 |         0 |         0 |         0 |         0 |
| Memory write data volume [GBytes] |    0.7977 |         0 |         0 |         0 |         0 |         0 |         0 |         0 |         0 |    0.1850 |         0 |         0 |         0 |         0 |         0 |         0 |         0 |         0 |    0.1465 |         0 |         0 |         0 |         0 |         0 |         0 |         0 |    0.1947 |         0 |         0 |         0 |         0 |         0 |         0 |         0 |
|    Memory bandwidth [MBytes/s]    | 1217.7911 |         0 |         0 |         0 |         0 |         0 |         0 |         0 |         0 |  321.0173 |         0 |         0 |         0 |         0 |         0 |         0 |         0 |         0 |  243.9594 |         0 |         0 |         0 |         0 |         0 |         0 |         0 |  355.1143 |         0 |         0 |         0 |         0 |         0 |         0 |         0 |
|    Memory data volume [GBytes]    |    1.2120 |         0 |         0 |         0 |         0 |         0 |         0 |         0 |         0 |    0.3195 |         0 |         0 |         0 |         0 |         0 |         0 |         0 |         0 |    0.2428 |         0 |         0 |         0 |         0 |         0 |         0 |         0 |    0.3534 |         0 |         0 |         0 |         0 |         0 |         0 |         0 |
|       Operational intensity       |    0.1076 |    0.0701 |    0.0697 |    0.0697 |    0.0697 |    0.0690 |    0.0690 |    0.0690 |    0.0688 |    0.2611 |    0.2611 |    0.2602 |    0.2602 |    0.2602 |    0.2602 |    0.2602 |    0.2592 |    0.2589 |    0.3406 |    0.3406 |    0.3406 |    0.3406 |    0.3406 |    0.3400 |    0.3400 |    0.3400 |    0.2312 |    0.2300 |    0.2301 |    0.2300 |    0.2289 |    0.2282 |    0.2276 |    0.2269 |
+-----------------------------------+-----------+-----------+-----------+-----------+-----------+-----------+-----------+-----------+-----------+-----------+-----------+-----------+-----------+-----------+-----------+-----------+-----------+-----------+-----------+-----------+-----------+-----------+-----------+-----------+-----------+-----------+-----------+-----------+-----------+-----------+-----------+-----------+-----------+-----------+
+----------------------------------------+------------+-----------+-----------+-----------+
|                 Metric                 |     Sum    |    Min    |    Max    |    Avg    |
+----------------------------------------+------------+-----------+-----------+-----------+
|        Runtime (RDTSC) [s] STAT        |    33.9762 |    0.9952 |    0.9999 |    0.9993 |
|        Runtime unhalted [s] STAT       |     5.3916 |    0.1425 |    0.1844 |    0.1586 |
|            Clock [MHz] STAT            | 64372.7352 | 1892.3266 | 1894.8232 | 1893.3157 |
|                CPI STAT                |    46.2021 |    0.6195 |    1.5593 |    1.3589 |
|             Energy [J] STAT            |   135.7583 |         0 |   35.4799 |    3.9929 |
|             Power [W] STAT             |   136.4033 |         0 |   35.6506 |    4.0119 |
|          Energy DRAM [J] STAT          |    15.3463 |         0 |    4.6453 |    0.4514 |
|           Power DRAM [W] STAT          |    15.4193 |         0 |    4.6677 |    0.4535 |
|            DP [MFLOP/s] STAT           |  2862.1391 |   80.2190 |  131.0264 |   84.1806 |
|          AVX DP [MFLOP/s] STAT         |     9.0110 |         0 |    9.0110 |    0.2650 |
|          Packed [MUOPS/s] STAT         |     1.2908 |         0 |    1.2908 |    0.0380 |
|          Scalar [MUOPS/s] STAT         |  2852.8811 |   80.2190 |  121.7684 |   83.9083 |
|  Memory read bandwidth [MBytes/s] STAT |   807.6503 |         0 |  416.2474 |   23.7544 |
|  Memory read data volume [GBytes] STAT |     0.8039 |         0 |    0.4143 |    0.0236 |
| Memory write bandwidth [MBytes/s] STAT |  1330.2317 |         0 |  801.5437 |   39.1245 |
| Memory write data volume [GBytes] STAT |     1.3239 |         0 |    0.7977 |    0.0389 |
|    Memory bandwidth [MBytes/s] STAT    |  2137.8821 |         0 | 1217.7911 |   62.8789 |
|    Memory data volume [GBytes] STAT    |     2.1277 |         0 |    1.2120 |    0.0626 |
|       Operational intensity STAT       |     7.5598 |    0.0688 |    0.3406 |    0.2223 |
+----------------------------------------+------------+-----------+-----------+-----------+
--------------------------------------------------------------------------------
CPU name:	Intel(R) Xeon(R) Gold 6132 CPU @ 2.60GHz
CPU type:	Intel Skylake SP processor
CPU clock:	2.59 GHz
--------------------------------------------------------------------------------
Region Solve, Group 1: MEM_DP
+-------------------+-----------+-----------+-----------+-----------+-----------+-----------+-----------+-----------+-----------+-----------+-----------+-----------+-----------+-----------+-----------+-----------+-----------+-----------+-----------+-----------+-----------+-----------+-----------+-----------+-----------+-----------+-----------+-----------+-----------+-----------+-----------+-----------+-----------+-----------+
|    Region Info    |   Core 0  |   Core 1  |   Core 2  |   Core 3  |   Core 4  |   Core 5  |   Core 6  |   Core 7  |   Core 8  |  Core 14  |  Core 15  |  Core 16  |  Core 17  |  Core 18  |  Core 19  |  Core 20  |  Core 21  |  Core 22  |  Core 28  |  Core 29  |  Core 30  |  Core 31  |  Core 32  |  Core 33  |  Core 34  |  Core 35  |  Core 42  |  Core 43  |  Core 44  |  Core 45  |  Core 46  |  Core 47  |  Core 48  |  Core 49  |
+-------------------+-----------+-----------+-----------+-----------+-----------+-----------+-----------+-----------+-----------+-----------+-----------+-----------+-----------+-----------+-----------+-----------+-----------+-----------+-----------+-----------+-----------+-----------+-----------+-----------+-----------+-----------+-----------+-----------+-----------+-----------+-----------+-----------+-----------+-----------+
| RDTSC Runtime [s] | 20.980610 | 20.983150 | 20.983160 | 20.983150 | 20.983160 | 20.983160 | 20.983150 | 20.983140 | 20.983140 | 20.980620 | 20.983150 | 20.983160 | 20.983160 | 20.983150 | 20.983130 | 20.983140 | 20.983140 | 20.983140 | 20.980620 | 20.983140 | 20.983140 | 20.983150 | 20.983140 | 20.983150 | 20.983140 | 20.983150 | 20.980630 | 20.983150 | 20.983160 | 20.983140 | 20.983140 | 20.983150 | 20.983150 | 20.983150 |
|     call count    |         1 |         1 |         1 |         1 |         1 |         1 |         1 |         1 |         1 |         1 |         1 |         1 |         1 |         1 |         1 |         1 |         1 |         1 |         1 |         1 |         1 |         1 |         1 |         1 |         1 |         1 |         1 |         1 |         1 |         1 |         1 |         1 |         1 |         1 |
+-------------------+-----------+-----------+-----------+-----------+-----------+-----------+-----------+-----------+-----------+-----------+-----------+-----------+-----------+-----------+-----------+-----------+-----------+-----------+-----------+-----------+-----------+-----------+-----------+-----------+-----------+-----------+-----------+-----------+-----------+-----------+-----------+-----------+-----------+-----------+
+------------------------------------------+---------+-------------+-------------+-------------+-------------+-------------+-------------+-------------+-------------+-------------+-------------+-------------+-------------+-------------+-------------+-------------+-------------+-------------+-------------+-------------+-------------+-------------+-------------+-------------+-------------+-------------+-------------+-------------+-------------+-------------+-------------+-------------+-------------+-------------+-------------+
|                   Event                  | Counter |    Core 0   |    Core 1   |    Core 2   |    Core 3   |    Core 4   |    Core 5   |    Core 6   |    Core 7   |    Core 8   |   Core 14   |   Core 15   |   Core 16   |   Core 17   |   Core 18   |   Core 19   |   Core 20   |   Core 21   |   Core 22   |   Core 28   |   Core 29   |   Core 30   |   Core 31   |   Core 32   |   Core 33   |   Core 34   |   Core 35   |   Core 42   |   Core 43   |   Core 44   |   Core 45   |   Core 46   |   Core 47   |   Core 48   |   Core 49   |
+------------------------------------------+---------+-------------+-------------+-------------+-------------+-------------+-------------+-------------+-------------+-------------+-------------+-------------+-------------+-------------+-------------+-------------+-------------+-------------+-------------+-------------+-------------+-------------+-------------+-------------+-------------+-------------+-------------+-------------+-------------+-------------+-------------+-------------+-------------+-------------+-------------+
|             INSTR_RETIRED_ANY            |  FIXC0  | 66521230000 | 66151850000 | 65826790000 | 65936290000 | 65550690000 | 65162890000 | 65121440000 | 64893620000 | 64699600000 | 64490590000 | 64509380000 | 64486970000 | 64667860000 | 64455670000 | 64243960000 | 64072770000 | 63871270000 | 63912950000 | 63865130000 | 63905670000 | 63986900000 | 64022150000 | 63812340000 | 63608610000 | 63771640000 | 63649100000 | 63285290000 | 63299960000 | 63128590000 | 62918420000 | 62659680000 | 62448660000 | 62303220000 | 65595320000 |
|           CPU_CLK_UNHALTED_CORE          |  FIXC1  | 39079460000 | 39201560000 | 39201690000 | 39193140000 | 39204050000 | 39205380000 | 39113960000 | 39206630000 | 39196340000 | 39024750000 | 39029120000 | 39031180000 | 38864440000 | 39047130000 | 39042270000 | 39053000000 | 39047490000 | 39045090000 | 39015540000 | 39034870000 | 39040250000 | 39041370000 | 39041720000 | 39037230000 | 38676710000 | 39034930000 | 39067860000 | 39077220000 | 39078840000 | 39077870000 | 39077720000 | 39087720000 | 39089340000 | 34303570000 |
|           CPU_CLK_UNHALTED_REF           |  FIXC2  | 53493500000 | 53661310000 | 53660730000 | 53648980000 | 53663630000 | 53665640000 | 53540650000 | 53668900000 | 53654130000 | 53417540000 | 53423600000 | 53426550000 | 53198530000 | 53448490000 | 53441910000 | 53456960000 | 53449170000 | 53445470000 | 53407250000 | 53433930000 | 53441360000 | 53442730000 | 53443420000 | 53438290000 | 52944820000 | 53433900000 | 53461220000 | 53474030000 | 53476230000 | 53474910000 | 53474700000 | 53488400000 | 53490610000 | 46941850000 |
|              PWR_PKG_ENERGY              |   PWR0  |   1256.2120 |           0 |           0 |           0 |           0 |           0 |           0 |           0 |           0 |   1332.5790 |           0 |           0 |           0 |           0 |           0 |           0 |           0 |           0 |   1247.2360 |           0 |           0 |           0 |           0 |           0 |           0 |           0 |   1131.8220 |           0 |           0 |           0 |           0 |           0 |           0 |           0 |
|              PWR_DRAM_ENERGY             |   PWR3  |    118.1072 |           0 |           0 |           0 |           0 |           0 |           0 |           0 |           0 |    123.0687 |           0 |           0 |           0 |           0 |           0 |           0 |           0 |           0 |    110.0034 |           0 |           0 |           0 |           0 |           0 |           0 |           0 |    108.5378 |           0 |           0 |           0 |           0 |           0 |           0 |           0 |
| FP_ARITH_INST_RETIRED_128B_PACKED_DOUBLE |   PMC0  |      218232 |           0 |           0 |           0 |           0 |           0 |           0 |           0 |           0 |           0 |           0 |           0 |           0 |           0 |           0 |           0 |           0 |           0 |           0 |           0 |           0 |           0 |           0 |           0 |           0 |           0 |           0 |           0 |           0 |           0 |           0 |           0 |           0 |           0 |
|    FP_ARITH_INST_RETIRED_SCALAR_DOUBLE   |   PMC1  | 19642280000 | 19578400000 | 19527790000 | 19618290000 | 19515990000 | 19347310000 | 19267020000 | 19214130000 | 19168450000 | 19113770000 | 19117620000 | 19106640000 | 19103910000 | 19036010000 | 18926820000 | 18867100000 | 18820150000 | 18833120000 | 18799770000 | 18825010000 | 18894640000 | 18948400000 | 18894140000 | 18835510000 | 18808080000 | 18845300000 | 18708940000 | 18716150000 | 18705740000 | 18681910000 | 18580560000 | 18451660000 | 18355370000 | 18253760000 |
| FP_ARITH_INST_RETIRED_256B_PACKED_DOUBLE |   PMC2  |      302358 |           0 |           0 |           0 |           0 |           0 |           0 |           0 |           0 |           0 |           0 |           0 |           0 |           0 |           0 |           0 |           0 |           0 |           0 |           0 |           0 |           0 |           0 |           0 |           0 |           0 |           0 |           0 |           0 |           0 |           0 |           0 |           0 |           0 |
| FP_ARITH_INST_RETIRED_512B_PACKED_DOUBLE |   PMC3  |     2178750 |           0 |           0 |           0 |           0 |           0 |           0 |           0 |           0 |           0 |           0 |           0 |           0 |           0 |           0 |           0 |           0 |           0 |           0 |           0 |           0 |           0 |           0 |           0 |           0 |           0 |           0 |           0 |           0 |           0 |           0 |           0 |           0 |           0 |
|               CAS_COUNT_RD               | MBOX0C0 |   119289600 |           0 |           0 |           0 |           0 |           0 |           0 |           0 |           0 |   133562900 |           0 |           0 |           0 |           0 |           0 |           0 |           0 |           0 |   109544000 |           0 |           0 |           0 |           0 |           0 |           0 |           0 |   107455200 |           0 |           0 |           0 |           0 |           0 |           0 |           0 |
|               CAS_COUNT_WR               | MBOX0C1 |    73303380 |           0 |           0 |           0 |           0 |           0 |           0 |           0 |           0 |    81090050 |           0 |           0 |           0 |           0 |           0 |           0 |           0 |           0 |    62408810 |           0 |           0 |           0 |           0 |           0 |           0 |           0 |    55782740 |           0 |           0 |           0 |           0 |           0 |           0 |           0 |
|               CAS_COUNT_RD               | MBOX1C0 |   118313000 |           0 |           0 |           0 |           0 |           0 |           0 |           0 |           0 |   133758500 |           0 |           0 |           0 |           0 |           0 |           0 |           0 |           0 |   109694100 |           0 |           0 |           0 |           0 |           0 |           0 |           0 |   106843800 |           0 |           0 |           0 |           0 |           0 |           0 |           0 |
|               CAS_COUNT_WR               | MBOX1C1 |    72977610 |           0 |           0 |           0 |           0 |           0 |           0 |           0 |           0 |    81001300 |           0 |           0 |           0 |           0 |           0 |           0 |           0 |           0 |    62503290 |           0 |           0 |           0 |           0 |           0 |           0 |           0 |    55321950 |           0 |           0 |           0 |           0 |           0 |           0 |           0 |
|               CAS_COUNT_RD               | MBOX2C0 |   117862800 |           0 |           0 |           0 |           0 |           0 |           0 |           0 |           0 |   133236100 |           0 |           0 |           0 |           0 |           0 |           0 |           0 |           0 |   109483900 |           0 |           0 |           0 |           0 |           0 |           0 |           0 |   107146700 |           0 |           0 |           0 |           0 |           0 |           0 |           0 |
|               CAS_COUNT_WR               | MBOX2C1 |    72749650 |           0 |           0 |           0 |           0 |           0 |           0 |           0 |           0 |    80754000 |           0 |           0 |           0 |           0 |           0 |           0 |           0 |           0 |    62374800 |           0 |           0 |           0 |           0 |           0 |           0 |           0 |    55628050 |           0 |           0 |           0 |           0 |           0 |           0 |           0 |
|               CAS_COUNT_RD               | MBOX3C0 |   117410900 |           0 |           0 |           0 |           0 |           0 |           0 |           0 |           0 |   132171300 |           0 |           0 |           0 |           0 |           0 |           0 |           0 |           0 |   108655100 |           0 |           0 |           0 |           0 |           0 |           0 |           0 |   107213200 |           0 |           0 |           0 |           0 |           0 |           0 |           0 |
|               CAS_COUNT_WR               | MBOX3C1 |    72406590 |           0 |           0 |           0 |           0 |           0 |           0 |           0 |           0 |    79850330 |           0 |           0 |           0 |           0 |           0 |           0 |           0 |           0 |    61669750 |           0 |           0 |           0 |           0 |           0 |           0 |           0 |    55871330 |           0 |           0 |           0 |           0 |           0 |           0 |           0 |
|               CAS_COUNT_RD               | MBOX4C0 |   118426400 |           0 |           0 |           0 |           0 |           0 |           0 |           0 |           0 |   132952700 |           0 |           0 |           0 |           0 |           0 |           0 |           0 |           0 |   108679000 |           0 |           0 |           0 |           0 |           0 |           0 |           0 |   107489200 |           0 |           0 |           0 |           0 |           0 |           0 |           0 |
|               CAS_COUNT_WR               | MBOX4C1 |    72555950 |           0 |           0 |           0 |           0 |           0 |           0 |           0 |           0 |    80675480 |           0 |           0 |           0 |           0 |           0 |           0 |           0 |           0 |    61645220 |           0 |           0 |           0 |           0 |           0 |           0 |           0 |    55985910 |           0 |           0 |           0 |           0 |           0 |           0 |           0 |
|               CAS_COUNT_RD               | MBOX5C0 |   118468300 |           0 |           0 |           0 |           0 |           0 |           0 |           0 |           0 |   132658500 |           0 |           0 |           0 |           0 |           0 |           0 |           0 |           0 |   108861800 |           0 |           0 |           0 |           0 |           0 |           0 |           0 |   106292700 |           0 |           0 |           0 |           0 |           0 |           0 |           0 |
|               CAS_COUNT_WR               | MBOX5C1 |    73274140 |           0 |           0 |           0 |           0 |           0 |           0 |           0 |           0 |    80062260 |           0 |           0 |           0 |           0 |           0 |           0 |           0 |           0 |    61763880 |           0 |           0 |           0 |           0 |           0 |           0 |           0 |    54890650 |           0 |           0 |           0 |           0 |           0 |           0 |           0 |
+------------------------------------------+---------+-------------+-------------+-------------+-------------+-------------+-------------+-------------+-------------+-------------+-------------+-------------+-------------+-------------+-------------+-------------+-------------+-------------+-------------+-------------+-------------+-------------+-------------+-------------+-------------+-------------+-------------+-------------+-------------+-------------+-------------+-------------+-------------+-------------+-------------+
+-----------------------------------------------+---------+---------------+-------------+-------------+--------------+
|                     Event                     | Counter |      Sum      |     Min     |     Max     |      Avg     |
+-----------------------------------------------+---------+---------------+-------------+-------------+--------------+
|             INSTR_RETIRED_ANY STAT            |  FIXC0  | 2184836500000 | 62303220000 | 66521230000 | 6.425990e+10 |
|           CPU_CLK_UNHALTED_CORE STAT          |  FIXC1  | 1323569440000 | 34303570000 | 39206630000 | 3.892851e+10 |
|           CPU_CLK_UNHALTED_REF STAT           |  FIXC2  | 1811633340000 | 46941850000 | 53668900000 | 5.328333e+10 |
|              PWR_PKG_ENERGY STAT              |   PWR0  |     4967.8490 |           0 |   1332.5790 |     146.1132 |
|              PWR_DRAM_ENERGY STAT             |   PWR3  |      459.7171 |           0 |    123.0687 |      13.5211 |
| FP_ARITH_INST_RETIRED_128B_PACKED_DOUBLE STAT |   PMC0  |        218232 |           0 |      218232 |    6418.5882 |
|    FP_ARITH_INST_RETIRED_SCALAR_DOUBLE STAT   |   PMC1  |  645109740000 | 18253760000 | 19642280000 | 1.897382e+10 |
| FP_ARITH_INST_RETIRED_256B_PACKED_DOUBLE STAT |   PMC2  |        302358 |           0 |      302358 |    8892.8824 |
| FP_ARITH_INST_RETIRED_512B_PACKED_DOUBLE STAT |   PMC3  |       2178750 |           0 |     2178750 |   64080.8824 |
|               CAS_COUNT_RD STAT               | MBOX0C0 |     469851700 |           0 |   133562900 | 1.381917e+07 |
|               CAS_COUNT_WR STAT               | MBOX0C1 |     272584980 |           0 |    81090050 | 8.017205e+06 |
|               CAS_COUNT_RD STAT               | MBOX1C0 |     468609400 |           0 |   133758500 | 1.378263e+07 |
|               CAS_COUNT_WR STAT               | MBOX1C1 |     271804150 |           0 |    81001300 | 7.994240e+06 |
|               CAS_COUNT_RD STAT               | MBOX2C0 |     467729500 |           0 |   133236100 |     13756750 |
|               CAS_COUNT_WR STAT               | MBOX2C1 |     271506500 |           0 |    80754000 | 7.985485e+06 |
|               CAS_COUNT_RD STAT               | MBOX3C0 |     465450500 |           0 |   132171300 | 1.368972e+07 |
|               CAS_COUNT_WR STAT               | MBOX3C1 |     269798000 |           0 |    79850330 | 7.935235e+06 |
|               CAS_COUNT_RD STAT               | MBOX4C0 |     467547300 |           0 |   132952700 | 1.375139e+07 |
|               CAS_COUNT_WR STAT               | MBOX4C1 |     270862560 |           0 |    80675480 | 7.966546e+06 |
|               CAS_COUNT_RD STAT               | MBOX5C0 |     466281300 |           0 |   132658500 | 1.371416e+07 |
|               CAS_COUNT_WR STAT               | MBOX5C1 |     269990930 |           0 |    80062260 | 7.940910e+06 |
+-----------------------------------------------+---------+---------------+-------------+-------------+--------------+
+-----------------------------------+-----------+-----------+-----------+-----------+-----------+-----------+-----------+-----------+-----------+-----------+-----------+-----------+-----------+-----------+-----------+-----------+-----------+-----------+-----------+-----------+-----------+-----------+-----------+-----------+-----------+-----------+-----------+-----------+-----------+-----------+-----------+-----------+-----------+-----------+
|               Metric              |   Core 0  |   Core 1  |   Core 2  |   Core 3  |   Core 4  |   Core 5  |   Core 6  |   Core 7  |   Core 8  |  Core 14  |  Core 15  |  Core 16  |  Core 17  |  Core 18  |  Core 19  |  Core 20  |  Core 21  |  Core 22  |  Core 28  |  Core 29  |  Core 30  |  Core 31  |  Core 32  |  Core 33  |  Core 34  |  Core 35  |  Core 42  |  Core 43  |  Core 44  |  Core 45  |  Core 46  |  Core 47  |  Core 48  |  Core 49  |
+-----------------------------------+-----------+-----------+-----------+-----------+-----------+-----------+-----------+-----------+-----------+-----------+-----------+-----------+-----------+-----------+-----------+-----------+-----------+-----------+-----------+-----------+-----------+-----------+-----------+-----------+-----------+-----------+-----------+-----------+-----------+-----------+-----------+-----------+-----------+-----------+
|        Runtime (RDTSC) [s]        |   20.9806 |   20.9831 |   20.9832 |   20.9831 |   20.9832 |   20.9832 |   20.9831 |   20.9831 |   20.9831 |   20.9806 |   20.9831 |   20.9832 |   20.9832 |   20.9831 |   20.9831 |   20.9831 |   20.9831 |   20.9831 |   20.9806 |   20.9831 |   20.9831 |   20.9831 |   20.9831 |   20.9831 |   20.9831 |   20.9831 |   20.9806 |   20.9831 |   20.9832 |   20.9831 |   20.9831 |   20.9831 |   20.9831 |   20.9831 |
|        Runtime unhalted [s]       |   15.0667 |   15.1138 |   15.1138 |   15.1105 |   15.1147 |   15.1152 |   15.0800 |   15.1157 |   15.1117 |   15.0456 |   15.0473 |   15.0481 |   14.9838 |   15.0542 |   15.0523 |   15.0565 |   15.0544 |   15.0534 |   15.0420 |   15.0495 |   15.0516 |   15.0520 |   15.0521 |   15.0504 |   14.9114 |   15.0495 |   15.0622 |   15.0658 |   15.0664 |   15.0661 |   15.0660 |   15.0699 |   15.0705 |   13.2254 |
|            Clock [MHz]            | 1894.8659 | 1894.8421 | 1894.8689 | 1894.8705 | 1894.8805 | 1894.8739 | 1894.8686 | 1894.8192 | 1894.8433 | 1894.9039 | 1894.9011 | 1894.8965 | 1894.8888 | 1894.8927 | 1894.8902 | 1894.8773 | 1894.8861 | 1894.9008 | 1894.8217 | 1894.8139 | 1894.8116 | 1894.8174 | 1894.8099 | 1894.7739 | 1894.7722 | 1894.8179 | 1895.4473 | 1895.4472 | 1895.4478 | 1895.4476 | 1895.4477 | 1895.4472 | 1895.4474 | 1895.4401 |
|                CPI                |    0.5875 |    0.5926 |    0.5955 |    0.5944 |    0.5981 |    0.6017 |    0.6006 |    0.6042 |    0.6058 |    0.6051 |    0.6050 |    0.6053 |    0.6010 |    0.6058 |    0.6077 |    0.6095 |    0.6113 |    0.6109 |    0.6109 |    0.6108 |    0.6101 |    0.6098 |    0.6118 |    0.6137 |    0.6065 |    0.6133 |    0.6173 |    0.6173 |    0.6190 |    0.6211 |    0.6237 |    0.6259 |    0.6274 |    0.5230 |
|             Energy [J]            | 1256.2120 |         0 |         0 |         0 |         0 |         0 |         0 |         0 |         0 | 1332.5790 |         0 |         0 |         0 |         0 |         0 |         0 |         0 |         0 | 1247.2360 |         0 |         0 |         0 |         0 |         0 |         0 |         0 | 1131.8220 |         0 |         0 |         0 |         0 |         0 |         0 |         0 |
|             Power [W]             |   59.8749 |         0 |         0 |         0 |         0 |         0 |         0 |         0 |         0 |   63.5148 |         0 |         0 |         0 |         0 |         0 |         0 |         0 |         0 |   59.4471 |         0 |         0 |         0 |         0 |         0 |         0 |         0 |   53.9460 |         0 |         0 |         0 |         0 |         0 |         0 |         0 |
|          Energy DRAM [J]          |  118.1072 |         0 |         0 |         0 |         0 |         0 |         0 |         0 |         0 |  123.0687 |         0 |         0 |         0 |         0 |         0 |         0 |         0 |         0 |  110.0034 |         0 |         0 |         0 |         0 |         0 |         0 |         0 |  108.5378 |         0 |         0 |         0 |         0 |         0 |         0 |         0 |
|           Power DRAM [W]          |    5.6294 |         0 |         0 |         0 |         0 |         0 |         0 |         0 |         0 |    5.8658 |         0 |         0 |         0 |         0 |         0 |         0 |         0 |         0 |    5.2431 |         0 |         0 |         0 |         0 |         0 |         0 |         0 |    5.1732 |         0 |         0 |         0 |         0 |         0 |         0 |         0 |
|            DP [MFLOP/s]           |  937.1203 |  933.0534 |  930.6410 |  934.9545 |  930.0787 |  922.0399 |  918.2139 |  915.6937 |  913.5168 |  911.0203 |  911.0939 |  910.5702 |  910.4401 |  907.2046 |  902.0018 |  899.1552 |  896.9177 |  897.5358 |  896.0541 |  897.1493 |  900.4677 |  903.0293 |  900.4439 |  897.6493 |  896.3425 |  898.1159 |  891.7244 |  891.9609 |  891.4644 |  890.3296 |  885.4995 |  879.3561 |  874.7671 |  869.9247 |
|          AVX DP [MFLOP/s]         |    0.8884 |         0 |         0 |         0 |         0 |         0 |         0 |         0 |         0 |         0 |         0 |         0 |         0 |         0 |         0 |         0 |         0 |         0 |         0 |         0 |         0 |         0 |         0 |         0 |         0 |         0 |         0 |         0 |         0 |         0 |         0 |         0 |         0 |         0 |
|          Packed [MUOPS/s]         |    0.1287 |         0 |         0 |         0 |         0 |         0 |         0 |         0 |         0 |         0 |         0 |         0 |         0 |         0 |         0 |         0 |         0 |         0 |         0 |         0 |         0 |         0 |         0 |         0 |         0 |         0 |         0 |         0 |         0 |         0 |         0 |         0 |         0 |         0 |
|          Scalar [MUOPS/s]         |  936.2111 |  933.0534 |  930.6410 |  934.9545 |  930.0787 |  922.0399 |  918.2139 |  915.6937 |  913.5168 |  911.0203 |  911.0939 |  910.5702 |  910.4401 |  907.2046 |  902.0018 |  899.1552 |  896.9177 |  897.5358 |  896.0541 |  897.1493 |  900.4677 |  903.0293 |  900.4439 |  897.6493 |  896.3425 |  898.1159 |  891.7244 |  891.9609 |  891.4644 |  890.3296 |  885.4995 |  879.3561 |  874.7671 |  869.9247 |
|  Memory read bandwidth [MBytes/s] | 2165.1107 |         0 |         0 |         0 |         0 |         0 |         0 |         0 |         0 | 2435.2836 |         0 |         0 |         0 |         0 |         0 |         0 |         0 |         0 | 1997.7839 |         0 |         0 |         0 |         0 |         0 |         0 |         0 | 1959.7224 |         0 |         0 |         0 |         0 |         0 |         0 |         0 |
|  Memory read data volume [GBytes] |   45.4253 |         0 |         0 |         0 |         0 |         0 |         0 |         0 |         0 |   51.0938 |         0 |         0 |         0 |         0 |         0 |         0 |         0 |         0 |   41.9147 |         0 |         0 |         0 |         0 |         0 |         0 |         0 |   41.1162 |         0 |         0 |         0 |         0 |         0 |         0 |         0 |
| Memory write bandwidth [MBytes/s] | 1333.8558 |         0 |         0 |         0 |         0 |         0 |         0 |         0 |         0 | 1474.6818 |         0 |         0 |         0 |         0 |         0 |         0 |         0 |         0 | 1135.8772 |         0 |         0 |         0 |         0 |         0 |         0 |         0 | 1017.2602 |         0 |         0 |         0 |         0 |         0 |         0 |         0 |
| Memory write data volume [GBytes] |   27.9851 |         0 |         0 |         0 |         0 |         0 |         0 |         0 |         0 |   30.9397 |         0 |         0 |         0 |         0 |         0 |         0 |         0 |         0 |   23.8314 |         0 |         0 |         0 |         0 |         0 |         0 |         0 |   21.3428 |         0 |         0 |         0 |         0 |         0 |         0 |         0 |
|    Memory bandwidth [MBytes/s]    | 3498.9665 |         0 |         0 |         0 |         0 |         0 |         0 |         0 |         0 | 3909.9654 |         0 |         0 |         0 |         0 |         0 |         0 |         0 |         0 | 3133.6611 |         0 |         0 |         0 |         0 |         0 |         0 |         0 | 2976.9827 |         0 |         0 |         0 |         0 |         0 |         0 |         0 |
|    Memory data volume [GBytes]    |   73.4105 |         0 |         0 |         0 |         0 |         0 |         0 |         0 |         0 |   82.0335 |         0 |         0 |         0 |         0 |         0 |         0 |         0 |         0 |   65.7462 |         0 |         0 |         0 |         0 |         0 |         0 |         0 |   62.4590 |         0 |         0 |         0 |         0 |         0 |         0 |         0 |
|       Operational intensity       |    0.2678 |    0.2667 |    0.2660 |    0.2672 |    0.2658 |    0.2635 |    0.2625 |    0.2617 |    0.2611 |    0.2330 |    0.2330 |    0.2329 |    0.2329 |    0.2321 |    0.2307 |    0.2300 |    0.2294 |    0.2296 |    0.2859 |    0.2863 |    0.2874 |    0.2882 |    0.2874 |    0.2865 |    0.2861 |    0.2866 |    0.2995 |    0.2997 |    0.2995 |    0.2991 |    0.2975 |    0.2954 |    0.2939 |    0.2923 |
+-----------------------------------+-----------+-----------+-----------+-----------+-----------+-----------+-----------+-----------+-----------+-----------+-----------+-----------+-----------+-----------+-----------+-----------+-----------+-----------+-----------+-----------+-----------+-----------+-----------+-----------+-----------+-----------+-----------+-----------+-----------+-----------+-----------+-----------+-----------+-----------+
+----------------------------------------+------------+-----------+-----------+-----------+
|                 Metric                 |     Sum    |    Min    |    Max    |    Avg    |
+----------------------------------------+------------+-----------+-----------+-----------+
|        Runtime (RDTSC) [s] STAT        |   713.4160 |   20.9806 |   20.9832 |   20.9828 |
|        Runtime unhalted [s] STAT       |   510.2885 |   13.2254 |   15.1157 |   15.0085 |
|            Clock [MHz] STAT            | 64429.7811 | 1894.7722 | 1895.4478 | 1894.9936 |
|                CPI STAT                |    20.6036 |    0.5230 |    0.6274 |    0.6060 |
|             Energy [J] STAT            |  4967.8490 |         0 | 1332.5790 |  146.1132 |
|             Power [W] STAT             |   236.7828 |         0 |   63.5148 |    6.9642 |
|          Energy DRAM [J] STAT          |   459.7171 |         0 |  123.0687 |   13.5211 |
|           Power DRAM [W] STAT          |    21.9115 |         0 |    5.8658 |    0.6445 |
|            DP [MFLOP/s] STAT           | 30745.5305 |  869.9247 |  937.1203 |  904.2803 |
|          AVX DP [MFLOP/s] STAT         |     0.8884 |         0 |    0.8884 |    0.0261 |
|          Packed [MUOPS/s] STAT         |     0.1287 |         0 |    0.1287 |    0.0038 |
|          Scalar [MUOPS/s] STAT         | 30744.6213 |  869.9247 |  936.2111 |  904.2536 |
|  Memory read bandwidth [MBytes/s] STAT |  8557.9006 |         0 | 2435.2836 |  251.7030 |
|  Memory read data volume [GBytes] STAT |   179.5500 |         0 |   51.0938 |    5.2809 |
| Memory write bandwidth [MBytes/s] STAT |  4961.6750 |         0 | 1474.6818 |  145.9316 |
| Memory write data volume [GBytes] STAT |   104.0990 |         0 |   30.9397 |    3.0617 |
|    Memory bandwidth [MBytes/s] STAT    | 13519.5757 |         0 | 3909.9654 |  397.6346 |
|    Memory data volume [GBytes] STAT    |   283.6492 |         0 |   82.0335 |    8.3426 |
|       Operational intensity STAT       |     9.1372 |    0.2294 |    0.2997 |    0.2687 |
+----------------------------------------+------------+-----------+-----------+-----------+
