--------------------------------------------------------------------------------
CPU name:	Intel(R) Xeon(R) Gold 6132 CPU @ 2.60GHz
CPU type:	Intel Skylake SP processor
CPU clock:	2.59 GHz
--------------------------------------------------------------------------------
Region Setup, Group 1: FLOPS_DP
+-------------------+----------+----------+----------+----------+----------+----------+----------+----------+----------+----------+----------+----------+----------+----------+----------+----------+----------+----------+----------+----------+----------+----------+----------+----------+----------+----------+----------+----------+----------+----------+----------+----------+----------+----------+
|    Region Info    |  Core 0  |  Core 1  |  Core 2  |  Core 3  |  Core 4  |  Core 5  |  Core 6  |  Core 7  |  Core 8  |  Core 14 |  Core 15 |  Core 16 |  Core 17 |  Core 18 |  Core 19 |  Core 20 |  Core 21 |  Core 22 |  Core 28 |  Core 29 |  Core 30 |  Core 31 |  Core 32 |  Core 33 |  Core 34 |  Core 35 |  Core 42 |  Core 43 |  Core 44 |  Core 45 |  Core 46 |  Core 47 |  Core 48 |  Core 49 |
+-------------------+----------+----------+----------+----------+----------+----------+----------+----------+----------+----------+----------+----------+----------+----------+----------+----------+----------+----------+----------+----------+----------+----------+----------+----------+----------+----------+----------+----------+----------+----------+----------+----------+----------+----------+
| RDTSC Runtime [s] | 0.981475 | 0.981517 | 0.981500 | 0.981516 | 0.981508 | 0.981524 | 0.981490 | 0.981517 | 0.981525 | 0.981537 | 0.981510 | 0.981510 | 0.981524 | 0.981514 | 0.981513 | 0.981505 | 0.981511 | 0.981522 | 0.981508 | 0.981513 | 0.981525 | 0.981529 | 0.981529 | 0.981534 | 0.981516 | 0.981519 | 0.981493 | 0.981512 | 0.981511 | 0.981541 | 0.981504 | 0.981514 | 0.981514 | 0.981503 |
|     call count    |        2 |        2 |        2 |        2 |        2 |        2 |        2 |        2 |        2 |        2 |        2 |        2 |        2 |        2 |        2 |        2 |        2 |        2 |        2 |        2 |        2 |        2 |        2 |        2 |        2 |        2 |        2 |        2 |        2 |        2 |        2 |        2 |        2 |        2 |
+-------------------+----------+----------+----------+----------+----------+----------+----------+----------+----------+----------+----------+----------+----------+----------+----------+----------+----------+----------+----------+----------+----------+----------+----------+----------+----------+----------+----------+----------+----------+----------+----------+----------+----------+----------+
+------------------------------------------+---------+-----------+-----------+-----------+-----------+-----------+-----------+-----------+-----------+-----------+-----------+-----------+-----------+-----------+-----------+-----------+-----------+-----------+-----------+-----------+-----------+-----------+-----------+-----------+-----------+-----------+-----------+-----------+-----------+-----------+-----------+-----------+-----------+-----------+-----------+
|                   Event                  | Counter |   Core 0  |   Core 1  |   Core 2  |   Core 3  |   Core 4  |   Core 5  |   Core 6  |   Core 7  |   Core 8  |  Core 14  |  Core 15  |  Core 16  |  Core 17  |  Core 18  |  Core 19  |  Core 20  |  Core 21  |  Core 22  |  Core 28  |  Core 29  |  Core 30  |  Core 31  |  Core 32  |  Core 33  |  Core 34  |  Core 35  |  Core 42  |  Core 43  |  Core 44  |  Core 45  |  Core 46  |  Core 47  |  Core 48  |  Core 49  |
+------------------------------------------+---------+-----------+-----------+-----------+-----------+-----------+-----------+-----------+-----------+-----------+-----------+-----------+-----------+-----------+-----------+-----------+-----------+-----------+-----------+-----------+-----------+-----------+-----------+-----------+-----------+-----------+-----------+-----------+-----------+-----------+-----------+-----------+-----------+-----------+-----------+
|             INSTR_RETIRED_ANY            |  FIXC0  | 772829000 | 304932200 | 302070900 | 301644500 | 301683800 | 301356800 | 299384700 | 298827300 | 297988300 | 296572500 | 297871400 | 295491000 | 299067800 | 296685800 | 296016500 | 296367800 | 294005200 | 294642700 | 293458600 | 295418400 | 293877700 | 294605700 | 294492400 | 292984500 | 292540100 | 292440100 | 290639500 | 289420000 | 288693000 | 288430900 | 289168000 | 287441200 | 286563400 | 286339000 |
|           CPU_CLK_UNHALTED_CORE          |  FIXC1  | 487936200 | 421738600 | 396573000 | 387378600 | 391429200 | 442735300 | 401836500 | 389632500 | 385983300 | 358538100 | 386310100 | 356550900 | 431223900 | 381597400 | 367385000 | 375316800 | 366349500 | 387711300 | 362509200 | 404122100 | 371198500 | 389577200 | 385482400 | 366038600 | 356745600 | 355759200 | 370949400 | 374831200 | 354349600 | 353112200 | 394178200 | 376849000 | 369007300 | 376627400 |
|           CPU_CLK_UNHALTED_REF           |  FIXC2  | 667979700 | 577745200 | 543358700 | 530655300 | 536364700 | 606439500 | 550609000 | 533782800 | 528807700 | 491150300 | 529127800 | 488350500 | 590638000 | 522667900 | 503204400 | 514166300 | 501918900 | 531116900 | 496851900 | 553806200 | 508667200 | 533797800 | 528299000 | 501518700 | 488855700 | 487622600 | 508433400 | 513502000 | 485477200 | 483939200 | 540082500 | 516351700 | 505605900 | 516078500 |
| FP_ARITH_INST_RETIRED_128B_PACKED_DOUBLE |   PMC0  |    122920 |         0 |         0 |         0 |         0 |         0 |         0 |         0 |         0 |         0 |         0 |         0 |         0 |         0 |         0 |         0 |         0 |         0 |         0 |         0 |         0 |         0 |         0 |         0 |         0 |         0 |         0 |         0 |         0 |         0 |         0 |         0 |         0 |         0 |
|    FP_ARITH_INST_RETIRED_SCALAR_DOUBLE   |   PMC1  | 121185400 |  84906420 |  84480450 |  84450460 |  84444470 |  83611760 |  83611810 |  83611170 |  83428860 |  83408530 |  83408690 |  83122030 |  83121990 |  83123290 |  83122980 |  83121590 |  82808990 |  82713260 |  82712270 |  82712270 |  82712270 |  82696700 |  82697480 |  82554230 |  82554690 |  82554120 |  81731430 |  81301470 |  81338330 |  81301470 |  80900060 |  80642010 |  80436190 |  80198130 |
| FP_ARITH_INST_RETIRED_256B_PACKED_DOUBLE |   PMC2  |     81488 |         0 |         0 |         0 |         0 |         0 |         0 |         0 |         0 |         0 |         0 |         0 |         0 |         0 |         0 |         0 |         0 |         0 |         0 |         0 |         0 |         0 |         0 |         0 |         0 |         0 |         0 |         0 |         0 |         0 |         0 |         0 |         0 |         0 |
| FP_ARITH_INST_RETIRED_512B_PACKED_DOUBLE |   PMC3  |   1080242 |         0 |         0 |         0 |         0 |         0 |         0 |         0 |         0 |         0 |         0 |         0 |         0 |         0 |         0 |         0 |         0 |         0 |         0 |         0 |         0 |         0 |         0 |         0 |         0 |         0 |         0 |         0 |         0 |         0 |         0 |         0 |         0 |         0 |
+------------------------------------------+---------+-----------+-----------+-----------+-----------+-----------+-----------+-----------+-----------+-----------+-----------+-----------+-----------+-----------+-----------+-----------+-----------+-----------+-----------+-----------+-----------+-----------+-----------+-----------+-----------+-----------+-----------+-----------+-----------+-----------+-----------+-----------+-----------+-----------+-----------+
+-----------------------------------------------+---------+-------------+-----------+-----------+--------------+
|                     Event                     | Counter |     Sum     |    Min    |    Max    |      Avg     |
+-----------------------------------------------+---------+-------------+-----------+-----------+--------------+
|             INSTR_RETIRED_ANY STAT            |  FIXC0  | 10503950700 | 286339000 | 772829000 | 3.089397e+08 |
|           CPU_CLK_UNHALTED_CORE STAT          |  FIXC1  | 13077563300 | 353112200 | 487936200 | 3.846342e+08 |
|           CPU_CLK_UNHALTED_REF STAT           |  FIXC2  | 17916973100 | 483939200 | 667979700 | 5.269698e+08 |
| FP_ARITH_INST_RETIRED_128B_PACKED_DOUBLE STAT |   PMC0  |      122920 |         0 |    122920 |    3615.2941 |
|    FP_ARITH_INST_RETIRED_SCALAR_DOUBLE STAT   |   PMC1  |  2850725270 |  80198130 | 121185400 | 8.384486e+07 |
| FP_ARITH_INST_RETIRED_256B_PACKED_DOUBLE STAT |   PMC2  |       81488 |         0 |     81488 |    2396.7059 |
| FP_ARITH_INST_RETIRED_512B_PACKED_DOUBLE STAT |   PMC3  |     1080242 |         0 |   1080242 |   31771.8235 |
+-----------------------------------------------+---------+-------------+-----------+-----------+--------------+
+----------------------+-----------+-----------+-----------+-----------+-----------+-----------+-----------+-----------+-----------+-----------+-----------+-----------+-----------+-----------+-----------+-----------+-----------+-----------+-----------+-----------+-----------+-----------+-----------+-----------+-----------+-----------+-----------+-----------+-----------+-----------+-----------+-----------+-----------+-----------+
|        Metric        |   Core 0  |   Core 1  |   Core 2  |   Core 3  |   Core 4  |   Core 5  |   Core 6  |   Core 7  |   Core 8  |  Core 14  |  Core 15  |  Core 16  |  Core 17  |  Core 18  |  Core 19  |  Core 20  |  Core 21  |  Core 22  |  Core 28  |  Core 29  |  Core 30  |  Core 31  |  Core 32  |  Core 33  |  Core 34  |  Core 35  |  Core 42  |  Core 43  |  Core 44  |  Core 45  |  Core 46  |  Core 47  |  Core 48  |  Core 49  |
+----------------------+-----------+-----------+-----------+-----------+-----------+-----------+-----------+-----------+-----------+-----------+-----------+-----------+-----------+-----------+-----------+-----------+-----------+-----------+-----------+-----------+-----------+-----------+-----------+-----------+-----------+-----------+-----------+-----------+-----------+-----------+-----------+-----------+-----------+-----------+
|  Runtime (RDTSC) [s] |    0.9815 |    0.9815 |    0.9815 |    0.9815 |    0.9815 |    0.9815 |    0.9815 |    0.9815 |    0.9815 |    0.9815 |    0.9815 |    0.9815 |    0.9815 |    0.9815 |    0.9815 |    0.9815 |    0.9815 |    0.9815 |    0.9815 |    0.9815 |    0.9815 |    0.9815 |    0.9815 |    0.9815 |    0.9815 |    0.9815 |    0.9815 |    0.9815 |    0.9815 |    0.9815 |    0.9815 |    0.9815 |    0.9815 |    0.9815 |
| Runtime unhalted [s] |    0.1881 |    0.1626 |    0.1529 |    0.1493 |    0.1509 |    0.1707 |    0.1549 |    0.1502 |    0.1488 |    0.1382 |    0.1489 |    0.1375 |    0.1663 |    0.1471 |    0.1416 |    0.1447 |    0.1412 |    0.1495 |    0.1398 |    0.1558 |    0.1431 |    0.1502 |    0.1486 |    0.1411 |    0.1375 |    0.1372 |    0.1430 |    0.1445 |    0.1366 |    0.1361 |    0.1520 |    0.1453 |    0.1423 |    0.1452 |
|      Clock [MHz]     | 1894.6609 | 1893.3841 | 1893.0769 | 1893.4544 | 1892.8873 | 1893.6007 | 1892.9442 | 1893.3126 | 1893.2261 | 1893.4447 | 1893.6827 | 1893.7456 | 1893.7087 | 1893.7006 | 1893.6893 | 1893.3292 | 1893.1882 | 1893.4335 | 1892.4473 | 1892.7206 | 1892.7977 | 1892.9907 | 1892.5898 | 1893.0910 | 1892.8215 | 1892.3612 | 1892.3973 | 1893.3257 | 1893.1928 | 1892.5774 | 1893.0593 | 1893.0125 | 1893.0172 | 1892.9009 |
|          CPI         |    0.6314 |    1.3831 |    1.3128 |    1.2842 |    1.2975 |    1.4691 |    1.3422 |    1.3039 |    1.2953 |    1.2089 |    1.2969 |    1.2066 |    1.4419 |    1.2862 |    1.2411 |    1.2664 |    1.2461 |    1.3159 |    1.2353 |    1.3680 |    1.2631 |    1.3224 |    1.3090 |    1.2493 |    1.2195 |    1.2165 |    1.2763 |    1.2951 |    1.2274 |    1.2243 |    1.3631 |    1.3110 |    1.2877 |    1.3153 |
|     DP [MFLOP/s]     |  132.8604 |   86.5053 |   86.0728 |   86.0408 |   86.0354 |   85.1856 |   85.1886 |   85.1857 |   84.9992 |   84.9775 |   84.9800 |   84.6879 |   84.6867 |   84.6889 |   84.6886 |   84.6879 |   84.3689 |   84.2704 |   84.2706 |   84.2702 |   84.2691 |   84.2530 |   84.2537 |   84.1073 |   84.1093 |   84.1085 |   83.2726 |   82.8329 |   82.8705 |   82.8305 |   82.4246 |   82.1609 |   81.9511 |   81.7095 |
|   AVX DP [MFLOP/s]   |    9.1372 |         0 |         0 |         0 |         0 |         0 |         0 |         0 |         0 |         0 |         0 |         0 |         0 |         0 |         0 |         0 |         0 |         0 |         0 |         0 |         0 |         0 |         0 |         0 |         0 |         0 |         0 |         0 |         0 |         0 |         0 |         0 |         0 |         0 |
|  AVX512 DP [MFLOP/s] |    8.8051 |         0 |         0 |         0 |         0 |         0 |         0 |         0 |         0 |         0 |         0 |         0 |         0 |         0 |         0 |         0 |         0 |         0 |         0 |         0 |         0 |         0 |         0 |         0 |         0 |         0 |         0 |         0 |         0 |         0 |         0 |         0 |         0 |         0 |
|   Packed [MUOPS/s]   |    1.3089 |         0 |         0 |         0 |         0 |         0 |         0 |         0 |         0 |         0 |         0 |         0 |         0 |         0 |         0 |         0 |         0 |         0 |         0 |         0 |         0 |         0 |         0 |         0 |         0 |         0 |         0 |         0 |         0 |         0 |         0 |         0 |         0 |         0 |
|   Scalar [MUOPS/s]   |  123.4728 |   86.5053 |   86.0728 |   86.0408 |   86.0354 |   85.1856 |   85.1886 |   85.1857 |   84.9992 |   84.9775 |   84.9800 |   84.6879 |   84.6867 |   84.6889 |   84.6886 |   84.6879 |   84.3689 |   84.2704 |   84.2706 |   84.2702 |   84.2691 |   84.2530 |   84.2537 |   84.1073 |   84.1093 |   84.1085 |   83.2726 |   82.8329 |   82.8705 |   82.8305 |   82.4246 |   82.1609 |   81.9511 |   81.7095 |
|  Vectorization ratio |    1.0490 |         0 |         0 |         0 |         0 |         0 |         0 |         0 |         0 |         0 |         0 |         0 |         0 |         0 |         0 |         0 |         0 |         0 |         0 |         0 |         0 |         0 |         0 |         0 |         0 |         0 |         0 |         0 |         0 |         0 |         0 |         0 |         0 |         0 |
+----------------------+-----------+-----------+-----------+-----------+-----------+-----------+-----------+-----------+-----------+-----------+-----------+-----------+-----------+-----------+-----------+-----------+-----------+-----------+-----------+-----------+-----------+-----------+-----------+-----------+-----------+-----------+-----------+-----------+-----------+-----------+-----------+-----------+-----------+-----------+
+---------------------------+------------+-----------+-----------+-----------+
|           Metric          |     Sum    |    Min    |    Max    |    Avg    |
+---------------------------+------------+-----------+-----------+-----------+
|  Runtime (RDTSC) [s] STAT |    33.3710 |    0.9815 |    0.9815 |    0.9815 |
| Runtime unhalted [s] STAT |     5.0417 |    0.1361 |    0.1881 |    0.1483 |
|      Clock [MHz] STAT     | 64367.7726 | 1892.3612 | 1894.6609 | 1893.1698 |
|          CPI STAT         |    43.3128 |    0.6314 |    1.4691 |    1.2739 |
|     DP [MFLOP/s] STAT     |  2913.8049 |   81.7095 |  132.8604 |   85.7001 |
|   AVX DP [MFLOP/s] STAT   |     9.1372 |         0 |    9.1372 |    0.2687 |
|  AVX512 DP [MFLOP/s] STAT |     8.8051 |         0 |    8.8051 |    0.2590 |
|   Packed [MUOPS/s] STAT   |     1.3089 |         0 |    1.3089 |    0.0385 |
|   Scalar [MUOPS/s] STAT   |  2904.4173 |   81.7095 |  123.4728 |   85.4240 |
|  Vectorization ratio STAT |     1.0490 |         0 |    1.0490 |    0.0309 |
+---------------------------+------------+-----------+-----------+-----------+
--------------------------------------------------------------------------------
CPU name:	Intel(R) Xeon(R) Gold 6132 CPU @ 2.60GHz
CPU type:	Intel Skylake SP processor
CPU clock:	2.59 GHz
--------------------------------------------------------------------------------
Region Solve, Group 1: FLOPS_DP
+-------------------+-----------+-----------+-----------+-----------+-----------+-----------+-----------+-----------+-----------+-----------+-----------+-----------+-----------+-----------+-----------+-----------+-----------+-----------+-----------+-----------+-----------+-----------+-----------+-----------+-----------+-----------+-----------+-----------+-----------+-----------+-----------+-----------+-----------+-----------+
|    Region Info    |   Core 0  |   Core 1  |   Core 2  |   Core 3  |   Core 4  |   Core 5  |   Core 6  |   Core 7  |   Core 8  |  Core 14  |  Core 15  |  Core 16  |  Core 17  |  Core 18  |  Core 19  |  Core 20  |  Core 21  |  Core 22  |  Core 28  |  Core 29  |  Core 30  |  Core 31  |  Core 32  |  Core 33  |  Core 34  |  Core 35  |  Core 42  |  Core 43  |  Core 44  |  Core 45  |  Core 46  |  Core 47  |  Core 48  |  Core 49  |
+-------------------+-----------+-----------+-----------+-----------+-----------+-----------+-----------+-----------+-----------+-----------+-----------+-----------+-----------+-----------+-----------+-----------+-----------+-----------+-----------+-----------+-----------+-----------+-----------+-----------+-----------+-----------+-----------+-----------+-----------+-----------+-----------+-----------+-----------+-----------+
| RDTSC Runtime [s] | 21.009150 | 21.009140 | 21.009150 | 21.009150 | 21.009140 | 21.009160 | 21.009150 | 21.009150 | 21.009150 | 21.009160 | 21.009160 | 21.009150 | 21.009150 | 21.009170 | 21.009190 | 21.009150 | 21.009180 | 21.009160 | 21.009160 | 21.009160 | 21.009160 | 21.009170 | 21.009160 | 21.009160 | 21.009170 | 21.009180 | 21.009150 | 21.009160 | 21.009140 | 21.009140 | 21.009150 | 21.009150 | 21.009160 | 21.009160 |
|     call count    |         1 |         1 |         1 |         1 |         1 |         1 |         1 |         1 |         1 |         1 |         1 |         1 |         1 |         1 |         1 |         1 |         1 |         1 |         1 |         1 |         1 |         1 |         1 |         1 |         1 |         1 |         1 |         1 |         1 |         1 |         1 |         1 |         1 |         1 |
+-------------------+-----------+-----------+-----------+-----------+-----------+-----------+-----------+-----------+-----------+-----------+-----------+-----------+-----------+-----------+-----------+-----------+-----------+-----------+-----------+-----------+-----------+-----------+-----------+-----------+-----------+-----------+-----------+-----------+-----------+-----------+-----------+-----------+-----------+-----------+
+------------------------------------------+---------+-------------+-------------+-------------+-------------+-------------+-------------+-------------+-------------+-------------+-------------+-------------+-------------+-------------+-------------+-------------+-------------+-------------+-------------+-------------+-------------+-------------+-------------+-------------+-------------+-------------+-------------+-------------+-------------+-------------+-------------+-------------+-------------+-------------+-------------+
|                   Event                  | Counter |    Core 0   |    Core 1   |    Core 2   |    Core 3   |    Core 4   |    Core 5   |    Core 6   |    Core 7   |    Core 8   |   Core 14   |   Core 15   |   Core 16   |   Core 17   |   Core 18   |   Core 19   |   Core 20   |   Core 21   |   Core 22   |   Core 28   |   Core 29   |   Core 30   |   Core 31   |   Core 32   |   Core 33   |   Core 34   |   Core 35   |   Core 42   |   Core 43   |   Core 44   |   Core 45   |   Core 46   |   Core 47   |   Core 48   |   Core 49   |
+------------------------------------------+---------+-------------+-------------+-------------+-------------+-------------+-------------+-------------+-------------+-------------+-------------+-------------+-------------+-------------+-------------+-------------+-------------+-------------+-------------+-------------+-------------+-------------+-------------+-------------+-------------+-------------+-------------+-------------+-------------+-------------+-------------+-------------+-------------+-------------+-------------+
|             INSTR_RETIRED_ANY            |  FIXC0  | 66522950000 | 66146050000 | 65820380000 | 65930910000 | 65548430000 | 65156810000 | 65117570000 | 64888550000 | 64694990000 | 64485650000 | 64504250000 | 64481950000 | 64665060000 | 64451880000 | 64240010000 | 64068420000 | 63867410000 | 63908650000 | 63860450000 | 63902230000 | 63986030000 | 64014960000 | 63808820000 | 63604430000 | 63768850000 | 63646160000 | 63280950000 | 63296690000 | 63126650000 | 62914690000 | 62656410000 | 62444700000 | 62300360000 | 65592640000 |
|           CPU_CLK_UNHALTED_CORE          |  FIXC1  | 39118860000 | 39230740000 | 39218080000 | 39220820000 | 39234400000 | 39214150000 | 39127300000 | 39217050000 | 39198270000 | 39083700000 | 39086080000 | 39088360000 | 38918460000 | 39104380000 | 39109540000 | 39104460000 | 39093020000 | 39082560000 | 39083800000 | 39091360000 | 39091810000 | 39094250000 | 39093150000 | 39092100000 | 38729800000 | 39071920000 | 39123300000 | 39132100000 | 39131120000 | 39128920000 | 39134170000 | 39145680000 | 39154870000 | 34344830000 |
|           CPU_CLK_UNHALTED_REF           |  FIXC2  | 53546030000 | 53699360000 | 53681440000 | 53685040000 | 53703780000 | 53675960000 | 53557320000 | 53680910000 | 53655460000 | 53496330000 | 53499640000 | 53502870000 | 53270400000 | 53524870000 | 53531860000 | 53525400000 | 53509890000 | 53495290000 | 53497630000 | 53508300000 | 53509020000 | 53512170000 | 53510690000 | 53510380000 | 53014640000 | 53481450000 | 53537100000 | 53549160000 | 53547810000 | 53544810000 | 53551980000 | 53567730000 | 53580270000 | 46998310000 |
| FP_ARITH_INST_RETIRED_128B_PACKED_DOUBLE |   PMC0  |      218232 |           0 |           0 |           0 |           0 |           0 |           0 |           0 |           0 |           0 |           0 |           0 |           0 |           0 |           0 |           0 |           0 |           0 |           0 |           0 |           0 |           0 |           0 |           0 |           0 |           0 |           0 |           0 |           0 |           0 |           0 |           0 |           0 |           0 |
|    FP_ARITH_INST_RETIRED_SCALAR_DOUBLE   |   PMC1  | 19642300000 | 19578400000 | 19527810000 | 19618250000 | 19515990000 | 19347330000 | 19267010000 | 19214190000 | 19168440000 | 19113740000 | 19117610000 | 19106590000 | 19103930000 | 19035990000 | 18926810000 | 18867140000 | 18820150000 | 18833140000 | 18799790000 | 18825020000 | 18894640000 | 18948400000 | 18894150000 | 18835500000 | 18808050000 | 18845290000 | 18708970000 | 18716160000 | 18705730000 | 18681910000 | 18580560000 | 18451660000 | 18355370000 | 18253730000 |
| FP_ARITH_INST_RETIRED_256B_PACKED_DOUBLE |   PMC2  |      302358 |           0 |           0 |           0 |           0 |           0 |           0 |           0 |           0 |           0 |           0 |           0 |           0 |           0 |           0 |           0 |           0 |           0 |           0 |           0 |           0 |           0 |           0 |           0 |           0 |           0 |           0 |           0 |           0 |           0 |           0 |           0 |           0 |           0 |
| FP_ARITH_INST_RETIRED_512B_PACKED_DOUBLE |   PMC3  |     2178750 |           0 |           0 |           0 |           0 |           0 |           0 |           0 |           0 |           0 |           0 |           0 |           0 |           0 |           0 |           0 |           0 |           0 |           0 |           0 |           0 |           0 |           0 |           0 |           0 |           0 |           0 |           0 |           0 |           0 |           0 |           0 |           0 |           0 |
+------------------------------------------+---------+-------------+-------------+-------------+-------------+-------------+-------------+-------------+-------------+-------------+-------------+-------------+-------------+-------------+-------------+-------------+-------------+-------------+-------------+-------------+-------------+-------------+-------------+-------------+-------------+-------------+-------------+-------------+-------------+-------------+-------------+-------------+-------------+-------------+-------------+
+-----------------------------------------------+---------+---------------+-------------+-------------+--------------+
|                     Event                     | Counter |      Sum      |     Min     |     Max     |      Avg     |
+-----------------------------------------------+---------+---------------+-------------+-------------+--------------+
|             INSTR_RETIRED_ANY STAT            |  FIXC0  | 2184704940000 | 62300360000 | 66522950000 | 6.425603e+10 |
|           CPU_CLK_UNHALTED_CORE STAT          |  FIXC1  | 1325093410000 | 34344830000 | 39234400000 | 3.897334e+10 |
|           CPU_CLK_UNHALTED_REF STAT           |  FIXC2  | 1813663300000 | 46998310000 | 53703780000 | 5.334304e+10 |
| FP_ARITH_INST_RETIRED_128B_PACKED_DOUBLE STAT |   PMC0  |        218232 |           0 |      218232 |    6418.5882 |
|    FP_ARITH_INST_RETIRED_SCALAR_DOUBLE STAT   |   PMC1  |  645109750000 | 18253730000 | 19642300000 | 1.897382e+10 |
| FP_ARITH_INST_RETIRED_256B_PACKED_DOUBLE STAT |   PMC2  |        302358 |           0 |      302358 |    8892.8824 |
| FP_ARITH_INST_RETIRED_512B_PACKED_DOUBLE STAT |   PMC3  |       2178750 |           0 |     2178750 |   64080.8824 |
+-----------------------------------------------+---------+---------------+-------------+-------------+--------------+
+----------------------+-----------+-----------+-----------+-----------+-----------+-----------+-----------+-----------+-----------+-----------+-----------+-----------+-----------+-----------+-----------+-----------+-----------+-----------+-----------+-----------+-----------+-----------+-----------+-----------+-----------+-----------+-----------+-----------+-----------+-----------+-----------+-----------+-----------+-----------+
|        Metric        |   Core 0  |   Core 1  |   Core 2  |   Core 3  |   Core 4  |   Core 5  |   Core 6  |   Core 7  |   Core 8  |  Core 14  |  Core 15  |  Core 16  |  Core 17  |  Core 18  |  Core 19  |  Core 20  |  Core 21  |  Core 22  |  Core 28  |  Core 29  |  Core 30  |  Core 31  |  Core 32  |  Core 33  |  Core 34  |  Core 35  |  Core 42  |  Core 43  |  Core 44  |  Core 45  |  Core 46  |  Core 47  |  Core 48  |  Core 49  |
+----------------------+-----------+-----------+-----------+-----------+-----------+-----------+-----------+-----------+-----------+-----------+-----------+-----------+-----------+-----------+-----------+-----------+-----------+-----------+-----------+-----------+-----------+-----------+-----------+-----------+-----------+-----------+-----------+-----------+-----------+-----------+-----------+-----------+-----------+-----------+
|  Runtime (RDTSC) [s] |   21.0092 |   21.0091 |   21.0092 |   21.0092 |   21.0091 |   21.0092 |   21.0092 |   21.0092 |   21.0092 |   21.0092 |   21.0092 |   21.0092 |   21.0092 |   21.0092 |   21.0092 |   21.0092 |   21.0092 |   21.0092 |   21.0092 |   21.0092 |   21.0092 |   21.0092 |   21.0092 |   21.0092 |   21.0092 |   21.0092 |   21.0092 |   21.0092 |   21.0091 |   21.0091 |   21.0092 |   21.0092 |   21.0092 |   21.0092 |
| Runtime unhalted [s] |   15.0818 |   15.1250 |   15.1201 |   15.1212 |   15.1264 |   15.1186 |   15.0851 |   15.1197 |   15.1125 |   15.0683 |   15.0692 |   15.0701 |   15.0046 |   15.0763 |   15.0783 |   15.0763 |   15.0719 |   15.0678 |   15.0683 |   15.0712 |   15.0714 |   15.0724 |   15.0719 |   15.0715 |   14.9318 |   15.0637 |   15.0836 |   15.0869 |   15.0866 |   15.0857 |   15.0877 |   15.0922 |   15.0957 |   13.2413 |
|      Clock [MHz]     | 1894.9190 | 1894.9123 | 1894.9332 | 1894.9385 | 1894.9331 | 1894.9367 | 1894.9283 | 1894.9021 | 1894.8931 | 1894.9747 | 1894.9728 | 1894.9689 | 1894.9660 | 1894.9664 | 1894.9690 | 1894.9515 | 1894.9462 | 1894.9562 | 1894.9335 | 1894.9221 | 1894.9184 | 1894.9251 | 1894.9242 | 1894.8843 | 1894.8776 | 1894.9306 | 1895.4501 | 1895.4495 | 1895.4498 | 1895.4494 | 1895.4500 | 1895.4500 | 1895.4512 | 1895.4436 |
|          CPI         |    0.5881 |    0.5931 |    0.5958 |    0.5949 |    0.5986 |    0.6018 |    0.6009 |    0.6044 |    0.6059 |    0.6061 |    0.6059 |    0.6062 |    0.6018 |    0.6067 |    0.6088 |    0.6104 |    0.6121 |    0.6115 |    0.6120 |    0.6117 |    0.6109 |    0.6107 |    0.6127 |    0.6146 |    0.6073 |    0.6139 |    0.6182 |    0.6182 |    0.6199 |    0.6219 |    0.6246 |    0.6269 |    0.6285 |    0.5236 |
|     DP [MFLOP/s]     |  935.8482 |  931.8992 |  929.4907 |  933.7955 |  928.9286 |  920.8997 |  917.0771 |  914.5629 |  912.3853 |  909.7813 |  909.9655 |  909.4414 |  909.3148 |  906.0801 |  900.8824 |  898.0439 |  895.8060 |  896.4252 |  894.8378 |  896.0387 |  899.3525 |  901.9109 |  899.3291 |  896.5375 |  895.2305 |  897.0026 |  890.5153 |  890.8571 |  890.3615 |  889.2277 |  884.4032 |  878.2678 |  873.6841 |  868.8463 |
|   AVX DP [MFLOP/s]   |    0.8872 |         0 |         0 |         0 |         0 |         0 |         0 |         0 |         0 |         0 |         0 |         0 |         0 |         0 |         0 |         0 |         0 |         0 |         0 |         0 |         0 |         0 |         0 |         0 |         0 |         0 |         0 |         0 |         0 |         0 |         0 |         0 |         0 |         0 |
|  AVX512 DP [MFLOP/s] |    0.8296 |         0 |         0 |         0 |         0 |         0 |         0 |         0 |         0 |         0 |         0 |         0 |         0 |         0 |         0 |         0 |         0 |         0 |         0 |         0 |         0 |         0 |         0 |         0 |         0 |         0 |         0 |         0 |         0 |         0 |         0 |         0 |         0 |         0 |
|   Packed [MUOPS/s]   |    0.1285 |         0 |         0 |         0 |         0 |         0 |         0 |         0 |         0 |         0 |         0 |         0 |         0 |         0 |         0 |         0 |         0 |         0 |         0 |         0 |         0 |         0 |         0 |         0 |         0 |         0 |         0 |         0 |         0 |         0 |         0 |         0 |         0 |         0 |
|   Scalar [MUOPS/s]   |  934.9403 |  931.8992 |  929.4907 |  933.7955 |  928.9286 |  920.8997 |  917.0771 |  914.5629 |  912.3853 |  909.7813 |  909.9655 |  909.4414 |  909.3148 |  906.0801 |  900.8824 |  898.0439 |  895.8060 |  896.4252 |  894.8378 |  896.0387 |  899.3525 |  901.9109 |  899.3291 |  896.5375 |  895.2305 |  897.0026 |  890.5153 |  890.8571 |  890.3615 |  889.2277 |  884.4032 |  878.2678 |  873.6841 |  868.8463 |
|  Vectorization ratio |    0.0137 |         0 |         0 |         0 |         0 |         0 |         0 |         0 |         0 |         0 |         0 |         0 |         0 |         0 |         0 |         0 |         0 |         0 |         0 |         0 |         0 |         0 |         0 |         0 |         0 |         0 |         0 |         0 |         0 |         0 |         0 |         0 |         0 |         0 |
+----------------------+-----------+-----------+-----------+-----------+-----------+-----------+-----------+-----------+-----------+-----------+-----------+-----------+-----------+-----------+-----------+-----------+-----------+-----------+-----------+-----------+-----------+-----------+-----------+-----------+-----------+-----------+-----------+-----------+-----------+-----------+-----------+-----------+-----------+-----------+
+---------------------------+------------+-----------+-----------+-----------+
|           Metric          |     Sum    |    Min    |    Max    |    Avg    |
+---------------------------+------------+-----------+-----------+-----------+
|  Runtime (RDTSC) [s] STAT |   714.3124 |   21.0091 |   21.0092 |   21.0092 |
| Runtime unhalted [s] STAT |   510.8751 |   13.2413 |   15.1264 |   15.0257 |
|      Clock [MHz] STAT     | 64431.8774 | 1894.8776 | 1895.4512 | 1895.0552 |
|          CPI STAT         |    20.6286 |    0.5236 |    0.6285 |    0.6067 |
|     DP [MFLOP/s] STAT     | 30707.0304 |  868.8463 |  935.8482 |  903.1480 |
|   AVX DP [MFLOP/s] STAT   |     0.8872 |         0 |    0.8872 |    0.0261 |
|  AVX512 DP [MFLOP/s] STAT |     0.8296 |         0 |    0.8296 |    0.0244 |
|   Packed [MUOPS/s] STAT   |     0.1285 |         0 |    0.1285 |    0.0038 |
|   Scalar [MUOPS/s] STAT   | 30706.1225 |  868.8463 |  934.9403 |  903.1213 |
|  Vectorization ratio STAT |     0.0137 |         0 |    0.0137 |    0.0004 |
+---------------------------+------------+-----------+-----------+-----------+
