--------------------------------------------------------------------------------
CPU name:	Intel(R) Xeon(R) Gold 6132 CPU @ 2.60GHz
CPU type:	Intel Skylake SP processor
CPU clock:	2.59 GHz
--------------------------------------------------------------------------------
Region Setup, Group 1: FLOPS_DP
+-------------------+----------+----------+----------+----------+----------+----------+----------+----------+----------+----------+----------+----------+----------+----------+----------+----------+----------+----------+----------+----------+----------+----------+----------+----------+----------+----------+----------+
|    Region Info    |  Core 0  |  Core 1  |  Core 2  |  Core 3  |  Core 4  |  Core 5  |  Core 6  |  Core 14 |  Core 15 |  Core 16 |  Core 17 |  Core 18 |  Core 19 |  Core 20 |  Core 28 |  Core 29 |  Core 30 |  Core 31 |  Core 32 |  Core 33 |  Core 34 |  Core 42 |  Core 43 |  Core 44 |  Core 45 |  Core 46 |  Core 47 |
+-------------------+----------+----------+----------+----------+----------+----------+----------+----------+----------+----------+----------+----------+----------+----------+----------+----------+----------+----------+----------+----------+----------+----------+----------+----------+----------+----------+----------+
| RDTSC Runtime [s] | 0.950712 | 0.950726 | 0.950794 | 0.950809 | 0.950807 | 0.950807 | 0.950809 | 0.950776 | 0.950703 | 0.950708 | 0.950706 | 0.950712 | 0.950712 | 0.950711 | 0.950667 | 0.950700 | 0.950702 | 0.950667 | 0.950664 | 0.950699 | 0.950711 | 0.950707 | 0.950709 | 0.950703 | 0.950706 | 0.950689 | 0.950686 |
|     call count    |        2 |        2 |        2 |        2 |        2 |        2 |        2 |        2 |        2 |        2 |        2 |        2 |        2 |        2 |        2 |        2 |        2 |        2 |        2 |        2 |        2 |        2 |        2 |        2 |        2 |        2 |        2 |
+-------------------+----------+----------+----------+----------+----------+----------+----------+----------+----------+----------+----------+----------+----------+----------+----------+----------+----------+----------+----------+----------+----------+----------+----------+----------+----------+----------+----------+
+------------------------------------------+---------+-----------+-----------+-----------+-----------+-----------+-----------+-----------+-----------+-----------+-----------+-----------+-----------+-----------+-----------+-----------+-----------+-----------+-----------+-----------+-----------+-----------+-----------+-----------+-----------+-----------+-----------+-----------+
|                   Event                  | Counter |   Core 0  |   Core 1  |   Core 2  |   Core 3  |   Core 4  |   Core 5  |   Core 6  |  Core 14  |  Core 15  |  Core 16  |  Core 17  |  Core 18  |  Core 19  |  Core 20  |  Core 28  |  Core 29  |  Core 30  |  Core 31  |  Core 32  |  Core 33  |  Core 34  |  Core 42  |  Core 43  |  Core 44  |  Core 45  |  Core 46  |  Core 47  |
+------------------------------------------+---------+-----------+-----------+-----------+-----------+-----------+-----------+-----------+-----------+-----------+-----------+-----------+-----------+-----------+-----------+-----------+-----------+-----------+-----------+-----------+-----------+-----------+-----------+-----------+-----------+-----------+-----------+-----------+
|             INSTR_RETIRED_ANY            |  FIXC0  | 846220100 | 376851900 | 376563800 | 376422300 | 376101800 | 375516500 | 374621000 | 371925300 | 370252600 | 370594200 | 368511300 | 368159500 | 368537300 | 368301100 | 367754900 | 365534400 | 363717200 | 363169500 | 362672600 | 362864700 | 360122700 | 359142300 | 358463000 | 358336700 | 358520200 | 358410200 | 357809600 |
|           CPU_CLK_UNHALTED_CORE          |  FIXC1  | 523315300 | 403291500 | 408096200 | 401086700 | 415610800 | 414787100 | 408185500 | 398416700 | 378003900 | 383087700 | 372317300 | 376075800 | 387519800 | 379675500 | 371777700 | 380880400 | 375347600 | 377664800 | 371306400 | 384491200 | 384754200 | 391819900 | 377047800 | 382023500 | 385197400 | 383684400 | 372824800 |
|           CPU_CLK_UNHALTED_REF           |  FIXC2  | 716525500 | 552549300 | 559193600 | 549539500 | 569453400 | 568362100 | 559281000 | 545946600 | 517831700 | 524789100 | 510019600 | 515158100 | 530831600 | 520141300 | 509374900 | 521959700 | 514316200 | 517426500 | 508873200 | 526976100 | 527319000 | 536816700 | 516644300 | 523421900 | 527815700 | 525811900 | 510821500 |
| FP_ARITH_INST_RETIRED_128B_PACKED_DOUBLE |   PMC0  |    122920 |         0 |         0 |         0 |         0 |         0 |         0 |         0 |         0 |         0 |         0 |         0 |         0 |         0 |         0 |         0 |         0 |         0 |         0 |         0 |         0 |         0 |         0 |         0 |         0 |         0 |         0 |
|    FP_ARITH_INST_RETIRED_SCALAR_DOUBLE   |   PMC1  | 142741000 | 106714500 | 106683000 | 106690100 | 106450300 | 106233300 | 106110300 | 105405000 | 105223900 | 105215700 | 104765800 | 104559700 | 104546500 | 104558400 | 104545400 | 103731300 | 103570500 | 103351300 | 103314700 | 103164000 | 102303500 | 101894700 | 101894600 | 101800600 | 101800600 | 101800600 | 101655700 |
| FP_ARITH_INST_RETIRED_256B_PACKED_DOUBLE |   PMC2  |     81488 |         0 |         0 |         0 |         0 |         0 |         0 |         0 |         0 |         0 |         0 |         0 |         0 |         0 |         0 |         0 |         0 |         0 |         0 |         0 |         0 |         0 |         0 |         0 |         0 |         0 |         0 |
| FP_ARITH_INST_RETIRED_512B_PACKED_DOUBLE |   PMC3  |   1080242 |         0 |         0 |         0 |         0 |         0 |         0 |         0 |         0 |         0 |         0 |         0 |         0 |         0 |         0 |         0 |         0 |         0 |         0 |         0 |         0 |         0 |         0 |         0 |         0 |         0 |         0 |
+------------------------------------------+---------+-----------+-----------+-----------+-----------+-----------+-----------+-----------+-----------+-----------+-----------+-----------+-----------+-----------+-----------+-----------+-----------+-----------+-----------+-----------+-----------+-----------+-----------+-----------+-----------+-----------+-----------+-----------+
+-----------------------------------------------+---------+-------------+-----------+-----------+--------------+
|                     Event                     | Counter |     Sum     |    Min    |    Max    |      Avg     |
+-----------------------------------------------+---------+-------------+-----------+-----------+--------------+
|             INSTR_RETIRED_ANY STAT            |  FIXC0  | 10385096700 | 357809600 | 846220100 | 3.846332e+08 |
|           CPU_CLK_UNHALTED_CORE STAT          |  FIXC1  | 10588289900 | 371306400 | 523315300 | 3.921589e+08 |
|           CPU_CLK_UNHALTED_REF STAT           |  FIXC2  | 14507200000 | 508873200 | 716525500 | 5.373037e+08 |
| FP_ARITH_INST_RETIRED_128B_PACKED_DOUBLE STAT |   PMC0  |      122920 |         0 |    122920 |    4552.5926 |
|    FP_ARITH_INST_RETIRED_SCALAR_DOUBLE STAT   |   PMC1  |  2850725000 | 101655700 | 142741000 | 1.055824e+08 |
| FP_ARITH_INST_RETIRED_256B_PACKED_DOUBLE STAT |   PMC2  |       81488 |         0 |     81488 |    3018.0741 |
| FP_ARITH_INST_RETIRED_512B_PACKED_DOUBLE STAT |   PMC3  |     1080242 |         0 |   1080242 |   40008.9630 |
+-----------------------------------------------+---------+-------------+-----------+-----------+--------------+
+----------------------+-----------+-----------+-----------+-----------+-----------+-----------+-----------+-----------+-----------+-----------+-----------+-----------+-----------+-----------+-----------+-----------+-----------+-----------+-----------+-----------+-----------+-----------+-----------+-----------+-----------+-----------+-----------+
|        Metric        |   Core 0  |   Core 1  |   Core 2  |   Core 3  |   Core 4  |   Core 5  |   Core 6  |  Core 14  |  Core 15  |  Core 16  |  Core 17  |  Core 18  |  Core 19  |  Core 20  |  Core 28  |  Core 29  |  Core 30  |  Core 31  |  Core 32  |  Core 33  |  Core 34  |  Core 42  |  Core 43  |  Core 44  |  Core 45  |  Core 46  |  Core 47  |
+----------------------+-----------+-----------+-----------+-----------+-----------+-----------+-----------+-----------+-----------+-----------+-----------+-----------+-----------+-----------+-----------+-----------+-----------+-----------+-----------+-----------+-----------+-----------+-----------+-----------+-----------+-----------+-----------+
|  Runtime (RDTSC) [s] |    0.9507 |    0.9507 |    0.9508 |    0.9508 |    0.9508 |    0.9508 |    0.9508 |    0.9508 |    0.9507 |    0.9507 |    0.9507 |    0.9507 |    0.9507 |    0.9507 |    0.9507 |    0.9507 |    0.9507 |    0.9507 |    0.9507 |    0.9507 |    0.9507 |    0.9507 |    0.9507 |    0.9507 |    0.9507 |    0.9507 |    0.9507 |
| Runtime unhalted [s] |    0.2018 |    0.1555 |    0.1573 |    0.1546 |    0.1602 |    0.1599 |    0.1574 |    0.1536 |    0.1457 |    0.1477 |    0.1435 |    0.1450 |    0.1494 |    0.1464 |    0.1433 |    0.1468 |    0.1447 |    0.1456 |    0.1432 |    0.1482 |    0.1483 |    0.1511 |    0.1454 |    0.1473 |    0.1485 |    0.1479 |    0.1437 |
|      Clock [MHz]     | 1894.3619 | 1893.1246 | 1892.9168 | 1893.0868 | 1893.0401 | 1892.9158 | 1893.0352 | 1892.8602 | 1893.3845 | 1893.4096 | 1893.4660 | 1893.5031 | 1893.5130 | 1893.3130 | 1893.1149 | 1892.7045 | 1892.9302 | 1893.1674 | 1892.5790 | 1892.4598 | 1892.5228 | 1893.1788 | 1892.9360 | 1893.0817 | 1892.9198 | 1892.6700 | 1893.0705 |
|          CPI         |    0.6184 |    1.0702 |    1.0837 |    1.0655 |    1.1050 |    1.1046 |    1.0896 |    1.0712 |    1.0209 |    1.0337 |    1.0103 |    1.0215 |    1.0515 |    1.0309 |    1.0109 |    1.0420 |    1.0320 |    1.0399 |    1.0238 |    1.0596 |    1.0684 |    1.0910 |    1.0518 |    1.0661 |    1.0744 |    1.0705 |    1.0420 |
|     DP [MFLOP/s]     |  159.8325 |  112.2453 |  112.2042 |  112.2098 |  111.9578 |  111.7296 |  111.6000 |  110.8620 |  110.6801 |  110.6709 |  110.1979 |  109.9804 |  109.9665 |  109.9792 |  109.9706 |  109.1104 |  108.9411 |  108.7146 |  108.6763 |  108.5138 |  107.6074 |  107.1778 |  107.1775 |  107.0793 |  107.0789 |  107.0808 |  106.9288 |
|   AVX DP [MFLOP/s]   |    9.4328 |         0 |         0 |         0 |         0 |         0 |         0 |         0 |         0 |         0 |         0 |         0 |         0 |         0 |         0 |         0 |         0 |         0 |         0 |         0 |         0 |         0 |         0 |         0 |         0 |         0 |         0 |
|  AVX512 DP [MFLOP/s] |    9.0900 |         0 |         0 |         0 |         0 |         0 |         0 |         0 |         0 |         0 |         0 |         0 |         0 |         0 |         0 |         0 |         0 |         0 |         0 |         0 |         0 |         0 |         0 |         0 |         0 |         0 |         0 |
|   Packed [MUOPS/s]   |    1.3512 |         0 |         0 |         0 |         0 |         0 |         0 |         0 |         0 |         0 |         0 |         0 |         0 |         0 |         0 |         0 |         0 |         0 |         0 |         0 |         0 |         0 |         0 |         0 |         0 |         0 |         0 |
|   Scalar [MUOPS/s]   |  150.1411 |  112.2453 |  112.2042 |  112.2098 |  111.9578 |  111.7296 |  111.6000 |  110.8620 |  110.6801 |  110.6709 |  110.1979 |  109.9804 |  109.9665 |  109.9792 |  109.9706 |  109.1104 |  108.9411 |  108.7146 |  108.6763 |  108.5138 |  107.6074 |  107.1778 |  107.1775 |  107.0793 |  107.0789 |  107.0808 |  106.9288 |
|  Vectorization ratio |    0.8920 |         0 |         0 |         0 |         0 |         0 |         0 |         0 |         0 |         0 |         0 |         0 |         0 |         0 |         0 |         0 |         0 |         0 |         0 |         0 |         0 |         0 |         0 |         0 |         0 |         0 |         0 |
+----------------------+-----------+-----------+-----------+-----------+-----------+-----------+-----------+-----------+-----------+-----------+-----------+-----------+-----------+-----------+-----------+-----------+-----------+-----------+-----------+-----------+-----------+-----------+-----------+-----------+-----------+-----------+-----------+
+---------------------------+------------+-----------+-----------+-----------+
|           Metric          |     Sum    |    Min    |    Max    |    Avg    |
+---------------------------+------------+-----------+-----------+-----------+
|  Runtime (RDTSC) [s] STAT |    25.6695 |    0.9507 |    0.9508 |    0.9507 |
| Runtime unhalted [s] STAT |     4.0820 |    0.1432 |    0.2018 |    0.1512 |
|      Clock [MHz] STAT     | 51113.2660 | 1892.4598 | 1894.3619 | 1893.0839 |
|          CPI STAT         |    28.0494 |    0.6184 |    1.1050 |    1.0389 |
|     DP [MFLOP/s] STAT     |  3008.1735 |  106.9288 |  159.8325 |  111.4138 |
|   AVX DP [MFLOP/s] STAT   |     9.4328 |         0 |    9.4328 |    0.3494 |
|  AVX512 DP [MFLOP/s] STAT |     9.0900 |         0 |    9.0900 |    0.3367 |
|   Packed [MUOPS/s] STAT   |     1.3512 |         0 |    1.3512 |    0.0500 |
|   Scalar [MUOPS/s] STAT   |  2998.4821 |  106.9288 |  150.1411 |  111.0549 |
|  Vectorization ratio STAT |     0.8920 |         0 |    0.8920 |    0.0330 |
+---------------------------+------------+-----------+-----------+-----------+
--------------------------------------------------------------------------------
CPU name:	Intel(R) Xeon(R) Gold 6132 CPU @ 2.60GHz
CPU type:	Intel Skylake SP processor
CPU clock:	2.59 GHz
--------------------------------------------------------------------------------
Region Solve, Group 1: FLOPS_DP
+-------------------+-----------+-----------+-----------+-----------+-----------+-----------+-----------+-----------+-----------+-----------+-----------+-----------+-----------+-----------+-----------+-----------+-----------+-----------+-----------+-----------+-----------+-----------+-----------+-----------+-----------+-----------+-----------+
|    Region Info    |   Core 0  |   Core 1  |   Core 2  |   Core 3  |   Core 4  |   Core 5  |   Core 6  |  Core 14  |  Core 15  |  Core 16  |  Core 17  |  Core 18  |  Core 19  |  Core 20  |  Core 28  |  Core 29  |  Core 30  |  Core 31  |  Core 32  |  Core 33  |  Core 34  |  Core 42  |  Core 43  |  Core 44  |  Core 45  |  Core 46  |  Core 47  |
+-------------------+-----------+-----------+-----------+-----------+-----------+-----------+-----------+-----------+-----------+-----------+-----------+-----------+-----------+-----------+-----------+-----------+-----------+-----------+-----------+-----------+-----------+-----------+-----------+-----------+-----------+-----------+-----------+
| RDTSC Runtime [s] | 24.827600 | 24.827600 | 24.827600 | 24.827610 | 24.827600 | 24.827600 | 24.827610 | 24.827590 | 24.827600 | 24.827600 | 24.827600 | 24.827600 | 24.827600 | 24.827600 | 24.827600 | 24.827600 | 24.827600 | 24.827600 | 24.827600 | 24.827600 | 24.827600 | 24.827590 | 24.827600 | 24.827600 | 24.827600 | 24.827610 | 24.827600 |
|     call count    |         1 |         1 |         1 |         1 |         1 |         1 |         1 |         1 |         1 |         1 |         1 |         1 |         1 |         1 |         1 |         1 |         1 |         1 |         1 |         1 |         1 |         1 |         1 |         1 |         1 |         1 |         1 |
+-------------------+-----------+-----------+-----------+-----------+-----------+-----------+-----------+-----------+-----------+-----------+-----------+-----------+-----------+-----------+-----------+-----------+-----------+-----------+-----------+-----------+-----------+-----------+-----------+-----------+-----------+-----------+-----------+
+------------------------------------------+---------+-------------+-------------+-------------+-------------+-------------+-------------+-------------+-------------+-------------+-------------+-------------+-------------+-------------+-------------+-------------+-------------+-------------+-------------+-------------+-------------+-------------+-------------+-------------+-------------+-------------+-------------+-------------+
|                   Event                  | Counter |    Core 0   |    Core 1   |    Core 2   |    Core 3   |    Core 4   |    Core 5   |    Core 6   |   Core 14   |   Core 15   |   Core 16   |   Core 17   |   Core 18   |   Core 19   |   Core 20   |   Core 28   |   Core 29   |   Core 30   |   Core 31   |   Core 32   |   Core 33   |   Core 34   |   Core 42   |   Core 43   |   Core 44   |   Core 45   |   Core 46   |   Core 47   |
+------------------------------------------+---------+-------------+-------------+-------------+-------------+-------------+-------------+-------------+-------------+-------------+-------------+-------------+-------------+-------------+-------------+-------------+-------------+-------------+-------------+-------------+-------------+-------------+-------------+-------------+-------------+-------------+-------------+-------------+
|             INSTR_RETIRED_ANY            |  FIXC0  | 82578150000 | 82302320000 | 82504370000 | 82447680000 | 82203480000 | 81914190000 | 82009140000 | 81220230000 | 81230830000 | 81381330000 | 81151710000 | 80929410000 | 80992070000 | 80570180000 | 80720500000 | 80174780000 | 79996560000 | 79916510000 | 79769180000 | 79657120000 | 79620350000 | 79321410000 | 79435080000 | 79358530000 | 79482270000 | 78593480000 | 81642400000 |
|           CPU_CLK_UNHALTED_CORE          |  FIXC1  | 46354930000 | 46494530000 | 46491880000 | 46494520000 | 46495220000 | 46492870000 | 46394280000 | 46319260000 | 46314400000 | 46319870000 | 46328650000 | 46318200000 | 46150700000 | 46328410000 | 46326360000 | 46325620000 | 46315100000 | 46303890000 | 46325340000 | 46320540000 | 46319390000 | 46376310000 | 46369500000 | 46369370000 | 46012990000 | 46362270000 | 41560850000 |
|           CPU_CLK_UNHALTED_REF           |  FIXC2  | 63447620000 | 63639290000 | 63635130000 | 63638250000 | 63640030000 | 63636770000 | 63501960000 | 63400310000 | 63394130000 | 63401330000 | 63413360000 | 63398970000 | 63169850000 | 63413240000 | 63410230000 | 63409350000 | 63395010000 | 63380390000 | 63409100000 | 63402430000 | 63400830000 | 63462280000 | 63453310000 | 63452760000 | 62965070000 | 63443070000 | 56872940000 |
| FP_ARITH_INST_RETIRED_128B_PACKED_DOUBLE |   PMC0  |      218232 |           0 |           0 |           0 |           0 |           0 |           0 |           0 |           0 |           0 |           0 |           0 |           0 |           0 |           0 |           0 |           0 |           0 |           0 |           0 |           0 |           0 |           0 |           0 |           0 |           0 |           0 |
|    FP_ARITH_INST_RETIRED_SCALAR_DOUBLE   |   PMC1  | 24444960000 | 24436110000 | 24589890000 | 24603730000 | 24466830000 | 24325270000 | 24324840000 | 24121770000 | 24119370000 | 24155870000 | 24022120000 | 23872790000 | 23840980000 | 23773760000 | 23801820000 | 23633750000 | 23650960000 | 23675530000 | 23636700000 | 23604210000 | 23563260000 | 23464390000 | 23551450000 | 23599590000 | 23524130000 | 23250240000 | 23055420000 |
| FP_ARITH_INST_RETIRED_256B_PACKED_DOUBLE |   PMC2  |      302358 |           0 |           0 |           0 |           0 |           0 |           0 |           0 |           0 |           0 |           0 |           0 |           0 |           0 |           0 |           0 |           0 |           0 |           0 |           0 |           0 |           0 |           0 |           0 |           0 |           0 |           0 |
| FP_ARITH_INST_RETIRED_512B_PACKED_DOUBLE |   PMC3  |     2178750 |           0 |           0 |           0 |           0 |           0 |           0 |           0 |           0 |           0 |           0 |           0 |           0 |           0 |           0 |           0 |           0 |           0 |           0 |           0 |           0 |           0 |           0 |           0 |           0 |           0 |           0 |
+------------------------------------------+---------+-------------+-------------+-------------+-------------+-------------+-------------+-------------+-------------+-------------+-------------+-------------+-------------+-------------+-------------+-------------+-------------+-------------+-------------+-------------+-------------+-------------+-------------+-------------+-------------+-------------+-------------+-------------+
+-----------------------------------------------+---------+---------------+-------------+-------------+--------------+
|                     Event                     | Counter |      Sum      |     Min     |     Max     |      Avg     |
+-----------------------------------------------+---------+---------------+-------------+-------------+--------------+
|             INSTR_RETIRED_ANY STAT            |  FIXC0  | 2181123260000 | 78593480000 | 82578150000 | 8.078234e+10 |
|           CPU_CLK_UNHALTED_CORE STAT          |  FIXC1  | 1246585250000 | 41560850000 | 46495220000 | 4.616982e+10 |
|           CPU_CLK_UNHALTED_REF STAT           |  FIXC2  | 1706187010000 | 56872940000 | 63640030000 | 6.319211e+10 |
| FP_ARITH_INST_RETIRED_128B_PACKED_DOUBLE STAT |   PMC0  |        218232 |           0 |      218232 |    8082.6667 |
|    FP_ARITH_INST_RETIRED_SCALAR_DOUBLE STAT   |   PMC1  |  645109740000 | 23055420000 | 24603730000 | 2.389295e+10 |
| FP_ARITH_INST_RETIRED_256B_PACKED_DOUBLE STAT |   PMC2  |        302358 |           0 |      302358 |   11198.4444 |
| FP_ARITH_INST_RETIRED_512B_PACKED_DOUBLE STAT |   PMC3  |       2178750 |           0 |     2178750 |   80694.4444 |
+-----------------------------------------------+---------+---------------+-------------+-------------+--------------+
+----------------------+-----------+-----------+-----------+-----------+-----------+-----------+-----------+-----------+-----------+-----------+-----------+-----------+-----------+-----------+-----------+-----------+-----------+-----------+-----------+-----------+-----------+-----------+-----------+-----------+-----------+-----------+-----------+
|        Metric        |   Core 0  |   Core 1  |   Core 2  |   Core 3  |   Core 4  |   Core 5  |   Core 6  |  Core 14  |  Core 15  |  Core 16  |  Core 17  |  Core 18  |  Core 19  |  Core 20  |  Core 28  |  Core 29  |  Core 30  |  Core 31  |  Core 32  |  Core 33  |  Core 34  |  Core 42  |  Core 43  |  Core 44  |  Core 45  |  Core 46  |  Core 47  |
+----------------------+-----------+-----------+-----------+-----------+-----------+-----------+-----------+-----------+-----------+-----------+-----------+-----------+-----------+-----------+-----------+-----------+-----------+-----------+-----------+-----------+-----------+-----------+-----------+-----------+-----------+-----------+-----------+
|  Runtime (RDTSC) [s] |   24.8276 |   24.8276 |   24.8276 |   24.8276 |   24.8276 |   24.8276 |   24.8276 |   24.8276 |   24.8276 |   24.8276 |   24.8276 |   24.8276 |   24.8276 |   24.8276 |   24.8276 |   24.8276 |   24.8276 |   24.8276 |   24.8276 |   24.8276 |   24.8276 |   24.8276 |   24.8276 |   24.8276 |   24.8276 |   24.8276 |   24.8276 |
| Runtime unhalted [s] |   17.8717 |   17.9255 |   17.9245 |   17.9255 |   17.9257 |   17.9248 |   17.8868 |   17.8579 |   17.8560 |   17.8581 |   17.8615 |   17.8575 |   17.7929 |   17.8614 |   17.8606 |   17.8604 |   17.8563 |   17.8520 |   17.8602 |   17.8584 |   17.8580 |   17.8799 |   17.8773 |   17.8772 |   17.7398 |   17.8745 |   16.0233 |
|      Clock [MHz]     | 1895.0111 | 1894.9934 | 1895.0093 | 1895.0240 | 1894.9995 | 1895.0008 | 1894.9968 | 1894.9659 | 1894.9518 | 1894.9604 | 1894.9600 | 1894.9626 | 1894.9581 | 1894.9538 | 1894.9599 | 1894.9559 | 1894.9541 | 1894.9325 | 1894.9519 | 1894.9549 | 1894.9557 | 1895.4472 | 1895.4368 | 1895.4479 | 1895.4483 | 1895.4471 | 1895.4394 |
|          CPI         |    0.5613 |    0.5649 |    0.5635 |    0.5639 |    0.5656 |    0.5676 |    0.5657 |    0.5703 |    0.5702 |    0.5692 |    0.5709 |    0.5723 |    0.5698 |    0.5750 |    0.5739 |    0.5778 |    0.5790 |    0.5794 |    0.5807 |    0.5815 |    0.5818 |    0.5847 |    0.5837 |    0.5843 |    0.5789 |    0.5899 |    0.5091 |
|     DP [MFLOP/s]     |  985.3565 |  984.2317 |  990.4256 |  990.9826 |  985.4690 |  979.7673 |  979.7496 |  971.5711 |  971.4741 |  972.9442 |  967.5571 |  961.5424 |  960.2612 |  957.5537 |  958.6839 |  951.9144 |  952.6076 |  953.5972 |  952.0332 |  950.7246 |  949.0752 |  945.0933 |  948.5995 |  950.5385 |  947.4992 |  936.4671 |  928.6206 |
|   AVX DP [MFLOP/s]   |    0.7508 |         0 |         0 |         0 |         0 |         0 |         0 |         0 |         0 |         0 |         0 |         0 |         0 |         0 |         0 |         0 |         0 |         0 |         0 |         0 |         0 |         0 |         0 |         0 |         0 |         0 |         0 |
|  AVX512 DP [MFLOP/s] |    0.7020 |         0 |         0 |         0 |         0 |         0 |         0 |         0 |         0 |         0 |         0 |         0 |         0 |         0 |         0 |         0 |         0 |         0 |         0 |         0 |         0 |         0 |         0 |         0 |         0 |         0 |         0 |
|   Packed [MUOPS/s]   |    0.1087 |         0 |         0 |         0 |         0 |         0 |         0 |         0 |         0 |         0 |         0 |         0 |         0 |         0 |         0 |         0 |         0 |         0 |         0 |         0 |         0 |         0 |         0 |         0 |         0 |         0 |         0 |
|   Scalar [MUOPS/s]   |  984.5881 |  984.2317 |  990.4256 |  990.9826 |  985.4690 |  979.7673 |  979.7496 |  971.5711 |  971.4741 |  972.9442 |  967.5571 |  961.5424 |  960.2612 |  957.5537 |  958.6839 |  951.9144 |  952.6076 |  953.5972 |  952.0332 |  950.7246 |  949.0752 |  945.0933 |  948.5995 |  950.5385 |  947.4992 |  936.4671 |  928.6206 |
|  Vectorization ratio |    0.0110 |         0 |         0 |         0 |         0 |         0 |         0 |         0 |         0 |         0 |         0 |         0 |         0 |         0 |         0 |         0 |         0 |         0 |         0 |         0 |         0 |         0 |         0 |         0 |         0 |         0 |         0 |
+----------------------+-----------+-----------+-----------+-----------+-----------+-----------+-----------+-----------+-----------+-----------+-----------+-----------+-----------+-----------+-----------+-----------+-----------+-----------+-----------+-----------+-----------+-----------+-----------+-----------+-----------+-----------+-----------+
+---------------------------+------------+-----------+-----------+-----------+
|           Metric          |     Sum    |    Min    |    Max    |    Avg    |
+---------------------------+------------+-----------+-----------+-----------+
|  Runtime (RDTSC) [s] STAT |   670.3452 |   24.8276 |   24.8276 |   24.8276 |
| Runtime unhalted [s] STAT |   480.6077 |   16.0233 |   17.9257 |   17.8003 |
|      Clock [MHz] STAT     | 51167.0791 | 1894.9325 | 1895.4483 | 1895.0770 |
|          CPI STAT         |    15.4349 |    0.5091 |    0.5899 |    0.5717 |
|     DP [MFLOP/s] STAT     | 25984.3404 |  928.6206 |  990.9826 |  962.3830 |
|   AVX DP [MFLOP/s] STAT   |     0.7508 |         0 |    0.7508 |    0.0278 |
|  AVX512 DP [MFLOP/s] STAT |     0.7020 |         0 |    0.7020 |    0.0260 |
|   Packed [MUOPS/s] STAT   |     0.1087 |         0 |    0.1087 |    0.0040 |
|   Scalar [MUOPS/s] STAT   | 25983.5720 |  928.6206 |  990.9826 |  962.3545 |
|  Vectorization ratio STAT |     0.0110 |         0 |    0.0110 |    0.0004 |
+---------------------------+------------+-----------+-----------+-----------+
