--------------------------------------------------------------------------------
CPU name:	Intel(R) Xeon(R) Gold 6132 CPU @ 2.60GHz
CPU type:	Intel Skylake SP processor
CPU clock:	2.59 GHz
--------------------------------------------------------------------------------
Region Setup, Group 1: MEM_DP
+-------------------+----------+----------+----------+----------+----------+----------+----------+----------+----------+----------+----------+----------+----------+----------+
|    Region Info    |  Core 0  |  Core 1  |  Core 2  |  Core 3  |  Core 14 |  Core 15 |  Core 16 |  Core 17 |  Core 28 |  Core 29 |  Core 30 |  Core 42 |  Core 43 |  Core 44 |
+-------------------+----------+----------+----------+----------+----------+----------+----------+----------+----------+----------+----------+----------+----------+----------+
| RDTSC Runtime [s] | 0.986108 | 0.990724 | 0.990800 | 0.990826 | 0.986119 | 0.990816 | 0.990816 | 0.990761 | 0.986024 | 0.990738 | 0.990784 | 0.985989 | 0.990735 | 0.990795 |
|     call count    |        2 |        2 |        2 |        2 |        2 |        2 |        2 |        2 |        2 |        2 |        2 |        2 |        2 |        2 |
+-------------------+----------+----------+----------+----------+----------+----------+----------+----------+----------+----------+----------+----------+----------+----------+
+------------------------------------------+---------+------------+-----------+-----------+-----------+-----------+-----------+-----------+-----------+-----------+-----------+-----------+-----------+-----------+-----------+
|                   Event                  | Counter |   Core 0   |   Core 1  |   Core 2  |   Core 3  |  Core 14  |  Core 15  |  Core 16  |  Core 17  |  Core 28  |  Core 29  |  Core 30  |  Core 42  |  Core 43  |  Core 44  |
+------------------------------------------+---------+------------+-----------+-----------+-----------+-----------+-----------+-----------+-----------+-----------+-----------+-----------+-----------+-----------+-----------+
|             INSTR_RETIRED_ANY            |  FIXC0  | 1180480000 | 708997900 | 705430800 | 704022900 | 701098600 | 700480600 | 700770100 | 696686000 | 693046400 | 692608600 | 691355500 | 690169300 | 690857900 | 690459200 |
|           CPU_CLK_UNHALTED_CORE          |  FIXC1  |  715752000 | 561398900 | 561102100 | 564402800 | 525955700 | 538642400 | 540384500 | 540124900 | 530497900 | 541218600 | 539819300 | 531043900 | 540575700 | 539400000 |
|           CPU_CLK_UNHALTED_REF           |  FIXC2  |  979936500 | 768772600 | 768333600 | 772782100 | 720110100 | 737548100 | 739878500 | 739585000 | 726550100 | 741495800 | 739696700 | 727498000 | 740458900 | 738914500 |
|              PWR_PKG_ENERGY              |   PWR0  |    33.1828 |         0 |         0 |         0 |   33.0377 |         0 |         0 |         0 |   31.4941 |         0 |         0 |   30.2108 |         0 |         0 |
|              PWR_DRAM_ENERGY             |   PWR3  |     4.4446 |         0 |         0 |         0 |    3.6960 |         0 |         0 |         0 |    3.4994 |         0 |         0 |    3.5045 |         0 |         0 |
| FP_ARITH_INST_RETIRED_128B_PACKED_DOUBLE |   PMC0  |     122920 |         0 |         0 |         0 |         0 |         0 |         0 |         0 |         0 |         0 |         0 |         0 |         0 |         0 |
|    FP_ARITH_INST_RETIRED_SCALAR_DOUBLE   |   PMC1  |  239981400 | 203888500 | 202830300 | 202338400 | 202032900 | 201662500 | 201698700 | 200557700 | 199877600 | 199628200 | 199210000 | 199055000 | 199067700 | 198896300 |
| FP_ARITH_INST_RETIRED_256B_PACKED_DOUBLE |   PMC2  |      81488 |         0 |         0 |         0 |         0 |         0 |         0 |         0 |         0 |         0 |         0 |         0 |         0 |         0 |
| FP_ARITH_INST_RETIRED_512B_PACKED_DOUBLE |   PMC3  |    1080242 |         0 |         0 |         0 |         0 |         0 |         0 |         0 |         0 |         0 |         0 |         0 |         0 |         0 |
|               CAS_COUNT_RD               | MBOX0C0 |     857312 |         0 |         0 |         0 |    396015 |         0 |         0 |         0 |   1104829 |         0 |         0 |    419181 |         0 |         0 |
|               CAS_COUNT_WR               | MBOX0C1 |    1938687 |         0 |         0 |         0 |    511341 |         0 |         0 |         0 |    982914 |         0 |         0 |    464033 |         0 |         0 |
|               CAS_COUNT_RD               | MBOX1C0 |     882669 |         0 |         0 |         0 |    389330 |         0 |         0 |         0 |    432966 |         0 |         0 |    351001 |         0 |         0 |
|               CAS_COUNT_WR               | MBOX1C1 |    1976740 |         0 |         0 |         0 |    514629 |         0 |         0 |         0 |    447458 |         0 |         0 |    407676 |         0 |         0 |
|               CAS_COUNT_RD               | MBOX2C0 |     773152 |         0 |         0 |         0 |    406905 |         0 |         0 |         0 |    383270 |         0 |         0 |    375846 |         0 |         0 |
|               CAS_COUNT_WR               | MBOX2C1 |    1876634 |         0 |         0 |         0 |    532552 |         0 |         0 |         0 |    413075 |         0 |         0 |    422006 |         0 |         0 |
|               CAS_COUNT_RD               | MBOX3C0 |     637890 |         0 |         0 |         0 |    325462 |         0 |         0 |         0 |    358981 |         0 |         0 |    412138 |         0 |         0 |
|               CAS_COUNT_WR               | MBOX3C1 |    1778010 |         0 |         0 |         0 |    458666 |         0 |         0 |         0 |    390318 |         0 |         0 |    459105 |         0 |         0 |
|               CAS_COUNT_RD               | MBOX4C0 |     728541 |         0 |         0 |         0 |    387754 |         0 |         0 |         0 |    376496 |         0 |         0 |    413480 |         0 |         0 |
|               CAS_COUNT_WR               | MBOX4C1 |    1803770 |         0 |         0 |         0 |    519348 |         0 |         0 |         0 |    407925 |         0 |         0 |    462820 |         0 |         0 |
|               CAS_COUNT_RD               | MBOX5C0 |     609459 |         0 |         0 |         0 |    317708 |         0 |         0 |         0 |    331148 |         0 |         0 |    304995 |         0 |         0 |
|               CAS_COUNT_WR               | MBOX5C1 |    1754747 |         0 |         0 |         0 |    452823 |         0 |         0 |         0 |    357582 |         0 |         0 |    365276 |         0 |         0 |
+------------------------------------------+---------+------------+-----------+-----------+-----------+-----------+-----------+-----------+-----------+-----------+-----------+-----------+-----------+-----------+-----------+
+-----------------------------------------------+---------+-------------+-----------+------------+--------------+
|                     Event                     | Counter |     Sum     |    Min    |     Max    |      Avg     |
+-----------------------------------------------+---------+-------------+-----------+------------+--------------+
|             INSTR_RETIRED_ANY STAT            |  FIXC0  | 10246463800 | 690169300 | 1180480000 | 7.318903e+08 |
|           CPU_CLK_UNHALTED_CORE STAT          |  FIXC1  |  7770318700 | 525955700 |  715752000 | 5.550228e+08 |
|           CPU_CLK_UNHALTED_REF STAT           |  FIXC2  | 10641560500 | 720110100 |  979936500 | 7.601115e+08 |
|              PWR_PKG_ENERGY STAT              |   PWR0  |    127.9254 |         0 |    33.1828 |       9.1375 |
|              PWR_DRAM_ENERGY STAT             |   PWR3  |     15.1445 |         0 |     4.4446 |       1.0817 |
| FP_ARITH_INST_RETIRED_128B_PACKED_DOUBLE STAT |   PMC0  |      122920 |         0 |     122920 |         8780 |
|    FP_ARITH_INST_RETIRED_SCALAR_DOUBLE STAT   |   PMC1  |  2850725200 | 198896300 |  239981400 | 2.036232e+08 |
| FP_ARITH_INST_RETIRED_256B_PACKED_DOUBLE STAT |   PMC2  |       81488 |         0 |      81488 |    5820.5714 |
| FP_ARITH_INST_RETIRED_512B_PACKED_DOUBLE STAT |   PMC3  |     1080242 |         0 |    1080242 |   77160.1429 |
|               CAS_COUNT_RD STAT               | MBOX0C0 |     2777337 |         0 |    1104829 |  198381.2143 |
|               CAS_COUNT_WR STAT               | MBOX0C1 |     3896975 |         0 |    1938687 |  278355.3571 |
|               CAS_COUNT_RD STAT               | MBOX1C0 |     2055966 |         0 |     882669 |  146854.7143 |
|               CAS_COUNT_WR STAT               | MBOX1C1 |     3346503 |         0 |    1976740 |  239035.9286 |
|               CAS_COUNT_RD STAT               | MBOX2C0 |     1939173 |         0 |     773152 |  138512.3571 |
|               CAS_COUNT_WR STAT               | MBOX2C1 |     3244267 |         0 |    1876634 |  231733.3571 |
|               CAS_COUNT_RD STAT               | MBOX3C0 |     1734471 |         0 |     637890 |  123890.7857 |
|               CAS_COUNT_WR STAT               | MBOX3C1 |     3086099 |         0 |    1778010 |  220435.6429 |
|               CAS_COUNT_RD STAT               | MBOX4C0 |     1906271 |         0 |     728541 |  136162.2143 |
|               CAS_COUNT_WR STAT               | MBOX4C1 |     3193863 |         0 |    1803770 |  228133.0714 |
|               CAS_COUNT_RD STAT               | MBOX5C0 |     1563310 |         0 |     609459 |       111665 |
|               CAS_COUNT_WR STAT               | MBOX5C1 |     2930428 |         0 |    1754747 |  209316.2857 |
+-----------------------------------------------+---------+-------------+-----------+------------+--------------+
+-----------------------------------+-----------+-----------+-----------+-----------+-----------+-----------+-----------+-----------+-----------+-----------+-----------+-----------+-----------+-----------+
|               Metric              |   Core 0  |   Core 1  |   Core 2  |   Core 3  |  Core 14  |  Core 15  |  Core 16  |  Core 17  |  Core 28  |  Core 29  |  Core 30  |  Core 42  |  Core 43  |  Core 44  |
+-----------------------------------+-----------+-----------+-----------+-----------+-----------+-----------+-----------+-----------+-----------+-----------+-----------+-----------+-----------+-----------+
|        Runtime (RDTSC) [s]        |    0.9861 |    0.9907 |    0.9908 |    0.9908 |    0.9861 |    0.9908 |    0.9908 |    0.9908 |    0.9860 |    0.9907 |    0.9908 |    0.9860 |    0.9907 |    0.9908 |
|        Runtime unhalted [s]       |    0.2760 |    0.2164 |    0.2163 |    0.2176 |    0.2028 |    0.2077 |    0.2083 |    0.2082 |    0.2045 |    0.2087 |    0.2081 |    0.2047 |    0.2084 |    0.2080 |
|            Clock [MHz]            | 1894.5071 | 1894.1103 | 1894.1906 | 1894.3652 | 1894.4444 | 1894.2696 | 1894.4104 | 1894.2518 | 1893.8680 | 1893.1962 | 1892.8942 | 1893.3470 | 1893.5953 | 1893.4261 |
|                CPI                |    0.6063 |    0.7918 |    0.7954 |    0.8017 |    0.7502 |    0.7690 |    0.7711 |    0.7753 |    0.7655 |    0.7814 |    0.7808 |    0.7694 |    0.7825 |    0.7812 |
|             Energy [J]            |   33.1828 |         0 |         0 |         0 |   33.0377 |         0 |         0 |         0 |   31.4941 |         0 |         0 |   30.2108 |         0 |         0 |
|             Power [W]             |   33.6503 |         0 |         0 |         0 |   33.5028 |         0 |         0 |         0 |   31.9405 |         0 |         0 |   30.6400 |         0 |         0 |
|          Energy DRAM [J]          |    4.4446 |         0 |         0 |         0 |    3.6960 |         0 |         0 |         0 |    3.4994 |         0 |         0 |    3.5045 |         0 |         0 |
|           Power DRAM [W]          |    4.5072 |         0 |         0 |         0 |    3.7480 |         0 |         0 |         0 |    3.5490 |         0 |         0 |    3.5543 |         0 |         0 |
|            DP [MFLOP/s]           |  252.7056 |  205.7975 |  204.7137 |  204.2118 |  204.8767 |  203.5318 |  203.5682 |  202.4279 |  202.7106 |  201.4944 |  201.0630 |  201.8836 |  200.9293 |  200.7442 |
|          AVX DP [MFLOP/s]         |    9.0942 |         0 |         0 |         0 |         0 |         0 |         0 |         0 |         0 |         0 |         0 |         0 |         0 |         0 |
|          Packed [MUOPS/s]         |    1.3027 |         0 |         0 |         0 |         0 |         0 |         0 |         0 |         0 |         0 |         0 |         0 |         0 |         0 |
|          Scalar [MUOPS/s]         |  243.3621 |  205.7975 |  204.7137 |  204.2118 |  204.8767 |  203.5318 |  203.5682 |  202.4279 |  202.7106 |  201.4944 |  201.0630 |  201.8836 |  200.9293 |  200.7442 |
|  Memory read bandwidth [MBytes/s] |  291.3447 |         0 |         0 |         0 |  144.2859 |         0 |         0 |         0 |  193.9224 |         0 |         0 |  147.7755 |         0 |         0 |
|  Memory read data volume [GBytes] |    0.2873 |         0 |         0 |         0 |    0.1423 |         0 |         0 |         0 |    0.1912 |         0 |         0 |    0.1457 |         0 |         0 |
| Memory write bandwidth [MBytes/s] |  722.2630 |         0 |         0 |         0 |  194.0120 |         0 |         0 |         0 |  194.6741 |         0 |         0 |  167.5258 |         0 |         0 |
| Memory write data volume [GBytes] |    0.7122 |         0 |         0 |         0 |    0.1913 |         0 |         0 |         0 |    0.1920 |         0 |         0 |    0.1652 |         0 |         0 |
|    Memory bandwidth [MBytes/s]    | 1013.6077 |         0 |         0 |         0 |  338.2979 |         0 |         0 |         0 |  388.5965 |         0 |         0 |  315.3013 |         0 |         0 |
|    Memory data volume [GBytes]    |    0.9995 |         0 |         0 |         0 |    0.3336 |         0 |         0 |         0 |    0.3832 |         0 |         0 |    0.3109 |         0 |         0 |
|       Operational intensity       |    0.2493 |    0.2040 |    0.2029 |    0.2024 |    0.6056 |    0.6045 |    0.6046 |    0.6012 |    0.5216 |    0.5210 |    0.5199 |    0.6403 |    0.6403 |    0.6398 |
+-----------------------------------+-----------+-----------+-----------+-----------+-----------+-----------+-----------+-----------+-----------+-----------+-----------+-----------+-----------+-----------+
+----------------------------------------+------------+-----------+-----------+-----------+
|                 Metric                 |     Sum    |    Min    |    Max    |    Avg    |
+----------------------------------------+------------+-----------+-----------+-----------+
|        Runtime (RDTSC) [s] STAT        |    13.8519 |    0.9860 |    0.9908 |    0.9894 |
|        Runtime unhalted [s] STAT       |     2.9957 |    0.2028 |    0.2760 |    0.2140 |
|            Clock [MHz] STAT            | 26514.8762 | 1892.8942 | 1894.5071 | 1893.9197 |
|                CPI STAT                |    10.7216 |    0.6063 |    0.8017 |    0.7658 |
|             Energy [J] STAT            |   127.9254 |         0 |   33.1828 |    9.1375 |
|             Power [W] STAT             |   129.7336 |         0 |   33.6503 |    9.2667 |
|          Energy DRAM [J] STAT          |    15.1445 |         0 |    4.4446 |    1.0817 |
|           Power DRAM [W] STAT          |    15.3585 |         0 |    4.5072 |    1.0970 |
|            DP [MFLOP/s] STAT           |  2890.6583 |  200.7442 |  252.7056 |  206.4756 |
|          AVX DP [MFLOP/s] STAT         |     9.0942 |         0 |    9.0942 |    0.6496 |
|          Packed [MUOPS/s] STAT         |     1.3027 |         0 |    1.3027 |    0.0930 |
|          Scalar [MUOPS/s] STAT         |  2881.3148 |  200.7442 |  243.3621 |  205.8082 |
|  Memory read bandwidth [MBytes/s] STAT |   777.3285 |         0 |  291.3447 |   55.5235 |
|  Memory read data volume [GBytes] STAT |     0.7665 |         0 |    0.2873 |    0.0548 |
| Memory write bandwidth [MBytes/s] STAT |  1278.4749 |         0 |  722.2630 |   91.3196 |
| Memory write data volume [GBytes] STAT |     1.2607 |         0 |    0.7122 |    0.0901 |
|    Memory bandwidth [MBytes/s] STAT    |  2055.8034 |         0 | 1013.6077 |  146.8431 |
|    Memory data volume [GBytes] STAT    |     2.0272 |         0 |    0.9995 |    0.1448 |
|       Operational intensity STAT       |     6.7574 |    0.2024 |    0.6403 |    0.4827 |
+----------------------------------------+------------+-----------+-----------+-----------+
--------------------------------------------------------------------------------
CPU name:	Intel(R) Xeon(R) Gold 6132 CPU @ 2.60GHz
CPU type:	Intel Skylake SP processor
CPU clock:	2.59 GHz
--------------------------------------------------------------------------------
Region Solve, Group 1: MEM_DP
+-------------------+-----------+-----------+-----------+-----------+-----------+-----------+-----------+-----------+-----------+-----------+-----------+-----------+-----------+-----------+
|    Region Info    |   Core 0  |   Core 1  |   Core 2  |   Core 3  |  Core 14  |  Core 15  |  Core 16  |  Core 17  |  Core 28  |  Core 29  |  Core 30  |  Core 42  |  Core 43  |  Core 44  |
+-------------------+-----------+-----------+-----------+-----------+-----------+-----------+-----------+-----------+-----------+-----------+-----------+-----------+-----------+-----------+
| RDTSC Runtime [s] | 42.992130 | 42.994670 | 42.994670 | 42.994680 | 42.992150 | 42.994670 | 42.994670 | 42.994670 | 42.992140 | 42.994660 | 42.994670 | 42.992130 | 42.994660 | 42.994660 |
|     call count    |         1 |         1 |         1 |         1 |         1 |         1 |         1 |         1 |         1 |         1 |         1 |         1 |         1 |         1 |
+-------------------+-----------+-----------+-----------+-----------+-----------+-----------+-----------+-----------+-----------+-----------+-----------+-----------+-----------+-----------+
+------------------------------------------+---------+--------------+--------------+--------------+--------------+--------------+--------------+--------------+--------------+--------------+--------------+--------------+--------------+--------------+--------------+
|                   Event                  | Counter |    Core 0    |    Core 1    |    Core 2    |    Core 3    |    Core 14   |    Core 15   |    Core 16   |    Core 17   |    Core 28   |    Core 29   |    Core 30   |    Core 42   |    Core 43   |    Core 44   |
+------------------------------------------+---------+--------------+--------------+--------------+--------------+--------------+--------------+--------------+--------------+--------------+--------------+--------------+--------------+--------------+--------------+
|             INSTR_RETIRED_ANY            |  FIXC0  | 157454000000 | 157636000000 | 156606100000 | 155953200000 | 155388100000 | 155536700000 | 155150100000 | 154485800000 | 154288400000 | 153973900000 | 153742800000 | 154072900000 | 154216000000 | 156894700000 |
|           CPU_CLK_UNHALTED_CORE          |  FIXC1  |  80556810000 |  80692780000 |  80717460000 |  80710880000 |  80514870000 |  80542030000 |  80449350000 |  80562930000 |  80540470000 |  80564140000 |  80555020000 |  80593030000 |  80420820000 |  75424670000 |
|           CPU_CLK_UNHALTED_REF           |  FIXC2  | 110254600000 | 110440900000 | 110474800000 | 110465800000 | 110196700000 | 110233900000 | 110107300000 | 110262600000 | 110233400000 | 110266000000 | 110253300000 | 110285100000 | 110049500000 | 103213100000 |
|              PWR_PKG_ENERGY              |   PWR0  |    1861.3210 |            0 |            0 |            0 |    1941.8730 |            0 |            0 |            0 |    1775.1580 |            0 |            0 |    1641.7300 |            0 |            0 |
|              PWR_DRAM_ENERGY             |   PWR3  |     213.2476 |            0 |            0 |            0 |     220.9330 |            0 |            0 |            0 |     185.1271 |            0 |            0 |     184.7114 |            0 |            0 |
| FP_ARITH_INST_RETIRED_128B_PACKED_DOUBLE |   PMC0  |       218232 |            0 |            0 |            0 |            0 |            0 |            0 |            0 |            0 |            0 |            0 |            0 |            0 |            0 |
|    FP_ARITH_INST_RETIRED_SCALAR_DOUBLE   |   PMC1  |  46756460000 |  47090840000 |  46643410000 |  46380860000 |  46223850000 |  46135380000 |  45854280000 |  45674270000 |  45734230000 |  45754470000 |  45668680000 |  45839020000 |  45958030000 |  45395970000 |
| FP_ARITH_INST_RETIRED_256B_PACKED_DOUBLE |   PMC2  |       302358 |            0 |            0 |            0 |            0 |            0 |            0 |            0 |            0 |            0 |            0 |            0 |            0 |            0 |
| FP_ARITH_INST_RETIRED_512B_PACKED_DOUBLE |   PMC3  |      2178750 |            0 |            0 |            0 |            0 |            0 |            0 |            0 |            0 |            0 |            0 |            0 |            0 |            0 |
|               CAS_COUNT_RD               | MBOX0C0 |    143146100 |            0 |            0 |            0 |    159083600 |            0 |            0 |            0 |    105575600 |            0 |            0 |    103286800 |            0 |            0 |
|               CAS_COUNT_WR               | MBOX0C1 |     88718340 |            0 |            0 |            0 |     96532790 |            0 |            0 |            0 |     61446830 |            0 |            0 |     54511700 |            0 |            0 |
|               CAS_COUNT_RD               | MBOX1C0 |    143122200 |            0 |            0 |            0 |    158554900 |            0 |            0 |            0 |    104880100 |            0 |            0 |    103221900 |            0 |            0 |
|               CAS_COUNT_WR               | MBOX1C1 |     88939750 |            0 |            0 |            0 |     96189030 |            0 |            0 |            0 |     60855080 |            0 |            0 |     54424040 |            0 |            0 |
|               CAS_COUNT_RD               | MBOX2C0 |    142638400 |            0 |            0 |            0 |    159246600 |            0 |            0 |            0 |    104679500 |            0 |            0 |    103186300 |            0 |            0 |
|               CAS_COUNT_WR               | MBOX2C1 |     88556070 |            0 |            0 |            0 |     96733740 |            0 |            0 |            0 |     60619040 |            0 |            0 |     54503800 |            0 |            0 |
|               CAS_COUNT_RD               | MBOX3C0 |    142170800 |            0 |            0 |            0 |    157982700 |            0 |            0 |            0 |    103830700 |            0 |            0 |    103314700 |            0 |            0 |
|               CAS_COUNT_WR               | MBOX3C1 |     88432450 |            0 |            0 |            0 |     95687790 |            0 |            0 |            0 |     60034020 |            0 |            0 |     54708580 |            0 |            0 |
|               CAS_COUNT_RD               | MBOX4C0 |    143012300 |            0 |            0 |            0 |    158361500 |            0 |            0 |            0 |    103997100 |            0 |            0 |    103233000 |            0 |            0 |
|               CAS_COUNT_WR               | MBOX4C1 |     88599430 |            0 |            0 |            0 |     96147410 |            0 |            0 |            0 |     60141740 |            0 |            0 |     54581400 |            0 |            0 |
|               CAS_COUNT_RD               | MBOX5C0 |    142319900 |            0 |            0 |            0 |    157521000 |            0 |            0 |            0 |    103815300 |            0 |            0 |    102270400 |            0 |            0 |
|               CAS_COUNT_WR               | MBOX5C1 |     88577000 |            0 |            0 |            0 |     95429580 |            0 |            0 |            0 |     60018540 |            0 |            0 |     53661060 |            0 |            0 |
+------------------------------------------+---------+--------------+--------------+--------------+--------------+--------------+--------------+--------------+--------------+--------------+--------------+--------------+--------------+--------------+--------------+
+-----------------------------------------------+---------+---------------+--------------+--------------+--------------+
|                     Event                     | Counter |      Sum      |      Min     |      Max     |      Avg     |
+-----------------------------------------------+---------+---------------+--------------+--------------+--------------+
|             INSTR_RETIRED_ANY STAT            |  FIXC0  | 2175398700000 | 153742800000 | 157636000000 | 1.553856e+11 |
|           CPU_CLK_UNHALTED_CORE STAT          |  FIXC1  | 1122845260000 |  75424670000 |  80717460000 | 8.020323e+10 |
|           CPU_CLK_UNHALTED_REF STAT           |  FIXC2  | 1536737000000 | 103213100000 | 110474800000 | 1.097669e+11 |
|              PWR_PKG_ENERGY STAT              |   PWR0  |     7220.0820 |            0 |    1941.8730 |     515.7201 |
|              PWR_DRAM_ENERGY STAT             |   PWR3  |      804.0191 |            0 |     220.9330 |      57.4299 |
| FP_ARITH_INST_RETIRED_128B_PACKED_DOUBLE STAT |   PMC0  |        218232 |            0 |       218232 |        15588 |
|    FP_ARITH_INST_RETIRED_SCALAR_DOUBLE STAT   |   PMC1  |  645109750000 |  45395970000 |  47090840000 | 4.607927e+10 |
| FP_ARITH_INST_RETIRED_256B_PACKED_DOUBLE STAT |   PMC2  |        302358 |            0 |       302358 |        21597 |
| FP_ARITH_INST_RETIRED_512B_PACKED_DOUBLE STAT |   PMC3  |       2178750 |            0 |      2178750 |       155625 |
|               CAS_COUNT_RD STAT               | MBOX0C0 |     511092100 |            0 |    159083600 | 3.650658e+07 |
|               CAS_COUNT_WR STAT               | MBOX0C1 |     301209660 |            0 |     96532790 | 2.151498e+07 |
|               CAS_COUNT_RD STAT               | MBOX1C0 |     509779100 |            0 |    158554900 | 3.641279e+07 |
|               CAS_COUNT_WR STAT               | MBOX1C1 |     300407900 |            0 |     96189030 | 2.145771e+07 |
|               CAS_COUNT_RD STAT               | MBOX2C0 |     509750800 |            0 |    159246600 | 3.641077e+07 |
|               CAS_COUNT_WR STAT               | MBOX2C1 |     300412650 |            0 |     96733740 | 2.145805e+07 |
|               CAS_COUNT_RD STAT               | MBOX3C0 |     507298900 |            0 |    157982700 | 3.623564e+07 |
|               CAS_COUNT_WR STAT               | MBOX3C1 |     298862840 |            0 |     95687790 | 2.134735e+07 |
|               CAS_COUNT_RD STAT               | MBOX4C0 |     508603900 |            0 |    158361500 |     36328850 |
|               CAS_COUNT_WR STAT               | MBOX4C1 |     299469980 |            0 |     96147410 | 2.139071e+07 |
|               CAS_COUNT_RD STAT               | MBOX5C0 |     505926600 |            0 |    157521000 | 3.613761e+07 |
|               CAS_COUNT_WR STAT               | MBOX5C1 |     297686180 |            0 |     95429580 | 2.126330e+07 |
+-----------------------------------------------+---------+---------------+--------------+--------------+--------------+
+-----------------------------------+-----------+-----------+-----------+-----------+-----------+-----------+-----------+-----------+-----------+-----------+-----------+-----------+-----------+-----------+
|               Metric              |   Core 0  |   Core 1  |   Core 2  |   Core 3  |  Core 14  |  Core 15  |  Core 16  |  Core 17  |  Core 28  |  Core 29  |  Core 30  |  Core 42  |  Core 43  |  Core 44  |
+-----------------------------------+-----------+-----------+-----------+-----------+-----------+-----------+-----------+-----------+-----------+-----------+-----------+-----------+-----------+-----------+
|        Runtime (RDTSC) [s]        |   42.9921 |   42.9947 |   42.9947 |   42.9947 |   42.9922 |   42.9947 |   42.9947 |   42.9947 |   42.9921 |   42.9947 |   42.9947 |   42.9921 |   42.9947 |   42.9947 |
|        Runtime unhalted [s]       |   31.0578 |   31.1102 |   31.1197 |   31.1172 |   31.0416 |   31.0521 |   31.0164 |   31.0602 |   31.0515 |   31.0606 |   31.0571 |   31.0718 |   31.0054 |   29.0792 |
|            Clock [MHz]            | 1895.1219 | 1895.1184 | 1895.1163 | 1895.1162 | 1895.1305 | 1895.1300 | 1895.1257 | 1895.1283 | 1895.1019 | 1895.0984 | 1895.1021 | 1895.4496 | 1895.4487 | 1895.4407 |
|                CPI                |    0.5116 |    0.5119 |    0.5154 |    0.5175 |    0.5182 |    0.5178 |    0.5185 |    0.5215 |    0.5220 |    0.5232 |    0.5240 |    0.5231 |    0.5215 |    0.4807 |
|             Energy [J]            | 1861.3210 |         0 |         0 |         0 | 1941.8730 |         0 |         0 |         0 | 1775.1580 |         0 |         0 | 1641.7300 |         0 |         0 |
|             Power [W]             |   43.2945 |         0 |         0 |         0 |   45.1681 |         0 |         0 |         0 |   41.2903 |         0 |         0 |   38.1868 |         0 |         0 |
|          Energy DRAM [J]          |  213.2476 |         0 |         0 |         0 |  220.9330 |         0 |         0 |         0 |  185.1271 |         0 |         0 |  184.7114 |         0 |         0 |
|           Power DRAM [W]          |    4.9602 |         0 |         0 |         0 |    5.1389 |         0 |         0 |         0 |    4.3061 |         0 |         0 |    4.2964 |         0 |         0 |
|            DP [MFLOP/s]           | 1088.0023 | 1095.2716 | 1084.8649 | 1078.7581 | 1075.1695 | 1073.0488 | 1066.5108 | 1062.3240 | 1063.7812 | 1064.1896 | 1062.1940 | 1066.2189 | 1068.9241 | 1055.8514 |
|          AVX DP [MFLOP/s]         |    0.4336 |         0 |         0 |         0 |         0 |         0 |         0 |         0 |         0 |         0 |         0 |         0 |         0 |         0 |
|          Packed [MUOPS/s]         |    0.0628 |         0 |         0 |         0 |         0 |         0 |         0 |         0 |         0 |         0 |         0 |         0 |         0 |         0 |
|          Scalar [MUOPS/s]         | 1087.5586 | 1095.2716 | 1084.8649 | 1078.7581 | 1075.1695 | 1073.0488 | 1066.5108 | 1062.3240 | 1063.7812 | 1064.1896 | 1062.1940 | 1066.2189 | 1068.9241 | 1055.8514 |
|  Memory read bandwidth [MBytes/s] | 1274.8896 |         0 |         0 |         0 | 1415.3286 |         0 |         0 |         0 |  933.0499 |         0 |         0 |  920.7462 |         0 |         0 |
|  Memory read data volume [GBytes] |   54.8102 |         0 |         0 |         0 |   60.8480 |         0 |         0 |         0 |   40.1138 |         0 |         0 |   39.5848 |         0 |         0 |
| Memory write bandwidth [MBytes/s] |  791.6955 |         0 |         0 |         0 |  858.5312 |         0 |         0 |         0 |  540.5494 |         0 |         0 |  485.8796 |         0 |         0 |
| Memory write data volume [GBytes] |   34.0367 |         0 |         0 |         0 |   36.9101 |         0 |         0 |         0 |   23.2394 |         0 |         0 |   20.8890 |         0 |         0 |
|    Memory bandwidth [MBytes/s]    | 2066.5851 |         0 |         0 |         0 | 2273.8598 |         0 |         0 |         0 | 1473.5993 |         0 |         0 | 1406.6257 |         0 |         0 |
|    Memory data volume [GBytes]    |   88.8469 |         0 |         0 |         0 |   97.7581 |         0 |         0 |         0 |   63.3532 |         0 |         0 |   60.4738 |         0 |         0 |
|       Operational intensity       |    0.5265 |    0.5300 |    0.5250 |    0.5220 |    0.4728 |    0.4719 |    0.4691 |    0.4672 |    0.7219 |    0.7222 |    0.7209 |    0.7580 |    0.7600 |    0.7507 |
+-----------------------------------+-----------+-----------+-----------+-----------+-----------+-----------+-----------+-----------+-----------+-----------+-----------+-----------+-----------+-----------+
+----------------------------------------+------------+-----------+-----------+-----------+
|                 Metric                 |     Sum    |    Min    |    Max    |    Avg    |
+----------------------------------------+------------+-----------+-----------+-----------+
|        Runtime (RDTSC) [s] STAT        |   601.9155 |   42.9921 |   42.9947 |   42.9940 |
|        Runtime unhalted [s] STAT       |   432.9008 |   29.0792 |   31.1197 |   30.9215 |
|            Clock [MHz] STAT            | 26532.6287 | 1895.0984 | 1895.4496 | 1895.1878 |
|                CPI STAT                |     7.2269 |    0.4807 |    0.5240 |    0.5162 |
|             Energy [J] STAT            |  7220.0820 |         0 | 1941.8730 |  515.7201 |
|             Power [W] STAT             |   167.9397 |         0 |   45.1681 |   11.9957 |
|          Energy DRAM [J] STAT          |   804.0191 |         0 |  220.9330 |   57.4299 |
|           Power DRAM [W] STAT          |    18.7016 |         0 |    5.1389 |    1.3358 |
|            DP [MFLOP/s] STAT           | 15005.1092 | 1055.8514 | 1095.2716 | 1071.7935 |
|          AVX DP [MFLOP/s] STAT         |     0.4336 |         0 |    0.4336 |    0.0310 |
|          Packed [MUOPS/s] STAT         |     0.0628 |         0 |    0.0628 |    0.0045 |
|          Scalar [MUOPS/s] STAT         | 15004.6655 | 1055.8514 | 1095.2716 | 1071.7618 |
|  Memory read bandwidth [MBytes/s] STAT |  4544.0143 |         0 | 1415.3286 |  324.5725 |
|  Memory read data volume [GBytes] STAT |   195.3568 |         0 |   60.8480 |   13.9541 |
| Memory write bandwidth [MBytes/s] STAT |  2676.6557 |         0 |  858.5312 |  191.1897 |
| Memory write data volume [GBytes] STAT |   115.0752 |         0 |   36.9101 |    8.2197 |
|    Memory bandwidth [MBytes/s] STAT    |  7220.6699 |         0 | 2273.8598 |  515.7621 |
|    Memory data volume [GBytes] STAT    |   310.4320 |         0 |   97.7581 |   22.1737 |
|       Operational intensity STAT       |     8.4182 |    0.4672 |    0.7600 |    0.6013 |
+----------------------------------------+------------+-----------+-----------+-----------+
