--------------------------------------------------------------------------------
CPU name:	Intel(R) Xeon(R) Gold 6132 CPU @ 2.60GHz
CPU type:	Intel Skylake SP processor
CPU clock:	2.59 GHz
--------------------------------------------------------------------------------
Region Setup, Group 1: FLOPS_DP
+-------------------+----------+----------+----------+----------+----------+----------+----------+----------+----------+----------+----------+----------+----------+----------+----------+----------+----------+----------+----------+----------+----------+----------+----------+----------+----------+----------+----------+----------+----------+----------+
|    Region Info    |  Core 0  |  Core 1  |  Core 2  |  Core 3  |  Core 4  |  Core 5  |  Core 6  |  Core 7  |  Core 14 |  Core 15 |  Core 16 |  Core 17 |  Core 18 |  Core 19 |  Core 20 |  Core 21 |  Core 28 |  Core 29 |  Core 30 |  Core 31 |  Core 32 |  Core 33 |  Core 34 |  Core 42 |  Core 43 |  Core 44 |  Core 45 |  Core 46 |  Core 47 |  Core 48 |
+-------------------+----------+----------+----------+----------+----------+----------+----------+----------+----------+----------+----------+----------+----------+----------+----------+----------+----------+----------+----------+----------+----------+----------+----------+----------+----------+----------+----------+----------+----------+----------+
| RDTSC Runtime [s] | 0.963951 | 0.964147 | 0.964179 | 0.964122 | 0.964179 | 0.964180 | 0.964168 | 0.964177 | 0.964072 | 0.964080 | 0.964082 | 0.964084 | 0.964068 | 0.964090 | 0.963899 | 0.963901 | 0.964051 | 0.963881 | 0.964054 | 0.964072 | 0.963907 | 0.963966 | 0.963892 | 0.963871 | 0.963874 | 0.963946 | 0.963916 | 0.963879 | 0.963929 | 0.964089 |
|     call count    |        2 |        2 |        2 |        2 |        2 |        2 |        2 |        2 |        2 |        2 |        2 |        2 |        2 |        2 |        2 |        2 |        2 |        2 |        2 |        2 |        2 |        2 |        2 |        2 |        2 |        2 |        2 |        2 |        2 |        2 |
+-------------------+----------+----------+----------+----------+----------+----------+----------+----------+----------+----------+----------+----------+----------+----------+----------+----------+----------+----------+----------+----------+----------+----------+----------+----------+----------+----------+----------+----------+----------+----------+
+------------------------------------------+---------+-----------+-----------+-----------+-----------+-----------+-----------+-----------+-----------+-----------+-----------+-----------+-----------+-----------+-----------+-----------+-----------+-----------+-----------+-----------+-----------+-----------+-----------+-----------+-----------+-----------+-----------+-----------+-----------+-----------+-----------+
|                   Event                  | Counter |   Core 0  |   Core 1  |   Core 2  |   Core 3  |   Core 4  |   Core 5  |   Core 6  |   Core 7  |  Core 14  |  Core 15  |  Core 16  |  Core 17  |  Core 18  |  Core 19  |  Core 20  |  Core 21  |  Core 28  |  Core 29  |  Core 30  |  Core 31  |  Core 32  |  Core 33  |  Core 34  |  Core 42  |  Core 43  |  Core 44  |  Core 45  |  Core 46  |  Core 47  |  Core 48  |
+------------------------------------------+---------+-----------+-----------+-----------+-----------+-----------+-----------+-----------+-----------+-----------+-----------+-----------+-----------+-----------+-----------+-----------+-----------+-----------+-----------+-----------+-----------+-----------+-----------+-----------+-----------+-----------+-----------+-----------+-----------+-----------+-----------+
|             INSTR_RETIRED_ANY            |  FIXC0  | 811451300 | 344123300 | 341964300 | 341879200 | 340077000 | 340347800 | 339309200 | 339778800 | 334839400 | 333676200 | 333194200 | 334206400 | 333275800 | 332006600 | 332028500 | 329354300 | 327982700 | 327454600 | 328431800 | 327780900 | 327062500 | 326415800 | 325016600 | 325542100 | 326169200 | 324378100 | 324084600 | 324130200 | 324716800 | 324327700 |
|           CPU_CLK_UNHALTED_CORE          |  FIXC1  | 490741700 | 414920800 | 396520300 | 396930400 | 396489700 | 412205000 | 395617100 | 400663200 | 368931800 | 369133100 | 360382400 | 394602000 | 377910800 | 361120900 | 363097800 | 363476000 | 377965900 | 368376600 | 390536800 | 375703500 | 369491000 | 356990800 | 358644600 | 367999500 | 382093700 | 367717300 | 362413700 | 362607400 | 375749400 | 368503800 |
|           CPU_CLK_UNHALTED_REF           |  FIXC2  | 671952400 | 568488200 | 543215700 | 543777500 | 543215700 | 564675600 | 541980400 | 549010500 | 505410000 | 505698400 | 493734700 | 540487200 | 517756100 | 494787500 | 497310200 | 497997100 | 518351300 | 504978700 | 535164100 | 514892400 | 506239400 | 489214000 | 491398300 | 504270400 | 523788200 | 503850500 | 496360000 | 496840200 | 514779000 | 504930200 |
| FP_ARITH_INST_RETIRED_128B_PACKED_DOUBLE |   PMC0  |    122920 |         0 |         0 |         0 |         0 |         0 |         0 |         0 |         0 |         0 |         0 |         0 |         0 |         0 |         0 |         0 |         0 |         0 |         0 |         0 |         0 |         0 |         0 |         0 |         0 |         0 |         0 |         0 |         0 |         0 |
|    FP_ARITH_INST_RETIRED_SCALAR_DOUBLE   |   PMC1  | 132807600 |  96805320 |  96530490 |  96451980 |  95946990 |  95754220 |  95717300 |  95752960 |  94738690 |  94324590 |  94324640 |  94109830 |  94083620 |  93939600 |  93939050 |  93139580 |  92802350 |  92784540 |  92760370 |  92786160 |  92654240 |  92662860 |  92206680 |  92231610 |  92207500 |  91891120 |  91866940 |  91891120 |  91866940 |  91746240 |
| FP_ARITH_INST_RETIRED_256B_PACKED_DOUBLE |   PMC2  |     81488 |         0 |         0 |         0 |         0 |         0 |         0 |         0 |         0 |         0 |         0 |         0 |         0 |         0 |         0 |         0 |         0 |         0 |         0 |         0 |         0 |         0 |         0 |         0 |         0 |         0 |         0 |         0 |         0 |         0 |
| FP_ARITH_INST_RETIRED_512B_PACKED_DOUBLE |   PMC3  |   1080242 |         0 |         0 |         0 |         0 |         0 |         0 |         0 |         0 |         0 |         0 |         0 |         0 |         0 |         0 |         0 |         0 |         0 |         0 |         0 |         0 |         0 |         0 |         0 |         0 |         0 |         0 |         0 |         0 |         0 |
+------------------------------------------+---------+-----------+-----------+-----------+-----------+-----------+-----------+-----------+-----------+-----------+-----------+-----------+-----------+-----------+-----------+-----------+-----------+-----------+-----------+-----------+-----------+-----------+-----------+-----------+-----------+-----------+-----------+-----------+-----------+-----------+-----------+
+-----------------------------------------------+---------+-------------+-----------+-----------+--------------+
|                     Event                     | Counter |     Sum     |    Min    |    Max    |      Avg     |
+-----------------------------------------------+---------+-------------+-----------+-----------+--------------+
|             INSTR_RETIRED_ANY STAT            |  FIXC0  | 10425005900 | 324084600 | 811451300 | 3.475002e+08 |
|           CPU_CLK_UNHALTED_CORE STAT          |  FIXC1  | 11447537000 | 356990800 | 490741700 | 3.815846e+08 |
|           CPU_CLK_UNHALTED_REF STAT           |  FIXC2  | 15684553900 | 489214000 | 671952400 | 5.228185e+08 |
| FP_ARITH_INST_RETIRED_128B_PACKED_DOUBLE STAT |   PMC0  |      122920 |         0 |    122920 |    4097.3333 |
|    FP_ARITH_INST_RETIRED_SCALAR_DOUBLE STAT   |   PMC1  |  2850725130 |  91746240 | 132807600 |     95024171 |
| FP_ARITH_INST_RETIRED_256B_PACKED_DOUBLE STAT |   PMC2  |       81488 |         0 |     81488 |    2716.2667 |
| FP_ARITH_INST_RETIRED_512B_PACKED_DOUBLE STAT |   PMC3  |     1080242 |         0 |   1080242 |   36008.0667 |
+-----------------------------------------------+---------+-------------+-----------+-----------+--------------+
+----------------------+-----------+-----------+-----------+-----------+-----------+-----------+-----------+-----------+-----------+-----------+-----------+-----------+-----------+-----------+-----------+-----------+-----------+-----------+-----------+-----------+-----------+-----------+-----------+-----------+-----------+-----------+-----------+-----------+-----------+-----------+
|        Metric        |   Core 0  |   Core 1  |   Core 2  |   Core 3  |   Core 4  |   Core 5  |   Core 6  |   Core 7  |  Core 14  |  Core 15  |  Core 16  |  Core 17  |  Core 18  |  Core 19  |  Core 20  |  Core 21  |  Core 28  |  Core 29  |  Core 30  |  Core 31  |  Core 32  |  Core 33  |  Core 34  |  Core 42  |  Core 43  |  Core 44  |  Core 45  |  Core 46  |  Core 47  |  Core 48  |
+----------------------+-----------+-----------+-----------+-----------+-----------+-----------+-----------+-----------+-----------+-----------+-----------+-----------+-----------+-----------+-----------+-----------+-----------+-----------+-----------+-----------+-----------+-----------+-----------+-----------+-----------+-----------+-----------+-----------+-----------+-----------+
|  Runtime (RDTSC) [s] |    0.9640 |    0.9641 |    0.9642 |    0.9641 |    0.9642 |    0.9642 |    0.9642 |    0.9642 |    0.9641 |    0.9641 |    0.9641 |    0.9641 |    0.9641 |    0.9641 |    0.9639 |    0.9639 |    0.9641 |    0.9639 |    0.9641 |    0.9641 |    0.9639 |    0.9640 |    0.9639 |    0.9639 |    0.9639 |    0.9639 |    0.9639 |    0.9639 |    0.9639 |    0.9641 |
| Runtime unhalted [s] |    0.1892 |    0.1600 |    0.1529 |    0.1530 |    0.1529 |    0.1589 |    0.1525 |    0.1545 |    0.1422 |    0.1423 |    0.1389 |    0.1521 |    0.1457 |    0.1392 |    0.1400 |    0.1401 |    0.1457 |    0.1420 |    0.1506 |    0.1448 |    0.1425 |    0.1376 |    0.1383 |    0.1419 |    0.1473 |    0.1418 |    0.1397 |    0.1398 |    0.1449 |    0.1421 |
|      Clock [MHz]     | 1894.2847 | 1893.1044 | 1893.3195 | 1893.3196 | 1893.1734 | 1893.4116 | 1893.3124 | 1892.9085 | 1893.3594 | 1893.3121 | 1893.2185 | 1893.6716 | 1893.1930 | 1893.0614 | 1893.7692 | 1893.1269 | 1891.2948 | 1892.1248 | 1892.8047 | 1892.6032 | 1893.1225 | 1892.7313 | 1893.0472 | 1892.8428 | 1892.1039 | 1892.9676 | 1893.8197 | 1893.0006 | 1893.2514 | 1892.9600 |
|          CPI         |    0.6048 |    1.2057 |    1.1595 |    1.1610 |    1.1659 |    1.2111 |    1.1659 |    1.1792 |    1.1018 |    1.1063 |    1.0816 |    1.1807 |    1.1339 |    1.0877 |    1.0936 |    1.1036 |    1.1524 |    1.1250 |    1.1891 |    1.1462 |    1.1297 |    1.0937 |    1.1035 |    1.1304 |    1.1715 |    1.1336 |    1.1183 |    1.1187 |    1.1572 |    1.1362 |
|     DP [MFLOP/s]     |  147.3325 |  100.4051 |  100.1168 |  100.0413 |   99.5116 |   99.3116 |   99.2745 |   99.3106 |   98.2694 |   97.8390 |   97.8388 |   97.6158 |   97.5902 |   97.4386 |   97.4574 |   96.6278 |   96.2629 |   96.2614 |   96.2191 |   96.2440 |   96.1236 |   96.1267 |   95.6608 |   95.6888 |   95.6634 |   95.3281 |   95.3059 |   95.3347 |   95.3046 |   95.1636 |
|   AVX DP [MFLOP/s]   |    9.3033 |         0 |         0 |         0 |         0 |         0 |         0 |         0 |         0 |         0 |         0 |         0 |         0 |         0 |         0 |         0 |         0 |         0 |         0 |         0 |         0 |         0 |         0 |         0 |         0 |         0 |         0 |         0 |         0 |         0 |
|  AVX512 DP [MFLOP/s] |    8.9651 |         0 |         0 |         0 |         0 |         0 |         0 |         0 |         0 |         0 |         0 |         0 |         0 |         0 |         0 |         0 |         0 |         0 |         0 |         0 |         0 |         0 |         0 |         0 |         0 |         0 |         0 |         0 |         0 |         0 |
|   Packed [MUOPS/s]   |    1.3327 |         0 |         0 |         0 |         0 |         0 |         0 |         0 |         0 |         0 |         0 |         0 |         0 |         0 |         0 |         0 |         0 |         0 |         0 |         0 |         0 |         0 |         0 |         0 |         0 |         0 |         0 |         0 |         0 |         0 |
|   Scalar [MUOPS/s]   |  137.7742 |  100.4051 |  100.1168 |  100.0413 |   99.5116 |   99.3116 |   99.2745 |   99.3106 |   98.2694 |   97.8390 |   97.8388 |   97.6158 |   97.5902 |   97.4386 |   97.4574 |   96.6278 |   96.2629 |   96.2614 |   96.2191 |   96.2440 |   96.1236 |   96.1267 |   95.6608 |   95.6888 |   95.6634 |   95.3281 |   95.3059 |   95.3347 |   95.3046 |   95.1636 |
|  Vectorization ratio |    0.9580 |         0 |         0 |         0 |         0 |         0 |         0 |         0 |         0 |         0 |         0 |         0 |         0 |         0 |         0 |         0 |         0 |         0 |         0 |         0 |         0 |         0 |         0 |         0 |         0 |         0 |         0 |         0 |         0 |         0 |
+----------------------+-----------+-----------+-----------+-----------+-----------+-----------+-----------+-----------+-----------+-----------+-----------+-----------+-----------+-----------+-----------+-----------+-----------+-----------+-----------+-----------+-----------+-----------+-----------+-----------+-----------+-----------+-----------+-----------+-----------+-----------+
+---------------------------+------------+-----------+-----------+-----------+
|           Metric          |     Sum    |    Min    |    Max    |    Avg    |
+---------------------------+------------+-----------+-----------+-----------+
|  Runtime (RDTSC) [s] STAT |    28.9211 |    0.9639 |    0.9642 |    0.9640 |
| Runtime unhalted [s] STAT |     4.4134 |    0.1376 |    0.1892 |    0.1471 |
|      Clock [MHz] STAT     | 56792.2207 | 1891.2948 | 1894.2847 | 1893.0740 |
|          CPI STAT         |    33.6478 |    0.6048 |    1.2111 |    1.1216 |
|     DP [MFLOP/s] STAT     |  2966.6686 |   95.1636 |  147.3325 |   98.8890 |
|   AVX DP [MFLOP/s] STAT   |     9.3033 |         0 |    9.3033 |    0.3101 |
|  AVX512 DP [MFLOP/s] STAT |     8.9651 |         0 |    8.9651 |    0.2988 |
|   Packed [MUOPS/s] STAT   |     1.3327 |         0 |    1.3327 |    0.0444 |
|   Scalar [MUOPS/s] STAT   |  2957.1103 |   95.1636 |  137.7742 |   98.5703 |
|  Vectorization ratio STAT |     0.9580 |         0 |    0.9580 |    0.0319 |
+---------------------------+------------+-----------+-----------+-----------+
--------------------------------------------------------------------------------
CPU name:	Intel(R) Xeon(R) Gold 6132 CPU @ 2.60GHz
CPU type:	Intel Skylake SP processor
CPU clock:	2.59 GHz
--------------------------------------------------------------------------------
Region Solve, Group 1: FLOPS_DP
+-------------------+-----------+-----------+-----------+-----------+-----------+-----------+-----------+-----------+-----------+-----------+-----------+-----------+-----------+-----------+-----------+-----------+-----------+-----------+-----------+-----------+-----------+-----------+-----------+-----------+-----------+-----------+-----------+-----------+-----------+-----------+
|    Region Info    |   Core 0  |   Core 1  |   Core 2  |   Core 3  |   Core 4  |   Core 5  |   Core 6  |   Core 7  |  Core 14  |  Core 15  |  Core 16  |  Core 17  |  Core 18  |  Core 19  |  Core 20  |  Core 21  |  Core 28  |  Core 29  |  Core 30  |  Core 31  |  Core 32  |  Core 33  |  Core 34  |  Core 42  |  Core 43  |  Core 44  |  Core 45  |  Core 46  |  Core 47  |  Core 48  |
+-------------------+-----------+-----------+-----------+-----------+-----------+-----------+-----------+-----------+-----------+-----------+-----------+-----------+-----------+-----------+-----------+-----------+-----------+-----------+-----------+-----------+-----------+-----------+-----------+-----------+-----------+-----------+-----------+-----------+-----------+-----------+
| RDTSC Runtime [s] | 23.689570 | 23.689590 | 23.689580 | 23.689580 | 23.689600 | 23.689590 | 23.689590 | 23.689590 | 23.689600 | 23.689590 | 23.689590 | 23.689590 | 23.689600 | 23.689600 | 23.689590 | 23.689590 | 23.689590 | 23.689580 | 23.689580 | 23.689580 | 23.689590 | 23.689580 | 23.689580 | 23.689590 | 23.689590 | 23.689590 | 23.689590 | 23.689580 | 23.689580 | 23.689570 |
|     call count    |         1 |         1 |         1 |         1 |         1 |         1 |         1 |         1 |         1 |         1 |         1 |         1 |         1 |         1 |         1 |         1 |         1 |         1 |         1 |         1 |         1 |         1 |         1 |         1 |         1 |         1 |         1 |         1 |         1 |         1 |
+-------------------+-----------+-----------+-----------+-----------+-----------+-----------+-----------+-----------+-----------+-----------+-----------+-----------+-----------+-----------+-----------+-----------+-----------+-----------+-----------+-----------+-----------+-----------+-----------+-----------+-----------+-----------+-----------+-----------+-----------+-----------+
+------------------------------------------+---------+-------------+-------------+-------------+-------------+-------------+-------------+-------------+-------------+-------------+-------------+-------------+-------------+-------------+-------------+-------------+-------------+-------------+-------------+-------------+-------------+-------------+-------------+-------------+-------------+-------------+-------------+-------------+-------------+-------------+-------------+
|                   Event                  | Counter |    Core 0   |    Core 1   |    Core 2   |    Core 3   |    Core 4   |    Core 5   |    Core 6   |    Core 7   |   Core 14   |   Core 15   |   Core 16   |   Core 17   |   Core 18   |   Core 19   |   Core 20   |   Core 21   |   Core 28   |   Core 29   |   Core 30   |   Core 31   |   Core 32   |   Core 33   |   Core 34   |   Core 42   |   Core 43   |   Core 44   |   Core 45   |   Core 46   |   Core 47   |   Core 48   |
+------------------------------------------+---------+-------------+-------------+-------------+-------------+-------------+-------------+-------------+-------------+-------------+-------------+-------------+-------------+-------------+-------------+-------------+-------------+-------------+-------------+-------------+-------------+-------------+-------------+-------------+-------------+-------------+-------------+-------------+-------------+-------------+-------------+
|             INSTR_RETIRED_ANY            |  FIXC0  | 75591870000 | 75244880000 | 75161140000 | 75243220000 | 74556940000 | 74338820000 | 73932830000 | 73560720000 | 72784680000 | 72687810000 | 72801020000 | 72803490000 | 72695620000 | 72339160000 | 72235010000 | 71960510000 | 71828210000 | 71885380000 | 71851640000 | 71660420000 | 71521520000 | 71477390000 | 71458820000 | 71442140000 | 71850850000 | 71512260000 | 71556150000 | 71467020000 | 71329730000 | 74602490000 |
|           CPU_CLK_UNHALTED_CORE          |  FIXC1  | 44090710000 | 44242210000 | 44232290000 | 44235650000 | 44247890000 | 44235660000 | 44149810000 | 44235330000 | 44084730000 | 44080470000 | 44090380000 | 44105650000 | 43930450000 | 44120460000 | 44101030000 | 44092650000 | 44088320000 | 44095380000 | 44094440000 | 44095380000 | 44101200000 | 44095790000 | 44080120000 | 44142240000 | 43767750000 | 44145570000 | 44131400000 | 44178310000 | 44179620000 | 39423310000 |
|           CPU_CLK_UNHALTED_REF           |  FIXC2  | 60357660000 | 60564820000 | 60551600000 | 60555470000 | 60572050000 | 60555380000 | 60438460000 | 60556050000 | 60342240000 | 60336530000 | 60350200000 | 60371020000 | 60131330000 | 60392460000 | 60366550000 | 60353940000 | 60351030000 | 60360650000 | 60359270000 | 60360340000 | 60368450000 | 60360720000 | 60338990000 | 60405120000 | 59892580000 | 60409700000 | 60390280000 | 60454490000 | 60456270000 | 53947650000 |
| FP_ARITH_INST_RETIRED_128B_PACKED_DOUBLE |   PMC0  |      218232 |           0 |           0 |           0 |           0 |           0 |           0 |           0 |           0 |           0 |           0 |           0 |           0 |           0 |           0 |           0 |           0 |           0 |           0 |           0 |           0 |           0 |           0 |           0 |           0 |           0 |           0 |           0 |           0 |           0 |
|    FP_ARITH_INST_RETIRED_SCALAR_DOUBLE   |   PMC1  | 22357040000 | 22325320000 | 22373200000 | 22450400000 | 22203540000 | 22073420000 | 21897250000 | 21819300000 | 21582280000 | 21537490000 | 21568710000 | 21529650000 | 21380920000 | 21293270000 | 21282400000 | 21190670000 | 21126970000 | 21173260000 | 21227030000 | 21203100000 | 21164460000 | 21154160000 | 21136600000 | 21125590000 | 21195990000 | 21230850000 | 21273330000 | 21192170000 | 21079220000 | 20962150000 |
| FP_ARITH_INST_RETIRED_256B_PACKED_DOUBLE |   PMC2  |      302358 |           0 |           0 |           0 |           0 |           0 |           0 |           0 |           0 |           0 |           0 |           0 |           0 |           0 |           0 |           0 |           0 |           0 |           0 |           0 |           0 |           0 |           0 |           0 |           0 |           0 |           0 |           0 |           0 |           0 |
| FP_ARITH_INST_RETIRED_512B_PACKED_DOUBLE |   PMC3  |     2178750 |           0 |           0 |           0 |           0 |           0 |           0 |           0 |           0 |           0 |           0 |           0 |           0 |           0 |           0 |           0 |           0 |           0 |           0 |           0 |           0 |           0 |           0 |           0 |           0 |           0 |           0 |           0 |           0 |           0 |
+------------------------------------------+---------+-------------+-------------+-------------+-------------+-------------+-------------+-------------+-------------+-------------+-------------+-------------+-------------+-------------+-------------+-------------+-------------+-------------+-------------+-------------+-------------+-------------+-------------+-------------+-------------+-------------+-------------+-------------+-------------+-------------+-------------+
+-----------------------------------------------+---------+---------------+-------------+-------------+--------------+
|                     Event                     | Counter |      Sum      |     Min     |     Max     |      Avg     |
+-----------------------------------------------+---------+---------------+-------------+-------------+--------------+
|             INSTR_RETIRED_ANY STAT            |  FIXC0  | 2183381740000 | 71329730000 | 75591870000 | 7.277939e+10 |
|           CPU_CLK_UNHALTED_CORE STAT          |  FIXC1  | 1318894200000 | 39423310000 | 44247890000 |  43963140000 |
|           CPU_CLK_UNHALTED_REF STAT           |  FIXC2  | 1805251300000 | 53947650000 | 60572050000 | 6.017504e+10 |
| FP_ARITH_INST_RETIRED_128B_PACKED_DOUBLE STAT |   PMC0  |        218232 |           0 |      218232 |    7274.4000 |
|    FP_ARITH_INST_RETIRED_SCALAR_DOUBLE STAT   |   PMC1  |  645109740000 | 20962150000 | 22450400000 |  21503658000 |
| FP_ARITH_INST_RETIRED_256B_PACKED_DOUBLE STAT |   PMC2  |        302358 |           0 |      302358 |   10078.6000 |
| FP_ARITH_INST_RETIRED_512B_PACKED_DOUBLE STAT |   PMC3  |       2178750 |           0 |     2178750 |        72625 |
+-----------------------------------------------+---------+---------------+-------------+-------------+--------------+
+----------------------+-----------+-----------+-----------+-----------+-----------+-----------+-----------+-----------+-----------+-----------+-----------+-----------+-----------+-----------+-----------+-----------+-----------+-----------+-----------+-----------+-----------+-----------+-----------+-----------+-----------+-----------+-----------+-----------+-----------+-----------+
|        Metric        |   Core 0  |   Core 1  |   Core 2  |   Core 3  |   Core 4  |   Core 5  |   Core 6  |   Core 7  |  Core 14  |  Core 15  |  Core 16  |  Core 17  |  Core 18  |  Core 19  |  Core 20  |  Core 21  |  Core 28  |  Core 29  |  Core 30  |  Core 31  |  Core 32  |  Core 33  |  Core 34  |  Core 42  |  Core 43  |  Core 44  |  Core 45  |  Core 46  |  Core 47  |  Core 48  |
+----------------------+-----------+-----------+-----------+-----------+-----------+-----------+-----------+-----------+-----------+-----------+-----------+-----------+-----------+-----------+-----------+-----------+-----------+-----------+-----------+-----------+-----------+-----------+-----------+-----------+-----------+-----------+-----------+-----------+-----------+-----------+
|  Runtime (RDTSC) [s] |   23.6896 |   23.6896 |   23.6896 |   23.6896 |   23.6896 |   23.6896 |   23.6896 |   23.6896 |   23.6896 |   23.6896 |   23.6896 |   23.6896 |   23.6896 |   23.6896 |   23.6896 |   23.6896 |   23.6896 |   23.6896 |   23.6896 |   23.6896 |   23.6896 |   23.6896 |   23.6896 |   23.6896 |   23.6896 |   23.6896 |   23.6896 |   23.6896 |   23.6896 |   23.6896 |
| Runtime unhalted [s] |   16.9987 |   17.0571 |   17.0533 |   17.0546 |   17.0593 |   17.0546 |   17.0215 |   17.0545 |   16.9964 |   16.9948 |   16.9986 |   17.0045 |   16.9369 |   17.0102 |   17.0027 |   16.9995 |   16.9978 |   17.0005 |   17.0002 |   17.0005 |   17.0028 |   17.0007 |   16.9946 |   17.0186 |   16.8742 |   17.0199 |   17.0144 |   17.0325 |   17.0330 |   15.1993 |
|      Clock [MHz]     | 1894.7220 | 1894.7294 | 1894.7181 | 1894.7409 | 1894.7464 | 1894.7442 | 1894.7253 | 1894.7091 | 1894.9492 | 1894.9454 | 1894.9421 | 1894.9446 | 1894.9408 | 1894.9079 | 1894.8864 | 1894.9222 | 1894.8275 | 1894.8288 | 1894.8318 | 1894.8386 | 1894.8341 | 1894.8443 | 1894.8531 | 1895.4460 | 1895.4486 | 1895.4453 | 1895.4462 | 1895.4457 | 1895.4461 | 1895.4458 |
|          CPI         |    0.5833 |    0.5880 |    0.5885 |    0.5879 |    0.5935 |    0.5951 |    0.5972 |    0.6013 |    0.6057 |    0.6064 |    0.6056 |    0.6058 |    0.6043 |    0.6099 |    0.6105 |    0.6127 |    0.6138 |    0.6134 |    0.6137 |    0.6153 |    0.6166 |    0.6169 |    0.6169 |    0.6179 |    0.6091 |    0.6173 |    0.6167 |    0.6182 |    0.6194 |    0.5284 |
|     DP [MFLOP/s]     |  944.5556 |  942.4106 |  944.4321 |  947.6909 |  937.2695 |  931.7772 |  924.3406 |  921.0501 |  911.0445 |  909.1542 |  910.4721 |  908.8232 |  902.5446 |  898.8446 |  898.3862 |  894.5140 |  891.8251 |  893.7795 |  896.0492 |  895.0391 |  893.4076 |  892.9732 |  892.2319 |  891.7668 |  894.7386 |  896.2101 |  898.0033 |  894.5777 |  889.8098 |  884.8683 |
|   AVX DP [MFLOP/s]   |    0.7868 |         0 |         0 |         0 |         0 |         0 |         0 |         0 |         0 |         0 |         0 |         0 |         0 |         0 |         0 |         0 |         0 |         0 |         0 |         0 |         0 |         0 |         0 |         0 |         0 |         0 |         0 |         0 |         0 |         0 |
|  AVX512 DP [MFLOP/s] |    0.7358 |         0 |         0 |         0 |         0 |         0 |         0 |         0 |         0 |         0 |         0 |         0 |         0 |         0 |         0 |         0 |         0 |         0 |         0 |         0 |         0 |         0 |         0 |         0 |         0 |         0 |         0 |         0 |         0 |         0 |
|   Packed [MUOPS/s]   |    0.1139 |         0 |         0 |         0 |         0 |         0 |         0 |         0 |         0 |         0 |         0 |         0 |         0 |         0 |         0 |         0 |         0 |         0 |         0 |         0 |         0 |         0 |         0 |         0 |         0 |         0 |         0 |         0 |         0 |         0 |
|   Scalar [MUOPS/s]   |  943.7504 |  942.4106 |  944.4321 |  947.6909 |  937.2695 |  931.7772 |  924.3406 |  921.0501 |  911.0445 |  909.1542 |  910.4721 |  908.8232 |  902.5446 |  898.8446 |  898.3862 |  894.5140 |  891.8251 |  893.7795 |  896.0492 |  895.0391 |  893.4076 |  892.9732 |  892.2319 |  891.7668 |  894.7386 |  896.2101 |  898.0033 |  894.5777 |  889.8098 |  884.8683 |
|  Vectorization ratio |    0.0121 |         0 |         0 |         0 |         0 |         0 |         0 |         0 |         0 |         0 |         0 |         0 |         0 |         0 |         0 |         0 |         0 |         0 |         0 |         0 |         0 |         0 |         0 |         0 |         0 |         0 |         0 |         0 |         0 |         0 |
+----------------------+-----------+-----------+-----------+-----------+-----------+-----------+-----------+-----------+-----------+-----------+-----------+-----------+-----------+-----------+-----------+-----------+-----------+-----------+-----------+-----------+-----------+-----------+-----------+-----------+-----------+-----------+-----------+-----------+-----------+-----------+
+---------------------------+------------+-----------+-----------+-----------+
|           Metric          |     Sum    |    Min    |    Max    |    Avg    |
+---------------------------+------------+-----------+-----------+-----------+
|  Runtime (RDTSC) [s] STAT |   710.6880 |   23.6896 |   23.6896 |   23.6896 |
| Runtime unhalted [s] STAT |   508.4862 |   15.1993 |   17.0593 |   16.9495 |
|      Clock [MHz] STAT     | 56849.2559 | 1894.7091 | 1895.4486 | 1894.9752 |
|          CPI STAT         |    18.1293 |    0.5284 |    0.6194 |    0.6043 |
|     DP [MFLOP/s] STAT     | 27232.5902 |  884.8683 |  947.6909 |  907.7530 |
|   AVX DP [MFLOP/s] STAT   |     0.7868 |         0 |    0.7868 |    0.0262 |
|  AVX512 DP [MFLOP/s] STAT |     0.7358 |         0 |    0.7358 |    0.0245 |
|   Packed [MUOPS/s] STAT   |     0.1139 |         0 |    0.1139 |    0.0038 |
|   Scalar [MUOPS/s] STAT   | 27231.7850 |  884.8683 |  947.6909 |  907.7262 |
|  Vectorization ratio STAT |     0.0121 |         0 |    0.0121 |    0.0004 |
+---------------------------+------------+-----------+-----------+-----------+
