--------------------------------------------------------------------------------
CPU name:	Intel(R) Xeon(R) Gold 6132 CPU @ 2.60GHz
CPU type:	Intel Skylake SP processor
CPU clock:	2.59 GHz
--------------------------------------------------------------------------------
Region Setup, Group 1: MEM_DP
+-------------------+----------+----------+----------+----------+----------+----------+----------+----------+----------+----------+----------+----------+----------+----------+----------+----------+----------+----------+----------+----------+----------+----------+----------+
|    Region Info    |  Core 0  |  Core 1  |  Core 2  |  Core 3  |  Core 4  |  Core 5  |  Core 14 |  Core 15 |  Core 16 |  Core 17 |  Core 18 |  Core 19 |  Core 28 |  Core 29 |  Core 30 |  Core 31 |  Core 32 |  Core 33 |  Core 42 |  Core 43 |  Core 44 |  Core 45 |  Core 46 |
+-------------------+----------+----------+----------+----------+----------+----------+----------+----------+----------+----------+----------+----------+----------+----------+----------+----------+----------+----------+----------+----------+----------+----------+----------+
| RDTSC Runtime [s] | 0.939833 | 0.944319 | 0.944324 | 0.944204 | 0.944232 | 0.944306 | 0.939875 | 0.944283 | 0.944383 | 0.944244 | 0.944325 | 0.944239 | 0.939856 | 0.944244 | 0.944253 | 0.944238 | 0.944330 | 0.944241 | 0.939796 | 0.944316 | 0.944201 | 0.944213 | 0.944190 |
|     call count    |        2 |        2 |        2 |        2 |        2 |        2 |        2 |        2 |        2 |        2 |        2 |        2 |        2 |        2 |        2 |        2 |        2 |        2 |        2 |        2 |        2 |        2 |        2 |
+-------------------+----------+----------+----------+----------+----------+----------+----------+----------+----------+----------+----------+----------+----------+----------+----------+----------+----------+----------+----------+----------+----------+----------+----------+
+------------------------------------------+---------+-----------+-----------+-----------+-----------+-----------+-----------+-----------+-----------+-----------+-----------+-----------+-----------+-----------+-----------+-----------+-----------+-----------+-----------+-----------+-----------+-----------+-----------+-----------+
|                   Event                  | Counter |   Core 0  |   Core 1  |   Core 2  |   Core 3  |   Core 4  |   Core 5  |  Core 14  |  Core 15  |  Core 16  |  Core 17  |  Core 18  |  Core 19  |  Core 28  |  Core 29  |  Core 30  |  Core 31  |  Core 32  |  Core 33  |  Core 42  |  Core 43  |  Core 44  |  Core 45  |  Core 46  |
+------------------------------------------+---------+-----------+-----------+-----------+-----------+-----------+-----------+-----------+-----------+-----------+-----------+-----------+-----------+-----------+-----------+-----------+-----------+-----------+-----------+-----------+-----------+-----------+-----------+-----------+
|             INSTR_RETIRED_ANY            |  FIXC0  | 909443000 | 438108400 | 437814600 | 437504500 | 437311600 | 437280400 | 435375800 | 435561900 | 432752900 | 430845300 | 431267000 | 430539700 | 430701900 | 428758300 | 426695600 | 425153000 | 423913000 | 422686200 | 420636000 | 419973000 | 419753000 | 419583000 | 419680300 |
|           CPU_CLK_UNHALTED_CORE          |  FIXC1  | 589678200 | 440953300 | 455163000 | 448687400 | 447164200 | 447261100 | 410017700 | 413094700 | 415849000 | 410432000 | 426243900 | 411600200 | 415701500 | 428209000 | 413992300 | 406567600 | 416424100 | 411214000 | 401068700 | 414099800 | 413013400 | 408689000 | 415967300 |
|           CPU_CLK_UNHALTED_REF           |  FIXC2  | 807209100 | 603885200 | 623492100 | 614562700 | 612507400 | 612522600 | 561646500 | 565814800 | 569604200 | 562142600 | 583757600 | 563674800 | 569305600 | 586488100 | 566907300 | 556783600 | 570257800 | 563147200 | 549487700 | 567330900 | 565865200 | 559895300 | 570061200 |
|              PWR_PKG_ENERGY              |   PWR0  |   32.4068 |         0 |         0 |         0 |         0 |         0 |   32.1456 |         0 |         0 |         0 |         0 |         0 |   31.5236 |         0 |         0 |         0 |         0 |         0 |   28.5438 |         0 |         0 |         0 |         0 |
|              PWR_DRAM_ENERGY             |   PWR3  |    4.4795 |         0 |         0 |         0 |         0 |         0 |    3.4264 |         0 |         0 |         0 |         0 |         0 |    3.2962 |         0 |         0 |         0 |         0 |         0 |    3.3282 |         0 |         0 |         0 |         0 |
| FP_ARITH_INST_RETIRED_128B_PACKED_DOUBLE |   PMC0  |    122920 |         0 |         0 |         0 |         0 |         0 |         0 |         0 |         0 |         0 |         0 |         0 |         0 |         0 |         0 |         0 |         0 |         0 |         0 |         0 |         0 |         0 |         0 |
|    FP_ARITH_INST_RETIRED_SCALAR_DOUBLE   |   PMC1  | 160655000 | 124521900 | 124314900 | 124309700 | 124279500 | 124268200 | 124268700 | 124268500 | 123409600 | 122895900 | 122809700 | 122784600 | 122808000 | 121960200 | 121555100 | 121136600 | 120946800 | 120630400 | 120180200 | 119731300 | 119718600 | 119715000 | 119557500 |
| FP_ARITH_INST_RETIRED_256B_PACKED_DOUBLE |   PMC2  |     81488 |         0 |         0 |         0 |         0 |         0 |         0 |         0 |         0 |         0 |         0 |         0 |         0 |         0 |         0 |         0 |         0 |         0 |         0 |         0 |         0 |         0 |         0 |
| FP_ARITH_INST_RETIRED_512B_PACKED_DOUBLE |   PMC3  |   1080242 |         0 |         0 |         0 |         0 |         0 |         0 |         0 |         0 |         0 |         0 |         0 |         0 |         0 |         0 |         0 |         0 |         0 |         0 |         0 |         0 |         0 |         0 |
|               CAS_COUNT_RD               | MBOX0C0 |   1661012 |         0 |         0 |         0 |         0 |         0 |    386910 |         0 |         0 |         0 |         0 |         0 |    348825 |         0 |         0 |         0 |         0 |         0 |    386834 |         0 |         0 |         0 |         0 |
|               CAS_COUNT_WR               | MBOX0C1 |   2559132 |         0 |         0 |         0 |         0 |         0 |    496431 |         0 |         0 |         0 |         0 |         0 |    473957 |         0 |         0 |         0 |         0 |         0 |    443300 |         0 |         0 |         0 |         0 |
|               CAS_COUNT_RD               | MBOX1C0 |    943561 |         0 |         0 |         0 |         0 |         0 |    341754 |         0 |         0 |         0 |         0 |         0 |    329992 |         0 |         0 |         0 |         0 |         0 |    297027 |         0 |         0 |         0 |         0 |
|               CAS_COUNT_WR               | MBOX1C1 |   1968010 |         0 |         0 |         0 |         0 |         0 |    463100 |         0 |         0 |         0 |         0 |         0 |    461133 |         0 |         0 |         0 |         0 |         0 |    378712 |         0 |         0 |         0 |         0 |
|               CAS_COUNT_RD               | MBOX2C0 |    987046 |         0 |         0 |         0 |         0 |         0 |    349415 |         0 |         0 |         0 |         0 |         0 |    376667 |         0 |         0 |         0 |         0 |         0 |    342584 |         0 |         0 |         0 |         0 |
|               CAS_COUNT_WR               | MBOX2C1 |   1980419 |         0 |         0 |         0 |         0 |         0 |    471680 |         0 |         0 |         0 |         0 |         0 |    512062 |         0 |         0 |         0 |         0 |         0 |    419759 |         0 |         0 |         0 |         0 |
|               CAS_COUNT_RD               | MBOX3C0 |    768270 |         0 |         0 |         0 |         0 |         0 |    274129 |         0 |         0 |         0 |         0 |         0 |    290885 |         0 |         0 |         0 |         0 |         0 |    338702 |         0 |         0 |         0 |         0 |
|               CAS_COUNT_WR               | MBOX3C1 |   1810429 |         0 |         0 |         0 |         0 |         0 |    402168 |         0 |         0 |         0 |         0 |         0 |    425270 |         0 |         0 |         0 |         0 |         0 |    415463 |         0 |         0 |         0 |         0 |
|               CAS_COUNT_RD               | MBOX4C0 |    921470 |         0 |         0 |         0 |         0 |         0 |    366694 |         0 |         0 |         0 |         0 |         0 |    277243 |         0 |         0 |         0 |         0 |         0 |    485849 |         0 |         0 |         0 |         0 |
|               CAS_COUNT_WR               | MBOX4C1 |   1847480 |         0 |         0 |         0 |         0 |         0 |    486288 |         0 |         0 |         0 |         0 |         0 |    408515 |         0 |         0 |         0 |         0 |         0 |    554256 |         0 |         0 |         0 |         0 |
|               CAS_COUNT_RD               | MBOX5C0 |    728627 |         0 |         0 |         0 |         0 |         0 |    268685 |         0 |         0 |         0 |         0 |         0 |    299922 |         0 |         0 |         0 |         0 |         0 |    249007 |         0 |         0 |         0 |         0 |
|               CAS_COUNT_WR               | MBOX5C1 |   1799170 |         0 |         0 |         0 |         0 |         0 |    395378 |         0 |         0 |         0 |         0 |         0 |    436493 |         0 |         0 |         0 |         0 |         0 |    336245 |         0 |         0 |         0 |         0 |
+------------------------------------------+---------+-----------+-----------+-----------+-----------+-----------+-----------+-----------+-----------+-----------+-----------+-----------+-----------+-----------+-----------+-----------+-----------+-----------+-----------+-----------+-----------+-----------+-----------+-----------+
+-----------------------------------------------+---------+-------------+-----------+-----------+--------------+
|                     Event                     | Counter |     Sum     |    Min    |    Max    |      Avg     |
+-----------------------------------------------+---------+-------------+-----------+-----------+--------------+
|             INSTR_RETIRED_ANY STAT            |  FIXC0  | 10351338400 | 419583000 | 909443000 | 4.500582e+08 |
|           CPU_CLK_UNHALTED_CORE STAT          |  FIXC1  |  9861091400 | 401068700 | 589678200 | 4.287431e+08 |
|           CPU_CLK_UNHALTED_REF STAT           |  FIXC2  | 13506349500 | 549487700 | 807209100 | 5.872326e+08 |
|              PWR_PKG_ENERGY STAT              |   PWR0  |    124.6198 |         0 |   32.4068 |       5.4183 |
|              PWR_DRAM_ENERGY STAT             |   PWR3  |     14.5303 |         0 |    4.4795 |       0.6318 |
| FP_ARITH_INST_RETIRED_128B_PACKED_DOUBLE STAT |   PMC0  |      122920 |         0 |    122920 |    5344.3478 |
|    FP_ARITH_INST_RETIRED_SCALAR_DOUBLE STAT   |   PMC1  |  2850725900 | 119557500 | 160655000 | 1.239446e+08 |
| FP_ARITH_INST_RETIRED_256B_PACKED_DOUBLE STAT |   PMC2  |       81488 |         0 |     81488 |    3542.9565 |
| FP_ARITH_INST_RETIRED_512B_PACKED_DOUBLE STAT |   PMC3  |     1080242 |         0 |   1080242 |   46967.0435 |
|               CAS_COUNT_RD STAT               | MBOX0C0 |     2783581 |         0 |   1661012 |  121025.2609 |
|               CAS_COUNT_WR STAT               | MBOX0C1 |     3972820 |         0 |   2559132 |  172731.3043 |
|               CAS_COUNT_RD STAT               | MBOX1C0 |     1912334 |         0 |    943561 |   83144.9565 |
|               CAS_COUNT_WR STAT               | MBOX1C1 |     3270955 |         0 |   1968010 |  142215.4348 |
|               CAS_COUNT_RD STAT               | MBOX2C0 |     2055712 |         0 |    987046 |   89378.7826 |
|               CAS_COUNT_WR STAT               | MBOX2C1 |     3383920 |         0 |   1980419 |  147126.9565 |
|               CAS_COUNT_RD STAT               | MBOX3C0 |     1671986 |         0 |    768270 |   72695.0435 |
|               CAS_COUNT_WR STAT               | MBOX3C1 |     3053330 |         0 |   1810429 |  132753.4783 |
|               CAS_COUNT_RD STAT               | MBOX4C0 |     2051256 |         0 |    921470 |   89185.0435 |
|               CAS_COUNT_WR STAT               | MBOX4C1 |     3296539 |         0 |   1847480 |  143327.7826 |
|               CAS_COUNT_RD STAT               | MBOX5C0 |     1546241 |         0 |    728627 |   67227.8696 |
|               CAS_COUNT_WR STAT               | MBOX5C1 |     2967286 |         0 |   1799170 |  129012.4348 |
+-----------------------------------------------+---------+-------------+-----------+-----------+--------------+
+-----------------------------------+-----------+-----------+-----------+-----------+-----------+-----------+-----------+-----------+-----------+-----------+-----------+-----------+-----------+-----------+-----------+-----------+-----------+-----------+-----------+-----------+-----------+-----------+-----------+
|               Metric              |   Core 0  |   Core 1  |   Core 2  |   Core 3  |   Core 4  |   Core 5  |  Core 14  |  Core 15  |  Core 16  |  Core 17  |  Core 18  |  Core 19  |  Core 28  |  Core 29  |  Core 30  |  Core 31  |  Core 32  |  Core 33  |  Core 42  |  Core 43  |  Core 44  |  Core 45  |  Core 46  |
+-----------------------------------+-----------+-----------+-----------+-----------+-----------+-----------+-----------+-----------+-----------+-----------+-----------+-----------+-----------+-----------+-----------+-----------+-----------+-----------+-----------+-----------+-----------+-----------+-----------+
|        Runtime (RDTSC) [s]        |    0.9398 |    0.9443 |    0.9443 |    0.9442 |    0.9442 |    0.9443 |    0.9399 |    0.9443 |    0.9444 |    0.9442 |    0.9443 |    0.9442 |    0.9399 |    0.9442 |    0.9443 |    0.9442 |    0.9443 |    0.9442 |    0.9398 |    0.9443 |    0.9442 |    0.9442 |    0.9442 |
|        Runtime unhalted [s]       |    0.2273 |    0.1700 |    0.1755 |    0.1730 |    0.1724 |    0.1724 |    0.1581 |    0.1593 |    0.1603 |    0.1582 |    0.1643 |    0.1587 |    0.1603 |    0.1651 |    0.1596 |    0.1567 |    0.1605 |    0.1585 |    0.1546 |    0.1597 |    0.1592 |    0.1576 |    0.1604 |
|            Clock [MHz]            | 1894.7704 | 1893.9381 | 1893.4924 | 1893.6741 | 1893.5782 | 1893.9416 | 1893.5079 | 1893.6638 | 1893.6079 | 1893.7484 | 1893.8832 | 1893.9762 | 1893.9290 | 1893.7566 | 1894.1213 | 1893.9735 | 1894.0533 | 1893.9719 | 1893.1645 | 1893.1985 | 1893.1225 | 1893.2750 | 1892.6281 |
|                CPI                |    0.6484 |    1.0065 |    1.0396 |    1.0256 |    1.0225 |    1.0228 |    0.9418 |    0.9484 |    0.9609 |    0.9526 |    0.9884 |    0.9560 |    0.9652 |    0.9987 |    0.9702 |    0.9563 |    0.9823 |    0.9729 |    0.9535 |    0.9860 |    0.9839 |    0.9740 |    0.9912 |
|             Energy [J]            |   32.4068 |         0 |         0 |         0 |         0 |         0 |   32.1456 |         0 |         0 |         0 |         0 |         0 |   31.5236 |         0 |         0 |         0 |         0 |         0 |   28.5438 |         0 |         0 |         0 |         0 |
|             Power [W]             |   34.4814 |         0 |         0 |         0 |         0 |         0 |   34.2020 |         0 |         0 |         0 |         0 |         0 |   33.5409 |         0 |         0 |         0 |         0 |         0 |   30.3724 |         0 |         0 |         0 |         0 |
|          Energy DRAM [J]          |    4.4795 |         0 |         0 |         0 |         0 |         0 |    3.4264 |         0 |         0 |         0 |         0 |         0 |    3.2962 |         0 |         0 |         0 |         0 |         0 |    3.3282 |         0 |         0 |         0 |         0 |
|           Power DRAM [W]          |    4.7662 |         0 |         0 |         0 |         0 |         0 |    3.6456 |         0 |         0 |         0 |         0 |         0 |    3.5071 |         0 |         0 |         0 |         0 |         0 |    3.5414 |         0 |         0 |         0 |         0 |
|            DP [MFLOP/s]           |  180.7435 |  131.8642 |  131.6443 |  131.6555 |  131.6197 |  131.5973 |  132.2183 |  131.6009 |  130.6775 |  130.1527 |  130.0502 |  130.0355 |  130.6669 |  129.1617 |  128.7316 |  128.2903 |  128.0769 |  127.7539 |  127.8791 |  126.7916 |  126.7936 |  126.7882 |  126.6244 |
|          AVX DP [MFLOP/s]         |    9.5420 |         0 |         0 |         0 |         0 |         0 |         0 |         0 |         0 |         0 |         0 |         0 |         0 |         0 |         0 |         0 |         0 |         0 |         0 |         0 |         0 |         0 |         0 |
|          Packed [MUOPS/s]         |    1.3669 |         0 |         0 |         0 |         0 |         0 |         0 |         0 |         0 |         0 |         0 |         0 |         0 |         0 |         0 |         0 |         0 |         0 |         0 |         0 |         0 |         0 |         0 |
|          Scalar [MUOPS/s]         |  170.9399 |  131.8642 |  131.6443 |  131.6555 |  131.6197 |  131.5973 |  132.2183 |  131.6009 |  130.6775 |  130.1527 |  130.0502 |  130.0355 |  130.6669 |  129.1617 |  128.7316 |  128.2903 |  128.0769 |  127.7539 |  127.8791 |  126.7916 |  126.7936 |  126.7882 |  126.6244 |
|  Memory read bandwidth [MBytes/s] |  409.2632 |         0 |         0 |         0 |         0 |         0 |  135.3430 |         0 |         0 |         0 |         0 |         0 |  130.9841 |         0 |         0 |         0 |         0 |         0 |  143.0100 |         0 |         0 |         0 |         0 |
|  Memory read data volume [GBytes] |    0.3846 |         0 |         0 |         0 |         0 |         0 |    0.1272 |         0 |         0 |         0 |         0 |         0 |    0.1231 |         0 |         0 |         0 |         0 |         0 |    0.1344 |         0 |         0 |         0 |         0 |
| Memory write bandwidth [MBytes/s] |  814.7585 |         0 |         0 |         0 |         0 |         0 |  184.8786 |         0 |         0 |         0 |         0 |         0 |  185.0449 |         0 |         0 |         0 |         0 |         0 |  173.5005 |         0 |         0 |         0 |         0 |
| Memory write data volume [GBytes] |    0.7657 |         0 |         0 |         0 |         0 |         0 |    0.1738 |         0 |         0 |         0 |         0 |         0 |    0.1739 |         0 |         0 |         0 |         0 |         0 |    0.1631 |         0 |         0 |         0 |         0 |
|    Memory bandwidth [MBytes/s]    | 1224.0217 |         0 |         0 |         0 |         0 |         0 |  320.2216 |         0 |         0 |         0 |         0 |         0 |  316.0291 |         0 |         0 |         0 |         0 |         0 |  316.5105 |         0 |         0 |         0 |         0 |
|    Memory data volume [GBytes]    |    1.1504 |         0 |         0 |         0 |         0 |         0 |    0.3010 |         0 |         0 |         0 |         0 |         0 |    0.2970 |         0 |         0 |         0 |         0 |         0 |    0.2975 |         0 |         0 |         0 |         0 |
|       Operational intensity       |    0.1477 |    0.1082 |    0.1081 |    0.1081 |    0.1080 |    0.1080 |    0.4129 |    0.4129 |    0.4100 |    0.4083 |    0.4080 |    0.4080 |    0.4135 |    0.4106 |    0.4092 |    0.4078 |    0.4072 |    0.4061 |    0.4040 |    0.4025 |    0.4025 |    0.4025 |    0.4019 |
+-----------------------------------+-----------+-----------+-----------+-----------+-----------+-----------+-----------+-----------+-----------+-----------+-----------+-----------+-----------+-----------+-----------+-----------+-----------+-----------+-----------+-----------+-----------+-----------+-----------+
+----------------------------------------+------------+-----------+-----------+-----------+
|                 Metric                 |     Sum    |    Min    |    Max    |    Avg    |
+----------------------------------------+------------+-----------+-----------+-----------+
|        Runtime (RDTSC) [s] STAT        |    21.7002 |    0.9398 |    0.9444 |    0.9435 |
|        Runtime unhalted [s] STAT       |     3.8017 |    0.1546 |    0.2273 |    0.1653 |
|            Clock [MHz] STAT            | 43554.9764 | 1892.6281 | 1894.7704 | 1893.6946 |
|                CPI STAT                |    22.2477 |    0.6484 |    1.0396 |    0.9673 |
|             Energy [J] STAT            |   124.6198 |         0 |   32.4068 |    5.4183 |
|             Power [W] STAT             |   132.5967 |         0 |   34.4814 |    5.7651 |
|          Energy DRAM [J] STAT          |    14.5303 |         0 |    4.4795 |    0.6318 |
|           Power DRAM [W] STAT          |    15.4603 |         0 |    4.7662 |    0.6722 |
|            DP [MFLOP/s] STAT           |  3031.4178 |  126.6244 |  180.7435 |  131.8008 |
|          AVX DP [MFLOP/s] STAT         |     9.5420 |         0 |    9.5420 |    0.4149 |
|          Packed [MUOPS/s] STAT         |     1.3669 |         0 |    1.3669 |    0.0594 |
|          Scalar [MUOPS/s] STAT         |  3021.6142 |  126.6244 |  170.9399 |  131.3745 |
|  Memory read bandwidth [MBytes/s] STAT |   818.6003 |         0 |  409.2632 |   35.5913 |
|  Memory read data volume [GBytes] STAT |     0.7693 |         0 |    0.3846 |    0.0334 |
| Memory write bandwidth [MBytes/s] STAT |  1358.1825 |         0 |  814.7585 |   59.0514 |
| Memory write data volume [GBytes] STAT |     1.2765 |         0 |    0.7657 |    0.0555 |
|    Memory bandwidth [MBytes/s] STAT    |  2176.7829 |         0 | 1224.0217 |   94.6427 |
|    Memory data volume [GBytes] STAT    |     2.0459 |         0 |    1.1504 |    0.0890 |
|       Operational intensity STAT       |     7.6160 |    0.1080 |    0.4135 |    0.3311 |
+----------------------------------------+------------+-----------+-----------+-----------+
--------------------------------------------------------------------------------
CPU name:	Intel(R) Xeon(R) Gold 6132 CPU @ 2.60GHz
CPU type:	Intel Skylake SP processor
CPU clock:	2.59 GHz
--------------------------------------------------------------------------------
Region Solve, Group 1: MEM_DP
+-------------------+-----------+-----------+-----------+-----------+-----------+-----------+-----------+-----------+-----------+-----------+-----------+-----------+-----------+-----------+-----------+-----------+-----------+-----------+-----------+-----------+-----------+-----------+-----------+
|    Region Info    |   Core 0  |   Core 1  |   Core 2  |   Core 3  |   Core 4  |   Core 5  |  Core 14  |  Core 15  |  Core 16  |  Core 17  |  Core 18  |  Core 19  |  Core 28  |  Core 29  |  Core 30  |  Core 31  |  Core 32  |  Core 33  |  Core 42  |  Core 43  |  Core 44  |  Core 45  |  Core 46  |
+-------------------+-----------+-----------+-----------+-----------+-----------+-----------+-----------+-----------+-----------+-----------+-----------+-----------+-----------+-----------+-----------+-----------+-----------+-----------+-----------+-----------+-----------+-----------+-----------+
| RDTSC Runtime [s] | 28.348250 | 28.350770 | 28.350770 | 28.350780 | 28.350780 | 28.350770 | 28.348240 | 28.350760 | 28.350760 | 28.350770 | 28.350760 | 28.350770 | 28.348260 | 28.350770 | 28.350770 | 28.350760 | 28.350770 | 28.350770 | 28.348240 | 28.350770 | 28.350770 | 28.350770 | 28.350770 |
|     call count    |         1 |         1 |         1 |         1 |         1 |         1 |         1 |         1 |         1 |         1 |         1 |         1 |         1 |         1 |         1 |         1 |         1 |         1 |         1 |         1 |         1 |         1 |         1 |
+-------------------+-----------+-----------+-----------+-----------+-----------+-----------+-----------+-----------+-----------+-----------+-----------+-----------+-----------+-----------+-----------+-----------+-----------+-----------+-----------+-----------+-----------+-----------+-----------+
+------------------------------------------+---------+-------------+-------------+-------------+-------------+-------------+-------------+-------------+-------------+-------------+-------------+-------------+-------------+-------------+-------------+-------------+-------------+-------------+-------------+-------------+-------------+-------------+-------------+-------------+
|                   Event                  | Counter |    Core 0   |    Core 1   |    Core 2   |    Core 3   |    Core 4   |    Core 5   |   Core 14   |   Core 15   |   Core 16   |   Core 17   |   Core 18   |   Core 19   |   Core 28   |   Core 29   |   Core 30   |   Core 31   |   Core 32   |   Core 33   |   Core 42   |   Core 43   |   Core 44   |   Core 45   |   Core 46   |
+------------------------------------------+---------+-------------+-------------+-------------+-------------+-------------+-------------+-------------+-------------+-------------+-------------+-------------+-------------+-------------+-------------+-------------+-------------+-------------+-------------+-------------+-------------+-------------+-------------+-------------+
|             INSTR_RETIRED_ANY            |  FIXC0  | 97332180000 | 96897990000 | 96842210000 | 96558680000 | 96009750000 | 95677840000 | 95183180000 | 95170520000 | 94884160000 | 94590190000 | 94474920000 | 94327700000 | 94203040000 | 93786910000 | 93755070000 | 93336350000 | 93214950000 | 93425760000 | 93262400000 | 93386780000 | 93443370000 | 93237840000 | 96708620000 |
|           CPU_CLK_UNHALTED_CORE          |  FIXC1  | 52946310000 | 53094810000 | 53086020000 | 53123080000 | 53101290000 | 53097200000 | 52822010000 | 52933650000 | 52952600000 | 52950680000 | 52941340000 | 52942210000 | 52750450000 | 52946960000 | 52923800000 | 52945820000 | 52947010000 | 52932410000 | 52980950000 | 52995890000 | 52986040000 | 52995560000 | 47881290000 |
|           CPU_CLK_UNHALTED_REF           |  FIXC2  | 72473820000 | 72677110000 | 72664730000 | 72715300000 | 72685510000 | 72679720000 | 72303750000 | 72456540000 | 72482610000 | 72480380000 | 72468200000 | 72469040000 | 72205450000 | 72474380000 | 72442630000 | 72472420000 | 72474350000 | 72453920000 | 72500190000 | 72520610000 | 72507150000 | 72520170000 | 65521700000 |
|              PWR_PKG_ENERGY              |   PWR0  |   1458.3280 |           0 |           0 |           0 |           0 |           0 |   1536.2230 |           0 |           0 |           0 |           0 |           0 |   1493.3130 |           0 |           0 |           0 |           0 |           0 |   1291.2050 |           0 |           0 |           0 |           0 |
|              PWR_DRAM_ENERGY             |   PWR3  |    147.8810 |           0 |           0 |           0 |           0 |           0 |    153.2547 |           0 |           0 |           0 |           0 |           0 |    143.3999 |           0 |           0 |           0 |           0 |           0 |    134.5824 |           0 |           0 |           0 |           0 |
| FP_ARITH_INST_RETIRED_128B_PACKED_DOUBLE |   PMC0  |      218232 |           0 |           0 |           0 |           0 |           0 |           0 |           0 |           0 |           0 |           0 |           0 |           0 |           0 |           0 |           0 |           0 |           0 |           0 |           0 |           0 |           0 |           0 |
|    FP_ARITH_INST_RETIRED_SCALAR_DOUBLE   |   PMC1  | 28823630000 | 28802990000 | 28896390000 | 28778700000 | 28522820000 | 28413080000 | 28258340000 | 28275940000 | 28151420000 | 27956650000 | 27882490000 | 27859410000 | 27759530000 | 27696700000 | 27778280000 | 27670440000 | 27635730000 | 27687760000 | 27635190000 | 27752810000 | 27803890000 | 27629100000 | 27438450000 |
| FP_ARITH_INST_RETIRED_256B_PACKED_DOUBLE |   PMC2  |      302358 |           0 |           0 |           0 |           0 |           0 |           0 |           0 |           0 |           0 |           0 |           0 |           0 |           0 |           0 |           0 |           0 |           0 |           0 |           0 |           0 |           0 |           0 |
| FP_ARITH_INST_RETIRED_512B_PACKED_DOUBLE |   PMC3  |     2178750 |           0 |           0 |           0 |           0 |           0 |           0 |           0 |           0 |           0 |           0 |           0 |           0 |           0 |           0 |           0 |           0 |           0 |           0 |           0 |           0 |           0 |           0 |
|               CAS_COUNT_RD               | MBOX0C0 |   122905200 |           0 |           0 |           0 |           0 |           0 |   136653500 |           0 |           0 |           0 |           0 |           0 |   128093800 |           0 |           0 |           0 |           0 |           0 |   102632400 |           0 |           0 |           0 |           0 |
|               CAS_COUNT_WR               | MBOX0C1 |    72754890 |           0 |           0 |           0 |           0 |           0 |    85597830 |           0 |           0 |           0 |           0 |           0 |    74118360 |           0 |           0 |           0 |           0 |           0 |    56194570 |           0 |           0 |           0 |           0 |
|               CAS_COUNT_RD               | MBOX1C0 |   121417100 |           0 |           0 |           0 |           0 |           0 |   136967600 |           0 |           0 |           0 |           0 |           0 |   128205900 |           0 |           0 |           0 |           0 |           0 |   102059400 |           0 |           0 |           0 |           0 |
|               CAS_COUNT_WR               | MBOX1C1 |    71957400 |           0 |           0 |           0 |           0 |           0 |    85908290 |           0 |           0 |           0 |           0 |           0 |    74341930 |           0 |           0 |           0 |           0 |           0 |    55838370 |           0 |           0 |           0 |           0 |
|               CAS_COUNT_RD               | MBOX2C0 |   121982900 |           0 |           0 |           0 |           0 |           0 |   136193400 |           0 |           0 |           0 |           0 |           0 |   128334600 |           0 |           0 |           0 |           0 |           0 |   102030700 |           0 |           0 |           0 |           0 |
|               CAS_COUNT_WR               | MBOX2C1 |    72016700 |           0 |           0 |           0 |           0 |           0 |    85246360 |           0 |           0 |           0 |           0 |           0 |    74379630 |           0 |           0 |           0 |           0 |           0 |    55823850 |           0 |           0 |           0 |           0 |
|               CAS_COUNT_RD               | MBOX3C0 |   121001000 |           0 |           0 |           0 |           0 |           0 |   135352500 |           0 |           0 |           0 |           0 |           0 |   127343000 |           0 |           0 |           0 |           0 |           0 |   101792800 |           0 |           0 |           0 |           0 |
|               CAS_COUNT_WR               | MBOX3C1 |    71631940 |           0 |           0 |           0 |           0 |           0 |    84511120 |           0 |           0 |           0 |           0 |           0 |    73565500 |           0 |           0 |           0 |           0 |           0 |    55699670 |           0 |           0 |           0 |           0 |
|               CAS_COUNT_RD               | MBOX4C0 |   122216100 |           0 |           0 |           0 |           0 |           0 |   136127600 |           0 |           0 |           0 |           0 |           0 |   127138900 |           0 |           0 |           0 |           0 |           0 |   103150200 |           0 |           0 |           0 |           0 |
|               CAS_COUNT_WR               | MBOX4C1 |    71812730 |           0 |           0 |           0 |           0 |           0 |    85317860 |           0 |           0 |           0 |           0 |           0 |    73337740 |           0 |           0 |           0 |           0 |           0 |    56834820 |           0 |           0 |           0 |           0 |
|               CAS_COUNT_RD               | MBOX5C0 |   120814600 |           0 |           0 |           0 |           0 |           0 |   135743600 |           0 |           0 |           0 |           0 |           0 |   127345100 |           0 |           0 |           0 |           0 |           0 |   101402500 |           0 |           0 |           0 |           0 |
|               CAS_COUNT_WR               | MBOX5C1 |    71645320 |           0 |           0 |           0 |           0 |           0 |    84799570 |           0 |           0 |           0 |           0 |           0 |    73640050 |           0 |           0 |           0 |           0 |           0 |    55311500 |           0 |           0 |           0 |           0 |
+------------------------------------------+---------+-------------+-------------+-------------+-------------+-------------+-------------+-------------+-------------+-------------+-------------+-------------+-------------+-------------+-------------+-------------+-------------+-------------+-------------+-------------+-------------+-------------+-------------+-------------+
+-----------------------------------------------+---------+---------------+-------------+-------------+--------------+
|                     Event                     | Counter |      Sum      |     Min     |     Max     |      Avg     |
+-----------------------------------------------+---------+---------------+-------------+-------------+--------------+
|             INSTR_RETIRED_ANY STAT            |  FIXC0  | 2179710410000 | 93214950000 | 97332180000 | 9.477002e+10 |
|           CPU_CLK_UNHALTED_CORE STAT          |  FIXC1  | 1213277380000 | 47881290000 | 53123080000 | 5.275119e+10 |
|           CPU_CLK_UNHALTED_REF STAT           |  FIXC2  | 1660649680000 | 65521700000 | 72715300000 |  72202160000 |
|              PWR_PKG_ENERGY STAT              |   PWR0  |     5779.0690 |           0 |   1536.2230 |     251.2639 |
|              PWR_DRAM_ENERGY STAT             |   PWR3  |      579.1180 |           0 |    153.2547 |      25.1790 |
| FP_ARITH_INST_RETIRED_128B_PACKED_DOUBLE STAT |   PMC0  |        218232 |           0 |      218232 |    9488.3478 |
|    FP_ARITH_INST_RETIRED_SCALAR_DOUBLE STAT   |   PMC1  |  645109740000 | 27438450000 | 28896390000 | 2.804825e+10 |
| FP_ARITH_INST_RETIRED_256B_PACKED_DOUBLE STAT |   PMC2  |        302358 |           0 |      302358 |        13146 |
| FP_ARITH_INST_RETIRED_512B_PACKED_DOUBLE STAT |   PMC3  |       2178750 |           0 |     2178750 |   94728.2609 |
|               CAS_COUNT_RD STAT               | MBOX0C0 |     490284900 |           0 |   136653500 | 2.131673e+07 |
|               CAS_COUNT_WR STAT               | MBOX0C1 |     288665650 |           0 |    85597830 | 1.255068e+07 |
|               CAS_COUNT_RD STAT               | MBOX1C0 |     488650000 |           0 |   136967600 | 2.124565e+07 |
|               CAS_COUNT_WR STAT               | MBOX1C1 |     288045990 |           0 |    85908290 | 1.252374e+07 |
|               CAS_COUNT_RD STAT               | MBOX2C0 |     488541600 |           0 |   136193400 | 2.124094e+07 |
|               CAS_COUNT_WR STAT               | MBOX2C1 |     287466540 |           0 |    85246360 | 1.249855e+07 |
|               CAS_COUNT_RD STAT               | MBOX3C0 |     485489300 |           0 |   135352500 | 2.110823e+07 |
|               CAS_COUNT_WR STAT               | MBOX3C1 |     285408230 |           0 |    84511120 | 1.240905e+07 |
|               CAS_COUNT_RD STAT               | MBOX4C0 |     488632800 |           0 |   136127600 | 2.124490e+07 |
|               CAS_COUNT_WR STAT               | MBOX4C1 |     287303150 |           0 |    85317860 | 1.249144e+07 |
|               CAS_COUNT_RD STAT               | MBOX5C0 |     485305800 |           0 |   135743600 | 2.110025e+07 |
|               CAS_COUNT_WR STAT               | MBOX5C1 |     285396440 |           0 |    84799570 | 1.240854e+07 |
+-----------------------------------------------+---------+---------------+-------------+-------------+--------------+
+-----------------------------------+-----------+-----------+-----------+-----------+-----------+-----------+-----------+-----------+-----------+-----------+-----------+-----------+-----------+-----------+-----------+-----------+-----------+-----------+-----------+-----------+-----------+-----------+-----------+
|               Metric              |   Core 0  |   Core 1  |   Core 2  |   Core 3  |   Core 4  |   Core 5  |  Core 14  |  Core 15  |  Core 16  |  Core 17  |  Core 18  |  Core 19  |  Core 28  |  Core 29  |  Core 30  |  Core 31  |  Core 32  |  Core 33  |  Core 42  |  Core 43  |  Core 44  |  Core 45  |  Core 46  |
+-----------------------------------+-----------+-----------+-----------+-----------+-----------+-----------+-----------+-----------+-----------+-----------+-----------+-----------+-----------+-----------+-----------+-----------+-----------+-----------+-----------+-----------+-----------+-----------+-----------+
|        Runtime (RDTSC) [s]        |   28.3483 |   28.3508 |   28.3508 |   28.3508 |   28.3508 |   28.3508 |   28.3482 |   28.3508 |   28.3508 |   28.3508 |   28.3508 |   28.3508 |   28.3483 |   28.3508 |   28.3508 |   28.3508 |   28.3508 |   28.3508 |   28.3482 |   28.3508 |   28.3508 |   28.3508 |   28.3508 |
|        Runtime unhalted [s]       |   20.4131 |   20.4703 |   20.4669 |   20.4812 |   20.4728 |   20.4712 |   20.3651 |   20.4082 |   20.4155 |   20.4147 |   20.4111 |   20.4115 |   20.3375 |   20.4133 |   20.4044 |   20.4129 |   20.4133 |   20.4077 |   20.4264 |   20.4322 |   20.4284 |   20.4320 |   18.4603 |
|            Clock [MHz]            | 1894.8817 | 1894.8812 | 1894.8903 | 1894.8944 | 1894.8935 | 1894.8985 | 1894.8798 | 1894.8805 | 1894.8770 | 1894.8666 | 1894.8508 | 1894.8600 | 1894.8889 | 1894.8904 | 1894.8916 | 1894.9008 | 1894.8929 | 1894.9046 | 1895.4318 | 1895.4324 | 1895.4319 | 1895.4321 | 1895.4322 |
|                CPI                |    0.5440 |    0.5479 |    0.5482 |    0.5502 |    0.5531 |    0.5550 |    0.5550 |    0.5562 |    0.5581 |    0.5598 |    0.5604 |    0.5613 |    0.5600 |    0.5645 |    0.5645 |    0.5673 |    0.5680 |    0.5666 |    0.5681 |    0.5675 |    0.5670 |    0.5684 |    0.4951 |
|             Energy [J]            | 1458.3280 |         0 |         0 |         0 |         0 |         0 | 1536.2230 |         0 |         0 |         0 |         0 |         0 | 1493.3130 |         0 |         0 |         0 |         0 |         0 | 1291.2050 |         0 |         0 |         0 |         0 |
|             Power [W]             |   51.4433 |         0 |         0 |         0 |         0 |         0 |   54.1911 |         0 |         0 |         0 |         0 |         0 |   52.6774 |         0 |         0 |         0 |         0 |         0 |   45.5480 |         0 |         0 |         0 |         0 |
|          Energy DRAM [J]          |  147.8810 |         0 |         0 |         0 |         0 |         0 |  153.2547 |         0 |         0 |         0 |         0 |         0 |  143.3999 |         0 |         0 |         0 |         0 |         0 |  134.5824 |         0 |         0 |         0 |         0 |
|           Power DRAM [W]          |    5.2166 |         0 |         0 |         0 |         0 |         0 |    5.4061 |         0 |         0 |         0 |         0 |         0 |    5.0585 |         0 |         0 |         0 |         0 |         0 |    4.7475 |         0 |         0 |         0 |         0 |
|            DP [MFLOP/s]           | 1017.4422 | 1015.9509 | 1019.2453 | 1015.0938 | 1006.0683 | 1002.1978 |  996.8287 |  997.3609 |  992.9688 |  986.0984 |  983.4830 |  982.6685 |  979.2322 |  976.9294 |  979.8069 |  976.0035 |  974.7788 |  976.6140 |  974.8468 |  978.9085 |  980.7102 |  974.5450 |  967.8203 |
|          AVX DP [MFLOP/s]         |    0.6575 |         0 |         0 |         0 |         0 |         0 |         0 |         0 |         0 |         0 |         0 |         0 |         0 |         0 |         0 |         0 |         0 |         0 |         0 |         0 |         0 |         0 |         0 |
|          Packed [MUOPS/s]         |    0.0952 |         0 |         0 |         0 |         0 |         0 |         0 |         0 |         0 |         0 |         0 |         0 |         0 |         0 |         0 |         0 |         0 |         0 |         0 |         0 |         0 |         0 |         0 |
|          Scalar [MUOPS/s]         | 1016.7693 | 1015.9509 | 1019.2453 | 1015.0938 | 1006.0683 | 1002.1978 |  996.8287 |  997.3609 |  992.9688 |  986.0984 |  983.4830 |  982.6685 |  979.2322 |  976.9294 |  979.8069 |  976.0035 |  974.7788 |  976.6140 |  974.8468 |  978.9085 |  980.7102 |  974.5450 |  967.8203 |
|  Memory read bandwidth [MBytes/s] | 1648.8341 |         0 |         0 |         0 |         0 |         0 | 1844.5746 |         0 |         0 |         0 |         0 |         0 | 1730.3892 |         0 |         0 |         0 |         0 |         0 | 1384.0842 |         0 |         0 |         0 |         0 |
|  Memory read data volume [GBytes] |   46.7416 |         0 |         0 |         0 |         0 |         0 |   52.2904 |         0 |         0 |         0 |         0 |         0 |   49.0535 |         0 |         0 |         0 |         0 |         0 |   39.2364 |         0 |         0 |         0 |         0 |
| Memory write bandwidth [MBytes/s] |  974.8896 |         0 |         0 |         0 |         0 |         0 | 1154.5121 |         0 |         0 |         0 |         0 |         0 | 1000.9971 |         0 |         0 |         0 |         0 |         0 |  757.8946 |         0 |         0 |         0 |         0 |
| Memory write data volume [GBytes] |   27.6364 |         0 |         0 |         0 |         0 |         0 |   32.7284 |         0 |         0 |         0 |         0 |         0 |   28.3765 |         0 |         0 |         0 |         0 |         0 |   21.4850 |         0 |         0 |         0 |         0 |
|    Memory bandwidth [MBytes/s]    | 2623.7237 |         0 |         0 |         0 |         0 |         0 | 2999.0867 |         0 |         0 |         0 |         0 |         0 | 2731.3863 |         0 |         0 |         0 |         0 |         0 | 2141.9788 |         0 |         0 |         0 |         0 |
|    Memory data volume [GBytes]    |   74.3780 |         0 |         0 |         0 |         0 |         0 |   85.0188 |         0 |         0 |         0 |         0 |         0 |   77.4300 |         0 |         0 |         0 |         0 |         0 |   60.7213 |         0 |         0 |         0 |         0 |
|       Operational intensity       |    0.3878 |    0.3873 |    0.3885 |    0.3869 |    0.3835 |    0.3820 |    0.3324 |    0.3326 |    0.3311 |    0.3288 |    0.3280 |    0.3277 |    0.3585 |    0.3577 |    0.3588 |    0.3574 |    0.3569 |    0.3576 |    0.4551 |    0.4571 |    0.4579 |    0.4550 |    0.4519 |
+-----------------------------------+-----------+-----------+-----------+-----------+-----------+-----------+-----------+-----------+-----------+-----------+-----------+-----------+-----------+-----------+-----------+-----------+-----------+-----------+-----------+-----------+-----------+-----------+-----------+
+----------------------------------------+------------+-----------+-----------+-----------+
|                 Metric                 |     Sum    |    Min    |    Max    |    Avg    |
+----------------------------------------+------------+-----------+-----------+-----------+
|        Runtime (RDTSC) [s] STAT        |   652.0582 |   28.3482 |   28.3508 |   28.3504 |
|        Runtime unhalted [s] STAT       |   467.7700 |   18.4603 |   20.4812 |   20.3378 |
|            Clock [MHz] STAT            | 43585.0839 | 1894.8508 | 1895.4324 | 1895.0036 |
|                CPI STAT                |    12.8062 |    0.4951 |    0.5684 |    0.5568 |
|             Energy [J] STAT            |  5779.0690 |         0 | 1536.2230 |  251.2639 |
|             Power [W] STAT             |   203.8598 |         0 |   54.1911 |    8.8635 |
|          Energy DRAM [J] STAT          |   579.1180 |         0 |  153.2547 |   25.1790 |
|           Power DRAM [W] STAT          |    20.4287 |         0 |    5.4061 |    0.8882 |
|            DP [MFLOP/s] STAT           | 22755.6022 |  967.8203 | 1019.2453 |  989.3740 |
|          AVX DP [MFLOP/s] STAT         |     0.6575 |         0 |    0.6575 |    0.0286 |
|          Packed [MUOPS/s] STAT         |     0.0952 |         0 |    0.0952 |    0.0041 |
|          Scalar [MUOPS/s] STAT         | 22754.9293 |  967.8203 | 1019.2453 |  989.3448 |
|  Memory read bandwidth [MBytes/s] STAT |  6607.8821 |         0 | 1844.5746 |  287.2992 |
|  Memory read data volume [GBytes] STAT |   187.3219 |         0 |   52.2904 |    8.1444 |
| Memory write bandwidth [MBytes/s] STAT |  3888.2934 |         0 | 1154.5121 |  169.0562 |
| Memory write data volume [GBytes] STAT |   110.2263 |         0 |   32.7284 |    4.7924 |
|    Memory bandwidth [MBytes/s] STAT    | 10496.1755 |         0 | 2999.0867 |  456.3555 |
|    Memory data volume [GBytes] STAT    |   297.5481 |         0 |   85.0188 |   12.9369 |
|       Operational intensity STAT       |     8.7205 |    0.3277 |    0.4579 |    0.3792 |
+----------------------------------------+------------+-----------+-----------+-----------+
