--------------------------------------------------------------------------------
CPU name:	Intel(R) Xeon(R) Gold 6132 CPU @ 2.60GHz
CPU type:	Intel Skylake SP processor
CPU clock:	2.59 GHz
--------------------------------------------------------------------------------
Region Setup, Group 1: MEM_DP
+-------------------+----------+----------+----------+----------+----------+----------+----------+----------+----------+----------+----------+----------+----------+----------+----------+----------+----------+----------+----------+----------+----------+----------+----------+----------+----------+----------+----------+----------+----------+----------+
|    Region Info    |  Core 0  |  Core 1  |  Core 2  |  Core 3  |  Core 4  |  Core 5  |  Core 6  |  Core 7  |  Core 14 |  Core 15 |  Core 16 |  Core 17 |  Core 18 |  Core 19 |  Core 20 |  Core 21 |  Core 28 |  Core 29 |  Core 30 |  Core 31 |  Core 32 |  Core 33 |  Core 34 |  Core 42 |  Core 43 |  Core 44 |  Core 45 |  Core 46 |  Core 47 |  Core 48 |
+-------------------+----------+----------+----------+----------+----------+----------+----------+----------+----------+----------+----------+----------+----------+----------+----------+----------+----------+----------+----------+----------+----------+----------+----------+----------+----------+----------+----------+----------+----------+----------+
| RDTSC Runtime [s] | 0.968474 | 0.973492 | 0.973507 | 0.973496 | 0.973512 | 0.973499 | 0.973600 | 0.973605 | 0.969011 | 0.973546 | 0.973538 | 0.973544 | 0.973550 | 0.973482 | 0.973507 | 0.973475 | 0.969074 | 0.973521 | 0.973517 | 0.973507 | 0.973461 | 0.973500 | 0.973473 | 0.968968 | 0.973486 | 0.973547 | 0.973564 | 0.973555 | 0.973554 | 0.973476 |
|     call count    |        2 |        2 |        2 |        2 |        2 |        2 |        2 |        2 |        2 |        2 |        2 |        2 |        2 |        2 |        2 |        2 |        2 |        2 |        2 |        2 |        2 |        2 |        2 |        2 |        2 |        2 |        2 |        2 |        2 |        2 |
+-------------------+----------+----------+----------+----------+----------+----------+----------+----------+----------+----------+----------+----------+----------+----------+----------+----------+----------+----------+----------+----------+----------+----------+----------+----------+----------+----------+----------+----------+----------+----------+
+------------------------------------------+---------+-----------+-----------+-----------+-----------+-----------+-----------+-----------+-----------+-----------+-----------+-----------+-----------+-----------+-----------+-----------+-----------+-----------+-----------+-----------+-----------+-----------+-----------+-----------+-----------+-----------+-----------+-----------+-----------+-----------+-----------+
|                   Event                  | Counter |   Core 0  |   Core 1  |   Core 2  |   Core 3  |   Core 4  |   Core 5  |   Core 6  |   Core 7  |  Core 14  |  Core 15  |  Core 16  |  Core 17  |  Core 18  |  Core 19  |  Core 20  |  Core 21  |  Core 28  |  Core 29  |  Core 30  |  Core 31  |  Core 32  |  Core 33  |  Core 34  |  Core 42  |  Core 43  |  Core 44  |  Core 45  |  Core 46  |  Core 47  |  Core 48  |
+------------------------------------------+---------+-----------+-----------+-----------+-----------+-----------+-----------+-----------+-----------+-----------+-----------+-----------+-----------+-----------+-----------+-----------+-----------+-----------+-----------+-----------+-----------+-----------+-----------+-----------+-----------+-----------+-----------+-----------+-----------+-----------+-----------+
|             INSTR_RETIRED_ANY            |  FIXC0  | 812086100 | 344327300 | 342105000 | 342291900 | 340516600 | 340902500 | 340788400 | 340129100 | 335024100 | 333475900 | 333571700 | 333235900 | 334513500 | 332515100 | 332464300 | 329680500 | 327410400 | 327586000 | 327531800 | 328016800 | 327187900 | 328303000 | 326452900 | 325103000 | 325881600 | 324814100 | 324825200 | 326224700 | 324774100 | 326459800 |
|           CPU_CLK_UNHALTED_CORE          |  FIXC1  | 498204500 | 418786600 | 398465800 | 405054800 | 404914100 | 423234100 | 426296000 | 407673700 | 373001200 | 365156200 | 368398600 | 374627800 | 404481000 | 372318300 | 372876900 | 370755600 | 365874100 | 371523400 | 372040700 | 380883800 | 372119800 | 396637300 | 388709400 | 358472100 | 376056100 | 376966800 | 377877000 | 406339200 | 376695100 | 413220900 |
|           CPU_CLK_UNHALTED_REF           |  FIXC2  | 682115100 | 573711000 | 545860100 | 554856300 | 554658600 | 579946000 | 583972900 | 558385200 | 511017600 | 500215200 | 504841600 | 513129300 | 554326200 | 509971800 | 510921800 | 507880600 | 501300400 | 509076400 | 509783200 | 522010200 | 509966900 | 543555300 | 532590700 | 491165600 | 515312000 | 516478800 | 517764500 | 556786300 | 516124900 | 566100600 |
|              PWR_PKG_ENERGY              |   PWR0  |   34.0836 |         0 |         0 |         0 |         0 |         0 |         0 |         0 |   34.0149 |         0 |         0 |         0 |         0 |         0 |         0 |         0 |   32.4926 |         0 |         0 |         0 |         0 |         0 |         0 |   30.0691 |         0 |         0 |         0 |         0 |         0 |         0 |
|              PWR_DRAM_ENERGY             |   PWR3  |    4.6316 |         0 |         0 |         0 |         0 |         0 |         0 |         0 |    3.5145 |         0 |         0 |         0 |         0 |         0 |         0 |         0 |    3.3103 |         0 |         0 |         0 |         0 |         0 |         0 |    3.4921 |         0 |         0 |         0 |         0 |         0 |         0 |
| FP_ARITH_INST_RETIRED_128B_PACKED_DOUBLE |   PMC0  |    122920 |         0 |         0 |         0 |         0 |         0 |         0 |         0 |         0 |         0 |         0 |         0 |         0 |         0 |         0 |         0 |         0 |         0 |         0 |         0 |         0 |         0 |         0 |         0 |         0 |         0 |         0 |         0 |         0 |         0 |
|    FP_ARITH_INST_RETIRED_SCALAR_DOUBLE   |   PMC1  | 132807600 |  96805350 |  96530520 |  96452010 |  95947020 |  95754260 |  95717340 |  95753000 |  94738720 |  94324620 |  94324680 |  94109860 |  94083650 |  93939640 |  93939080 |  93139610 |  92802380 |  92784580 |  92760400 |  92786190 |  92654270 |  92662890 |  92206720 |  92231640 |  92207530 |  91891150 |  91866980 |  91891150 |  91866980 |  91746280 |
| FP_ARITH_INST_RETIRED_256B_PACKED_DOUBLE |   PMC2  |     81488 |         0 |         0 |         0 |         0 |         0 |         0 |         0 |         0 |         0 |         0 |         0 |         0 |         0 |         0 |         0 |         0 |         0 |         0 |         0 |         0 |         0 |         0 |         0 |         0 |         0 |         0 |         0 |         0 |         0 |
| FP_ARITH_INST_RETIRED_512B_PACKED_DOUBLE |   PMC3  |   1080242 |         0 |         0 |         0 |         0 |         0 |         0 |         0 |         0 |         0 |         0 |         0 |         0 |         0 |         0 |         0 |         0 |         0 |         0 |         0 |         0 |         0 |         0 |         0 |         0 |         0 |         0 |         0 |         0 |         0 |
|               CAS_COUNT_RD               | MBOX0C0 |   1185414 |         0 |         0 |         0 |         0 |         0 |         0 |         0 |    394601 |         0 |         0 |         0 |         0 |         0 |         0 |         0 |    265972 |         0 |         0 |         0 |         0 |         0 |         0 |    450895 |         0 |         0 |         0 |         0 |         0 |         0 |
|               CAS_COUNT_WR               | MBOX0C1 |   2036278 |         0 |         0 |         0 |         0 |         0 |         0 |         0 |    515839 |         0 |         0 |         0 |         0 |         0 |         0 |         0 |    393950 |         0 |         0 |         0 |         0 |         0 |         0 |    533632 |         0 |         0 |         0 |         0 |         0 |         0 |
|               CAS_COUNT_RD               | MBOX1C0 |   1394116 |         0 |         0 |         0 |         0 |         0 |         0 |         0 |    348329 |         0 |         0 |         0 |         0 |         0 |         0 |         0 |    270047 |         0 |         0 |         0 |         0 |         0 |         0 |    353902 |         0 |         0 |         0 |         0 |         0 |         0 |
|               CAS_COUNT_WR               | MBOX1C1 |   2351907 |         0 |         0 |         0 |         0 |         0 |         0 |         0 |    481511 |         0 |         0 |         0 |         0 |         0 |         0 |         0 |    399299 |         0 |         0 |         0 |         0 |         0 |         0 |    451348 |         0 |         0 |         0 |         0 |         0 |         0 |
|               CAS_COUNT_RD               | MBOX2C0 |   1154386 |         0 |         0 |         0 |         0 |         0 |         0 |         0 |    347392 |         0 |         0 |         0 |         0 |         0 |         0 |         0 |    275367 |         0 |         0 |         0 |         0 |         0 |         0 |    396262 |         0 |         0 |         0 |         0 |         0 |         0 |
|               CAS_COUNT_WR               | MBOX2C1 |   2091250 |         0 |         0 |         0 |         0 |         0 |         0 |         0 |    486750 |         0 |         0 |         0 |         0 |         0 |         0 |         0 |    407966 |         0 |         0 |         0 |         0 |         0 |         0 |    490139 |         0 |         0 |         0 |         0 |         0 |         0 |
|               CAS_COUNT_RD               | MBOX3C0 |    938561 |         0 |         0 |         0 |         0 |         0 |         0 |         0 |    285237 |         0 |         0 |         0 |         0 |         0 |         0 |         0 |    213213 |         0 |         0 |         0 |         0 |         0 |         0 |    402629 |         0 |         0 |         0 |         0 |         0 |         0 |
|               CAS_COUNT_WR               | MBOX3C1 |   1900104 |         0 |         0 |         0 |         0 |         0 |         0 |         0 |    427608 |         0 |         0 |         0 |         0 |         0 |         0 |         0 |    347445 |         0 |         0 |         0 |         0 |         0 |         0 |    490243 |         0 |         0 |         0 |         0 |         0 |         0 |
|               CAS_COUNT_RD               | MBOX4C0 |   1050538 |         0 |         0 |         0 |         0 |         0 |         0 |         0 |    389728 |         0 |         0 |         0 |         0 |         0 |         0 |         0 |    213667 |         0 |         0 |         0 |         0 |         0 |         0 |    499659 |         0 |         0 |         0 |         0 |         0 |         0 |
|               CAS_COUNT_WR               | MBOX4C1 |   1909381 |         0 |         0 |         0 |         0 |         0 |         0 |         0 |    528813 |         0 |         0 |         0 |         0 |         0 |         0 |         0 |    347595 |         0 |         0 |         0 |         0 |         0 |         0 |    583814 |         0 |         0 |         0 |         0 |         0 |         0 |
|               CAS_COUNT_RD               | MBOX5C0 |   1290463 |         0 |         0 |         0 |         0 |         0 |         0 |         0 |    270773 |         0 |         0 |         0 |         0 |         0 |         0 |         0 |    213593 |         0 |         0 |         0 |         0 |         0 |         0 |    382041 |         0 |         0 |         0 |         0 |         0 |         0 |
|               CAS_COUNT_WR               | MBOX5C1 |   2257402 |         0 |         0 |         0 |         0 |         0 |         0 |         0 |    412264 |         0 |         0 |         0 |         0 |         0 |         0 |         0 |    347850 |         0 |         0 |         0 |         0 |         0 |         0 |    479666 |         0 |         0 |         0 |         0 |         0 |         0 |
+------------------------------------------+---------+-----------+-----------+-----------+-----------+-----------+-----------+-----------+-----------+-----------+-----------+-----------+-----------+-----------+-----------+-----------+-----------+-----------+-----------+-----------+-----------+-----------+-----------+-----------+-----------+-----------+-----------+-----------+-----------+-----------+-----------+
+-----------------------------------------------+---------+-------------+-----------+-----------+--------------+
|                     Event                     | Counter |     Sum     |    Min    |    Max    |      Avg     |
+-----------------------------------------------+---------+-------------+-----------+-----------+--------------+
|             INSTR_RETIRED_ANY STAT            |  FIXC0  | 10438199200 | 324774100 | 812086100 | 3.479400e+08 |
|           CPU_CLK_UNHALTED_CORE STAT          |  FIXC1  | 11717660900 | 358472100 | 498204500 | 3.905887e+08 |
|           CPU_CLK_UNHALTED_REF STAT           |  FIXC2  | 16053825100 | 491165600 | 682115100 | 5.351275e+08 |
|              PWR_PKG_ENERGY STAT              |   PWR0  |    130.6602 |         0 |   34.0836 |       4.3553 |
|              PWR_DRAM_ENERGY STAT             |   PWR3  |     14.9485 |         0 |    4.6316 |       0.4983 |
| FP_ARITH_INST_RETIRED_128B_PACKED_DOUBLE STAT |   PMC0  |      122920 |         0 |    122920 |    4097.3333 |
|    FP_ARITH_INST_RETIRED_SCALAR_DOUBLE STAT   |   PMC1  |  2850726100 |  91746280 | 132807600 | 9.502420e+07 |
| FP_ARITH_INST_RETIRED_256B_PACKED_DOUBLE STAT |   PMC2  |       81488 |         0 |     81488 |    2716.2667 |
| FP_ARITH_INST_RETIRED_512B_PACKED_DOUBLE STAT |   PMC3  |     1080242 |         0 |   1080242 |   36008.0667 |
|               CAS_COUNT_RD STAT               | MBOX0C0 |     2296882 |         0 |   1185414 |   76562.7333 |
|               CAS_COUNT_WR STAT               | MBOX0C1 |     3479699 |         0 |   2036278 |  115989.9667 |
|               CAS_COUNT_RD STAT               | MBOX1C0 |     2366394 |         0 |   1394116 |   78879.8000 |
|               CAS_COUNT_WR STAT               | MBOX1C1 |     3684065 |         0 |   2351907 |  122802.1667 |
|               CAS_COUNT_RD STAT               | MBOX2C0 |     2173407 |         0 |   1154386 |   72446.9000 |
|               CAS_COUNT_WR STAT               | MBOX2C1 |     3476105 |         0 |   2091250 |  115870.1667 |
|               CAS_COUNT_RD STAT               | MBOX3C0 |     1839640 |         0 |    938561 |   61321.3333 |
|               CAS_COUNT_WR STAT               | MBOX3C1 |     3165400 |         0 |   1900104 |  105513.3333 |
|               CAS_COUNT_RD STAT               | MBOX4C0 |     2153592 |         0 |   1050538 |   71786.4000 |
|               CAS_COUNT_WR STAT               | MBOX4C1 |     3369603 |         0 |   1909381 |  112320.1000 |
|               CAS_COUNT_RD STAT               | MBOX5C0 |     2156870 |         0 |   1290463 |   71895.6667 |
|               CAS_COUNT_WR STAT               | MBOX5C1 |     3497182 |         0 |   2257402 |  116572.7333 |
+-----------------------------------------------+---------+-------------+-----------+-----------+--------------+
+-----------------------------------+-----------+-----------+-----------+-----------+-----------+-----------+-----------+-----------+-----------+-----------+-----------+-----------+-----------+-----------+-----------+-----------+-----------+-----------+-----------+-----------+-----------+-----------+-----------+-----------+-----------+-----------+-----------+-----------+-----------+-----------+
|               Metric              |   Core 0  |   Core 1  |   Core 2  |   Core 3  |   Core 4  |   Core 5  |   Core 6  |   Core 7  |  Core 14  |  Core 15  |  Core 16  |  Core 17  |  Core 18  |  Core 19  |  Core 20  |  Core 21  |  Core 28  |  Core 29  |  Core 30  |  Core 31  |  Core 32  |  Core 33  |  Core 34  |  Core 42  |  Core 43  |  Core 44  |  Core 45  |  Core 46  |  Core 47  |  Core 48  |
+-----------------------------------+-----------+-----------+-----------+-----------+-----------+-----------+-----------+-----------+-----------+-----------+-----------+-----------+-----------+-----------+-----------+-----------+-----------+-----------+-----------+-----------+-----------+-----------+-----------+-----------+-----------+-----------+-----------+-----------+-----------+-----------+
|        Runtime (RDTSC) [s]        |    0.9685 |    0.9735 |    0.9735 |    0.9735 |    0.9735 |    0.9735 |    0.9736 |    0.9736 |    0.9690 |    0.9735 |    0.9735 |    0.9735 |    0.9736 |    0.9735 |    0.9735 |    0.9735 |    0.9691 |    0.9735 |    0.9735 |    0.9735 |    0.9735 |    0.9735 |    0.9735 |    0.9690 |    0.9735 |    0.9735 |    0.9736 |    0.9736 |    0.9736 |    0.9735 |
|        Runtime unhalted [s]       |    0.1921 |    0.1615 |    0.1536 |    0.1562 |    0.1561 |    0.1632 |    0.1644 |    0.1572 |    0.1438 |    0.1408 |    0.1420 |    0.1444 |    0.1559 |    0.1435 |    0.1438 |    0.1429 |    0.1411 |    0.1432 |    0.1434 |    0.1468 |    0.1435 |    0.1529 |    0.1499 |    0.1382 |    0.1450 |    0.1453 |    0.1457 |    0.1567 |    0.1452 |    0.1593 |
|            Clock [MHz]            | 1894.4098 | 1893.3179 | 1893.3620 | 1893.4647 | 1893.4816 | 1892.8537 | 1893.4006 | 1893.6632 | 1893.2079 | 1893.4147 | 1892.7218 | 1893.6388 | 1892.5905 | 1893.6171 | 1892.9319 | 1893.4334 | 1893.0303 | 1892.8977 | 1892.9053 | 1892.5068 | 1892.6257 | 1892.6651 | 1893.0209 | 1893.0033 | 1892.8070 | 1893.1043 | 1892.9630 | 1892.8845 | 1893.0370 | 1893.2702 |
|                CPI                |    0.6135 |    1.2162 |    1.1647 |    1.1834 |    1.1891 |    1.2415 |    1.2509 |    1.1986 |    1.1134 |    1.0950 |    1.1044 |    1.1242 |    1.2092 |    1.1197 |    1.1216 |    1.1246 |    1.1175 |    1.1341 |    1.1359 |    1.1612 |    1.1373 |    1.2081 |    1.1907 |    1.1026 |    1.1540 |    1.1606 |    1.1633 |    1.2456 |    1.1599 |    1.2658 |
|             Energy [J]            |   34.0836 |         0 |         0 |         0 |         0 |         0 |         0 |         0 |   34.0149 |         0 |         0 |         0 |         0 |         0 |         0 |         0 |   32.4926 |         0 |         0 |         0 |         0 |         0 |         0 |   30.0691 |         0 |         0 |         0 |         0 |         0 |         0 |
|             Power [W]             |   35.1931 |         0 |         0 |         0 |         0 |         0 |         0 |         0 |   35.1027 |         0 |         0 |         0 |         0 |         0 |         0 |         0 |   33.5295 |         0 |         0 |         0 |         0 |         0 |         0 |   31.0321 |         0 |         0 |         0 |         0 |         0 |         0 |
|          Energy DRAM [J]          |    4.6316 |         0 |         0 |         0 |         0 |         0 |         0 |         0 |    3.5145 |         0 |         0 |         0 |         0 |         0 |         0 |         0 |    3.3103 |         0 |         0 |         0 |         0 |         0 |         0 |    3.4921 |         0 |         0 |         0 |         0 |         0 |         0 |
|           Power DRAM [W]          |    4.7823 |         0 |         0 |         0 |         0 |         0 |         0 |         0 |    3.6269 |         0 |         0 |         0 |         0 |         0 |         0 |         0 |    3.4160 |         0 |         0 |         0 |         0 |         0 |         0 |    3.6039 |         0 |         0 |         0 |         0 |         0 |         0 |
|            DP [MFLOP/s]           |  146.6444 |   99.4414 |   99.1575 |   99.0779 |   98.5576 |   98.3609 |   98.3127 |   98.3489 |   97.7685 |   96.8877 |   96.8886 |   96.6673 |   96.6397 |   96.4986 |   96.4955 |   95.6775 |   95.7639 |   95.3082 |   95.2838 |   95.3113 |   95.1803 |   95.1853 |   94.7193 |   95.1854 |   94.7189 |   94.3880 |   94.3616 |   94.3872 |   94.3625 |   94.2461 |
|          AVX DP [MFLOP/s]         |    9.2598 |         0 |         0 |         0 |         0 |         0 |         0 |         0 |         0 |         0 |         0 |         0 |         0 |         0 |         0 |         0 |         0 |         0 |         0 |         0 |         0 |         0 |         0 |         0 |         0 |         0 |         0 |         0 |         0 |         0 |
|          Packed [MUOPS/s]         |    1.3265 |         0 |         0 |         0 |         0 |         0 |         0 |         0 |         0 |         0 |         0 |         0 |         0 |         0 |         0 |         0 |         0 |         0 |         0 |         0 |         0 |         0 |         0 |         0 |         0 |         0 |         0 |         0 |         0 |         0 |
|          Scalar [MUOPS/s]         |  137.1308 |   99.4414 |   99.1575 |   99.0779 |   98.5576 |   98.3609 |   98.3127 |   98.3489 |   97.7685 |   96.8877 |   96.8886 |   96.6673 |   96.6397 |   96.4986 |   96.4955 |   95.6775 |   95.7639 |   95.3082 |   95.2838 |   95.3113 |   95.1803 |   95.1853 |   94.7193 |   95.1854 |   94.7189 |   94.3880 |   94.3616 |   94.3872 |   94.3625 |   94.2461 |
|  Memory read bandwidth [MBytes/s] |  463.4741 |         0 |         0 |         0 |         0 |         0 |         0 |         0 |  134.4751 |         0 |         0 |         0 |         0 |         0 |         0 |         0 |   95.8842 |         0 |         0 |         0 |         0 |         0 |         0 |  164.1589 |         0 |         0 |         0 |         0 |         0 |         0 |
|  Memory read data volume [GBytes] |    0.4489 |         0 |         0 |         0 |         0 |         0 |         0 |         0 |    0.1303 |         0 |         0 |         0 |         0 |         0 |         0 |         0 |    0.0929 |         0 |         0 |         0 |         0 |         0 |         0 |    0.1591 |         0 |         0 |         0 |         0 |         0 |         0 |
| Memory write bandwidth [MBytes/s] |  829.1029 |         0 |         0 |         0 |         0 |         0 |         0 |         0 |  188.4171 |         0 |         0 |         0 |         0 |         0 |         0 |         0 |  148.2061 |         0 |         0 |         0 |         0 |         0 |         0 |  200.0539 |         0 |         0 |         0 |         0 |         0 |         0 |
| Memory write data volume [GBytes] |    0.8030 |         0 |         0 |         0 |         0 |         0 |         0 |         0 |    0.1826 |         0 |         0 |         0 |         0 |         0 |         0 |         0 |    0.1436 |         0 |         0 |         0 |         0 |         0 |         0 |    0.1938 |         0 |         0 |         0 |         0 |         0 |         0 |
|    Memory bandwidth [MBytes/s]    | 1292.5770 |         0 |         0 |         0 |         0 |         0 |         0 |         0 |  322.8922 |         0 |         0 |         0 |         0 |         0 |         0 |         0 |  244.0903 |         0 |         0 |         0 |         0 |         0 |         0 |  364.2128 |         0 |         0 |         0 |         0 |         0 |         0 |
|    Memory data volume [GBytes]    |    1.2518 |         0 |         0 |         0 |         0 |         0 |         0 |         0 |    0.3129 |         0 |         0 |         0 |         0 |         0 |         0 |         0 |    0.2365 |         0 |         0 |         0 |         0 |         0 |         0 |    0.3529 |         0 |         0 |         0 |         0 |         0 |         0 |
|       Operational intensity       |    0.1135 |    0.0773 |    0.0771 |    0.0770 |    0.0766 |    0.0765 |    0.0765 |    0.0765 |    0.3028 |    0.3015 |    0.3015 |    0.3008 |    0.3007 |    0.3002 |    0.3002 |    0.2977 |    0.3923 |    0.3923 |    0.3922 |    0.3923 |    0.3917 |    0.3917 |    0.3898 |    0.2613 |    0.2613 |    0.2604 |    0.2603 |    0.2604 |    0.2603 |    0.2600 |
+-----------------------------------+-----------+-----------+-----------+-----------+-----------+-----------+-----------+-----------+-----------+-----------+-----------+-----------+-----------+-----------+-----------+-----------+-----------+-----------+-----------+-----------+-----------+-----------+-----------+-----------+-----------+-----------+-----------+-----------+-----------+-----------+
+----------------------------------------+------------+-----------+-----------+-----------+
|                 Metric                 |     Sum    |    Min    |    Max    |    Avg    |
+----------------------------------------+------------+-----------+-----------+-----------+
|        Runtime (RDTSC) [s] STAT        |    29.1872 |    0.9685 |    0.9736 |    0.9729 |
|        Runtime unhalted [s] STAT       |     4.5176 |    0.1382 |    0.1921 |    0.1506 |
|            Clock [MHz] STAT            | 56794.2307 | 1892.5068 | 1894.4098 | 1893.1410 |
|                CPI STAT                |    34.4066 |    0.6135 |    1.2658 |    1.1469 |
|             Energy [J] STAT            |   130.6602 |         0 |   34.0836 |    4.3553 |
|             Power [W] STAT             |   134.8574 |         0 |   35.1931 |    4.4952 |
|          Energy DRAM [J] STAT          |    14.9485 |         0 |    4.6316 |    0.4983 |
|           Power DRAM [W] STAT          |    15.4291 |         0 |    4.7823 |    0.5143 |
|            DP [MFLOP/s] STAT           |  2939.8265 |   94.2461 |  146.6444 |   97.9942 |
|          AVX DP [MFLOP/s] STAT         |     9.2598 |         0 |    9.2598 |    0.3087 |
|          Packed [MUOPS/s] STAT         |     1.3265 |         0 |    1.3265 |    0.0442 |
|          Scalar [MUOPS/s] STAT         |  2930.3129 |   94.2461 |  137.1308 |   97.6771 |
|  Memory read bandwidth [MBytes/s] STAT |   857.9923 |         0 |  463.4741 |   28.5997 |
|  Memory read data volume [GBytes] STAT |     0.8312 |         0 |    0.4489 |    0.0277 |
| Memory write bandwidth [MBytes/s] STAT |  1365.7800 |         0 |  829.1029 |   45.5260 |
| Memory write data volume [GBytes] STAT |     1.3230 |         0 |    0.8030 |    0.0441 |
|    Memory bandwidth [MBytes/s] STAT    |  2223.7723 |         0 | 1292.5770 |   74.1257 |
|    Memory data volume [GBytes] STAT    |     2.1541 |         0 |    1.2518 |    0.0718 |
|       Operational intensity STAT       |     7.6227 |    0.0765 |    0.3923 |    0.2541 |
+----------------------------------------+------------+-----------+-----------+-----------+
--------------------------------------------------------------------------------
CPU name:	Intel(R) Xeon(R) Gold 6132 CPU @ 2.60GHz
CPU type:	Intel Skylake SP processor
CPU clock:	2.59 GHz
--------------------------------------------------------------------------------
Region Solve, Group 1: MEM_DP
+-------------------+-----------+-----------+-----------+-----------+-----------+-----------+-----------+-----------+-----------+-----------+-----------+-----------+-----------+-----------+-----------+-----------+-----------+-----------+-----------+-----------+-----------+-----------+-----------+-----------+-----------+-----------+-----------+-----------+-----------+-----------+
|    Region Info    |   Core 0  |   Core 1  |   Core 2  |   Core 3  |   Core 4  |   Core 5  |   Core 6  |   Core 7  |  Core 14  |  Core 15  |  Core 16  |  Core 17  |  Core 18  |  Core 19  |  Core 20  |  Core 21  |  Core 28  |  Core 29  |  Core 30  |  Core 31  |  Core 32  |  Core 33  |  Core 34  |  Core 42  |  Core 43  |  Core 44  |  Core 45  |  Core 46  |  Core 47  |  Core 48  |
+-------------------+-----------+-----------+-----------+-----------+-----------+-----------+-----------+-----------+-----------+-----------+-----------+-----------+-----------+-----------+-----------+-----------+-----------+-----------+-----------+-----------+-----------+-----------+-----------+-----------+-----------+-----------+-----------+-----------+-----------+-----------+
| RDTSC Runtime [s] | 23.130110 | 23.132620 | 23.132630 | 23.132640 | 23.132630 | 23.132630 | 23.132640 | 23.132630 | 23.130100 | 23.132620 | 23.132610 | 23.132630 | 23.132630 | 23.132630 | 23.132620 | 23.132620 | 23.130110 | 23.132620 | 23.132620 | 23.132640 | 23.132620 | 23.132620 | 23.132630 | 23.130120 | 23.132630 | 23.132630 | 23.132640 | 23.132640 | 23.132630 | 23.132640 |
|     call count    |         1 |         1 |         1 |         1 |         1 |         1 |         1 |         1 |         1 |         1 |         1 |         1 |         1 |         1 |         1 |         1 |         1 |         1 |         1 |         1 |         1 |         1 |         1 |         1 |         1 |         1 |         1 |         1 |         1 |         1 |
+-------------------+-----------+-----------+-----------+-----------+-----------+-----------+-----------+-----------+-----------+-----------+-----------+-----------+-----------+-----------+-----------+-----------+-----------+-----------+-----------+-----------+-----------+-----------+-----------+-----------+-----------+-----------+-----------+-----------+-----------+-----------+
+------------------------------------------+---------+-------------+-------------+-------------+-------------+-------------+-------------+-------------+-------------+-------------+-------------+-------------+-------------+-------------+-------------+-------------+-------------+-------------+-------------+-------------+-------------+-------------+-------------+-------------+-------------+-------------+-------------+-------------+-------------+-------------+-------------+
|                   Event                  | Counter |    Core 0   |    Core 1   |    Core 2   |    Core 3   |    Core 4   |    Core 5   |    Core 6   |    Core 7   |   Core 14   |   Core 15   |   Core 16   |   Core 17   |   Core 18   |   Core 19   |   Core 20   |   Core 21   |   Core 28   |   Core 29   |   Core 30   |   Core 31   |   Core 32   |   Core 33   |   Core 34   |   Core 42   |   Core 43   |   Core 44   |   Core 45   |   Core 46   |   Core 47   |   Core 48   |
+------------------------------------------+---------+-------------+-------------+-------------+-------------+-------------+-------------+-------------+-------------+-------------+-------------+-------------+-------------+-------------+-------------+-------------+-------------+-------------+-------------+-------------+-------------+-------------+-------------+-------------+-------------+-------------+-------------+-------------+-------------+-------------+-------------+
|             INSTR_RETIRED_ANY            |  FIXC0  | 75545920000 | 75243070000 | 75157870000 | 75239510000 | 74551940000 | 74335920000 | 73929340000 | 73555660000 | 72786240000 | 72686030000 | 72799880000 | 72799800000 | 72694000000 | 72336650000 | 72231610000 | 71957400000 | 71824490000 | 71882690000 | 71847480000 | 71655060000 | 71516870000 | 71473480000 | 71453890000 | 71437270000 | 71851320000 | 71507610000 | 71553280000 | 71461140000 | 71324190000 | 74600240000 |
|           CPU_CLK_UNHALTED_CORE          |  FIXC1  | 43130810000 | 43279350000 | 43275220000 | 43285530000 | 43280850000 | 43274440000 | 43179050000 | 43240640000 | 43107400000 | 43102190000 | 43114880000 | 43117450000 | 42946080000 | 43125740000 | 43109980000 | 43114780000 | 43100940000 | 43121780000 | 43122620000 | 43119510000 | 43124600000 | 43121150000 | 43122740000 | 43151960000 | 42799460000 | 43165720000 | 43154210000 | 43166540000 | 43165140000 | 38395160000 |
|           CPU_CLK_UNHALTED_REF           |  FIXC2  | 59034260000 | 59237420000 | 59231890000 | 59245500000 | 59239010000 | 59230260000 | 59100090000 | 59184730000 | 59003340000 | 58996280000 | 59013680000 | 59017120000 | 58782860000 | 59029670000 | 59008700000 | 59015210000 | 58999490000 | 59028090000 | 59029600000 | 59025390000 | 59032430000 | 59026920000 | 59028880000 | 59050010000 | 58567610000 | 59068830000 | 59053080000 | 59069960000 | 59068020000 | 52540590000 |
|              PWR_PKG_ENERGY              |   PWR0  |   1337.1800 |           0 |           0 |           0 |           0 |           0 |           0 |           0 |   1410.0300 |           0 |           0 |           0 |           0 |           0 |           0 |           0 |   1317.7670 |           0 |           0 |           0 |           0 |           0 |           0 |   1197.7340 |           0 |           0 |           0 |           0 |           0 |           0 |
|              PWR_DRAM_ENERGY             |   PWR3  |    128.6703 |           0 |           0 |           0 |           0 |           0 |           0 |           0 |    132.5846 |           0 |           0 |           0 |           0 |           0 |           0 |           0 |    117.1315 |           0 |           0 |           0 |           0 |           0 |           0 |    116.8019 |           0 |           0 |           0 |           0 |           0 |           0 |
| FP_ARITH_INST_RETIRED_128B_PACKED_DOUBLE |   PMC0  |      218232 |           0 |           0 |           0 |           0 |           0 |           0 |           0 |           0 |           0 |           0 |           0 |           0 |           0 |           0 |           0 |           0 |           0 |           0 |           0 |           0 |           0 |           0 |           0 |           0 |           0 |           0 |           0 |           0 |           0 |
|    FP_ARITH_INST_RETIRED_SCALAR_DOUBLE   |   PMC1  | 22357040000 | 22325380000 | 22373230000 | 22450400000 | 22203500000 | 22073400000 | 21897180000 | 21819290000 | 21582280000 | 21537490000 | 21568700000 | 21529650000 | 21380900000 | 21293260000 | 21282390000 | 21190670000 | 21126980000 | 21173270000 | 21227030000 | 21203110000 | 21164450000 | 21154160000 | 21136630000 | 21125610000 | 21195990000 | 21230850000 | 21273320000 | 21192180000 | 21079220000 | 20962160000 |
| FP_ARITH_INST_RETIRED_256B_PACKED_DOUBLE |   PMC2  |      302358 |           0 |           0 |           0 |           0 |           0 |           0 |           0 |           0 |           0 |           0 |           0 |           0 |           0 |           0 |           0 |           0 |           0 |           0 |           0 |           0 |           0 |           0 |           0 |           0 |           0 |           0 |           0 |           0 |           0 |
| FP_ARITH_INST_RETIRED_512B_PACKED_DOUBLE |   PMC3  |     2178750 |           0 |           0 |           0 |           0 |           0 |           0 |           0 |           0 |           0 |           0 |           0 |           0 |           0 |           0 |           0 |           0 |           0 |           0 |           0 |           0 |           0 |           0 |           0 |           0 |           0 |           0 |           0 |           0 |           0 |
|               CAS_COUNT_RD               | MBOX0C0 |   122107200 |           0 |           0 |           0 |           0 |           0 |           0 |           0 |   137508900 |           0 |           0 |           0 |           0 |           0 |           0 |           0 |   109025600 |           0 |           0 |           0 |           0 |           0 |           0 |   108234400 |           0 |           0 |           0 |           0 |           0 |           0 |
|               CAS_COUNT_WR               | MBOX0C1 |    75402400 |           0 |           0 |           0 |           0 |           0 |           0 |           0 |    84749570 |           0 |           0 |           0 |           0 |           0 |           0 |           0 |    62576920 |           0 |           0 |           0 |           0 |           0 |           0 |    56035360 |           0 |           0 |           0 |           0 |           0 |           0 |
|               CAS_COUNT_RD               | MBOX1C0 |   121878900 |           0 |           0 |           0 |           0 |           0 |           0 |           0 |   137931000 |           0 |           0 |           0 |           0 |           0 |           0 |           0 |   109111900 |           0 |           0 |           0 |           0 |           0 |           0 |   107830800 |           0 |           0 |           0 |           0 |           0 |           0 |
|               CAS_COUNT_WR               | MBOX1C1 |    75998210 |           0 |           0 |           0 |           0 |           0 |           0 |           0 |    85086940 |           0 |           0 |           0 |           0 |           0 |           0 |           0 |    62711960 |           0 |           0 |           0 |           0 |           0 |           0 |    55651080 |           0 |           0 |           0 |           0 |           0 |           0 |
|               CAS_COUNT_RD               | MBOX2C0 |   121422500 |           0 |           0 |           0 |           0 |           0 |           0 |           0 |   137267200 |           0 |           0 |           0 |           0 |           0 |           0 |           0 |   109045700 |           0 |           0 |           0 |           0 |           0 |           0 |   108125300 |           0 |           0 |           0 |           0 |           0 |           0 |
|               CAS_COUNT_WR               | MBOX2C1 |    75331270 |           0 |           0 |           0 |           0 |           0 |           0 |           0 |    84468120 |           0 |           0 |           0 |           0 |           0 |           0 |           0 |    62601080 |           0 |           0 |           0 |           0 |           0 |           0 |    56097100 |           0 |           0 |           0 |           0 |           0 |           0 |
|               CAS_COUNT_RD               | MBOX3C0 |   121045100 |           0 |           0 |           0 |           0 |           0 |           0 |           0 |   136279300 |           0 |           0 |           0 |           0 |           0 |           0 |           0 |   108165100 |           0 |           0 |           0 |           0 |           0 |           0 |   107400200 |           0 |           0 |           0 |           0 |           0 |           0 |
|               CAS_COUNT_WR               | MBOX3C1 |    75007790 |           0 |           0 |           0 |           0 |           0 |           0 |           0 |    83589480 |           0 |           0 |           0 |           0 |           0 |           0 |           0 |    61873130 |           0 |           0 |           0 |           0 |           0 |           0 |    55475470 |           0 |           0 |           0 |           0 |           0 |           0 |
|               CAS_COUNT_RD               | MBOX4C0 |   121644500 |           0 |           0 |           0 |           0 |           0 |           0 |           0 |   136877600 |           0 |           0 |           0 |           0 |           0 |           0 |           0 |   108143400 |           0 |           0 |           0 |           0 |           0 |           0 |   108213400 |           0 |           0 |           0 |           0 |           0 |           0 |
|               CAS_COUNT_WR               | MBOX4C1 |    75044310 |           0 |           0 |           0 |           0 |           0 |           0 |           0 |    84361490 |           0 |           0 |           0 |           0 |           0 |           0 |           0 |    61830270 |           0 |           0 |           0 |           0 |           0 |           0 |    56087890 |           0 |           0 |           0 |           0 |           0 |           0 |
|               CAS_COUNT_RD               | MBOX5C0 |   121141300 |           0 |           0 |           0 |           0 |           0 |           0 |           0 |   136706400 |           0 |           0 |           0 |           0 |           0 |           0 |           0 |   108275500 |           0 |           0 |           0 |           0 |           0 |           0 |   107646900 |           0 |           0 |           0 |           0 |           0 |           0 |
|               CAS_COUNT_WR               | MBOX5C1 |    75442680 |           0 |           0 |           0 |           0 |           0 |           0 |           0 |    83855460 |           0 |           0 |           0 |           0 |           0 |           0 |           0 |    61961380 |           0 |           0 |           0 |           0 |           0 |           0 |    55578700 |           0 |           0 |           0 |           0 |           0 |           0 |
+------------------------------------------+---------+-------------+-------------+-------------+-------------+-------------+-------------+-------------+-------------+-------------+-------------+-------------+-------------+-------------+-------------+-------------+-------------+-------------+-------------+-------------+-------------+-------------+-------------+-------------+-------------+-------------+-------------+-------------+-------------+-------------+-------------+
+-----------------------------------------------+---------+---------------+-------------+-------------+--------------+
|                     Event                     | Counter |      Sum      |     Min     |     Max     |      Avg     |
+-----------------------------------------------+---------+---------------+-------------+-------------+--------------+
|             INSTR_RETIRED_ANY STAT            |  FIXC0  | 2183239850000 | 71324190000 | 75545920000 | 7.277466e+10 |
|           CPU_CLK_UNHALTED_CORE STAT          |  FIXC1  | 1289515920000 | 38395160000 | 43285530000 |  42983864000 |
|           CPU_CLK_UNHALTED_REF STAT           |  FIXC2  | 1764958920000 | 52540590000 | 59245500000 |  58831964000 |
|              PWR_PKG_ENERGY STAT              |   PWR0  |     5262.7110 |           0 |   1410.0300 |     175.4237 |
|              PWR_DRAM_ENERGY STAT             |   PWR3  |      495.1883 |           0 |    132.5846 |      16.5063 |
| FP_ARITH_INST_RETIRED_128B_PACKED_DOUBLE STAT |   PMC0  |        218232 |           0 |      218232 |    7274.4000 |
|    FP_ARITH_INST_RETIRED_SCALAR_DOUBLE STAT   |   PMC1  |  645109720000 | 20962160000 | 22450400000 | 2.150366e+10 |
| FP_ARITH_INST_RETIRED_256B_PACKED_DOUBLE STAT |   PMC2  |        302358 |           0 |      302358 |   10078.6000 |
| FP_ARITH_INST_RETIRED_512B_PACKED_DOUBLE STAT |   PMC3  |       2178750 |           0 |     2178750 |        72625 |
|               CAS_COUNT_RD STAT               | MBOX0C0 |     476876100 |           0 |   137508900 |     15895870 |
|               CAS_COUNT_WR STAT               | MBOX0C1 |     278764250 |           0 |    84749570 | 9.292142e+06 |
|               CAS_COUNT_RD STAT               | MBOX1C0 |     476752600 |           0 |   137931000 | 1.589175e+07 |
|               CAS_COUNT_WR STAT               | MBOX1C1 |     279448190 |           0 |    85086940 | 9.314940e+06 |
|               CAS_COUNT_RD STAT               | MBOX2C0 |     475860700 |           0 |   137267200 | 1.586202e+07 |
|               CAS_COUNT_WR STAT               | MBOX2C1 |     278497570 |           0 |    84468120 | 9.283252e+06 |
|               CAS_COUNT_RD STAT               | MBOX3C0 |     472889700 |           0 |   136279300 |     15762990 |
|               CAS_COUNT_WR STAT               | MBOX3C1 |     275945870 |           0 |    83589480 | 9.198196e+06 |
|               CAS_COUNT_RD STAT               | MBOX4C0 |     474878900 |           0 |   136877600 | 1.582930e+07 |
|               CAS_COUNT_WR STAT               | MBOX4C1 |     277323960 |           0 |    84361490 |      9244132 |
|               CAS_COUNT_RD STAT               | MBOX5C0 |     473770100 |           0 |   136706400 | 1.579234e+07 |
|               CAS_COUNT_WR STAT               | MBOX5C1 |     276838220 |           0 |    83855460 | 9.227941e+06 |
+-----------------------------------------------+---------+---------------+-------------+-------------+--------------+
+-----------------------------------+-----------+-----------+-----------+-----------+-----------+-----------+-----------+-----------+-----------+-----------+-----------+-----------+-----------+-----------+-----------+-----------+-----------+-----------+-----------+-----------+-----------+-----------+-----------+-----------+-----------+-----------+-----------+-----------+-----------+-----------+
|               Metric              |   Core 0  |   Core 1  |   Core 2  |   Core 3  |   Core 4  |   Core 5  |   Core 6  |   Core 7  |  Core 14  |  Core 15  |  Core 16  |  Core 17  |  Core 18  |  Core 19  |  Core 20  |  Core 21  |  Core 28  |  Core 29  |  Core 30  |  Core 31  |  Core 32  |  Core 33  |  Core 34  |  Core 42  |  Core 43  |  Core 44  |  Core 45  |  Core 46  |  Core 47  |  Core 48  |
+-----------------------------------+-----------+-----------+-----------+-----------+-----------+-----------+-----------+-----------+-----------+-----------+-----------+-----------+-----------+-----------+-----------+-----------+-----------+-----------+-----------+-----------+-----------+-----------+-----------+-----------+-----------+-----------+-----------+-----------+-----------+-----------+
|        Runtime (RDTSC) [s]        |   23.1301 |   23.1326 |   23.1326 |   23.1326 |   23.1326 |   23.1326 |   23.1326 |   23.1326 |   23.1301 |   23.1326 |   23.1326 |   23.1326 |   23.1326 |   23.1326 |   23.1326 |   23.1326 |   23.1301 |   23.1326 |   23.1326 |   23.1326 |   23.1326 |   23.1326 |   23.1326 |   23.1301 |   23.1326 |   23.1326 |   23.1326 |   23.1326 |   23.1326 |   23.1326 |
|        Runtime unhalted [s]       |   16.6289 |   16.6862 |   16.6846 |   16.6886 |   16.6868 |   16.6843 |   16.6475 |   16.6713 |   16.6199 |   16.6179 |   16.6228 |   16.6238 |   16.5577 |   16.6270 |   16.6209 |   16.6227 |   16.6174 |   16.6254 |   16.6257 |   16.6245 |   16.6265 |   16.6252 |   16.6258 |   16.6371 |   16.5012 |   16.6424 |   16.6379 |   16.6427 |   16.6421 |   14.8031 |
|            Clock [MHz]            | 1894.9922 | 1894.9971 | 1894.9931 | 1895.0092 | 1895.0119 | 1895.0111 | 1894.9986 | 1894.9877 | 1894.9562 | 1894.9539 | 1894.9529 | 1894.9554 | 1894.9457 | 1894.9168 | 1894.8975 | 1894.8994 | 1894.7959 | 1894.7935 | 1894.7820 | 1894.7805 | 1894.7781 | 1894.8034 | 1894.8104 | 1895.4158 | 1895.4168 | 1895.4161 | 1895.4161 | 1895.4158 | 1895.4166 | 1895.4201 |
|                CPI                |    0.5709 |    0.5752 |    0.5758 |    0.5753 |    0.5805 |    0.5821 |    0.5841 |    0.5879 |    0.5922 |    0.5930 |    0.5922 |    0.5923 |    0.5908 |    0.5962 |    0.5968 |    0.5992 |    0.6001 |    0.5999 |    0.6002 |    0.6018 |    0.6030 |    0.6033 |    0.6035 |    0.6041 |    0.5957 |    0.6037 |    0.6031 |    0.6041 |    0.6052 |    0.5147 |
|             Energy [J]            | 1337.1800 |         0 |         0 |         0 |         0 |         0 |         0 |         0 | 1410.0300 |         0 |         0 |         0 |         0 |         0 |         0 |         0 | 1317.7670 |         0 |         0 |         0 |         0 |         0 |         0 | 1197.7340 |         0 |         0 |         0 |         0 |         0 |         0 |
|             Power [W]             |   57.8112 |         0 |         0 |         0 |         0 |         0 |         0 |         0 |   60.9608 |         0 |         0 |         0 |         0 |         0 |         0 |         0 |   56.9719 |         0 |         0 |         0 |         0 |         0 |         0 |   51.7824 |         0 |         0 |         0 |         0 |         0 |         0 |
|          Energy DRAM [J]          |  128.6703 |         0 |         0 |         0 |         0 |         0 |         0 |         0 |  132.5846 |         0 |         0 |         0 |         0 |         0 |         0 |         0 |  117.1315 |         0 |         0 |         0 |         0 |         0 |         0 |  116.8019 |         0 |         0 |         0 |         0 |         0 |         0 |
|           Power DRAM [W]          |    5.5629 |         0 |         0 |         0 |         0 |         0 |         0 |         0 |    5.7321 |         0 |         0 |         0 |         0 |         0 |         0 |         0 |    5.0640 |         0 |         0 |         0 |         0 |         0 |         0 |    5.0498 |         0 |         0 |         0 |         0 |         0 |         0 |
|            DP [MFLOP/s]           |  967.4021 |  965.1038 |  967.1719 |  970.5075 |  959.8347 |  954.2106 |  946.5923 |  943.2257 |  933.0820 |  931.0441 |  932.3937 |  930.7048 |  924.2745 |  920.4859 |  920.0164 |  916.0514 |  913.3973 |  915.2993 |  917.6233 |  916.5884 |  914.9180 |  914.4732 |  913.7150 |  913.3377 |  916.2810 |  917.7880 |  919.6235 |  916.1159 |  911.2332 |  906.1724 |
|          AVX DP [MFLOP/s]         |    0.8059 |         0 |         0 |         0 |         0 |         0 |         0 |         0 |         0 |         0 |         0 |         0 |         0 |         0 |         0 |         0 |         0 |         0 |         0 |         0 |         0 |         0 |         0 |         0 |         0 |         0 |         0 |         0 |         0 |         0 |
|          Packed [MUOPS/s]         |    0.1167 |         0 |         0 |         0 |         0 |         0 |         0 |         0 |         0 |         0 |         0 |         0 |         0 |         0 |         0 |         0 |         0 |         0 |         0 |         0 |         0 |         0 |         0 |         0 |         0 |         0 |         0 |         0 |         0 |         0 |
|          Scalar [MUOPS/s]         |  966.5773 |  965.1038 |  967.1719 |  970.5075 |  959.8347 |  954.2106 |  946.5923 |  943.2257 |  933.0820 |  931.0441 |  932.3937 |  930.7048 |  924.2745 |  920.4859 |  920.0164 |  916.0514 |  913.3973 |  915.2993 |  917.6233 |  916.5884 |  914.9180 |  914.4732 |  913.7150 |  913.3377 |  916.2810 |  917.7880 |  919.6235 |  916.1159 |  911.2332 |  906.1724 |
|  Memory read bandwidth [MBytes/s] | 2017.7737 |         0 |         0 |         0 |         0 |         0 |         0 |         0 | 2276.0172 |         0 |         0 |         0 |         0 |         0 |         0 |         0 | 1803.4113 |         0 |         0 |         0 |         0 |         0 |         0 | 1791.4677 |         0 |         0 |         0 |         0 |         0 |         0 |
|  Memory read data volume [GBytes] |   46.6713 |         0 |         0 |         0 |         0 |         0 |         0 |         0 |   52.6445 |         0 |         0 |         0 |         0 |         0 |         0 |         0 |   41.7131 |         0 |         0 |         0 |         0 |         0 |         0 |   41.4369 |         0 |         0 |         0 |         0 |         0 |         0 |
| Memory write bandwidth [MBytes/s] | 1251.2913 |         0 |         0 |         0 |         0 |         0 |         0 |         0 | 1400.3877 |         0 |         0 |         0 |         0 |         0 |         0 |         0 | 1033.6096 |         0 |         0 |         0 |         0 |         0 |         0 |  926.7240 |         0 |         0 |         0 |         0 |         0 |         0 |
| Memory write data volume [GBytes] |   28.9425 |         0 |         0 |         0 |         0 |         0 |         0 |         0 |   32.3911 |         0 |         0 |         0 |         0 |         0 |         0 |         0 |   23.9075 |         0 |         0 |         0 |         0 |         0 |         0 |   21.4352 |         0 |         0 |         0 |         0 |         0 |         0 |
|    Memory bandwidth [MBytes/s]    | 3269.0651 |         0 |         0 |         0 |         0 |         0 |         0 |         0 | 3676.4049 |         0 |         0 |         0 |         0 |         0 |         0 |         0 | 2837.0208 |         0 |         0 |         0 |         0 |         0 |         0 | 2718.1918 |         0 |         0 |         0 |         0 |         0 |         0 |
|    Memory data volume [GBytes]    |   75.6138 |         0 |         0 |         0 |         0 |         0 |         0 |         0 |   85.0356 |         0 |         0 |         0 |         0 |         0 |         0 |         0 |   65.6206 |         0 |         0 |         0 |         0 |         0 |         0 |   62.8721 |         0 |         0 |         0 |         0 |         0 |         0 |
|       Operational intensity       |    0.2959 |    0.2953 |    0.2959 |    0.2969 |    0.2936 |    0.2919 |    0.2896 |    0.2886 |    0.2538 |    0.2533 |    0.2536 |    0.2532 |    0.2514 |    0.2504 |    0.2503 |    0.2492 |    0.3220 |    0.3227 |    0.3235 |    0.3231 |    0.3225 |    0.3224 |    0.3221 |    0.3360 |    0.3371 |    0.3377 |    0.3384 |    0.3371 |    0.3353 |    0.3334 |
+-----------------------------------+-----------+-----------+-----------+-----------+-----------+-----------+-----------+-----------+-----------+-----------+-----------+-----------+-----------+-----------+-----------+-----------+-----------+-----------+-----------+-----------+-----------+-----------+-----------+-----------+-----------+-----------+-----------+-----------+-----------+-----------+
+----------------------------------------+------------+-----------+-----------+-----------+
|                 Metric                 |     Sum    |    Min    |    Max    |    Avg    |
+----------------------------------------+------------+-----------+-----------+-----------+
|        Runtime (RDTSC) [s] STAT        |   693.9680 |   23.1301 |   23.1326 |   23.1323 |
|        Runtime unhalted [s] STAT       |   497.1679 |   14.8031 |   16.6886 |   16.5723 |
|            Clock [MHz] STAT            | 56850.9398 | 1894.7781 | 1895.4201 | 1895.0313 |
|                CPI STAT                |    17.7269 |    0.5147 |    0.6052 |    0.5909 |
|             Energy [J] STAT            |  5262.7110 |         0 | 1410.0300 |  175.4237 |
|             Power [W] STAT             |   227.5263 |         0 |   60.9608 |    7.5842 |
|          Energy DRAM [J] STAT          |   495.1883 |         0 |  132.5846 |   16.5063 |
|           Power DRAM [W] STAT          |    21.4088 |         0 |    5.7321 |    0.7136 |
|            DP [MFLOP/s] STAT           | 27888.6676 |  906.1724 |  970.5075 |  929.6223 |
|          AVX DP [MFLOP/s] STAT         |     0.8059 |         0 |    0.8059 |    0.0269 |
|          Packed [MUOPS/s] STAT         |     0.1167 |         0 |    0.1167 |    0.0039 |
|          Scalar [MUOPS/s] STAT         | 27887.8428 |  906.1724 |  970.5075 |  929.5948 |
|  Memory read bandwidth [MBytes/s] STAT |  7888.6699 |         0 | 2276.0172 |  262.9557 |
|  Memory read data volume [GBytes] STAT |   182.4658 |         0 |   52.6445 |    6.0822 |
| Memory write bandwidth [MBytes/s] STAT |  4612.0126 |         0 | 1400.3877 |  153.7338 |
| Memory write data volume [GBytes] STAT |   106.6763 |         0 |   32.3911 |    3.5559 |
|    Memory bandwidth [MBytes/s] STAT    | 12500.6826 |         0 | 3676.4049 |  416.6894 |
|    Memory data volume [GBytes] STAT    |   289.1421 |         0 |   85.0356 |    9.6381 |
|       Operational intensity STAT       |     8.9762 |    0.2492 |    0.3384 |    0.2992 |
+----------------------------------------+------------+-----------+-----------+-----------+
