--------------------------------------------------------------------------------
CPU name:	Intel(R) Xeon(R) Gold 6132 CPU @ 2.60GHz
CPU type:	Intel Skylake SP processor
CPU clock:	2.59 GHz
--------------------------------------------------------------------------------
Region Setup, Group 1: MEM_DP
+-------------------+----------+----------+----------+----------+----------+----------+----------+----------+----------+----------+----------+----------+----------+----------+----------+----------+----------+----------+----------+----------+----------+----------+----------+----------+----------+----------+
|    Region Info    |  Core 0  |  Core 1  |  Core 2  |  Core 3  |  Core 4  |  Core 5  |  Core 6  |  Core 14 |  Core 15 |  Core 16 |  Core 17 |  Core 18 |  Core 19 |  Core 20 |  Core 28 |  Core 29 |  Core 30 |  Core 31 |  Core 32 |  Core 33 |  Core 42 |  Core 43 |  Core 44 |  Core 45 |  Core 46 |  Core 47 |
+-------------------+----------+----------+----------+----------+----------+----------+----------+----------+----------+----------+----------+----------+----------+----------+----------+----------+----------+----------+----------+----------+----------+----------+----------+----------+----------+----------+
| RDTSC Runtime [s] | 0.988452 | 0.992948 | 0.993239 | 0.955284 | 0.993180 | 0.993182 | 0.993221 | 0.988587 | 0.955111 | 0.955084 | 0.993090 | 0.955100 | 0.993060 | 0.993045 | 0.988566 | 0.955054 | 0.955029 | 0.993090 | 0.993198 | 0.955340 | 0.988544 | 0.993022 | 0.993182 | 0.955074 | 0.955042 | 0.993054 |
|     call count    |        2 |        2 |        2 |        2 |        2 |        2 |        2 |        2 |        2 |        2 |        2 |        2 |        2 |        2 |        2 |        2 |        2 |        2 |        2 |        2 |        2 |        2 |        2 |        2 |        2 |        2 |
+-------------------+----------+----------+----------+----------+----------+----------+----------+----------+----------+----------+----------+----------+----------+----------+----------+----------+----------+----------+----------+----------+----------+----------+----------+----------+----------+----------+
+------------------------------------------+---------+-----------+-----------+-----------+-----------+-----------+-----------+-----------+-----------+-----------+-----------+-----------+-----------+-----------+-----------+-----------+-----------+-----------+-----------+-----------+-----------+-----------+-----------+-----------+-----------+-----------+-----------+
|                   Event                  | Counter |   Core 0  |   Core 1  |   Core 2  |   Core 3  |   Core 4  |   Core 5  |   Core 6  |  Core 14  |  Core 15  |  Core 16  |  Core 17  |  Core 18  |  Core 19  |  Core 20  |  Core 28  |  Core 29  |  Core 30  |  Core 31  |  Core 32  |  Core 33  |  Core 42  |  Core 43  |  Core 44  |  Core 45  |  Core 46  |  Core 47  |
+------------------------------------------+---------+-----------+-----------+-----------+-----------+-----------+-----------+-----------+-----------+-----------+-----------+-----------+-----------+-----------+-----------+-----------+-----------+-----------+-----------+-----------+-----------+-----------+-----------+-----------+-----------+-----------+-----------+
|             INSTR_RETIRED_ANY            |  FIXC0  | 860866100 | 391941200 | 391394500 | 388884800 | 391028700 | 391167800 | 388646400 | 386429200 | 384118200 | 384159700 | 386610500 | 383886500 | 384649300 | 380702500 | 379847900 | 377862800 | 376189100 | 378779400 | 377970600 | 376219100 | 378481300 | 376860300 | 376778600 | 374860000 | 372081600 | 373430500 |
|           CPU_CLK_UNHALTED_CORE          |  FIXC1  | 568497800 | 460980500 | 460296500 | 418179500 | 469540300 | 468892500 | 464262700 | 426068900 | 385777200 | 383728500 | 439539300 | 389707300 | 439132800 | 424456400 | 432134800 | 385182800 | 385759800 | 438013700 | 426275700 | 384971900 | 444644600 | 428443600 | 431554300 | 386674500 | 386796200 | 441373100 |
|           CPU_CLK_UNHALTED_REF           |  FIXC2  | 778396800 | 631622500 | 630597600 | 573277000 | 643334400 | 642422600 | 636047900 | 583551800 | 528411500 | 525562600 | 602030600 | 533764400 | 601434200 | 581293400 | 591953400 | 527814900 | 528562300 | 600255400 | 583961100 | 527442800 | 609401800 | 586831100 | 591170400 | 529685800 | 529998800 | 604658500 |
|              PWR_PKG_ENERGY              |   PWR0  |   34.5052 |         0 |         0 |         0 |         0 |         0 |         0 |   34.1756 |         0 |         0 |         0 |         0 |         0 |         0 |   32.8663 |         0 |         0 |         0 |         0 |         0 |   30.4104 |         0 |         0 |         0 |         0 |         0 |
|              PWR_DRAM_ENERGY             |   PWR3  |    4.4683 |         0 |         0 |         0 |         0 |         0 |         0 |    3.6556 |         0 |         0 |         0 |         0 |         0 |         0 |    3.3265 |         0 |         0 |         0 |         0 |         0 |    3.6443 |         0 |         0 |         0 |         0 |         0 |
| FP_ARITH_INST_RETIRED_128B_PACKED_DOUBLE |   PMC0  |    122920 |         0 |         0 |         0 |         0 |         0 |         0 |         0 |         0 |         0 |         0 |         0 |         0 |         0 |         0 |         0 |         0 |         0 |         0 |         0 |         0 |         0 |         0 |         0 |         0 |         0 |
|    FP_ARITH_INST_RETIRED_SCALAR_DOUBLE   |   PMC1  | 146420200 | 110393700 | 110362200 | 110153800 | 110111100 | 110113000 | 109449000 | 109298800 | 109225200 | 109217000 | 109206200 | 109074700 | 108623100 | 107618200 | 107284300 | 107320100 | 107133400 | 107129200 | 107093000 | 107129200 | 106999300 | 106733200 | 106696400 | 106733200 | 105873100 | 105335000 |
| FP_ARITH_INST_RETIRED_256B_PACKED_DOUBLE |   PMC2  |     81488 |         0 |         0 |         0 |         0 |         0 |         0 |         0 |         0 |         0 |         0 |         0 |         0 |         0 |         0 |         0 |         0 |         0 |         0 |         0 |         0 |         0 |         0 |         0 |         0 |         0 |
| FP_ARITH_INST_RETIRED_512B_PACKED_DOUBLE |   PMC3  |   1080242 |         0 |         0 |         0 |         0 |         0 |         0 |         0 |         0 |         0 |         0 |         0 |         0 |         0 |         0 |         0 |         0 |         0 |         0 |         0 |         0 |         0 |         0 |         0 |         0 |         0 |
|               CAS_COUNT_RD               | MBOX0C0 |    907386 |         0 |         0 |         0 |         0 |         0 |         0 |    391827 |         0 |         0 |         0 |         0 |         0 |         0 |    272095 |         0 |         0 |         0 |         0 |         0 |    601902 |         0 |         0 |         0 |         0 |         0 |
|               CAS_COUNT_WR               | MBOX0C1 |   1946999 |         0 |         0 |         0 |         0 |         0 |         0 |    504865 |         0 |         0 |         0 |         0 |         0 |         0 |    392959 |         0 |         0 |         0 |         0 |         0 |    589701 |         0 |         0 |         0 |         0 |         0 |
|               CAS_COUNT_RD               | MBOX1C0 |    839521 |         0 |         0 |         0 |         0 |         0 |         0 |    352876 |         0 |         0 |         0 |         0 |         0 |         0 |    274446 |         0 |         0 |         0 |         0 |         0 |    422362 |         0 |         0 |         0 |         0 |         0 |
|               CAS_COUNT_WR               | MBOX1C1 |   1943409 |         0 |         0 |         0 |         0 |         0 |         0 |    479143 |         0 |         0 |         0 |         0 |         0 |         0 |    396787 |         0 |         0 |         0 |         0 |         0 |    457925 |         0 |         0 |         0 |         0 |         0 |
|               CAS_COUNT_RD               | MBOX2C0 |    880249 |         0 |         0 |         0 |         0 |         0 |         0 |    363558 |         0 |         0 |         0 |         0 |         0 |         0 |    280537 |         0 |         0 |         0 |         0 |         0 |    589403 |         0 |         0 |         0 |         0 |         0 |
|               CAS_COUNT_WR               | MBOX2C1 |   1969066 |         0 |         0 |         0 |         0 |         0 |         0 |    493026 |         0 |         0 |         0 |         0 |         0 |         0 |    404596 |         0 |         0 |         0 |         0 |         0 |    592941 |         0 |         0 |         0 |         0 |         0 |
|               CAS_COUNT_RD               | MBOX3C0 |    675654 |         0 |         0 |         0 |         0 |         0 |         0 |    284188 |         0 |         0 |         0 |         0 |         0 |         0 |    213416 |         0 |         0 |         0 |         0 |         0 |    703738 |         0 |         0 |         0 |         0 |         0 |
|               CAS_COUNT_WR               | MBOX3C1 |   1780136 |         0 |         0 |         0 |         0 |         0 |         0 |    414604 |         0 |         0 |         0 |         0 |         0 |         0 |    336563 |         0 |         0 |         0 |         0 |         0 |    698872 |         0 |         0 |         0 |         0 |         0 |
|               CAS_COUNT_RD               | MBOX4C0 |    771527 |         0 |         0 |         0 |         0 |         0 |         0 |    374881 |         0 |         0 |         0 |         0 |         0 |         0 |    214929 |         0 |         0 |         0 |         0 |         0 |    465970 |         0 |         0 |         0 |         0 |         0 |
|               CAS_COUNT_WR               | MBOX4C1 |   1796653 |         0 |         0 |         0 |         0 |         0 |         0 |    500503 |         0 |         0 |         0 |         0 |         0 |         0 |    337241 |         0 |         0 |         0 |         0 |         0 |    492629 |         0 |         0 |         0 |         0 |         0 |
|               CAS_COUNT_RD               | MBOX5C0 |    636215 |         0 |         0 |         0 |         0 |         0 |         0 |    277159 |         0 |         0 |         0 |         0 |         0 |         0 |    214356 |         0 |         0 |         0 |         0 |         0 |   1098514 |         0 |         0 |         0 |         0 |         0 |
|               CAS_COUNT_WR               | MBOX5C1 |   1755089 |         0 |         0 |         0 |         0 |         0 |         0 |    406811 |         0 |         0 |         0 |         0 |         0 |         0 |    337078 |         0 |         0 |         0 |         0 |         0 |   1078154 |         0 |         0 |         0 |         0 |         0 |
+------------------------------------------+---------+-----------+-----------+-----------+-----------+-----------+-----------+-----------+-----------+-----------+-----------+-----------+-----------+-----------+-----------+-----------+-----------+-----------+-----------+-----------+-----------+-----------+-----------+-----------+-----------+-----------+-----------+
+-----------------------------------------------+---------+-------------+-----------+-----------+--------------+
|                     Event                     | Counter |     Sum     |    Min    |    Max    |      Avg     |
+-----------------------------------------------+---------+-------------+-----------+-----------+--------------+
|             INSTR_RETIRED_ANY STAT            |  FIXC0  | 10413846600 | 372081600 | 860866100 | 4.005326e+08 |
|           CPU_CLK_UNHALTED_CORE STAT          |  FIXC1  | 11170885200 | 383728500 | 568497800 | 4.296494e+08 |
|           CPU_CLK_UNHALTED_REF STAT           |  FIXC2  | 15303483600 | 525562600 | 778396800 | 5.885955e+08 |
|              PWR_PKG_ENERGY STAT              |   PWR0  |    131.9575 |         0 |   34.5052 |       5.0753 |
|              PWR_DRAM_ENERGY STAT             |   PWR3  |     15.0947 |         0 |    4.4683 |       0.5806 |
| FP_ARITH_INST_RETIRED_128B_PACKED_DOUBLE STAT |   PMC0  |      122920 |         0 |    122920 |    4727.6923 |
|    FP_ARITH_INST_RETIRED_SCALAR_DOUBLE STAT   |   PMC1  |  2850725600 | 105335000 | 146420200 | 1.096433e+08 |
| FP_ARITH_INST_RETIRED_256B_PACKED_DOUBLE STAT |   PMC2  |       81488 |         0 |     81488 |    3134.1538 |
| FP_ARITH_INST_RETIRED_512B_PACKED_DOUBLE STAT |   PMC3  |     1080242 |         0 |   1080242 |   41547.7692 |
|               CAS_COUNT_RD STAT               | MBOX0C0 |     2173210 |         0 |    907386 |        83585 |
|               CAS_COUNT_WR STAT               | MBOX0C1 |     3434524 |         0 |   1946999 |  132097.0769 |
|               CAS_COUNT_RD STAT               | MBOX1C0 |     1889205 |         0 |    839521 |   72661.7308 |
|               CAS_COUNT_WR STAT               | MBOX1C1 |     3277264 |         0 |   1943409 |  126048.6154 |
|               CAS_COUNT_RD STAT               | MBOX2C0 |     2113747 |         0 |    880249 |   81297.9615 |
|               CAS_COUNT_WR STAT               | MBOX2C1 |     3459629 |         0 |   1969066 |  133062.6538 |
|               CAS_COUNT_RD STAT               | MBOX3C0 |     1876996 |         0 |    703738 |   72192.1538 |
|               CAS_COUNT_WR STAT               | MBOX3C1 |     3230175 |         0 |   1780136 |  124237.5000 |
|               CAS_COUNT_RD STAT               | MBOX4C0 |     1827307 |         0 |    771527 |   70281.0385 |
|               CAS_COUNT_WR STAT               | MBOX4C1 |     3127026 |         0 |   1796653 |  120270.2308 |
|               CAS_COUNT_RD STAT               | MBOX5C0 |     2226244 |         0 |   1098514 |   85624.7692 |
|               CAS_COUNT_WR STAT               | MBOX5C1 |     3577132 |         0 |   1755089 |       137582 |
+-----------------------------------------------+---------+-------------+-----------+-----------+--------------+
+-----------------------------------+-----------+-----------+-----------+-----------+-----------+-----------+-----------+-----------+-----------+-----------+-----------+-----------+-----------+-----------+-----------+-----------+-----------+-----------+-----------+-----------+-----------+-----------+-----------+-----------+-----------+-----------+
|               Metric              |   Core 0  |   Core 1  |   Core 2  |   Core 3  |   Core 4  |   Core 5  |   Core 6  |  Core 14  |  Core 15  |  Core 16  |  Core 17  |  Core 18  |  Core 19  |  Core 20  |  Core 28  |  Core 29  |  Core 30  |  Core 31  |  Core 32  |  Core 33  |  Core 42  |  Core 43  |  Core 44  |  Core 45  |  Core 46  |  Core 47  |
+-----------------------------------+-----------+-----------+-----------+-----------+-----------+-----------+-----------+-----------+-----------+-----------+-----------+-----------+-----------+-----------+-----------+-----------+-----------+-----------+-----------+-----------+-----------+-----------+-----------+-----------+-----------+-----------+
|        Runtime (RDTSC) [s]        |    0.9885 |    0.9929 |    0.9932 |    0.9553 |    0.9932 |    0.9932 |    0.9932 |    0.9886 |    0.9551 |    0.9551 |    0.9931 |    0.9551 |    0.9931 |    0.9930 |    0.9886 |    0.9551 |    0.9550 |    0.9931 |    0.9932 |    0.9553 |    0.9885 |    0.9930 |    0.9932 |    0.9551 |    0.9550 |    0.9931 |
|        Runtime unhalted [s]       |    0.2192 |    0.1777 |    0.1775 |    0.1612 |    0.1810 |    0.1808 |    0.1790 |    0.1643 |    0.1487 |    0.1479 |    0.1695 |    0.1502 |    0.1693 |    0.1636 |    0.1666 |    0.1485 |    0.1487 |    0.1689 |    0.1643 |    0.1484 |    0.1714 |    0.1652 |    0.1664 |    0.1491 |    0.1491 |    0.1702 |
|            Clock [MHz]            | 1894.3434 | 1893.0232 | 1893.2864 | 1892.0351 | 1893.0717 | 1893.1431 | 1893.2368 | 1893.7881 | 1893.6306 | 1893.7845 | 1893.6953 | 1893.7380 | 1893.8201 | 1893.9506 | 1893.4886 | 1892.8500 | 1893.0049 | 1892.7035 | 1893.3793 | 1893.1483 | 1892.5190 | 1893.7014 | 1893.4495 | 1893.4689 | 1892.9462 | 1893.3315 |
|                CPI                |    0.6604 |    1.1761 |    1.1760 |    1.0753 |    1.2008 |    1.1987 |    1.1946 |    1.1026 |    1.0043 |    0.9989 |    1.1369 |    1.0152 |    1.1416 |    1.1149 |    1.1377 |    1.0194 |    1.0254 |    1.1564 |    1.1278 |    1.0233 |    1.1748 |    1.1369 |    1.1454 |    1.0315 |    1.0395 |    1.1819 |
|             Energy [J]            |   34.5052 |         0 |         0 |         0 |         0 |         0 |         0 |   34.1756 |         0 |         0 |         0 |         0 |         0 |         0 |   32.8663 |         0 |         0 |         0 |         0 |         0 |   30.4104 |         0 |         0 |         0 |         0 |         0 |
|             Power [W]             |   34.9083 |         0 |         0 |         0 |         0 |         0 |         0 |   34.5702 |         0 |         0 |         0 |         0 |         0 |         0 |   33.2465 |         0 |         0 |         0 |         0 |         0 |   30.7628 |         0 |         0 |         0 |         0 |         0 |
|          Energy DRAM [J]          |    4.4683 |         0 |         0 |         0 |         0 |         0 |         0 |    3.6556 |         0 |         0 |         0 |         0 |         0 |         0 |    3.3265 |         0 |         0 |         0 |         0 |         0 |    3.6443 |         0 |         0 |         0 |         0 |         0 |
|           Power DRAM [W]          |    4.5205 |         0 |         0 |         0 |         0 |         0 |         0 |    3.6978 |         0 |         0 |         0 |         0 |         0 |         0 |    3.3650 |         0 |         0 |         0 |         0 |         0 |    3.6865 |         0 |         0 |         0 |         0 |         0 |
|            DP [MFLOP/s]           |  157.4521 |  111.1777 |  111.1135 |  115.3100 |  110.8672 |  110.8688 |  110.1960 |  110.5607 |  114.3586 |  114.3533 |  109.9660 |  114.2024 |  109.3822 |  108.3720 |  108.5252 |  112.3707 |  112.1782 |  107.8746 |  107.8265 |  112.1373 |  108.2393 |  107.4833 |  107.4288 |  111.7539 |  110.8571 |  106.0718 |
|          AVX DP [MFLOP/s]         |    9.0727 |         0 |         0 |         0 |         0 |         0 |         0 |         0 |         0 |         0 |         0 |         0 |         0 |         0 |         0 |         0 |         0 |         0 |         0 |         0 |         0 |         0 |         0 |         0 |         0 |         0 |
|          Packed [MUOPS/s]         |    1.2997 |         0 |         0 |         0 |         0 |         0 |         0 |         0 |         0 |         0 |         0 |         0 |         0 |         0 |         0 |         0 |         0 |         0 |         0 |         0 |         0 |         0 |         0 |         0 |         0 |         0 |
|          Scalar [MUOPS/s]         |  148.1308 |  111.1777 |  111.1135 |  115.3100 |  110.8672 |  110.8688 |  110.1960 |  110.5607 |  114.3586 |  114.3533 |  109.9660 |  114.2024 |  109.3822 |  108.3720 |  108.5252 |  112.3707 |  112.1782 |  107.8746 |  107.8265 |  112.1373 |  108.2393 |  107.4833 |  107.4288 |  111.7539 |  110.8571 |  106.0718 |
|  Memory read bandwidth [MBytes/s] |  304.9973 |         0 |         0 |         0 |         0 |         0 |         0 |  132.3580 |         0 |         0 |         0 |         0 |         0 |         0 |   95.1539 |         0 |         0 |         0 |         0 |         0 |  251.3199 |         0 |         0 |         0 |         0 |         0 |
|  Memory read data volume [GBytes] |    0.3015 |         0 |         0 |         0 |         0 |         0 |         0 |    0.1308 |         0 |         0 |         0 |         0 |         0 |         0 |    0.0941 |         0 |         0 |         0 |         0 |         0 |    0.2484 |         0 |         0 |         0 |         0 |         0 |
| Memory write bandwidth [MBytes/s] |  724.6142 |         0 |         0 |         0 |         0 |         0 |         0 |  181.2010 |         0 |         0 |         0 |         0 |         0 |         0 |  142.7668 |         0 |         0 |         0 |         0 |         0 |  253.1543 |         0 |         0 |         0 |         0 |         0 |
| Memory write data volume [GBytes] |    0.7162 |         0 |         0 |         0 |         0 |         0 |         0 |    0.1791 |         0 |         0 |         0 |         0 |         0 |         0 |    0.1411 |         0 |         0 |         0 |         0 |         0 |    0.2503 |         0 |         0 |         0 |         0 |         0 |
|    Memory bandwidth [MBytes/s]    | 1029.6115 |         0 |         0 |         0 |         0 |         0 |         0 |  313.5590 |         0 |         0 |         0 |         0 |         0 |         0 |  237.9206 |         0 |         0 |         0 |         0 |         0 |  504.4742 |         0 |         0 |         0 |         0 |         0 |
|    Memory data volume [GBytes]    |    1.0177 |         0 |         0 |         0 |         0 |         0 |         0 |    0.3100 |         0 |         0 |         0 |         0 |         0 |         0 |    0.2352 |         0 |         0 |         0 |         0 |         0 |    0.4987 |         0 |         0 |         0 |         0 |         0 |
|       Operational intensity       |    0.1529 |    0.1085 |    0.1084 |    0.1082 |    0.1082 |    0.1082 |    0.1075 |    0.3526 |    0.3524 |    0.3523 |    0.3523 |    0.3519 |    0.3504 |    0.3472 |    0.4561 |    0.4563 |    0.4555 |    0.4555 |    0.4553 |    0.4555 |    0.2146 |    0.2140 |    0.2140 |    0.2140 |    0.2123 |    0.2112 |
+-----------------------------------+-----------+-----------+-----------+-----------+-----------+-----------+-----------+-----------+-----------+-----------+-----------+-----------+-----------+-----------+-----------+-----------+-----------+-----------+-----------+-----------+-----------+-----------+-----------+-----------+-----------+-----------+
+----------------------------------------+------------+-----------+-----------+-----------+
|                 Metric                 |     Sum    |    Min    |    Max    |    Avg    |
+----------------------------------------+------------+-----------+-----------+-----------+
|        Runtime (RDTSC) [s] STAT        |    25.4608 |    0.9550 |    0.9932 |    0.9793 |
|        Runtime unhalted [s] STAT       |     4.3067 |    0.1479 |    0.2192 |    0.1656 |
|            Clock [MHz] STAT            | 49226.5380 | 1892.0351 | 1894.3434 | 1893.3284 |
|                CPI STAT                |    28.3963 |    0.6604 |    1.2008 |    1.0922 |
|             Energy [J] STAT            |   131.9575 |         0 |   34.5052 |    5.0753 |
|             Power [W] STAT             |   133.4878 |         0 |   34.9083 |    5.1341 |
|          Energy DRAM [J] STAT          |    15.0947 |         0 |    4.4683 |    0.5806 |
|           Power DRAM [W] STAT          |    15.2698 |         0 |    4.5205 |    0.5873 |
|            DP [MFLOP/s] STAT           |  2920.9272 |  106.0718 |  157.4521 |  112.3434 |
|          AVX DP [MFLOP/s] STAT         |     9.0727 |         0 |    9.0727 |    0.3489 |
|          Packed [MUOPS/s] STAT         |     1.2997 |         0 |    1.2997 |    0.0500 |
|          Scalar [MUOPS/s] STAT         |  2911.6059 |  106.0718 |  148.1308 |  111.9848 |
|  Memory read bandwidth [MBytes/s] STAT |   783.8291 |         0 |  304.9973 |   30.1473 |
|  Memory read data volume [GBytes] STAT |     0.7748 |         0 |    0.3015 |    0.0298 |
| Memory write bandwidth [MBytes/s] STAT |  1301.7363 |         0 |  724.6142 |   50.0668 |
| Memory write data volume [GBytes] STAT |     1.2867 |         0 |    0.7162 |    0.0495 |
|    Memory bandwidth [MBytes/s] STAT    |  2085.5653 |         0 | 1029.6115 |   80.2140 |
|    Memory data volume [GBytes] STAT    |     2.0616 |         0 |    1.0177 |    0.0793 |
|       Operational intensity STAT       |     7.2753 |    0.1075 |    0.4563 |    0.2798 |
+----------------------------------------+------------+-----------+-----------+-----------+
--------------------------------------------------------------------------------
CPU name:	Intel(R) Xeon(R) Gold 6132 CPU @ 2.60GHz
CPU type:	Intel Skylake SP processor
CPU clock:	2.59 GHz
--------------------------------------------------------------------------------
Region Solve, Group 1: MEM_DP
+-------------------+-----------+-----------+-----------+-----------+-----------+-----------+-----------+-----------+-----------+-----------+-----------+-----------+-----------+-----------+-----------+-----------+-----------+-----------+-----------+-----------+-----------+-----------+-----------+-----------+-----------+-----------+
|    Region Info    |   Core 0  |   Core 1  |   Core 2  |   Core 3  |   Core 4  |   Core 5  |   Core 6  |  Core 14  |  Core 15  |  Core 16  |  Core 17  |  Core 18  |  Core 19  |  Core 20  |  Core 28  |  Core 29  |  Core 30  |  Core 31  |  Core 32  |  Core 33  |  Core 42  |  Core 43  |  Core 44  |  Core 45  |  Core 46  |  Core 47  |
+-------------------+-----------+-----------+-----------+-----------+-----------+-----------+-----------+-----------+-----------+-----------+-----------+-----------+-----------+-----------+-----------+-----------+-----------+-----------+-----------+-----------+-----------+-----------+-----------+-----------+-----------+-----------+
| RDTSC Runtime [s] | 25.681190 | 25.683680 | 25.683680 | 25.683690 | 25.683760 | 25.683700 | 25.683690 | 25.681170 | 25.683680 | 25.683670 | 25.683670 | 25.683670 | 25.683670 | 25.683670 | 25.681170 | 25.683670 | 25.683670 | 25.683680 | 25.683680 | 25.683680 | 25.681150 | 25.683670 | 25.683670 | 25.683670 | 25.683670 | 25.683760 |
|     call count    |         1 |         1 |         1 |         1 |         1 |         1 |         1 |         1 |         1 |         1 |         1 |         1 |         1 |         1 |         1 |         1 |         1 |         1 |         1 |         1 |         1 |         1 |         1 |         1 |         1 |         1 |
+-------------------+-----------+-----------+-----------+-----------+-----------+-----------+-----------+-----------+-----------+-----------+-----------+-----------+-----------+-----------+-----------+-----------+-----------+-----------+-----------+-----------+-----------+-----------+-----------+-----------+-----------+-----------+
+------------------------------------------+---------+-------------+-------------+-------------+-------------+-------------+-------------+-------------+-------------+-------------+-------------+-------------+-------------+-------------+-------------+-------------+-------------+-------------+-------------+-------------+-------------+-------------+-------------+-------------+-------------+-------------+-------------+
|                   Event                  | Counter |    Core 0   |    Core 1   |    Core 2   |    Core 3   |    Core 4   |    Core 5   |    Core 6   |   Core 14   |   Core 15   |   Core 16   |   Core 17   |   Core 18   |   Core 19   |   Core 20   |   Core 28   |   Core 29   |   Core 30   |   Core 31   |   Core 32   |   Core 33   |   Core 42   |   Core 43   |   Core 44   |   Core 45   |   Core 46   |   Core 47   |
+------------------------------------------+---------+-------------+-------------+-------------+-------------+-------------+-------------+-------------+-------------+-------------+-------------+-------------+-------------+-------------+-------------+-------------+-------------+-------------+-------------+-------------+-------------+-------------+-------------+-------------+-------------+-------------+-------------+
|             INSTR_RETIRED_ANY            |  FIXC0  | 85601960000 | 85352810000 | 85568480000 | 85576670000 | 85445860000 | 85182990000 | 84959190000 | 84564570000 | 84639360000 | 84775860000 | 84202590000 | 83986820000 | 83738270000 | 83170110000 | 83155210000 | 83268450000 | 83305850000 | 83145670000 | 82588270000 | 82548830000 | 82384820000 | 82556610000 | 82435240000 | 82253870000 | 81913840000 | 84683570000 |
|           CPU_CLK_UNHALTED_CORE          |  FIXC1  | 47886920000 | 48053560000 | 48051980000 | 48065630000 | 48043320000 | 48021950000 | 47923810000 | 47868490000 | 47875880000 | 47893230000 | 47901220000 | 47909900000 | 47705670000 | 47870380000 | 47882590000 | 47892690000 | 47895290000 | 47896380000 | 47897660000 | 47878010000 | 47942050000 | 47960960000 | 47962940000 | 47962980000 | 47602060000 | 43190860000 |
|           CPU_CLK_UNHALTED_REF           |  FIXC2  | 65544200000 | 65772300000 | 65770020000 | 65788740000 | 65757920000 | 65728570000 | 65594430000 | 65524000000 | 65534230000 | 65557880000 | 65568940000 | 65581620000 | 65302050000 | 65526780000 | 65542560000 | 65557280000 | 65560580000 | 65561920000 | 65563610000 | 65536580000 | 65604870000 | 65630750000 | 65633440000 | 65633490000 | 65139630000 | 59103510000 |
|              PWR_PKG_ENERGY              |   PWR0  |   1397.1240 |           0 |           0 |           0 |           0 |           0 |           0 |   1478.9510 |           0 |           0 |           0 |           0 |           0 |           0 |   1370.9950 |           0 |           0 |           0 |           0 |           0 |   1245.4680 |           0 |           0 |           0 |           0 |           0 |
|              PWR_DRAM_ENERGY             |   PWR3  |    137.0338 |           0 |           0 |           0 |           0 |           0 |           0 |    147.7349 |           0 |           0 |           0 |           0 |           0 |           0 |    126.9327 |           0 |           0 |           0 |           0 |           0 |    126.3173 |           0 |           0 |           0 |           0 |           0 |
| FP_ARITH_INST_RETIRED_128B_PACKED_DOUBLE |   PMC0  |      218232 |           0 |           0 |           0 |           0 |           0 |           0 |           0 |           0 |           0 |           0 |           0 |           0 |           0 |           0 |           0 |           0 |           0 |           0 |           0 |           0 |           0 |           0 |           0 |           0 |           0 |
|    FP_ARITH_INST_RETIRED_SCALAR_DOUBLE   |   PMC1  | 25332780000 | 25334250000 | 25498120000 | 25519710000 | 25407880000 | 25284600000 | 25187720000 | 25105630000 | 25122010000 | 25148560000 | 24897760000 | 24776130000 | 24662560000 | 24518780000 | 24491790000 | 24583450000 | 24667390000 | 24634030000 | 24470490000 | 24451210000 | 24404380000 | 24499580000 | 24540340000 | 24463730000 | 24163580000 | 23943280000 |
| FP_ARITH_INST_RETIRED_256B_PACKED_DOUBLE |   PMC2  |      302358 |           0 |           0 |           0 |           0 |           0 |           0 |           0 |           0 |           0 |           0 |           0 |           0 |           0 |           0 |           0 |           0 |           0 |           0 |           0 |           0 |           0 |           0 |           0 |           0 |           0 |
| FP_ARITH_INST_RETIRED_512B_PACKED_DOUBLE |   PMC3  |     2178750 |           0 |           0 |           0 |           0 |           0 |           0 |           0 |           0 |           0 |           0 |           0 |           0 |           0 |           0 |           0 |           0 |           0 |           0 |           0 |           0 |           0 |           0 |           0 |           0 |           0 |
|               CAS_COUNT_RD               | MBOX0C0 |   118868400 |           0 |           0 |           0 |           0 |           0 |           0 |   146320000 |           0 |           0 |           0 |           0 |           0 |           0 |   109558500 |           0 |           0 |           0 |           0 |           0 |   107883200 |           0 |           0 |           0 |           0 |           0 |
|               CAS_COUNT_WR               | MBOX0C1 |    70667710 |           0 |           0 |           0 |           0 |           0 |           0 |    93524400 |           0 |           0 |           0 |           0 |           0 |           0 |    62988010 |           0 |           0 |           0 |           0 |           0 |    56206010 |           0 |           0 |           0 |           0 |           0 |
|               CAS_COUNT_RD               | MBOX1C0 |   118974100 |           0 |           0 |           0 |           0 |           0 |           0 |   146214400 |           0 |           0 |           0 |           0 |           0 |           0 |   109888100 |           0 |           0 |           0 |           0 |           0 |   107139400 |           0 |           0 |           0 |           0 |           0 |
|               CAS_COUNT_WR               | MBOX1C1 |    70995510 |           0 |           0 |           0 |           0 |           0 |           0 |    93501360 |           0 |           0 |           0 |           0 |           0 |           0 |    63404980 |           0 |           0 |           0 |           0 |           0 |    55685360 |           0 |           0 |           0 |           0 |           0 |
|               CAS_COUNT_RD               | MBOX2C0 |   118646600 |           0 |           0 |           0 |           0 |           0 |           0 |   146617600 |           0 |           0 |           0 |           0 |           0 |           0 |   109756400 |           0 |           0 |           0 |           0 |           0 |   107808500 |           0 |           0 |           0 |           0 |           0 |
|               CAS_COUNT_WR               | MBOX2C1 |    70677960 |           0 |           0 |           0 |           0 |           0 |           0 |    93769840 |           0 |           0 |           0 |           0 |           0 |           0 |    63266850 |           0 |           0 |           0 |           0 |           0 |    56262670 |           0 |           0 |           0 |           0 |           0 |
|               CAS_COUNT_RD               | MBOX3C0 |   117916300 |           0 |           0 |           0 |           0 |           0 |           0 |   145818100 |           0 |           0 |           0 |           0 |           0 |           0 |   108923800 |           0 |           0 |           0 |           0 |           0 |   108407200 |           0 |           0 |           0 |           0 |           0 |
|               CAS_COUNT_WR               | MBOX3C1 |    70272920 |           0 |           0 |           0 |           0 |           0 |           0 |    93188920 |           0 |           0 |           0 |           0 |           0 |           0 |    62570090 |           0 |           0 |           0 |           0 |           0 |    56866850 |           0 |           0 |           0 |           0 |           0 |
|               CAS_COUNT_RD               | MBOX4C0 |   118562500 |           0 |           0 |           0 |           0 |           0 |           0 |   145698500 |           0 |           0 |           0 |           0 |           0 |           0 |   108659400 |           0 |           0 |           0 |           0 |           0 |   107104300 |           0 |           0 |           0 |           0 |           0 |
|               CAS_COUNT_WR               | MBOX4C1 |    70315660 |           0 |           0 |           0 |           0 |           0 |           0 |    93117500 |           0 |           0 |           0 |           0 |           0 |           0 |    62236050 |           0 |           0 |           0 |           0 |           0 |    55716290 |           0 |           0 |           0 |           0 |           0 |
|               CAS_COUNT_RD               | MBOX5C0 |   118174800 |           0 |           0 |           0 |           0 |           0 |           0 |   145216300 |           0 |           0 |           0 |           0 |           0 |           0 |   108957800 |           0 |           0 |           0 |           0 |           0 |   107376000 |           0 |           0 |           0 |           0 |           0 |
|               CAS_COUNT_WR               | MBOX5C1 |    70498220 |           0 |           0 |           0 |           0 |           0 |           0 |    92639440 |           0 |           0 |           0 |           0 |           0 |           0 |    62611020 |           0 |           0 |           0 |           0 |           0 |    56010860 |           0 |           0 |           0 |           0 |           0 |
+------------------------------------------+---------+-------------+-------------+-------------+-------------+-------------+-------------+-------------+-------------+-------------+-------------+-------------+-------------+-------------+-------------+-------------+-------------+-------------+-------------+-------------+-------------+-------------+-------------+-------------+-------------+-------------+-------------+
+-----------------------------------------------+---------+---------------+-------------+-------------+--------------+
|                     Event                     | Counter |      Sum      |     Min     |     Max     |      Avg     |
+-----------------------------------------------+---------+---------------+-------------+-------------+--------------+
|             INSTR_RETIRED_ANY STAT            |  FIXC0  | 2181005770000 | 81913840000 | 85601960000 | 8.388484e+10 |
|           CPU_CLK_UNHALTED_CORE STAT          |  FIXC1  | 1241036410000 | 43190860000 | 48065630000 | 4.773217e+10 |
|           CPU_CLK_UNHALTED_REF STAT           |  FIXC2  | 1698619900000 | 59103510000 | 65788740000 | 6.533153e+10 |
|              PWR_PKG_ENERGY STAT              |   PWR0  |     5492.5380 |           0 |   1478.9510 |     211.2515 |
|              PWR_DRAM_ENERGY STAT             |   PWR3  |      538.0187 |           0 |    147.7349 |      20.6930 |
| FP_ARITH_INST_RETIRED_128B_PACKED_DOUBLE STAT |   PMC0  |        218232 |           0 |      218232 |    8393.5385 |
|    FP_ARITH_INST_RETIRED_SCALAR_DOUBLE STAT   |   PMC1  |  645109740000 | 23943280000 | 25519710000 | 2.481191e+10 |
| FP_ARITH_INST_RETIRED_256B_PACKED_DOUBLE STAT |   PMC2  |        302358 |           0 |      302358 |   11629.1538 |
| FP_ARITH_INST_RETIRED_512B_PACKED_DOUBLE STAT |   PMC3  |       2178750 |           0 |     2178750 |   83798.0769 |
|               CAS_COUNT_RD STAT               | MBOX0C0 |     482630100 |           0 |   146320000 | 1.856270e+07 |
|               CAS_COUNT_WR STAT               | MBOX0C1 |     283386130 |           0 |    93524400 | 1.089947e+07 |
|               CAS_COUNT_RD STAT               | MBOX1C0 |     482216000 |           0 |   146214400 | 1.854677e+07 |
|               CAS_COUNT_WR STAT               | MBOX1C1 |     283587210 |           0 |    93501360 | 1.090720e+07 |
|               CAS_COUNT_RD STAT               | MBOX2C0 |     482829100 |           0 |   146617600 |     18570350 |
|               CAS_COUNT_WR STAT               | MBOX2C1 |     283977320 |           0 |    93769840 | 1.092220e+07 |
|               CAS_COUNT_RD STAT               | MBOX3C0 |     481065400 |           0 |   145818100 | 1.850252e+07 |
|               CAS_COUNT_WR STAT               | MBOX3C1 |     282898780 |           0 |    93188920 | 1.088072e+07 |
|               CAS_COUNT_RD STAT               | MBOX4C0 |     480024700 |           0 |   145698500 | 1.846249e+07 |
|               CAS_COUNT_WR STAT               | MBOX4C1 |     281385500 |           0 |    93117500 | 1.082252e+07 |
|               CAS_COUNT_RD STAT               | MBOX5C0 |     479724900 |           0 |   145216300 | 1.845096e+07 |
|               CAS_COUNT_WR STAT               | MBOX5C1 |     281759540 |           0 |    92639440 | 1.083691e+07 |
+-----------------------------------------------+---------+---------------+-------------+-------------+--------------+
+-----------------------------------+-----------+-----------+-----------+-----------+-----------+-----------+-----------+-----------+-----------+-----------+-----------+-----------+-----------+-----------+-----------+-----------+-----------+-----------+-----------+-----------+-----------+-----------+-----------+-----------+-----------+-----------+
|               Metric              |   Core 0  |   Core 1  |   Core 2  |   Core 3  |   Core 4  |   Core 5  |   Core 6  |  Core 14  |  Core 15  |  Core 16  |  Core 17  |  Core 18  |  Core 19  |  Core 20  |  Core 28  |  Core 29  |  Core 30  |  Core 31  |  Core 32  |  Core 33  |  Core 42  |  Core 43  |  Core 44  |  Core 45  |  Core 46  |  Core 47  |
+-----------------------------------+-----------+-----------+-----------+-----------+-----------+-----------+-----------+-----------+-----------+-----------+-----------+-----------+-----------+-----------+-----------+-----------+-----------+-----------+-----------+-----------+-----------+-----------+-----------+-----------+-----------+-----------+
|        Runtime (RDTSC) [s]        |   25.6812 |   25.6837 |   25.6837 |   25.6837 |   25.6838 |   25.6837 |   25.6837 |   25.6812 |   25.6837 |   25.6837 |   25.6837 |   25.6837 |   25.6837 |   25.6837 |   25.6812 |   25.6837 |   25.6837 |   25.6837 |   25.6837 |   25.6837 |   25.6811 |   25.6837 |   25.6837 |   25.6837 |   25.6837 |   25.6838 |
|        Runtime unhalted [s]       |   18.4623 |   18.5266 |   18.5259 |   18.5312 |   18.5226 |   18.5144 |   18.4765 |   18.4552 |   18.4580 |   18.4647 |   18.4678 |   18.4712 |   18.3924 |   18.4559 |   18.4606 |   18.4645 |   18.4655 |   18.4660 |   18.4664 |   18.4589 |   18.4836 |   18.4909 |   18.4916 |   18.4916 |   18.3525 |   16.6518 |
|            Clock [MHz]            | 1895.0191 | 1895.0187 | 1895.0221 | 1895.0210 | 1895.0292 | 1895.0321 | 1895.0267 | 1894.8738 | 1894.8705 | 1894.8734 | 1894.8698 | 1894.8467 | 1894.8470 | 1894.8682 | 1894.8952 | 1894.8693 | 1894.8768 | 1894.8812 | 1894.8830 | 1894.8868 | 1895.4463 | 1895.4462 | 1895.4468 | 1895.4469 | 1895.4460 | 1895.4378 |
|                CPI                |    0.5594 |    0.5630 |    0.5616 |    0.5617 |    0.5623 |    0.5638 |    0.5641 |    0.5661 |    0.5656 |    0.5649 |    0.5689 |    0.5704 |    0.5697 |    0.5756 |    0.5758 |    0.5752 |    0.5749 |    0.5761 |    0.5800 |    0.5800 |    0.5819 |    0.5809 |    0.5818 |    0.5831 |    0.5811 |    0.5100 |
|             Energy [J]            | 1397.1240 |         0 |         0 |         0 |         0 |         0 |         0 | 1478.9510 |         0 |         0 |         0 |         0 |         0 |         0 | 1370.9950 |         0 |         0 |         0 |         0 |         0 | 1245.4680 |         0 |         0 |         0 |         0 |         0 |
|             Power [W]             |   54.4026 |         0 |         0 |         0 |         0 |         0 |         0 |   57.5889 |         0 |         0 |         0 |         0 |         0 |         0 |   53.3852 |         0 |         0 |         0 |         0 |         0 |   48.4974 |         0 |         0 |         0 |         0 |         0 |
|          Energy DRAM [J]          |  137.0338 |         0 |         0 |         0 |         0 |         0 |         0 |  147.7349 |         0 |         0 |         0 |         0 |         0 |         0 |  126.9327 |         0 |         0 |         0 |         0 |         0 |  126.3173 |         0 |         0 |         0 |         0 |         0 |
|           Power DRAM [W]          |    5.3360 |         0 |         0 |         0 |         0 |         0 |         0 |    5.7527 |         0 |         0 |         0 |         0 |         0 |         0 |    4.9426 |         0 |         0 |         0 |         0 |         0 |    4.9187 |         0 |         0 |         0 |         0 |         0 |
|            DP [MFLOP/s]           |  987.1761 |  986.3949 |  992.7752 |  993.6154 |  989.2586 |  984.4610 |  980.6893 |  977.5890 |  978.1312 |  979.1654 |  969.4004 |  964.6647 |  960.2428 |  954.6447 |  953.6867 |  957.1627 |  960.4309 |  959.1316 |  952.7642 |  952.0135 |  950.2838 |  953.8972 |  955.4842 |  952.5013 |  940.8149 |  932.2342 |
|          AVX DP [MFLOP/s]         |    0.7258 |         0 |         0 |         0 |         0 |         0 |         0 |         0 |         0 |         0 |         0 |         0 |         0 |         0 |         0 |         0 |         0 |         0 |         0 |         0 |         0 |         0 |         0 |         0 |         0 |         0 |
|          Packed [MUOPS/s]         |    0.1051 |         0 |         0 |         0 |         0 |         0 |         0 |         0 |         0 |         0 |         0 |         0 |         0 |         0 |         0 |         0 |         0 |         0 |         0 |         0 |         0 |         0 |         0 |         0 |         0 |         0 |
|          Scalar [MUOPS/s]         |  986.4333 |  986.3949 |  992.7752 |  993.6154 |  989.2586 |  984.4610 |  980.6893 |  977.5890 |  978.1312 |  979.1654 |  969.4004 |  964.6647 |  960.2428 |  954.6447 |  953.6867 |  957.1627 |  960.4309 |  959.1316 |  952.7642 |  952.0135 |  950.2838 |  953.8972 |  955.4842 |  952.5013 |  940.8149 |  932.2342 |
|  Memory read bandwidth [MBytes/s] | 1772.2361 |         0 |         0 |         0 |         0 |         0 |         0 | 2182.7913 |         0 |         0 |         0 |         0 |         0 |         0 | 1634.1785 |         0 |         0 |         0 |         0 |         0 | 1609.1955 |         0 |         0 |         0 |         0 |         0 |
|  Memory read data volume [GBytes] |   45.5131 |         0 |         0 |         0 |         0 |         0 |         0 |   56.0566 |         0 |         0 |         0 |         0 |         0 |         0 |   41.9676 |         0 |         0 |         0 |         0 |         0 |   41.3260 |         0 |         0 |         0 |         0 |         0 |
| Memory write bandwidth [MBytes/s] | 1055.2233 |         0 |         0 |         0 |         0 |         0 |         0 | 1394.9307 |         0 |         0 |         0 |         0 |         0 |         0 |  939.7129 |         0 |         0 |         0 |         0 |         0 |  839.2099 |         0 |         0 |         0 |         0 |         0 |
| Memory write data volume [GBytes] |   27.0994 |         0 |         0 |         0 |         0 |         0 |         0 |   35.8235 |         0 |         0 |         0 |         0 |         0 |         0 |   24.1329 |         0 |         0 |         0 |         0 |         0 |   21.5519 |         0 |         0 |         0 |         0 |         0 |
|    Memory bandwidth [MBytes/s]    | 2827.4595 |         0 |         0 |         0 |         0 |         0 |         0 | 3577.7220 |         0 |         0 |         0 |         0 |         0 |         0 | 2573.8915 |         0 |         0 |         0 |         0 |         0 | 2448.4053 |         0 |         0 |         0 |         0 |         0 |
|    Memory data volume [GBytes]    |   72.6125 |         0 |         0 |         0 |         0 |         0 |         0 |   91.8801 |         0 |         0 |         0 |         0 |         0 |         0 |   66.1005 |         0 |         0 |         0 |         0 |         0 |   62.8779 |         0 |         0 |         0 |         0 |         0 |
|       Operational intensity       |    0.3491 |    0.3489 |    0.3512 |    0.3515 |    0.3499 |    0.3482 |    0.3469 |    0.2732 |    0.2734 |    0.2737 |    0.2710 |    0.2697 |    0.2684 |    0.2669 |    0.3705 |    0.3719 |    0.3732 |    0.3727 |    0.3702 |    0.3699 |    0.3881 |    0.3896 |    0.3903 |    0.3891 |    0.3843 |    0.3808 |
+-----------------------------------+-----------+-----------+-----------+-----------+-----------+-----------+-----------+-----------+-----------+-----------+-----------+-----------+-----------+-----------+-----------+-----------+-----------+-----------+-----------+-----------+-----------+-----------+-----------+-----------+-----------+-----------+
+----------------------------------------+------------+-----------+-----------+-----------+
|                 Metric                 |     Sum    |    Min    |    Max    |    Avg    |
+----------------------------------------+------------+-----------+-----------+-----------+
|        Runtime (RDTSC) [s] STAT        |   667.7663 |   25.6811 |   25.6838 |   25.6833 |
|        Runtime unhalted [s] STAT       |   478.4686 |   16.6518 |   18.5312 |   18.4026 |
|            Clock [MHz] STAT            | 49271.1806 | 1894.8467 | 1895.4469 | 1895.0454 |
|                CPI STAT                |    14.7979 |    0.5100 |    0.5831 |    0.5691 |
|             Energy [J] STAT            |  5492.5380 |         0 | 1478.9510 |  211.2515 |
|             Power [W] STAT             |   213.8741 |         0 |   57.5889 |    8.2259 |
|          Energy DRAM [J] STAT          |   538.0187 |         0 |  147.7349 |   20.6930 |
|           Power DRAM [W] STAT          |    20.9500 |         0 |    5.7527 |    0.8058 |
|            DP [MFLOP/s] STAT           | 25118.6139 |  932.2342 |  993.6154 |  966.1005 |
|          AVX DP [MFLOP/s] STAT         |     0.7258 |         0 |    0.7258 |    0.0279 |
|          Packed [MUOPS/s] STAT         |     0.1051 |         0 |    0.1051 |    0.0040 |
|          Scalar [MUOPS/s] STAT         | 25117.8711 |  932.2342 |  993.6154 |  966.0720 |
|  Memory read bandwidth [MBytes/s] STAT |  7198.4014 |         0 | 2182.7913 |  276.8616 |
|  Memory read data volume [GBytes] STAT |   184.8633 |         0 |   56.0566 |    7.1101 |
| Memory write bandwidth [MBytes/s] STAT |  4229.0768 |         0 | 1394.9307 |  162.6568 |
| Memory write data volume [GBytes] STAT |   108.6077 |         0 |   35.8235 |    4.1772 |
|    Memory bandwidth [MBytes/s] STAT    | 11427.4783 |         0 | 3577.7220 |  439.5184 |
|    Memory data volume [GBytes] STAT    |   293.4710 |         0 |   91.8801 |   11.2873 |
|       Operational intensity STAT       |     8.8926 |    0.2669 |    0.3903 |    0.3420 |
+----------------------------------------+------------+-----------+-----------+-----------+
