--------------------------------------------------------------------------------
CPU name:	Intel(R) Xeon(R) Gold 6132 CPU @ 2.60GHz
CPU type:	Intel Skylake SP processor
CPU clock:	2.59 GHz
--------------------------------------------------------------------------------
Region Setup, Group 1: MEM_DP
+-------------------+----------+----------+----------+----------+----------+----------+----------+----------+----------+----------+----------+----------+----------+----------+----------+----------+----------+----------+----------+----------+----------+----------+----------+
|    Region Info    |  Core 0  |  Core 1  |  Core 2  |  Core 3  |  Core 4  |  Core 5  |  Core 6  |  Core 7  |  Core 8  |  Core 9  |  Core 10 |  Core 11 |  Core 12 |  Core 13 |  Core 14 |  Core 15 |  Core 16 |  Core 17 |  Core 18 |  Core 19 |  Core 20 |  Core 21 |  Core 22 |
+-------------------+----------+----------+----------+----------+----------+----------+----------+----------+----------+----------+----------+----------+----------+----------+----------+----------+----------+----------+----------+----------+----------+----------+----------+
| RDTSC Runtime [s] | 1.521988 | 1.523618 | 1.523596 | 1.523613 | 1.523589 | 1.523690 | 1.523613 | 1.523614 | 1.523688 | 1.523694 | 1.523623 | 1.523663 | 1.523641 | 1.523629 | 1.521900 | 1.523619 | 1.523631 | 1.523671 | 1.523595 | 1.523658 | 1.523666 | 1.523599 | 1.523595 |
|     call count    |        2 |        2 |        2 |        2 |        2 |        2 |        2 |        2 |        2 |        2 |        2 |        2 |        2 |        2 |        2 |        2 |        2 |        2 |        2 |        2 |        2 |        2 |        2 |
+-------------------+----------+----------+----------+----------+----------+----------+----------+----------+----------+----------+----------+----------+----------+----------+----------+----------+----------+----------+----------+----------+----------+----------+----------+
+------------------------------------------+---------+------------+-----------+-----------+-----------+-----------+-----------+-----------+-----------+-----------+-----------+-----------+-----------+-----------+-----------+-----------+-----------+-----------+-----------+-----------+-----------+-----------+-----------+-----------+
|                   Event                  | Counter |   Core 0   |   Core 1  |   Core 2  |   Core 3  |   Core 4  |   Core 5  |   Core 6  |   Core 7  |   Core 8  |   Core 9  |  Core 10  |  Core 11  |  Core 12  |  Core 13  |  Core 14  |  Core 15  |  Core 16  |  Core 17  |  Core 18  |  Core 19  |  Core 20  |  Core 21  |  Core 22  |
+------------------------------------------+---------+------------+-----------+-----------+-----------+-----------+-----------+-----------+-----------+-----------+-----------+-----------+-----------+-----------+-----------+-----------+-----------+-----------+-----------+-----------+-----------+-----------+-----------+-----------+
|             INSTR_RETIRED_ANY            |  FIXC0  | 1121611000 | 388272500 | 385614700 | 385590700 | 385269400 | 385467900 | 385091700 | 385200100 | 384947100 | 384916300 | 384535200 | 384678300 | 384503000 | 384512300 | 380702000 | 381328000 | 380087800 | 378799600 | 378767100 | 378352100 | 378739400 | 378667900 | 376430000 |
|           CPU_CLK_UNHALTED_CORE          |  FIXC1  |  872650000 | 629856400 | 616483100 | 614741900 | 612445500 | 616980500 | 614383900 | 612774900 | 612040700 | 618015900 | 614482800 | 613058200 | 616542400 | 613508800 | 547162700 | 555363700 | 554166900 | 558634600 | 558498300 | 549950100 | 558259000 | 556781200 | 513466800 |
|           CPU_CLK_UNHALTED_REF           |  FIXC2  | 1193745000 | 861921900 | 843630100 | 841234500 | 838084000 | 844300600 | 840748300 | 838543600 | 837527900 | 845713500 | 840879800 | 838946800 | 843703600 | 839546400 | 749523500 | 760735700 | 759083000 | 765175900 | 765024200 | 753332100 | 764684400 | 762674200 | 703404500 |
|              PWR_PKG_ENERGY              |   PWR0  |    59.3756 |         0 |         0 |         0 |         0 |         0 |         0 |         0 |         0 |         0 |         0 |         0 |         0 |         0 |   54.8317 |         0 |         0 |         0 |         0 |         0 |         0 |         0 |         0 |
|              PWR_DRAM_ENERGY             |   PWR3  |     8.1617 |         0 |         0 |         0 |         0 |         0 |         0 |         0 |         0 |         0 |         0 |         0 |         0 |         0 |    5.6787 |         0 |         0 |         0 |         0 |         0 |         0 |         0 |         0 |
| FP_ARITH_INST_RETIRED_128B_PACKED_DOUBLE |   PMC0  |     122920 |         0 |         0 |         0 |         0 |         0 |         0 |         0 |         0 |         0 |         0 |         0 |         0 |         0 |         0 |         0 |         0 |         0 |         0 |         0 |         0 |         0 |         0 |
|    FP_ARITH_INST_RETIRED_SCALAR_DOUBLE   |   PMC1  |  129577300 |  94087560 |  93567010 |  93598130 |  93549040 |  93568710 |  93511450 |  93558800 |  93509730 |  93491050 |  93441520 |  93489740 |  93423230 |  93466540 |  93417760 |  93467470 |  93415980 |  92993570 |  92993020 |  92993020 |  92993020 |  92993020 |  92992530 |
| FP_ARITH_INST_RETIRED_256B_PACKED_DOUBLE |   PMC2  |      81488 |         0 |         0 |         0 |         0 |         0 |         0 |         0 |         0 |         0 |         0 |         0 |         0 |         0 |         0 |         0 |         0 |         0 |         0 |         0 |         0 |         0 |         0 |
| FP_ARITH_INST_RETIRED_512B_PACKED_DOUBLE |   PMC3  |    1080242 |         0 |         0 |         0 |         0 |         0 |         0 |         0 |         0 |         0 |         0 |         0 |         0 |         0 |         0 |         0 |         0 |         0 |         0 |         0 |         0 |         0 |         0 |
|               CAS_COUNT_RD               | MBOX0C0 |    4770977 |         0 |         0 |         0 |         0 |         0 |         0 |         0 |         0 |         0 |         0 |         0 |         0 |         0 |    752295 |         0 |         0 |         0 |         0 |         0 |         0 |         0 |         0 |
|               CAS_COUNT_WR               | MBOX0C1 |    6342190 |         0 |         0 |         0 |         0 |         0 |         0 |         0 |         0 |         0 |         0 |         0 |         0 |         0 |   1109604 |         0 |         0 |         0 |         0 |         0 |         0 |         0 |         0 |
|               CAS_COUNT_RD               | MBOX1C0 |    4691484 |         0 |         0 |         0 |         0 |         0 |         0 |         0 |         0 |         0 |         0 |         0 |         0 |         0 |    740444 |         0 |         0 |         0 |         0 |         0 |         0 |         0 |         0 |
|               CAS_COUNT_WR               | MBOX1C1 |    6246065 |         0 |         0 |         0 |         0 |         0 |         0 |         0 |         0 |         0 |         0 |         0 |         0 |         0 |   1098049 |         0 |         0 |         0 |         0 |         0 |         0 |         0 |         0 |
|               CAS_COUNT_RD               | MBOX2C0 |    5042570 |         0 |         0 |         0 |         0 |         0 |         0 |         0 |         0 |         0 |         0 |         0 |         0 |         0 |    741958 |         0 |         0 |         0 |         0 |         0 |         0 |         0 |         0 |
|               CAS_COUNT_WR               | MBOX2C1 |    6818897 |         0 |         0 |         0 |         0 |         0 |         0 |         0 |         0 |         0 |         0 |         0 |         0 |         0 |   1099437 |         0 |         0 |         0 |         0 |         0 |         0 |         0 |         0 |
|               CAS_COUNT_RD               | MBOX3C0 |    4391315 |         0 |         0 |         0 |         0 |         0 |         0 |         0 |         0 |         0 |         0 |         0 |         0 |         0 |    643555 |         0 |         0 |         0 |         0 |         0 |         0 |         0 |         0 |
|               CAS_COUNT_WR               | MBOX3C1 |    6162572 |         0 |         0 |         0 |         0 |         0 |         0 |         0 |         0 |         0 |         0 |         0 |         0 |         0 |   1055289 |         0 |         0 |         0 |         0 |         0 |         0 |         0 |         0 |
|               CAS_COUNT_RD               | MBOX4C0 |    4413720 |         0 |         0 |         0 |         0 |         0 |         0 |         0 |         0 |         0 |         0 |         0 |         0 |         0 |    631474 |         0 |         0 |         0 |         0 |         0 |         0 |         0 |         0 |
|               CAS_COUNT_WR               | MBOX4C1 |    6178684 |         0 |         0 |         0 |         0 |         0 |         0 |         0 |         0 |         0 |         0 |         0 |         0 |         0 |   1042682 |         0 |         0 |         0 |         0 |         0 |         0 |         0 |         0 |
|               CAS_COUNT_RD               | MBOX5C0 |    4399520 |         0 |         0 |         0 |         0 |         0 |         0 |         0 |         0 |         0 |         0 |         0 |         0 |         0 |    625488 |         0 |         0 |         0 |         0 |         0 |         0 |         0 |         0 |
|               CAS_COUNT_WR               | MBOX5C1 |    6162939 |         0 |         0 |         0 |         0 |         0 |         0 |         0 |         0 |         0 |         0 |         0 |         0 |         0 |   1036379 |         0 |         0 |         0 |         0 |         0 |         0 |         0 |         0 |
+------------------------------------------+---------+------------+-----------+-----------+-----------+-----------+-----------+-----------+-----------+-----------+-----------+-----------+-----------+-----------+-----------+-----------+-----------+-----------+-----------+-----------+-----------+-----------+-----------+-----------+
+-----------------------------------------------+---------+-------------+-----------+------------+--------------+
|                     Event                     | Counter |     Sum     |    Min    |     Max    |      Avg     |
+-----------------------------------------------+---------+-------------+-----------+------------+--------------+
|             INSTR_RETIRED_ANY STAT            |  FIXC0  |  9542084100 | 376430000 | 1121611000 | 4.148732e+08 |
|           CPU_CLK_UNHALTED_CORE STAT          |  FIXC1  | 13830248300 | 513466800 |  872650000 | 6.013151e+08 |
|           CPU_CLK_UNHALTED_REF STAT           |  FIXC2  | 18932163500 | 703404500 | 1193745000 | 8.231375e+08 |
|              PWR_PKG_ENERGY STAT              |   PWR0  |    114.2073 |         0 |    59.3756 |       4.9655 |
|              PWR_DRAM_ENERGY STAT             |   PWR3  |     13.8404 |         0 |     8.1617 |       0.6018 |
| FP_ARITH_INST_RETIRED_128B_PACKED_DOUBLE STAT |   PMC0  |      122920 |         0 |     122920 |    5344.3478 |
|    FP_ARITH_INST_RETIRED_SCALAR_DOUBLE STAT   |   PMC1  |  2184099200 |  92992530 |  129577300 | 9.496083e+07 |
| FP_ARITH_INST_RETIRED_256B_PACKED_DOUBLE STAT |   PMC2  |       81488 |         0 |      81488 |    3542.9565 |
| FP_ARITH_INST_RETIRED_512B_PACKED_DOUBLE STAT |   PMC3  |     1080242 |         0 |    1080242 |   46967.0435 |
|               CAS_COUNT_RD STAT               | MBOX0C0 |     5523272 |         0 |    4770977 |  240142.2609 |
|               CAS_COUNT_WR STAT               | MBOX0C1 |     7451794 |         0 |    6342190 |  323991.0435 |
|               CAS_COUNT_RD STAT               | MBOX1C0 |     5431928 |         0 |    4691484 |  236170.7826 |
|               CAS_COUNT_WR STAT               | MBOX1C1 |     7344114 |         0 |    6246065 |  319309.3043 |
|               CAS_COUNT_RD STAT               | MBOX2C0 |     5784528 |         0 |    5042570 |  251501.2174 |
|               CAS_COUNT_WR STAT               | MBOX2C1 |     7918334 |         0 |    6818897 |  344275.3913 |
|               CAS_COUNT_RD STAT               | MBOX3C0 |     5034870 |         0 |    4391315 |  218907.3913 |
|               CAS_COUNT_WR STAT               | MBOX3C1 |     7217861 |         0 |    6162572 |  313820.0435 |
|               CAS_COUNT_RD STAT               | MBOX4C0 |     5045194 |         0 |    4413720 |  219356.2609 |
|               CAS_COUNT_WR STAT               | MBOX4C1 |     7221366 |         0 |    6178684 |  313972.4348 |
|               CAS_COUNT_RD STAT               | MBOX5C0 |     5025008 |         0 |    4399520 |  218478.6087 |
|               CAS_COUNT_WR STAT               | MBOX5C1 |     7199318 |         0 |    6162939 |  313013.8261 |
+-----------------------------------------------+---------+-------------+-----------+------------+--------------+
+-----------------------------------+-----------+-----------+-----------+-----------+-----------+-----------+-----------+-----------+-----------+-----------+-----------+-----------+-----------+-----------+-----------+-----------+-----------+-----------+-----------+-----------+-----------+-----------+-----------+
|               Metric              |   Core 0  |   Core 1  |   Core 2  |   Core 3  |   Core 4  |   Core 5  |   Core 6  |   Core 7  |   Core 8  |   Core 9  |  Core 10  |  Core 11  |  Core 12  |  Core 13  |  Core 14  |  Core 15  |  Core 16  |  Core 17  |  Core 18  |  Core 19  |  Core 20  |  Core 21  |  Core 22  |
+-----------------------------------+-----------+-----------+-----------+-----------+-----------+-----------+-----------+-----------+-----------+-----------+-----------+-----------+-----------+-----------+-----------+-----------+-----------+-----------+-----------+-----------+-----------+-----------+-----------+
|        Runtime (RDTSC) [s]        |    1.5220 |    1.5236 |    1.5236 |    1.5236 |    1.5236 |    1.5237 |    1.5236 |    1.5236 |    1.5237 |    1.5237 |    1.5236 |    1.5237 |    1.5236 |    1.5236 |    1.5219 |    1.5236 |    1.5236 |    1.5237 |    1.5236 |    1.5237 |    1.5237 |    1.5236 |    1.5236 |
|        Runtime unhalted [s]       |    0.3364 |    0.2428 |    0.2377 |    0.2370 |    0.2361 |    0.2379 |    0.2369 |    0.2363 |    0.2360 |    0.2383 |    0.2369 |    0.2364 |    0.2377 |    0.2365 |    0.2110 |    0.2141 |    0.2137 |    0.2154 |    0.2153 |    0.2120 |    0.2152 |    0.2147 |    0.1980 |
|            Clock [MHz]            | 1896.0596 | 1895.3835 | 1895.3637 | 1895.3927 | 1895.4108 | 1895.3866 | 1895.3843 | 1895.3908 | 1895.4157 | 1895.3955 | 1895.3930 | 1895.3558 | 1895.3809 | 1895.3942 | 1893.4537 | 1893.5080 | 1893.5413 | 1893.6077 | 1893.5211 | 1893.4780 | 1893.5508 | 1893.5159 | 1893.3490 |
|                CPI                |    0.7780 |    1.6222 |    1.5987 |    1.5943 |    1.5897 |    1.6006 |    1.5954 |    1.5908 |    1.5899 |    1.6056 |    1.5980 |    1.5937 |    1.6035 |    1.5956 |    1.4372 |    1.4564 |    1.4580 |    1.4747 |    1.4745 |    1.4535 |    1.4740 |    1.4704 |    1.3640 |
|             Energy [J]            |   59.3756 |         0 |         0 |         0 |         0 |         0 |         0 |         0 |         0 |         0 |         0 |         0 |         0 |         0 |   54.8317 |         0 |         0 |         0 |         0 |         0 |         0 |         0 |         0 |
|             Power [W]             |   39.0119 |         0 |         0 |         0 |         0 |         0 |         0 |         0 |         0 |         0 |         0 |         0 |         0 |         0 |   36.0284 |         0 |         0 |         0 |         0 |         0 |         0 |         0 |         0 |
|          Energy DRAM [J]          |    8.1617 |         0 |         0 |         0 |         0 |         0 |         0 |         0 |         0 |         0 |         0 |         0 |         0 |         0 |    5.6787 |         0 |         0 |         0 |         0 |         0 |         0 |         0 |         0 |
|           Power DRAM [W]          |    5.3625 |         0 |         0 |         0 |         0 |         0 |         0 |         0 |         0 |         0 |         0 |         0 |         0 |         0 |    3.7313 |         0 |         0 |         0 |         0 |         0 |         0 |         0 |         0 |
|            DP [MFLOP/s]           |   91.1906 |   61.7527 |   61.4120 |   61.4317 |   61.4004 |   61.4093 |   61.3748 |   61.4058 |   61.3707 |   61.3582 |   61.3285 |   61.3585 |   61.3158 |   61.3447 |   61.3823 |   61.3457 |   61.3114 |   61.0326 |   61.0353 |   61.0327 |   61.0324 |   61.0351 |   61.0349 |
|          AVX DP [MFLOP/s]         |    5.8922 |         0 |         0 |         0 |         0 |         0 |         0 |         0 |         0 |         0 |         0 |         0 |         0 |         0 |         0 |         0 |         0 |         0 |         0 |         0 |         0 |         0 |         0 |
|          Packed [MUOPS/s]         |    0.8441 |         0 |         0 |         0 |         0 |         0 |         0 |         0 |         0 |         0 |         0 |         0 |         0 |         0 |         0 |         0 |         0 |         0 |         0 |         0 |         0 |         0 |         0 |
|          Scalar [MUOPS/s]         |   85.1369 |   61.7527 |   61.4120 |   61.4317 |   61.4004 |   61.4093 |   61.3748 |   61.4058 |   61.3707 |   61.3582 |   61.3285 |   61.3585 |   61.3158 |   61.3447 |   61.3823 |   61.3457 |   61.3114 |   61.0326 |   61.0353 |   61.0327 |   61.0324 |   61.0351 |   61.0349 |
|  Memory read bandwidth [MBytes/s] | 1165.1955 |         0 |         0 |         0 |         0 |         0 |         0 |         0 |         0 |         0 |         0 |         0 |         0 |         0 |  173.8969 |         0 |         0 |         0 |         0 |         0 |         0 |         0 |         0 |
|  Memory read data volume [GBytes] |    1.7734 |         0 |         0 |         0 |         0 |         0 |         0 |         0 |         0 |         0 |         0 |         0 |         0 |         0 |    0.2647 |         0 |         0 |         0 |         0 |         0 |         0 |         0 |         0 |
| Memory write bandwidth [MBytes/s] | 1594.1822 |         0 |         0 |         0 |         0 |         0 |         0 |         0 |         0 |         0 |         0 |         0 |         0 |         0 |  270.8799 |         0 |         0 |         0 |         0 |         0 |         0 |         0 |         0 |
| Memory write data volume [GBytes] |    2.4263 |         0 |         0 |         0 |         0 |         0 |         0 |         0 |         0 |         0 |         0 |         0 |         0 |         0 |    0.4123 |         0 |         0 |         0 |         0 |         0 |         0 |         0 |         0 |
|    Memory bandwidth [MBytes/s]    | 2759.3777 |         0 |         0 |         0 |         0 |         0 |         0 |         0 |         0 |         0 |         0 |         0 |         0 |         0 |  444.7768 |         0 |         0 |         0 |         0 |         0 |         0 |         0 |         0 |
|    Memory data volume [GBytes]    |    4.1997 |         0 |         0 |         0 |         0 |         0 |         0 |         0 |         0 |         0 |         0 |         0 |         0 |         0 |    0.6769 |         0 |         0 |         0 |         0 |         0 |         0 |         0 |         0 |
|       Operational intensity       |    0.0330 |    0.0224 |    0.0223 |    0.0223 |    0.0223 |    0.0223 |    0.0223 |    0.0223 |    0.0223 |    0.0223 |    0.0222 |    0.0223 |    0.0222 |    0.0223 |    0.1380 |    0.1381 |    0.1380 |    0.1374 |    0.1374 |    0.1374 |    0.1374 |    0.1374 |    0.1374 |
+-----------------------------------+-----------+-----------+-----------+-----------+-----------+-----------+-----------+-----------+-----------+-----------+-----------+-----------+-----------+-----------+-----------+-----------+-----------+-----------+-----------+-----------+-----------+-----------+-----------+
+----------------------------------------+------------+-----------+-----------+-----------+
|                 Metric                 |     Sum    |    Min    |    Max    |    Avg    |
+----------------------------------------+------------+-----------+-----------+-----------+
|        Runtime (RDTSC) [s] STAT        |    35.0402 |    1.5219 |    1.5237 |    1.5235 |
|        Runtime unhalted [s] STAT       |     5.3323 |    0.1980 |    0.3364 |    0.2318 |
|            Clock [MHz] STAT            | 43577.6326 | 1893.3490 | 1896.0596 | 1894.6797 |
|                CPI STAT                |    34.6187 |    0.7780 |    1.6222 |    1.5052 |
|             Energy [J] STAT            |   114.2073 |         0 |   59.3756 |    4.9655 |
|             Power [W] STAT             |    75.0403 |         0 |   39.0119 |    3.2626 |
|          Energy DRAM [J] STAT          |    13.8404 |         0 |    8.1617 |    0.6018 |
|           Power DRAM [W] STAT          |     9.0938 |         0 |    5.3625 |    0.3954 |
|            DP [MFLOP/s] STAT           |  1439.6961 |   61.0324 |   91.1906 |   62.5955 |
|          AVX DP [MFLOP/s] STAT         |     5.8922 |         0 |    5.8922 |    0.2562 |
|          Packed [MUOPS/s] STAT         |     0.8441 |         0 |    0.8441 |    0.0367 |
|          Scalar [MUOPS/s] STAT         |  1433.6424 |   61.0324 |   85.1369 |   62.3323 |
|  Memory read bandwidth [MBytes/s] STAT |  1339.0924 |         0 | 1165.1955 |   58.2214 |
|  Memory read data volume [GBytes] STAT |     2.0381 |         0 |    1.7734 |    0.0886 |
| Memory write bandwidth [MBytes/s] STAT |  1865.0621 |         0 | 1594.1822 |   81.0897 |
| Memory write data volume [GBytes] STAT |     2.8386 |         0 |    2.4263 |    0.1234 |
|    Memory bandwidth [MBytes/s] STAT    |  3204.1545 |         0 | 2759.3777 |  139.3111 |
|    Memory data volume [GBytes] STAT    |     4.8766 |         0 |    4.1997 |    0.2120 |
|       Operational intensity STAT       |     1.5613 |    0.0222 |    0.1381 |    0.0679 |
+----------------------------------------+------------+-----------+-----------+-----------+
--------------------------------------------------------------------------------
CPU name:	Intel(R) Xeon(R) Gold 6132 CPU @ 2.60GHz
CPU type:	Intel Skylake SP processor
CPU clock:	2.59 GHz
--------------------------------------------------------------------------------
Region Solve, Group 1: MEM_DP
+-------------------+-----------+-----------+-----------+-----------+-----------+-----------+-----------+-----------+-----------+-----------+-----------+-----------+-----------+-----------+-----------+-----------+-----------+-----------+-----------+-----------+-----------+-----------+-----------+
|    Region Info    |   Core 0  |   Core 1  |   Core 2  |   Core 3  |   Core 4  |   Core 5  |   Core 6  |   Core 7  |   Core 8  |   Core 9  |  Core 10  |  Core 11  |  Core 12  |  Core 13  |  Core 14  |  Core 15  |  Core 16  |  Core 17  |  Core 18  |  Core 19  |  Core 20  |  Core 21  |  Core 22  |
+-------------------+-----------+-----------+-----------+-----------+-----------+-----------+-----------+-----------+-----------+-----------+-----------+-----------+-----------+-----------+-----------+-----------+-----------+-----------+-----------+-----------+-----------+-----------+-----------+
| RDTSC Runtime [s] | 13.526830 | 13.527860 | 13.527870 | 13.527870 | 13.527860 | 13.527870 | 13.527870 | 13.527870 | 13.527860 | 13.527860 | 13.527870 | 13.527870 | 13.527870 | 13.527870 | 13.526800 | 13.527850 | 13.527850 | 13.527860 | 13.527860 | 13.527860 | 13.527860 | 13.527850 | 13.527850 |
|     call count    |         1 |         1 |         1 |         1 |         1 |         1 |         1 |         1 |         1 |         1 |         1 |         1 |         1 |         1 |         1 |         1 |         1 |         1 |         1 |         1 |         1 |         1 |         1 |
+-------------------+-----------+-----------+-----------+-----------+-----------+-----------+-----------+-----------+-----------+-----------+-----------+-----------+-----------+-----------+-----------+-----------+-----------+-----------+-----------+-----------+-----------+-----------+-----------+
+------------------------------------------+---------+-------------+-------------+-------------+-------------+-------------+-------------+-------------+-------------+-------------+-------------+-------------+-------------+-------------+-------------+-------------+-------------+-------------+-------------+-------------+-------------+-------------+-------------+-------------+
|                   Event                  | Counter |    Core 0   |    Core 1   |    Core 2   |    Core 3   |    Core 4   |    Core 5   |    Core 6   |    Core 7   |    Core 8   |    Core 9   |   Core 10   |   Core 11   |   Core 12   |   Core 13   |   Core 14   |   Core 15   |   Core 16   |   Core 17   |   Core 18   |   Core 19   |   Core 20   |   Core 21   |   Core 22   |
+------------------------------------------+---------+-------------+-------------+-------------+-------------+-------------+-------------+-------------+-------------+-------------+-------------+-------------+-------------+-------------+-------------+-------------+-------------+-------------+-------------+-------------+-------------+-------------+-------------+-------------+
|             INSTR_RETIRED_ANY            |  FIXC0  | 44134200000 | 40182710000 | 40270090000 | 40200850000 | 39915440000 | 39818260000 | 39442310000 | 39531710000 | 39647400000 | 39443340000 | 39348460000 | 39195480000 | 39295110000 | 39368400000 | 39504590000 | 39331180000 | 39241040000 | 39411920000 | 39477410000 | 39744210000 | 39799800000 | 39594000000 | 39367030000 |
|           CPU_CLK_UNHALTED_CORE          |  FIXC1  | 19525050000 | 25116840000 | 25125440000 | 25128430000 | 25129420000 | 25109730000 | 25128160000 | 25114480000 | 25116790000 | 25114660000 | 25115560000 | 25114080000 | 25112050000 | 25099920000 | 25006570000 | 25016640000 | 25018690000 | 25017640000 | 25018920000 | 25018160000 | 25018090000 | 25017930000 | 25023640000 |
|           CPU_CLK_UNHALTED_REF           |  FIXC2  | 26720150000 | 34370580000 | 34382340000 | 34386400000 | 34387760000 | 34360810000 | 34386010000 | 34367350000 | 34370480000 | 34367580000 | 34368810000 | 34366840000 | 34364040000 | 34347410000 | 34236340000 | 34250160000 | 34253170000 | 34251830000 | 34252940000 | 34252620000 | 34251980000 | 34252310000 | 34259600000 |
|              PWR_PKG_ENERGY              |   PWR0  |    831.1779 |           0 |           0 |           0 |           0 |           0 |           0 |           0 |           0 |           0 |           0 |           0 |           0 |           0 |    710.3585 |           0 |           0 |           0 |           0 |           0 |           0 |           0 |           0 |
|              PWR_DRAM_ENERGY             |   PWR3  |    123.1606 |           0 |           0 |           0 |           0 |           0 |           0 |           0 |           0 |           0 |           0 |           0 |           0 |           0 |    108.1213 |           0 |           0 |           0 |           0 |           0 |           0 |           0 |           0 |
| FP_ARITH_INST_RETIRED_128B_PACKED_DOUBLE |   PMC0  |      218232 |           0 |           0 |           0 |           0 |           0 |           0 |           0 |           0 |           0 |           0 |           0 |           0 |           0 |           0 |           0 |           0 |           0 |           0 |           0 |           0 |           0 |           0 |
|    FP_ARITH_INST_RETIRED_SCALAR_DOUBLE   |   PMC1  | 10637150000 | 10803110000 | 10942220000 | 10890510000 | 10716710000 | 10683650000 | 10587250000 | 10609100000 | 10619100000 | 10462250000 | 10394760000 | 10371710000 | 10384820000 | 10451830000 | 10587740000 | 10559960000 | 10536300000 | 10573020000 | 10608300000 | 10781360000 | 10832410000 | 10657650000 | 10534910000 |
| FP_ARITH_INST_RETIRED_256B_PACKED_DOUBLE |   PMC2  |      302358 |           0 |           0 |           0 |           0 |           0 |           0 |           0 |           0 |           0 |           0 |           0 |           0 |           0 |           0 |           0 |           0 |           0 |           0 |           0 |           0 |           0 |           0 |
| FP_ARITH_INST_RETIRED_512B_PACKED_DOUBLE |   PMC3  |     2178750 |           0 |           0 |           0 |           0 |           0 |           0 |           0 |           0 |           0 |           0 |           0 |           0 |           0 |           0 |           0 |           0 |           0 |           0 |           0 |           0 |           0 |           0 |
|               CAS_COUNT_RD               | MBOX0C0 |   375575400 |           0 |           0 |           0 |           0 |           0 |           0 |           0 |           0 |           0 |           0 |           0 |           0 |           0 |   262534500 |           0 |           0 |           0 |           0 |           0 |           0 |           0 |           0 |
|               CAS_COUNT_WR               | MBOX0C1 |    91810540 |           0 |           0 |           0 |           0 |           0 |           0 |           0 |           0 |           0 |           0 |           0 |           0 |           0 |    75332680 |           0 |           0 |           0 |           0 |           0 |           0 |           0 |           0 |
|               CAS_COUNT_RD               | MBOX1C0 |   375474200 |           0 |           0 |           0 |           0 |           0 |           0 |           0 |           0 |           0 |           0 |           0 |           0 |           0 |   262267400 |           0 |           0 |           0 |           0 |           0 |           0 |           0 |           0 |
|               CAS_COUNT_WR               | MBOX1C1 |    91722190 |           0 |           0 |           0 |           0 |           0 |           0 |           0 |           0 |           0 |           0 |           0 |           0 |           0 |    75102400 |           0 |           0 |           0 |           0 |           0 |           0 |           0 |           0 |
|               CAS_COUNT_RD               | MBOX2C0 |   375564200 |           0 |           0 |           0 |           0 |           0 |           0 |           0 |           0 |           0 |           0 |           0 |           0 |           0 |   262379200 |           0 |           0 |           0 |           0 |           0 |           0 |           0 |           0 |
|               CAS_COUNT_WR               | MBOX2C1 |    92097960 |           0 |           0 |           0 |           0 |           0 |           0 |           0 |           0 |           0 |           0 |           0 |           0 |           0 |    75259700 |           0 |           0 |           0 |           0 |           0 |           0 |           0 |           0 |
|               CAS_COUNT_RD               | MBOX3C0 |   373990700 |           0 |           0 |           0 |           0 |           0 |           0 |           0 |           0 |           0 |           0 |           0 |           0 |           0 |   260745000 |           0 |           0 |           0 |           0 |           0 |           0 |           0 |           0 |
|               CAS_COUNT_WR               | MBOX3C1 |    90838150 |           0 |           0 |           0 |           0 |           0 |           0 |           0 |           0 |           0 |           0 |           0 |           0 |           0 |    74703160 |           0 |           0 |           0 |           0 |           0 |           0 |           0 |           0 |
|               CAS_COUNT_RD               | MBOX4C0 |   374201100 |           0 |           0 |           0 |           0 |           0 |           0 |           0 |           0 |           0 |           0 |           0 |           0 |           0 |   260876200 |           0 |           0 |           0 |           0 |           0 |           0 |           0 |           0 |
|               CAS_COUNT_WR               | MBOX4C1 |    90945020 |           0 |           0 |           0 |           0 |           0 |           0 |           0 |           0 |           0 |           0 |           0 |           0 |           0 |    74802760 |           0 |           0 |           0 |           0 |           0 |           0 |           0 |           0 |
|               CAS_COUNT_RD               | MBOX5C0 |   374054500 |           0 |           0 |           0 |           0 |           0 |           0 |           0 |           0 |           0 |           0 |           0 |           0 |           0 |   260699300 |           0 |           0 |           0 |           0 |           0 |           0 |           0 |           0 |
|               CAS_COUNT_WR               | MBOX5C1 |    90796470 |           0 |           0 |           0 |           0 |           0 |           0 |           0 |           0 |           0 |           0 |           0 |           0 |           0 |    74586530 |           0 |           0 |           0 |           0 |           0 |           0 |           0 |           0 |
+------------------------------------------+---------+-------------+-------------+-------------+-------------+-------------+-------------+-------------+-------------+-------------+-------------+-------------+-------------+-------------+-------------+-------------+-------------+-------------+-------------+-------------+-------------+-------------+-------------+-------------+
+-----------------------------------------------+---------+--------------+-------------+-------------+--------------+
|                     Event                     | Counter |      Sum     |     Min     |     Max     |      Avg     |
+-----------------------------------------------+---------+--------------+-------------+-------------+--------------+
|             INSTR_RETIRED_ANY STAT            |  FIXC0  | 915264940000 | 39195480000 | 44134200000 | 3.979413e+10 |
|           CPU_CLK_UNHALTED_CORE STAT          |  FIXC1  | 571206890000 | 19525050000 | 25129420000 | 2.483508e+10 |
|           CPU_CLK_UNHALTED_REF STAT           |  FIXC2  | 781807510000 | 26720150000 | 34387760000 | 3.399163e+10 |
|              PWR_PKG_ENERGY STAT              |   PWR0  |    1541.5364 |           0 |    831.1779 |      67.0233 |
|              PWR_DRAM_ENERGY STAT             |   PWR3  |     231.2819 |           0 |    123.1606 |      10.0557 |
| FP_ARITH_INST_RETIRED_128B_PACKED_DOUBLE STAT |   PMC0  |       218232 |           0 |      218232 |    9488.3478 |
|    FP_ARITH_INST_RETIRED_SCALAR_DOUBLE STAT   |   PMC1  | 244225820000 | 10371710000 | 10942220000 | 1.061851e+10 |
| FP_ARITH_INST_RETIRED_256B_PACKED_DOUBLE STAT |   PMC2  |       302358 |           0 |      302358 |        13146 |
| FP_ARITH_INST_RETIRED_512B_PACKED_DOUBLE STAT |   PMC3  |      2178750 |           0 |     2178750 |   94728.2609 |
|               CAS_COUNT_RD STAT               | MBOX0C0 |    638109900 |           0 |   375575400 | 2.774391e+07 |
|               CAS_COUNT_WR STAT               | MBOX0C1 |    167143220 |           0 |    91810540 | 7.267097e+06 |
|               CAS_COUNT_RD STAT               | MBOX1C0 |    637741600 |           0 |   375474200 | 2.772790e+07 |
|               CAS_COUNT_WR STAT               | MBOX1C1 |    166824590 |           0 |    91722190 | 7.253243e+06 |
|               CAS_COUNT_RD STAT               | MBOX2C0 |    637943400 |           0 |   375564200 | 2.773667e+07 |
|               CAS_COUNT_WR STAT               | MBOX2C1 |    167357660 |           0 |    92097960 |      7276420 |
|               CAS_COUNT_RD STAT               | MBOX3C0 |    634735700 |           0 |   373990700 | 2.759720e+07 |
|               CAS_COUNT_WR STAT               | MBOX3C1 |    165541310 |           0 |    90838150 | 7.197448e+06 |
|               CAS_COUNT_RD STAT               | MBOX4C0 |    635077300 |           0 |   374201100 | 2.761206e+07 |
|               CAS_COUNT_WR STAT               | MBOX4C1 |    165747780 |           0 |    90945020 | 7.206425e+06 |
|               CAS_COUNT_RD STAT               | MBOX5C0 |    634753800 |           0 |   374054500 | 2.759799e+07 |
|               CAS_COUNT_WR STAT               | MBOX5C1 |    165383000 |           0 |    90796470 | 7.190565e+06 |
+-----------------------------------------------+---------+--------------+-------------+-------------+--------------+
+-----------------------------------+------------+-----------+-----------+-----------+-----------+-----------+-----------+-----------+-----------+-----------+-----------+-----------+-----------+-----------+-----------+-----------+-----------+-----------+-----------+-----------+-----------+-----------+-----------+
|               Metric              |   Core 0   |   Core 1  |   Core 2  |   Core 3  |   Core 4  |   Core 5  |   Core 6  |   Core 7  |   Core 8  |   Core 9  |  Core 10  |  Core 11  |  Core 12  |  Core 13  |  Core 14  |  Core 15  |  Core 16  |  Core 17  |  Core 18  |  Core 19  |  Core 20  |  Core 21  |  Core 22  |
+-----------------------------------+------------+-----------+-----------+-----------+-----------+-----------+-----------+-----------+-----------+-----------+-----------+-----------+-----------+-----------+-----------+-----------+-----------+-----------+-----------+-----------+-----------+-----------+-----------+
|        Runtime (RDTSC) [s]        |    13.5268 |   13.5279 |   13.5279 |   13.5279 |   13.5279 |   13.5279 |   13.5279 |   13.5279 |   13.5279 |   13.5279 |   13.5279 |   13.5279 |   13.5279 |   13.5279 |   13.5268 |   13.5279 |   13.5279 |   13.5279 |   13.5279 |   13.5279 |   13.5279 |   13.5279 |   13.5279 |
|        Runtime unhalted [s]       |     7.5278 |    9.6837 |    9.6870 |    9.6882 |    9.6886 |    9.6810 |    9.6881 |    9.6828 |    9.6837 |    9.6829 |    9.6832 |    9.6826 |    9.6819 |    9.6772 |    9.6412 |    9.6451 |    9.6459 |    9.6455 |    9.6460 |    9.6457 |    9.6456 |    9.6456 |    9.6478 |
|            Clock [MHz]            |  1895.2946 | 1895.4031 | 1895.4036 | 1895.4053 | 1895.4051 | 1895.4054 | 1895.4065 | 1895.4032 | 1895.4049 | 1895.4041 | 1895.4041 | 1895.4011 | 1895.4023 | 1895.4040 | 1894.4810 | 1894.4792 | 1894.4679 | 1894.4625 | 1894.4980 | 1894.4582 | 1894.4883 | 1894.4579 | 1894.4871 |
|                CPI                |     0.4424 |    0.6251 |    0.6239 |    0.6251 |    0.6296 |    0.6306 |    0.6371 |    0.6353 |    0.6335 |    0.6367 |    0.6383 |    0.6407 |    0.6391 |    0.6376 |    0.6330 |    0.6361 |    0.6376 |    0.6348 |    0.6338 |    0.6295 |    0.6286 |    0.6319 |    0.6356 |
|             Energy [J]            |   831.1779 |         0 |         0 |         0 |         0 |         0 |         0 |         0 |         0 |         0 |         0 |         0 |         0 |         0 |  710.3585 |         0 |         0 |         0 |         0 |         0 |         0 |         0 |         0 |
|             Power [W]             |    61.4466 |         0 |         0 |         0 |         0 |         0 |         0 |         0 |         0 |         0 |         0 |         0 |         0 |         0 |   52.5149 |         0 |         0 |         0 |         0 |         0 |         0 |         0 |         0 |
|          Energy DRAM [J]          |   123.1606 |         0 |         0 |         0 |         0 |         0 |         0 |         0 |         0 |         0 |         0 |         0 |         0 |         0 |  108.1213 |         0 |         0 |         0 |         0 |         0 |         0 |         0 |         0 |
|           Power DRAM [W]          |     9.1049 |         0 |         0 |         0 |         0 |         0 |         0 |         0 |         0 |         0 |         0 |         0 |         0 |         0 |    7.9931 |         0 |         0 |         0 |         0 |         0 |         0 |         0 |         0 |
|            DP [MFLOP/s]           |   787.7844 |  798.5823 |  808.8650 |  805.0425 |  792.1955 |  789.7511 |  782.6251 |  784.2402 |  784.9800 |  773.3854 |  768.3959 |  766.6920 |  767.6611 |  772.6146 |  782.7232 |  780.6089 |  778.8599 |  781.5737 |  784.1817 |  796.9745 |  800.7482 |  787.8303 |  778.7572 |
|          AVX DP [MFLOP/s]         |     1.3780 |         0 |         0 |         0 |         0 |         0 |         0 |         0 |         0 |         0 |         0 |         0 |         0 |         0 |         0 |         0 |         0 |         0 |         0 |         0 |         0 |         0 |         0 |
|          Packed [MUOPS/s]         |     0.1996 |         0 |         0 |         0 |         0 |         0 |         0 |         0 |         0 |         0 |         0 |         0 |         0 |         0 |         0 |         0 |         0 |         0 |         0 |         0 |         0 |         0 |         0 |
|          Scalar [MUOPS/s]         |   786.3742 |  798.5823 |  808.8650 |  805.0425 |  792.1955 |  789.7511 |  782.6251 |  784.2402 |  784.9800 |  773.3854 |  768.3959 |  766.6920 |  767.6611 |  772.6146 |  782.7232 |  780.6089 |  778.8599 |  781.5737 |  784.1817 |  796.9745 |  800.7482 |  787.8303 |  778.7572 |
|  Memory read bandwidth [MBytes/s] | 10640.1165 |         0 |         0 |         0 |         0 |         0 |         0 |         0 |         0 |         0 |         0 |         0 |         0 |         0 | 7425.8585 |         0 |         0 |         0 |         0 |         0 |         0 |         0 |         0 |
|  Memory read data volume [GBytes] |   143.9270 |         0 |         0 |         0 |         0 |         0 |         0 |         0 |         0 |         0 |         0 |         0 |         0 |         0 |  100.4481 |         0 |         0 |         0 |         0 |         0 |         0 |         0 |         0 |
| Memory write bandwidth [MBytes/s] |  2593.7682 |         0 |         0 |         0 |         0 |         0 |         0 |         0 |         0 |         0 |         0 |         0 |         0 |         0 | 2128.1000 |         0 |         0 |         0 |         0 |         0 |         0 |         0 |         0 |
| Memory write data volume [GBytes] |    35.0855 |         0 |         0 |         0 |         0 |         0 |         0 |         0 |         0 |         0 |         0 |         0 |         0 |         0 |   28.7864 |         0 |         0 |         0 |         0 |         0 |         0 |         0 |         0 |
|    Memory bandwidth [MBytes/s]    | 13233.8846 |         0 |         0 |         0 |         0 |         0 |         0 |         0 |         0 |         0 |         0 |         0 |         0 |         0 | 9553.9584 |         0 |         0 |         0 |         0 |         0 |         0 |         0 |         0 |
|    Memory data volume [GBytes]    |   179.0125 |         0 |         0 |         0 |         0 |         0 |         0 |         0 |         0 |         0 |         0 |         0 |         0 |         0 |  129.2345 |         0 |         0 |         0 |         0 |         0 |         0 |         0 |         0 |
|       Operational intensity       |     0.0595 |    0.0603 |    0.0611 |    0.0608 |    0.0599 |    0.0597 |    0.0591 |    0.0593 |    0.0593 |    0.0584 |    0.0581 |    0.0579 |    0.0580 |    0.0584 |    0.0819 |    0.0817 |    0.0815 |    0.0818 |    0.0821 |    0.0834 |    0.0838 |    0.0825 |    0.0815 |
+-----------------------------------+------------+-----------+-----------+-----------+-----------+-----------+-----------+-----------+-----------+-----------+-----------+-----------+-----------+-----------+-----------+-----------+-----------+-----------+-----------+-----------+-----------+-----------+-----------+
+----------------------------------------+------------+-----------+------------+-----------+
|                 Metric                 |     Sum    |    Min    |     Max    |    Avg    |
+----------------------------------------+------------+-----------+------------+-----------+
|        Runtime (RDTSC) [s] STAT        |   311.1395 |   13.5268 |    13.5279 |   13.5278 |
|        Runtime unhalted [s] STAT       |   220.2271 |    7.5278 |     9.6886 |    9.5751 |
|            Clock [MHz] STAT            | 43585.8274 | 1894.4579 |  1895.4065 | 1895.0360 |
|                CPI STAT                |    14.3759 |    0.4424 |     0.6407 |    0.6250 |
|             Energy [J] STAT            |  1541.5364 |         0 |   831.1779 |   67.0233 |
|             Power [W] STAT             |   113.9615 |         0 |    61.4466 |    4.9548 |
|          Energy DRAM [J] STAT          |   231.2819 |         0 |   123.1606 |   10.0557 |
|           Power DRAM [W] STAT          |    17.0980 |         0 |     9.1049 |    0.7434 |
|            DP [MFLOP/s] STAT           | 18055.0727 |  766.6920 |   808.8650 |  785.0032 |
|          AVX DP [MFLOP/s] STAT         |     1.3780 |         0 |     1.3780 |    0.0599 |
|          Packed [MUOPS/s] STAT         |     0.1996 |         0 |     0.1996 |    0.0087 |
|          Scalar [MUOPS/s] STAT         | 18053.6625 |  766.6920 |   808.8650 |  784.9418 |
|  Memory read bandwidth [MBytes/s] STAT | 18065.9750 |         0 | 10640.1165 |  785.4772 |
|  Memory read data volume [GBytes] STAT |   244.3751 |         0 |   143.9270 |   10.6250 |
| Memory write bandwidth [MBytes/s] STAT |  4721.8682 |         0 |  2593.7682 |  205.2986 |
| Memory write data volume [GBytes] STAT |    63.8719 |         0 |    35.0855 |    2.7770 |
|    Memory bandwidth [MBytes/s] STAT    | 22787.8430 |         0 | 13233.8846 |  990.7758 |
|    Memory data volume [GBytes] STAT    |   308.2470 |         0 |   179.0125 |   13.4020 |
|       Operational intensity STAT       |     1.5700 |    0.0579 |     0.0838 |    0.0683 |
+----------------------------------------+------------+-----------+------------+-----------+
