--------------------------------------------------------------------------------
CPU name:	Intel(R) Xeon(R) Gold 6132 CPU @ 2.60GHz
CPU type:	Intel Skylake SP processor
CPU clock:	2.59 GHz
--------------------------------------------------------------------------------
Region Setup, Group 1: MEM_DP
+-------------------+----------+----------+----------+----------+----------+----------+----------+----------+----------+----------+----------+----------+----------+----------+----------+----------+----------+----------+----------+----------+----------+----------+----------+----------+
|    Region Info    |  Core 0  |  Core 1  |  Core 2  |  Core 3  |  Core 4  |  Core 5  |  Core 6  |  Core 7  |  Core 8  |  Core 9  |  Core 10 |  Core 11 |  Core 12 |  Core 13 |  Core 14 |  Core 15 |  Core 16 |  Core 17 |  Core 18 |  Core 19 |  Core 20 |  Core 21 |  Core 22 |  Core 23 |
+-------------------+----------+----------+----------+----------+----------+----------+----------+----------+----------+----------+----------+----------+----------+----------+----------+----------+----------+----------+----------+----------+----------+----------+----------+----------+
| RDTSC Runtime [s] | 1.530833 | 1.532536 | 1.532435 | 1.532436 | 1.532498 | 1.532511 | 1.532507 | 1.532544 | 1.532527 | 1.532538 | 1.532514 | 1.532513 | 1.532519 | 1.532560 | 1.531053 | 1.532538 | 1.532548 | 1.532527 | 1.532543 | 1.532539 | 1.532510 | 1.532497 | 1.532487 | 1.532507 |
|     call count    |        2 |        2 |        2 |        2 |        2 |        2 |        2 |        2 |        2 |        2 |        2 |        2 |        2 |        2 |        2 |        2 |        2 |        2 |        2 |        2 |        2 |        2 |        2 |        2 |
+-------------------+----------+----------+----------+----------+----------+----------+----------+----------+----------+----------+----------+----------+----------+----------+----------+----------+----------+----------+----------+----------+----------+----------+----------+----------+
+------------------------------------------+---------+------------+-----------+-----------+-----------+-----------+-----------+-----------+-----------+-----------+-----------+-----------+-----------+-----------+-----------+-----------+-----------+-----------+-----------+-----------+-----------+-----------+-----------+-----------+-----------+
|                   Event                  | Counter |   Core 0   |   Core 1  |   Core 2  |   Core 3  |   Core 4  |   Core 5  |   Core 6  |   Core 7  |   Core 8  |   Core 9  |  Core 10  |  Core 11  |  Core 12  |  Core 13  |  Core 14  |  Core 15  |  Core 16  |  Core 17  |  Core 18  |  Core 19  |  Core 20  |  Core 21  |  Core 22  |  Core 23  |
+------------------------------------------+---------+------------+-----------+-----------+-----------+-----------+-----------+-----------+-----------+-----------+-----------+-----------+-----------+-----------+-----------+-----------+-----------+-----------+-----------+-----------+-----------+-----------+-----------+-----------+-----------+
|             INSTR_RETIRED_ANY            |  FIXC0  | 1105849000 | 370358100 | 369945800 | 370036400 | 369955600 | 370216400 | 370127600 | 370021700 | 369787500 | 369575800 | 369610600 | 369932100 | 370032800 | 369750900 | 366393800 | 366405400 | 363808700 | 363792000 | 363852100 | 363713200 | 363870000 | 363985600 | 363371400 | 361827700 |
|           CPU_CLK_UNHALTED_CORE          |  FIXC1  |  837909100 | 604718700 | 600900200 | 601258300 | 601171200 | 605436600 | 606556600 | 601900900 | 607830500 | 601578700 | 603745800 | 609065000 | 612647100 | 605800500 | 547065900 | 545718800 | 550028700 | 549609000 | 551439800 | 548602700 | 552185100 | 554439300 | 543816400 | 512746200 |
|           CPU_CLK_UNHALTED_REF           |  FIXC2  | 1146249000 | 827539500 | 822333700 | 822800900 | 822674700 | 828540100 | 830057200 | 823696100 | 831789500 | 823247500 | 826218800 | 833494100 | 838393500 | 829023400 | 749468400 | 747618500 | 753521800 | 752966300 | 755438400 | 751592200 | 756443500 | 759638200 | 744977000 | 702491600 |
|              PWR_PKG_ENERGY              |   PWR0  |    59.6833 |         0 |         0 |         0 |         0 |         0 |         0 |         0 |         0 |         0 |         0 |         0 |         0 |         0 |   56.0388 |         0 |         0 |         0 |         0 |         0 |         0 |         0 |         0 |         0 |
|              PWR_DRAM_ENERGY             |   PWR3  |     8.0378 |         0 |         0 |         0 |         0 |         0 |         0 |         0 |         0 |         0 |         0 |         0 |         0 |         0 |    5.8668 |         0 |         0 |         0 |         0 |         0 |         0 |         0 |         0 |         0 |
| FP_ARITH_INST_RETIRED_128B_PACKED_DOUBLE |   PMC0  |     122920 |         0 |         0 |         0 |         0 |         0 |         0 |         0 |         0 |         0 |         0 |         0 |         0 |         0 |         0 |         0 |         0 |         0 |         0 |         0 |         0 |         0 |         0 |         0 |
|    FP_ARITH_INST_RETIRED_SCALAR_DOUBLE   |   PMC1  |  125748800 |  89711100 |  89684490 |  89711870 |  89685170 |  89711480 |  89684690 |  89710010 |  89629130 |  89657570 |  89630890 |  89657160 |  89630060 |  89653130 |  89626240 |  89653830 |  89164000 |  89163930 |  89163970 |  89164440 |  89164440 |  89164440 |  89164440 |  89163950 |
| FP_ARITH_INST_RETIRED_256B_PACKED_DOUBLE |   PMC2  |      81488 |         0 |         0 |         0 |         0 |         0 |         0 |         0 |         0 |         0 |         0 |         0 |         0 |         0 |         0 |         0 |         0 |         0 |         0 |         0 |         0 |         0 |         0 |         0 |
| FP_ARITH_INST_RETIRED_512B_PACKED_DOUBLE |   PMC3  |    1080242 |         0 |         0 |         0 |         0 |         0 |         0 |         0 |         0 |         0 |         0 |         0 |         0 |         0 |         0 |         0 |         0 |         0 |         0 |         0 |         0 |         0 |         0 |         0 |
|               CAS_COUNT_RD               | MBOX0C0 |    4532919 |         0 |         0 |         0 |         0 |         0 |         0 |         0 |         0 |         0 |         0 |         0 |         0 |         0 |    849007 |         0 |         0 |         0 |         0 |         0 |         0 |         0 |         0 |         0 |
|               CAS_COUNT_WR               | MBOX0C1 |    6159455 |         0 |         0 |         0 |         0 |         0 |         0 |         0 |         0 |         0 |         0 |         0 |         0 |         0 |   1218101 |         0 |         0 |         0 |         0 |         0 |         0 |         0 |         0 |         0 |
|               CAS_COUNT_RD               | MBOX1C0 |    4557086 |         0 |         0 |         0 |         0 |         0 |         0 |         0 |         0 |         0 |         0 |         0 |         0 |         0 |   1404868 |         0 |         0 |         0 |         0 |         0 |         0 |         0 |         0 |         0 |
|               CAS_COUNT_WR               | MBOX1C1 |    6195477 |         0 |         0 |         0 |         0 |         0 |         0 |         0 |         0 |         0 |         0 |         0 |         0 |         0 |   1970917 |         0 |         0 |         0 |         0 |         0 |         0 |         0 |         0 |         0 |
|               CAS_COUNT_RD               | MBOX2C0 |    4551369 |         0 |         0 |         0 |         0 |         0 |         0 |         0 |         0 |         0 |         0 |         0 |         0 |         0 |    883329 |         0 |         0 |         0 |         0 |         0 |         0 |         0 |         0 |         0 |
|               CAS_COUNT_WR               | MBOX2C1 |    6189670 |         0 |         0 |         0 |         0 |         0 |         0 |         0 |         0 |         0 |         0 |         0 |         0 |         0 |   1275192 |         0 |         0 |         0 |         0 |         0 |         0 |         0 |         0 |         0 |
|               CAS_COUNT_RD               | MBOX3C0 |    4182528 |         0 |         0 |         0 |         0 |         0 |         0 |         0 |         0 |         0 |         0 |         0 |         0 |         0 |    745620 |         0 |         0 |         0 |         0 |         0 |         0 |         0 |         0 |         0 |
|               CAS_COUNT_WR               | MBOX3C1 |    5969154 |         0 |         0 |         0 |         0 |         0 |         0 |         0 |         0 |         0 |         0 |         0 |         0 |         0 |   1177885 |         0 |         0 |         0 |         0 |         0 |         0 |         0 |         0 |         0 |
|               CAS_COUNT_RD               | MBOX4C0 |    4209083 |         0 |         0 |         0 |         0 |         0 |         0 |         0 |         0 |         0 |         0 |         0 |         0 |         0 |    824255 |         0 |         0 |         0 |         0 |         0 |         0 |         0 |         0 |         0 |
|               CAS_COUNT_WR               | MBOX4C1 |    6000728 |         0 |         0 |         0 |         0 |         0 |         0 |         0 |         0 |         0 |         0 |         0 |         0 |         0 |   1285159 |         0 |         0 |         0 |         0 |         0 |         0 |         0 |         0 |         0 |
|               CAS_COUNT_RD               | MBOX5C0 |    4203215 |         0 |         0 |         0 |         0 |         0 |         0 |         0 |         0 |         0 |         0 |         0 |         0 |         0 |    785819 |         0 |         0 |         0 |         0 |         0 |         0 |         0 |         0 |         0 |
|               CAS_COUNT_WR               | MBOX5C1 |    5997151 |         0 |         0 |         0 |         0 |         0 |         0 |         0 |         0 |         0 |         0 |         0 |         0 |         0 |   1227706 |         0 |         0 |         0 |         0 |         0 |         0 |         0 |         0 |         0 |
+------------------------------------------+---------+------------+-----------+-----------+-----------+-----------+-----------+-----------+-----------+-----------+-----------+-----------+-----------+-----------+-----------+-----------+-----------+-----------+-----------+-----------+-----------+-----------+-----------+-----------+-----------+
+-----------------------------------------------+---------+-------------+-----------+------------+--------------+
|                     Event                     | Counter |     Sum     |    Min    |     Max    |      Avg     |
+-----------------------------------------------+---------+-------------+-----------+------------+--------------+
|             INSTR_RETIRED_ANY STAT            |  FIXC0  |  9556220200 | 361827700 | 1105849000 | 3.981758e+08 |
|           CPU_CLK_UNHALTED_CORE STAT          |  FIXC1  | 14156171100 | 512746200 |  837909100 | 5.898405e+08 |
|           CPU_CLK_UNHALTED_REF STAT           |  FIXC2  | 19380213900 | 702491600 | 1146249000 | 8.075089e+08 |
|              PWR_PKG_ENERGY STAT              |   PWR0  |    115.7221 |         0 |    59.6833 |       4.8218 |
|              PWR_DRAM_ENERGY STAT             |   PWR3  |     13.9046 |         0 |     8.0378 |       0.5794 |
| FP_ARITH_INST_RETIRED_128B_PACKED_DOUBLE STAT |   PMC0  |      122920 |         0 |     122920 |    5121.6667 |
|    FP_ARITH_INST_RETIRED_SCALAR_DOUBLE STAT   |   PMC1  |  2184099230 |  89163930 |  125748800 | 9.100413e+07 |
| FP_ARITH_INST_RETIRED_256B_PACKED_DOUBLE STAT |   PMC2  |       81488 |         0 |      81488 |    3395.3333 |
| FP_ARITH_INST_RETIRED_512B_PACKED_DOUBLE STAT |   PMC3  |     1080242 |         0 |    1080242 |   45010.0833 |
|               CAS_COUNT_RD STAT               | MBOX0C0 |     5381926 |         0 |    4532919 |  224246.9167 |
|               CAS_COUNT_WR STAT               | MBOX0C1 |     7377556 |         0 |    6159455 |  307398.1667 |
|               CAS_COUNT_RD STAT               | MBOX1C0 |     5961954 |         0 |    4557086 |  248414.7500 |
|               CAS_COUNT_WR STAT               | MBOX1C1 |     8166394 |         0 |    6195477 |  340266.4167 |
|               CAS_COUNT_RD STAT               | MBOX2C0 |     5434698 |         0 |    4551369 |  226445.7500 |
|               CAS_COUNT_WR STAT               | MBOX2C1 |     7464862 |         0 |    6189670 |  311035.9167 |
|               CAS_COUNT_RD STAT               | MBOX3C0 |     4928148 |         0 |    4182528 |  205339.5000 |
|               CAS_COUNT_WR STAT               | MBOX3C1 |     7147039 |         0 |    5969154 |  297793.2917 |
|               CAS_COUNT_RD STAT               | MBOX4C0 |     5033338 |         0 |    4209083 |  209722.4167 |
|               CAS_COUNT_WR STAT               | MBOX4C1 |     7285887 |         0 |    6000728 |  303578.6250 |
|               CAS_COUNT_RD STAT               | MBOX5C0 |     4989034 |         0 |    4203215 |  207876.4167 |
|               CAS_COUNT_WR STAT               | MBOX5C1 |     7224857 |         0 |    5997151 |  301035.7083 |
+-----------------------------------------------+---------+-------------+-----------+------------+--------------+
+-----------------------------------+-----------+-----------+-----------+-----------+-----------+-----------+-----------+-----------+-----------+-----------+-----------+-----------+-----------+-----------+-----------+-----------+-----------+-----------+-----------+-----------+-----------+-----------+-----------+-----------+
|               Metric              |   Core 0  |   Core 1  |   Core 2  |   Core 3  |   Core 4  |   Core 5  |   Core 6  |   Core 7  |   Core 8  |   Core 9  |  Core 10  |  Core 11  |  Core 12  |  Core 13  |  Core 14  |  Core 15  |  Core 16  |  Core 17  |  Core 18  |  Core 19  |  Core 20  |  Core 21  |  Core 22  |  Core 23  |
+-----------------------------------+-----------+-----------+-----------+-----------+-----------+-----------+-----------+-----------+-----------+-----------+-----------+-----------+-----------+-----------+-----------+-----------+-----------+-----------+-----------+-----------+-----------+-----------+-----------+-----------+
|        Runtime (RDTSC) [s]        |    1.5308 |    1.5325 |    1.5324 |    1.5324 |    1.5325 |    1.5325 |    1.5325 |    1.5325 |    1.5325 |    1.5325 |    1.5325 |    1.5325 |    1.5325 |    1.5326 |    1.5311 |    1.5325 |    1.5325 |    1.5325 |    1.5325 |    1.5325 |    1.5325 |    1.5325 |    1.5325 |    1.5325 |
|        Runtime unhalted [s]       |    0.3230 |    0.2331 |    0.2317 |    0.2318 |    0.2318 |    0.2334 |    0.2339 |    0.2321 |    0.2343 |    0.2319 |    0.2328 |    0.2348 |    0.2362 |    0.2336 |    0.2109 |    0.2104 |    0.2121 |    0.2119 |    0.2126 |    0.2115 |    0.2129 |    0.2138 |    0.2097 |    0.1977 |
|            Clock [MHz]            | 1896.0490 | 1895.3800 | 1895.3346 | 1895.3873 | 1895.4034 | 1895.3384 | 1895.3741 | 1895.3508 | 1895.3992 | 1895.3685 | 1895.3555 | 1895.3645 | 1895.3705 | 1895.3720 | 1893.2935 | 1893.3047 | 1893.3075 | 1893.2585 | 1893.3490 | 1893.2471 | 1893.3889 | 1893.1230 | 1893.3943 | 1893.1845 |
|                CPI                |    0.7577 |    1.6328 |    1.6243 |    1.6249 |    1.6250 |    1.6354 |    1.6388 |    1.6267 |    1.6437 |    1.6278 |    1.6335 |    1.6464 |    1.6557 |    1.6384 |    1.4931 |    1.4894 |    1.5119 |    1.5108 |    1.5156 |    1.5083 |    1.5175 |    1.5232 |    1.4966 |    1.4171 |
|             Energy [J]            |   59.6833 |         0 |         0 |         0 |         0 |         0 |         0 |         0 |         0 |         0 |         0 |         0 |         0 |         0 |   56.0388 |         0 |         0 |         0 |         0 |         0 |         0 |         0 |         0 |         0 |
|             Power [W]             |   38.9875 |         0 |         0 |         0 |         0 |         0 |         0 |         0 |         0 |         0 |         0 |         0 |         0 |         0 |   36.6015 |         0 |         0 |         0 |         0 |         0 |         0 |         0 |         0 |         0 |
|          Energy DRAM [J]          |    8.0378 |         0 |         0 |         0 |         0 |         0 |         0 |         0 |         0 |         0 |         0 |         0 |         0 |         0 |    5.8668 |         0 |         0 |         0 |         0 |         0 |         0 |         0 |         0 |         0 |
|           Power DRAM [W]          |    5.2506 |         0 |         0 |         0 |         0 |         0 |         0 |         0 |         0 |         0 |         0 |         0 |         0 |         0 |    3.8318 |         0 |         0 |         0 |         0 |         0 |         0 |         0 |         0 |         0 |
|            DP [MFLOP/s]           |   88.1628 |   58.5377 |   58.5242 |   58.5420 |   58.5222 |   58.5389 |   58.5216 |   58.5367 |   58.4845 |   58.5027 |   58.4862 |   58.5034 |   58.4854 |   58.4989 |   58.5390 |   58.5002 |   58.1802 |   58.1810 |   58.1804 |   58.1809 |   58.1820 |   58.1825 |   58.1828 |   58.1818 |
|          AVX DP [MFLOP/s]         |    5.8582 |         0 |         0 |         0 |         0 |         0 |         0 |         0 |         0 |         0 |         0 |         0 |         0 |         0 |         0 |         0 |         0 |         0 |         0 |         0 |         0 |         0 |         0 |         0 |
|          Packed [MUOPS/s]         |    0.8392 |         0 |         0 |         0 |         0 |         0 |         0 |         0 |         0 |         0 |         0 |         0 |         0 |         0 |         0 |         0 |         0 |         0 |         0 |         0 |         0 |         0 |         0 |         0 |
|          Scalar [MUOPS/s]         |   82.1440 |   58.5377 |   58.5242 |   58.5420 |   58.5222 |   58.5389 |   58.5216 |   58.5367 |   58.4845 |   58.5027 |   58.4862 |   58.5034 |   58.4854 |   58.4989 |   58.5390 |   58.5002 |   58.1802 |   58.1810 |   58.1804 |   58.1809 |   58.1820 |   58.1825 |   58.1828 |   58.1818 |
|  Memory read bandwidth [MBytes/s] | 1096.8648 |         0 |         0 |         0 |         0 |         0 |         0 |         0 |         0 |         0 |         0 |         0 |         0 |         0 |  229.6103 |         0 |         0 |         0 |         0 |         0 |         0 |         0 |         0 |         0 |
|  Memory read data volume [GBytes] |    1.6791 |         0 |         0 |         0 |         0 |         0 |         0 |         0 |         0 |         0 |         0 |         0 |         0 |         0 |    0.3515 |         0 |         0 |         0 |         0 |         0 |         0 |         0 |         0 |         0 |
| Memory write bandwidth [MBytes/s] | 1526.4530 |         0 |         0 |         0 |         0 |         0 |         0 |         0 |         0 |         0 |         0 |         0 |         0 |         0 |  340.8879 |         0 |         0 |         0 |         0 |         0 |         0 |         0 |         0 |         0 |
| Memory write data volume [GBytes] |    2.3367 |         0 |         0 |         0 |         0 |         0 |         0 |         0 |         0 |         0 |         0 |         0 |         0 |         0 |    0.5219 |         0 |         0 |         0 |         0 |         0 |         0 |         0 |         0 |         0 |
|    Memory bandwidth [MBytes/s]    | 2623.3178 |         0 |         0 |         0 |         0 |         0 |         0 |         0 |         0 |         0 |         0 |         0 |         0 |         0 |  570.4982 |         0 |         0 |         0 |         0 |         0 |         0 |         0 |         0 |         0 |
|    Memory data volume [GBytes]    |    4.0159 |         0 |         0 |         0 |         0 |         0 |         0 |         0 |         0 |         0 |         0 |         0 |         0 |         0 |    0.8735 |         0 |         0 |         0 |         0 |         0 |         0 |         0 |         0 |         0 |
|       Operational intensity       |    0.0336 |    0.0223 |    0.0223 |    0.0223 |    0.0223 |    0.0223 |    0.0223 |    0.0223 |    0.0223 |    0.0223 |    0.0223 |    0.0223 |    0.0223 |    0.0223 |    0.1026 |    0.1026 |    0.1021 |    0.1021 |    0.1021 |    0.1021 |    0.1021 |    0.1021 |    0.1021 |    0.1021 |
+-----------------------------------+-----------+-----------+-----------+-----------+-----------+-----------+-----------+-----------+-----------+-----------+-----------+-----------+-----------+-----------+-----------+-----------+-----------+-----------+-----------+-----------+-----------+-----------+-----------+-----------+
+----------------------------------------+------------+-----------+-----------+-----------+
|                 Metric                 |     Sum    |    Min    |    Max    |    Avg    |
+----------------------------------------+------------+-----------+-----------+-----------+
|        Runtime (RDTSC) [s] STAT        |    36.7768 |    1.5308 |    1.5326 |    1.5324 |
|        Runtime unhalted [s] STAT       |     5.4579 |    0.1977 |    0.3230 |    0.2274 |
|            Clock [MHz] STAT            | 45468.6988 | 1893.1230 | 1896.0490 | 1894.5291 |
|                CPI STAT                |    36.9946 |    0.7577 |    1.6557 |    1.5414 |
|             Energy [J] STAT            |   115.7221 |         0 |   59.6833 |    4.8218 |
|             Power [W] STAT             |    75.5890 |         0 |   38.9875 |    3.1495 |
|          Energy DRAM [J] STAT          |    13.9046 |         0 |    8.0378 |    0.5794 |
|           Power DRAM [W] STAT          |     9.0824 |         0 |    5.2506 |    0.3784 |
|            DP [MFLOP/s] STAT           |  1431.3380 |   58.1802 |   88.1628 |   59.6391 |
|          AVX DP [MFLOP/s] STAT         |     5.8582 |         0 |    5.8582 |    0.2441 |
|          Packed [MUOPS/s] STAT         |     0.8392 |         0 |    0.8392 |    0.0350 |
|          Scalar [MUOPS/s] STAT         |  1425.3192 |   58.1802 |   82.1440 |   59.3883 |
|  Memory read bandwidth [MBytes/s] STAT |  1326.4751 |         0 | 1096.8648 |   55.2698 |
|  Memory read data volume [GBytes] STAT |     2.0306 |         0 |    1.6791 |    0.0846 |
| Memory write bandwidth [MBytes/s] STAT |  1867.3409 |         0 | 1526.4530 |   77.8059 |
| Memory write data volume [GBytes] STAT |     2.8586 |         0 |    2.3367 |    0.1191 |
|    Memory bandwidth [MBytes/s] STAT    |  3193.8160 |         0 | 2623.3178 |  133.0757 |
|    Memory data volume [GBytes] STAT    |     4.8894 |         0 |    4.0159 |    0.2037 |
|       Operational intensity STAT       |     1.3455 |    0.0223 |    0.1026 |    0.0561 |
+----------------------------------------+------------+-----------+-----------+-----------+
--------------------------------------------------------------------------------
CPU name:	Intel(R) Xeon(R) Gold 6132 CPU @ 2.60GHz
CPU type:	Intel Skylake SP processor
CPU clock:	2.59 GHz
--------------------------------------------------------------------------------
Region Solve, Group 1: MEM_DP
+-------------------+-----------+-----------+-----------+-----------+-----------+-----------+-----------+-----------+-----------+-----------+-----------+-----------+-----------+-----------+-----------+-----------+-----------+-----------+-----------+-----------+-----------+-----------+-----------+-----------+
|    Region Info    |   Core 0  |   Core 1  |   Core 2  |   Core 3  |   Core 4  |   Core 5  |   Core 6  |   Core 7  |   Core 8  |   Core 9  |  Core 10  |  Core 11  |  Core 12  |  Core 13  |  Core 14  |  Core 15  |  Core 16  |  Core 17  |  Core 18  |  Core 19  |  Core 20  |  Core 21  |  Core 22  |  Core 23  |
+-------------------+-----------+-----------+-----------+-----------+-----------+-----------+-----------+-----------+-----------+-----------+-----------+-----------+-----------+-----------+-----------+-----------+-----------+-----------+-----------+-----------+-----------+-----------+-----------+-----------+
| RDTSC Runtime [s] | 13.242670 | 13.243690 | 13.243680 | 13.243680 | 13.243690 | 13.243680 | 13.243680 | 13.243690 | 13.243680 | 13.243680 | 13.243680 | 13.243690 | 13.243690 | 13.243690 | 13.242640 | 13.243680 | 13.243690 | 13.243680 | 13.243690 | 13.243680 | 13.243680 | 13.243680 | 13.243690 | 13.243690 |
|     call count    |         1 |         1 |         1 |         1 |         1 |         1 |         1 |         1 |         1 |         1 |         1 |         1 |         1 |         1 |         1 |         1 |         1 |         1 |         1 |         1 |         1 |         1 |         1 |         1 |
+-------------------+-----------+-----------+-----------+-----------+-----------+-----------+-----------+-----------+-----------+-----------+-----------+-----------+-----------+-----------+-----------+-----------+-----------+-----------+-----------+-----------+-----------+-----------+-----------+-----------+
+------------------------------------------+---------+-------------+-------------+-------------+-------------+-------------+-------------+-------------+-------------+-------------+-------------+-------------+-------------+-------------+-------------+-------------+-------------+-------------+-------------+-------------+-------------+-------------+-------------+-------------+-------------+
|                   Event                  | Counter |    Core 0   |    Core 1   |    Core 2   |    Core 3   |    Core 4   |    Core 5   |    Core 6   |    Core 7   |    Core 8   |    Core 9   |   Core 10   |   Core 11   |   Core 12   |   Core 13   |   Core 14   |   Core 15   |   Core 16   |   Core 17   |   Core 18   |   Core 19   |   Core 20   |   Core 21   |   Core 22   |   Core 23   |
+------------------------------------------+---------+-------------+-------------+-------------+-------------+-------------+-------------+-------------+-------------+-------------+-------------+-------------+-------------+-------------+-------------+-------------+-------------+-------------+-------------+-------------+-------------+-------------+-------------+-------------+-------------+
|             INSTR_RETIRED_ANY            |  FIXC0  | 42485780000 | 38280960000 | 38505590000 | 38501560000 | 38314880000 | 38186740000 | 37880060000 | 37880100000 | 37912210000 | 37913890000 | 37776840000 | 37670150000 | 37684620000 | 37759980000 | 37895230000 | 37913100000 | 37563700000 | 37578240000 | 37846870000 | 38003480000 | 38193290000 | 38212110000 | 38007300000 | 37808300000 |
|           CPU_CLK_UNHALTED_CORE          |  FIXC1  | 18930830000 | 24532360000 | 24527150000 | 24529500000 | 24529580000 | 24518170000 | 24528450000 | 24528030000 | 24521050000 | 24528050000 | 24528530000 | 24527810000 | 24527140000 | 24524670000 | 24442230000 | 24446480000 | 24449690000 | 24443170000 | 24446310000 | 24447500000 | 24448160000 | 24445900000 | 24446940000 | 24465860000 |
|           CPU_CLK_UNHALTED_REF           |  FIXC2  | 25906710000 | 33570590000 | 33563470000 | 33566700000 | 33566810000 | 33551180000 | 33565240000 | 33564660000 | 33555200000 | 33564690000 | 33565350000 | 33564460000 | 33563560000 | 33560090000 | 33463160000 | 33468810000 | 33473650000 | 33464740000 | 33468820000 | 33470650000 | 33471400000 | 33468240000 | 33469590000 | 33495510000 |
|              PWR_PKG_ENERGY              |   PWR0  |    820.3195 |           0 |           0 |           0 |           0 |           0 |           0 |           0 |           0 |           0 |           0 |           0 |           0 |           0 |    737.3593 |           0 |           0 |           0 |           0 |           0 |           0 |           0 |           0 |           0 |
|              PWR_DRAM_ENERGY             |   PWR3  |    120.3568 |           0 |           0 |           0 |           0 |           0 |           0 |           0 |           0 |           0 |           0 |           0 |           0 |           0 |    106.4273 |           0 |           0 |           0 |           0 |           0 |           0 |           0 |           0 |           0 |
| FP_ARITH_INST_RETIRED_128B_PACKED_DOUBLE |   PMC0  |      218232 |           0 |           0 |           0 |           0 |           0 |           0 |           0 |           0 |           0 |           0 |           0 |           0 |           0 |           0 |           0 |           0 |           0 |           0 |           0 |           0 |           0 |           0 |           0 |
|    FP_ARITH_INST_RETIRED_SCALAR_DOUBLE   |   PMC1  | 10191280000 | 10270090000 | 10449350000 | 10437050000 | 10291860000 | 10233170000 | 10159110000 | 10155840000 | 10167840000 | 10092630000 |  9975102000 |  9958494000 |  9965751000 |  9977199000 | 10099460000 | 10169330000 | 10075760000 | 10080940000 | 10147800000 | 10224920000 | 10374020000 | 10391310000 | 10221270000 | 10116250000 |
| FP_ARITH_INST_RETIRED_256B_PACKED_DOUBLE |   PMC2  |      302358 |           0 |           0 |           0 |           0 |           0 |           0 |           0 |           0 |           0 |           0 |           0 |           0 |           0 |           0 |           0 |           0 |           0 |           0 |           0 |           0 |           0 |           0 |           0 |
| FP_ARITH_INST_RETIRED_512B_PACKED_DOUBLE |   PMC3  |     2178750 |           0 |           0 |           0 |           0 |           0 |           0 |           0 |           0 |           0 |           0 |           0 |           0 |           0 |           0 |           0 |           0 |           0 |           0 |           0 |           0 |           0 |           0 |           0 |
|               CAS_COUNT_RD               | MBOX0C0 |   364114100 |           0 |           0 |           0 |           0 |           0 |           0 |           0 |           0 |           0 |           0 |           0 |           0 |           0 |   272681000 |           0 |           0 |           0 |           0 |           0 |           0 |           0 |           0 |           0 |
|               CAS_COUNT_WR               | MBOX0C1 |    93296940 |           0 |           0 |           0 |           0 |           0 |           0 |           0 |           0 |           0 |           0 |           0 |           0 |           0 |    73450670 |           0 |           0 |           0 |           0 |           0 |           0 |           0 |           0 |           0 |
|               CAS_COUNT_RD               | MBOX1C0 |   364175700 |           0 |           0 |           0 |           0 |           0 |           0 |           0 |           0 |           0 |           0 |           0 |           0 |           0 |   273021300 |           0 |           0 |           0 |           0 |           0 |           0 |           0 |           0 |           0 |
|               CAS_COUNT_WR               | MBOX1C1 |    93399760 |           0 |           0 |           0 |           0 |           0 |           0 |           0 |           0 |           0 |           0 |           0 |           0 |           0 |    74168050 |           0 |           0 |           0 |           0 |           0 |           0 |           0 |           0 |           0 |
|               CAS_COUNT_RD               | MBOX2C0 |   364309300 |           0 |           0 |           0 |           0 |           0 |           0 |           0 |           0 |           0 |           0 |           0 |           0 |           0 |   272445400 |           0 |           0 |           0 |           0 |           0 |           0 |           0 |           0 |           0 |
|               CAS_COUNT_WR               | MBOX2C1 |    93463180 |           0 |           0 |           0 |           0 |           0 |           0 |           0 |           0 |           0 |           0 |           0 |           0 |           0 |    73390280 |           0 |           0 |           0 |           0 |           0 |           0 |           0 |           0 |           0 |
|               CAS_COUNT_RD               | MBOX3C0 |   363047100 |           0 |           0 |           0 |           0 |           0 |           0 |           0 |           0 |           0 |           0 |           0 |           0 |           0 |   270867600 |           0 |           0 |           0 |           0 |           0 |           0 |           0 |           0 |           0 |
|               CAS_COUNT_WR               | MBOX3C1 |    92664530 |           0 |           0 |           0 |           0 |           0 |           0 |           0 |           0 |           0 |           0 |           0 |           0 |           0 |    72892620 |           0 |           0 |           0 |           0 |           0 |           0 |           0 |           0 |           0 |
|               CAS_COUNT_RD               | MBOX4C0 |   362869000 |           0 |           0 |           0 |           0 |           0 |           0 |           0 |           0 |           0 |           0 |           0 |           0 |           0 |   271229300 |           0 |           0 |           0 |           0 |           0 |           0 |           0 |           0 |           0 |
|               CAS_COUNT_WR               | MBOX4C1 |    92522460 |           0 |           0 |           0 |           0 |           0 |           0 |           0 |           0 |           0 |           0 |           0 |           0 |           0 |    73126620 |           0 |           0 |           0 |           0 |           0 |           0 |           0 |           0 |           0 |
|               CAS_COUNT_RD               | MBOX5C0 |   362821100 |           0 |           0 |           0 |           0 |           0 |           0 |           0 |           0 |           0 |           0 |           0 |           0 |           0 |   271008900 |           0 |           0 |           0 |           0 |           0 |           0 |           0 |           0 |           0 |
|               CAS_COUNT_WR               | MBOX5C1 |    92565770 |           0 |           0 |           0 |           0 |           0 |           0 |           0 |           0 |           0 |           0 |           0 |           0 |           0 |    72985310 |           0 |           0 |           0 |           0 |           0 |           0 |           0 |           0 |           0 |
+------------------------------------------+---------+-------------+-------------+-------------+-------------+-------------+-------------+-------------+-------------+-------------+-------------+-------------+-------------+-------------+-------------+-------------+-------------+-------------+-------------+-------------+-------------+-------------+-------------+-------------+-------------+
+-----------------------------------------------+---------+--------------+-------------+-------------+--------------+
|                     Event                     | Counter |      Sum     |     Min     |     Max     |      Avg     |
+-----------------------------------------------+---------+--------------+-------------+-------------+--------------+
|             INSTR_RETIRED_ANY STAT            |  FIXC0  | 915774980000 | 37563700000 | 42485780000 | 3.815729e+10 |
|           CPU_CLK_UNHALTED_CORE STAT          |  FIXC1  | 582263560000 | 18930830000 | 24532360000 | 2.426098e+10 |
|           CPU_CLK_UNHALTED_REF STAT           |  FIXC2  | 796943280000 | 25906710000 | 33570590000 |  33205970000 |
|              PWR_PKG_ENERGY STAT              |   PWR0  |    1557.6788 |           0 |    820.3195 |      64.9033 |
|              PWR_DRAM_ENERGY STAT             |   PWR3  |     226.7841 |           0 |    120.3568 |       9.4493 |
| FP_ARITH_INST_RETIRED_128B_PACKED_DOUBLE STAT |   PMC0  |       218232 |           0 |      218232 |         9093 |
|    FP_ARITH_INST_RETIRED_SCALAR_DOUBLE STAT   |   PMC1  | 244225826000 |  9958494000 | 10449350000 | 1.017608e+10 |
| FP_ARITH_INST_RETIRED_256B_PACKED_DOUBLE STAT |   PMC2  |       302358 |           0 |      302358 |   12598.2500 |
| FP_ARITH_INST_RETIRED_512B_PACKED_DOUBLE STAT |   PMC3  |      2178750 |           0 |     2178750 |   90781.2500 |
|               CAS_COUNT_RD STAT               | MBOX0C0 |    636795100 |           0 |   364114100 | 2.653313e+07 |
|               CAS_COUNT_WR STAT               | MBOX0C1 |    166747610 |           0 |    93296940 | 6.947817e+06 |
|               CAS_COUNT_RD STAT               | MBOX1C0 |    637197000 |           0 |   364175700 |     26549875 |
|               CAS_COUNT_WR STAT               | MBOX1C1 |    167567810 |           0 |    93399760 | 6.981992e+06 |
|               CAS_COUNT_RD STAT               | MBOX2C0 |    636754700 |           0 |   364309300 | 2.653145e+07 |
|               CAS_COUNT_WR STAT               | MBOX2C1 |    166853460 |           0 |    93463180 | 6.952228e+06 |
|               CAS_COUNT_RD STAT               | MBOX3C0 |    633914700 |           0 |   363047100 | 2.641311e+07 |
|               CAS_COUNT_WR STAT               | MBOX3C1 |    165557150 |           0 |    92664530 | 6.898215e+06 |
|               CAS_COUNT_RD STAT               | MBOX4C0 |    634098300 |           0 |   362869000 | 2.642076e+07 |
|               CAS_COUNT_WR STAT               | MBOX4C1 |    165649080 |           0 |    92522460 |      6902045 |
|               CAS_COUNT_RD STAT               | MBOX5C0 |    633830000 |           0 |   362821100 | 2.640958e+07 |
|               CAS_COUNT_WR STAT               | MBOX5C1 |    165551080 |           0 |    92565770 | 6.897962e+06 |
+-----------------------------------------------+---------+--------------+-------------+-------------+--------------+
+-----------------------------------+------------+-----------+-----------+-----------+-----------+-----------+-----------+-----------+-----------+-----------+-----------+-----------+-----------+-----------+------------+-----------+-----------+-----------+-----------+-----------+-----------+-----------+-----------+-----------+
|               Metric              |   Core 0   |   Core 1  |   Core 2  |   Core 3  |   Core 4  |   Core 5  |   Core 6  |   Core 7  |   Core 8  |   Core 9  |  Core 10  |  Core 11  |  Core 12  |  Core 13  |   Core 14  |  Core 15  |  Core 16  |  Core 17  |  Core 18  |  Core 19  |  Core 20  |  Core 21  |  Core 22  |  Core 23  |
+-----------------------------------+------------+-----------+-----------+-----------+-----------+-----------+-----------+-----------+-----------+-----------+-----------+-----------+-----------+-----------+------------+-----------+-----------+-----------+-----------+-----------+-----------+-----------+-----------+-----------+
|        Runtime (RDTSC) [s]        |    13.2427 |   13.2437 |   13.2437 |   13.2437 |   13.2437 |   13.2437 |   13.2437 |   13.2437 |   13.2437 |   13.2437 |   13.2437 |   13.2437 |   13.2437 |   13.2437 |    13.2426 |   13.2437 |   13.2437 |   13.2437 |   13.2437 |   13.2437 |   13.2437 |   13.2437 |   13.2437 |   13.2437 |
|        Runtime unhalted [s]       |     7.2986 |    9.4582 |    9.4562 |    9.4571 |    9.4571 |    9.4527 |    9.4567 |    9.4565 |    9.4538 |    9.4565 |    9.4567 |    9.4564 |    9.4562 |    9.4552 |     9.4234 |    9.4251 |    9.4263 |    9.4238 |    9.4250 |    9.4255 |    9.4257 |    9.4248 |    9.4252 |    9.4325 |
|            Clock [MHz]            |  1895.3483 | 1895.4485 | 1895.4479 | 1895.4471 | 1895.4471 | 1895.4480 | 1895.4485 | 1895.4487 | 1895.4436 | 1895.4486 | 1895.4484 | 1895.4430 | 1895.4421 | 1895.4472 |  1894.5475 | 1894.5571 | 1894.5319 | 1894.5309 | 1894.5433 | 1894.5320 | 1894.5407 | 1894.5444 | 1894.5486 | 1894.5476 |
|                CPI                |     0.4456 |    0.6409 |    0.6370 |    0.6371 |    0.6402 |    0.6421 |    0.6475 |    0.6475 |    0.6468 |    0.6469 |    0.6493 |    0.6511 |    0.6509 |    0.6495 |     0.6450 |    0.6448 |    0.6509 |    0.6505 |    0.6459 |    0.6433 |    0.6401 |    0.6397 |    0.6432 |    0.6471 |
|             Energy [J]            |   820.3195 |         0 |         0 |         0 |         0 |         0 |         0 |         0 |         0 |         0 |         0 |         0 |         0 |         0 |   737.3593 |         0 |         0 |         0 |         0 |         0 |         0 |         0 |         0 |         0 |
|             Power [W]             |    61.9452 |         0 |         0 |         0 |         0 |         0 |         0 |         0 |         0 |         0 |         0 |         0 |         0 |         0 |    55.6807 |         0 |         0 |         0 |         0 |         0 |         0 |         0 |         0 |         0 |
|          Energy DRAM [J]          |   120.3568 |         0 |         0 |         0 |         0 |         0 |         0 |         0 |         0 |         0 |         0 |         0 |         0 |         0 |   106.4273 |         0 |         0 |         0 |         0 |         0 |         0 |         0 |         0 |         0 |
|           Power DRAM [W]          |     9.0886 |         0 |         0 |         0 |         0 |         0 |         0 |         0 |         0 |         0 |         0 |         0 |         0 |         0 |     8.0367 |         0 |         0 |         0 |         0 |         0 |         0 |         0 |         0 |         0 |
|            DP [MFLOP/s]           |   771.0194 |  775.4704 |  789.0065 |  788.0778 |  777.1142 |  772.6833 |  767.0912 |  766.8437 |  767.7504 |  762.0714 |  753.1971 |  751.9425 |  752.4905 |  753.3549 |   762.6470 |  767.8629 |  760.7970 |  761.1887 |  766.2366 |  772.0603 |  783.3185 |  784.6241 |  771.7841 |  763.8543 |
|          AVX DP [MFLOP/s]         |     1.4075 |         0 |         0 |         0 |         0 |         0 |         0 |         0 |         0 |         0 |         0 |         0 |         0 |         0 |          0 |         0 |         0 |         0 |         0 |         0 |         0 |         0 |         0 |         0 |
|          Packed [MUOPS/s]         |     0.2038 |         0 |         0 |         0 |         0 |         0 |         0 |         0 |         0 |         0 |         0 |         0 |         0 |         0 |          0 |         0 |         0 |         0 |         0 |         0 |         0 |         0 |         0 |         0 |
|          Scalar [MUOPS/s]         |   769.5789 |  775.4704 |  789.0065 |  788.0778 |  777.1142 |  772.6833 |  767.0912 |  766.8437 |  767.7504 |  762.0714 |  753.1971 |  751.9425 |  752.4905 |  753.3549 |   762.6470 |  767.8629 |  760.7970 |  761.1887 |  766.2366 |  772.0603 |  783.3185 |  784.6241 |  771.7841 |  763.8543 |
|  Memory read bandwidth [MBytes/s] | 10542.0979 |         0 |         0 |         0 |         0 |         0 |         0 |         0 |         0 |         0 |         0 |         0 |         0 |         0 |  7883.6413 |         0 |         0 |         0 |         0 |         0 |         0 |         0 |         0 |         0 |
|  Memory read data volume [GBytes] |   139.6055 |         0 |         0 |         0 |         0 |         0 |         0 |         0 |         0 |         0 |         0 |         0 |         0 |         0 |   104.4002 |         0 |         0 |         0 |         0 |         0 |         0 |         0 |         0 |         0 |
| Memory write bandwidth [MBytes/s] |  2696.3149 |         0 |         0 |         0 |         0 |         0 |         0 |         0 |         0 |         0 |         0 |         0 |         0 |         0 |  2126.5297 |         0 |         0 |         0 |         0 |         0 |         0 |         0 |         0 |         0 |
| Memory write data volume [GBytes] |    35.7064 |         0 |         0 |         0 |         0 |         0 |         0 |         0 |         0 |         0 |         0 |         0 |         0 |         0 |    28.1609 |         0 |         0 |         0 |         0 |         0 |         0 |         0 |         0 |         0 |
|    Memory bandwidth [MBytes/s]    | 13238.4128 |         0 |         0 |         0 |         0 |         0 |         0 |         0 |         0 |         0 |         0 |         0 |         0 |         0 | 10010.1710 |         0 |         0 |         0 |         0 |         0 |         0 |         0 |         0 |         0 |
|    Memory data volume [GBytes]    |   175.3119 |         0 |         0 |         0 |         0 |         0 |         0 |         0 |         0 |         0 |         0 |         0 |         0 |         0 |   132.5611 |         0 |         0 |         0 |         0 |         0 |         0 |         0 |         0 |         0 |
|       Operational intensity       |     0.0582 |    0.0586 |    0.0596 |    0.0595 |    0.0587 |    0.0584 |    0.0579 |    0.0579 |    0.0580 |    0.0576 |    0.0569 |    0.0568 |    0.0568 |    0.0569 |     0.0762 |    0.0767 |    0.0760 |    0.0760 |    0.0766 |    0.0771 |    0.0783 |    0.0784 |    0.0771 |    0.0763 |
+-----------------------------------+------------+-----------+-----------+-----------+-----------+-----------+-----------+-----------+-----------+-----------+-----------+-----------+-----------+-----------+------------+-----------+-----------+-----------+-----------+-----------+-----------+-----------+-----------+-----------+
+----------------------------------------+------------+-----------+------------+-----------+
|                 Metric                 |     Sum    |    Min    |     Max    |    Avg    |
+----------------------------------------+------------+-----------+------------+-----------+
|        Runtime (RDTSC) [s] STAT        |   317.8467 |   13.2426 |    13.2437 |   13.2436 |
|        Runtime unhalted [s] STAT       |   224.4852 |    7.2986 |     9.4582 |    9.3536 |
|            Clock [MHz] STAT            | 45481.5810 | 1894.5309 |  1895.4487 | 1895.0659 |
|                CPI STAT                |    15.2829 |    0.4456 |     0.6511 |    0.6368 |
|             Energy [J] STAT            |  1557.6788 |         0 |   820.3195 |   64.9033 |
|             Power [W] STAT             |   117.6259 |         0 |    61.9452 |    4.9011 |
|          Energy DRAM [J] STAT          |   226.7841 |         0 |   120.3568 |    9.4493 |
|           Power DRAM [W] STAT          |    17.1253 |         0 |     9.0886 |    0.7136 |
|            DP [MFLOP/s] STAT           | 18442.4868 |  751.9425 |   789.0065 |  768.4369 |
|          AVX DP [MFLOP/s] STAT         |     1.4075 |         0 |     1.4075 |    0.0586 |
|          Packed [MUOPS/s] STAT         |     0.2038 |         0 |     0.2038 |    0.0085 |
|          Scalar [MUOPS/s] STAT         | 18441.0463 |  751.9425 |   789.0065 |  768.3769 |
|  Memory read bandwidth [MBytes/s] STAT | 18425.7392 |         0 | 10542.0979 |  767.7391 |
|  Memory read data volume [GBytes] STAT |   244.0057 |         0 |   139.6055 |   10.1669 |
| Memory write bandwidth [MBytes/s] STAT |  4822.8446 |         0 |  2696.3149 |  200.9519 |
| Memory write data volume [GBytes] STAT |    63.8673 |         0 |    35.7064 |    2.6611 |
|    Memory bandwidth [MBytes/s] STAT    | 23248.5838 |         0 | 13238.4128 |  968.6910 |
|    Memory data volume [GBytes] STAT    |   307.8730 |         0 |   175.3119 |   12.8280 |
|       Operational intensity STAT       |     1.5805 |    0.0568 |     0.0784 |    0.0659 |
+----------------------------------------+------------+-----------+------------+-----------+
