--------------------------------------------------------------------------------
CPU name:	Intel(R) Xeon(R) Gold 6132 CPU @ 2.60GHz
CPU type:	Intel Skylake SP processor
CPU clock:	2.59 GHz
--------------------------------------------------------------------------------
Region Setup, Group 1: MEM_DP
+-------------------+----------+----------+----------+----------+----------+----------+----------+----------+----------+----------+----------+----------+----------+----------+----------+----------+
|    Region Info    |  Core 0  |  Core 1  |  Core 2  |  Core 3  |  Core 4  |  Core 5  |  Core 6  |  Core 7  |  Core 8  |  Core 9  |  Core 10 |  Core 11 |  Core 12 |  Core 13 |  Core 14 |  Core 15 |
+-------------------+----------+----------+----------+----------+----------+----------+----------+----------+----------+----------+----------+----------+----------+----------+----------+----------+
| RDTSC Runtime [s] | 1.521934 | 1.523838 | 1.523808 | 1.523820 | 1.523814 | 1.523826 | 1.523818 | 1.523811 | 1.523807 | 1.523825 | 1.523815 | 1.523811 | 1.523843 | 1.523833 | 1.521897 | 1.523829 |
|     call count    |        2 |        2 |        2 |        2 |        2 |        2 |        2 |        2 |        2 |        2 |        2 |        2 |        2 |        2 |        2 |        2 |
+-------------------+----------+----------+----------+----------+----------+----------+----------+----------+----------+----------+----------+----------+----------+----------+----------+----------+
+------------------------------------------+---------+------------+-----------+-----------+-----------+-----------+-----------+-----------+-----------+-----------+-----------+-----------+-----------+-----------+-----------+-----------+-----------+
|                   Event                  | Counter |   Core 0   |   Core 1  |   Core 2  |   Core 3  |   Core 4  |   Core 5  |   Core 6  |   Core 7  |   Core 8  |   Core 9  |  Core 10  |  Core 11  |  Core 12  |  Core 13  |  Core 14  |  Core 15  |
+------------------------------------------+---------+------------+-----------+-----------+-----------+-----------+-----------+-----------+-----------+-----------+-----------+-----------+-----------+-----------+-----------+-----------+-----------+
|             INSTR_RETIRED_ANY            |  FIXC0  | 1277981000 | 543543300 | 543535600 | 543444400 | 543375900 | 543584000 | 543552000 | 543334100 | 543253800 | 543481900 | 543467000 | 543241400 | 543543600 | 543487300 | 539960100 | 538460500 |
|           CPU_CLK_UNHALTED_CORE          |  FIXC1  |  903981100 | 688433400 | 691264400 | 689329800 | 687803100 | 692219700 | 691762400 | 687392500 | 686082700 | 691659200 | 692302800 | 686873300 | 693280500 | 692709000 | 626286500 | 597935600 |
|           CPU_CLK_UNHALTED_REF           |  FIXC2  | 1236373000 | 942079400 | 945965500 | 943297100 | 941203200 | 947251400 | 946626100 | 940649900 | 938833400 | 946484300 | 947365500 | 939939000 | 948728900 | 947926700 | 859248200 | 820296200 |
|              PWR_PKG_ENERGY              |   PWR0  |    58.4534 |         0 |         0 |         0 |         0 |         0 |         0 |         0 |         0 |         0 |         0 |         0 |         0 |         0 |   46.9495 |         0 |
|              PWR_DRAM_ENERGY             |   PWR3  |     8.0766 |         0 |         0 |         0 |         0 |         0 |         0 |         0 |         0 |         0 |         0 |         0 |         0 |         0 |    5.1926 |         0 |
| FP_ARITH_INST_RETIRED_128B_PACKED_DOUBLE |   PMC0  |     122920 |         0 |         0 |         0 |         0 |         0 |         0 |         0 |         0 |         0 |         0 |         0 |         0 |         0 |         0 |         0 |
|    FP_ARITH_INST_RETIRED_SCALAR_DOUBLE   |   PMC1  |  170312600 | 134255200 | 134256300 | 134256000 | 134255900 | 134256400 | 134258800 | 134256200 | 134255300 | 134247900 | 134249200 | 134249600 | 134249800 | 134246800 | 134246700 | 134246200 |
| FP_ARITH_INST_RETIRED_256B_PACKED_DOUBLE |   PMC2  |      81488 |         0 |         0 |         0 |         0 |         0 |         0 |         0 |         0 |         0 |         0 |         0 |         0 |         0 |         0 |         0 |
| FP_ARITH_INST_RETIRED_512B_PACKED_DOUBLE |   PMC3  |    1080242 |         0 |         0 |         0 |         0 |         0 |         0 |         0 |         0 |         0 |         0 |         0 |         0 |         0 |         0 |         0 |
|               CAS_COUNT_RD               | MBOX0C0 |    4896443 |         0 |         0 |         0 |         0 |         0 |         0 |         0 |         0 |         0 |         0 |         0 |         0 |         0 |    217308 |         0 |
|               CAS_COUNT_WR               | MBOX0C1 |    5675984 |         0 |         0 |         0 |         0 |         0 |         0 |         0 |         0 |         0 |         0 |         0 |         0 |         0 |    341283 |         0 |
|               CAS_COUNT_RD               | MBOX1C0 |    5241101 |         0 |         0 |         0 |         0 |         0 |         0 |         0 |         0 |         0 |         0 |         0 |         0 |         0 |    221866 |         0 |
|               CAS_COUNT_WR               | MBOX1C1 |    6153427 |         0 |         0 |         0 |         0 |         0 |         0 |         0 |         0 |         0 |         0 |         0 |         0 |         0 |    346251 |         0 |
|               CAS_COUNT_RD               | MBOX2C0 |    4918437 |         0 |         0 |         0 |         0 |         0 |         0 |         0 |         0 |         0 |         0 |         0 |         0 |         0 |    233116 |         0 |
|               CAS_COUNT_WR               | MBOX2C1 |    5703879 |         0 |         0 |         0 |         0 |         0 |         0 |         0 |         0 |         0 |         0 |         0 |         0 |         0 |    360240 |         0 |
|               CAS_COUNT_RD               | MBOX3C0 |    4587498 |         0 |         0 |         0 |         0 |         0 |         0 |         0 |         0 |         0 |         0 |         0 |         0 |         0 |    186035 |         0 |
|               CAS_COUNT_WR               | MBOX3C1 |    5635506 |         0 |         0 |         0 |         0 |         0 |         0 |         0 |         0 |         0 |         0 |         0 |         0 |         0 |    321863 |         0 |
|               CAS_COUNT_RD               | MBOX4C0 |    4632277 |         0 |         0 |         0 |         0 |         0 |         0 |         0 |         0 |         0 |         0 |         0 |         0 |         0 |    190473 |         0 |
|               CAS_COUNT_WR               | MBOX4C1 |    5692414 |         0 |         0 |         0 |         0 |         0 |         0 |         0 |         0 |         0 |         0 |         0 |         0 |         0 |    325869 |         0 |
|               CAS_COUNT_RD               | MBOX5C0 |    4588731 |         0 |         0 |         0 |         0 |         0 |         0 |         0 |         0 |         0 |         0 |         0 |         0 |         0 |    186344 |         0 |
|               CAS_COUNT_WR               | MBOX5C1 |    5631379 |         0 |         0 |         0 |         0 |         0 |         0 |         0 |         0 |         0 |         0 |         0 |         0 |         0 |    322649 |         0 |
+------------------------------------------+---------+------------+-----------+-----------+-----------+-----------+-----------+-----------+-----------+-----------+-----------+-----------+-----------+-----------+-----------+-----------+-----------+
+-----------------------------------------------+---------+-------------+-----------+------------+--------------+
|                     Event                     | Counter |     Sum     |    Min    |     Max    |      Avg     |
+-----------------------------------------------+---------+-------------+-----------+------------+--------------+
|             INSTR_RETIRED_ANY STAT            |  FIXC0  |  9421245900 | 538460500 | 1277981000 | 5.888279e+08 |
|           CPU_CLK_UNHALTED_CORE STAT          |  FIXC1  | 11099316000 | 597935600 |  903981100 |    693707250 |
|           CPU_CLK_UNHALTED_REF STAT           |  FIXC2  | 15192267800 | 820296200 | 1236373000 | 9.495167e+08 |
|              PWR_PKG_ENERGY STAT              |   PWR0  |    105.4029 |         0 |    58.4534 |       6.5877 |
|              PWR_DRAM_ENERGY STAT             |   PWR3  |     13.2692 |         0 |     8.0766 |       0.8293 |
| FP_ARITH_INST_RETIRED_128B_PACKED_DOUBLE STAT |   PMC0  |      122920 |         0 |     122920 |    7682.5000 |
|    FP_ARITH_INST_RETIRED_SCALAR_DOUBLE STAT   |   PMC1  |  2184098900 | 134246200 |  170312600 | 1.365062e+08 |
| FP_ARITH_INST_RETIRED_256B_PACKED_DOUBLE STAT |   PMC2  |       81488 |         0 |      81488 |         5093 |
| FP_ARITH_INST_RETIRED_512B_PACKED_DOUBLE STAT |   PMC3  |     1080242 |         0 |    1080242 |   67515.1250 |
|               CAS_COUNT_RD STAT               | MBOX0C0 |     5113751 |         0 |    4896443 |  319609.4375 |
|               CAS_COUNT_WR STAT               | MBOX0C1 |     6017267 |         0 |    5675984 |  376079.1875 |
|               CAS_COUNT_RD STAT               | MBOX1C0 |     5462967 |         0 |    5241101 |  341435.4375 |
|               CAS_COUNT_WR STAT               | MBOX1C1 |     6499678 |         0 |    6153427 |  406229.8750 |
|               CAS_COUNT_RD STAT               | MBOX2C0 |     5151553 |         0 |    4918437 |  321972.0625 |
|               CAS_COUNT_WR STAT               | MBOX2C1 |     6064119 |         0 |    5703879 |  379007.4375 |
|               CAS_COUNT_RD STAT               | MBOX3C0 |     4773533 |         0 |    4587498 |  298345.8125 |
|               CAS_COUNT_WR STAT               | MBOX3C1 |     5957369 |         0 |    5635506 |  372335.5625 |
|               CAS_COUNT_RD STAT               | MBOX4C0 |     4822750 |         0 |    4632277 |  301421.8750 |
|               CAS_COUNT_WR STAT               | MBOX4C1 |     6018283 |         0 |    5692414 |  376142.6875 |
|               CAS_COUNT_RD STAT               | MBOX5C0 |     4775075 |         0 |    4588731 |  298442.1875 |
|               CAS_COUNT_WR STAT               | MBOX5C1 |     5954028 |         0 |    5631379 |  372126.7500 |
+-----------------------------------------------+---------+-------------+-----------+------------+--------------+
+-----------------------------------+-----------+-----------+-----------+-----------+-----------+-----------+-----------+-----------+-----------+-----------+-----------+-----------+-----------+-----------+-----------+-----------+
|               Metric              |   Core 0  |   Core 1  |   Core 2  |   Core 3  |   Core 4  |   Core 5  |   Core 6  |   Core 7  |   Core 8  |   Core 9  |  Core 10  |  Core 11  |  Core 12  |  Core 13  |  Core 14  |  Core 15  |
+-----------------------------------+-----------+-----------+-----------+-----------+-----------+-----------+-----------+-----------+-----------+-----------+-----------+-----------+-----------+-----------+-----------+-----------+
|        Runtime (RDTSC) [s]        |    1.5219 |    1.5238 |    1.5238 |    1.5238 |    1.5238 |    1.5238 |    1.5238 |    1.5238 |    1.5238 |    1.5238 |    1.5238 |    1.5238 |    1.5238 |    1.5238 |    1.5219 |    1.5238 |
|        Runtime unhalted [s]       |    0.3485 |    0.2654 |    0.2665 |    0.2658 |    0.2652 |    0.2669 |    0.2667 |    0.2650 |    0.2645 |    0.2667 |    0.2669 |    0.2648 |    0.2673 |    0.2671 |    0.2415 |    0.2305 |
|            Clock [MHz]            | 1896.3516 | 1895.3239 | 1895.2998 | 1895.3419 | 1895.3514 | 1895.3426 | 1895.3416 | 1895.3342 | 1895.3829 | 1895.3428 | 1895.3418 | 1895.3350 | 1895.2909 | 1895.3311 | 1890.4423 | 1890.5699 |
|                CPI                |    0.7074 |    1.2666 |    1.2718 |    1.2684 |    1.2658 |    1.2734 |    1.2727 |    1.2651 |    1.2629 |    1.2726 |    1.2739 |    1.2644 |    1.2755 |    1.2746 |    1.1599 |    1.1105 |
|             Energy [J]            |   58.4534 |         0 |         0 |         0 |         0 |         0 |         0 |         0 |         0 |         0 |         0 |         0 |         0 |         0 |   46.9495 |         0 |
|             Power [W]             |   38.4073 |         0 |         0 |         0 |         0 |         0 |         0 |         0 |         0 |         0 |         0 |         0 |         0 |         0 |   30.8493 |         0 |
|          Energy DRAM [J]          |    8.0766 |         0 |         0 |         0 |         0 |         0 |         0 |         0 |         0 |         0 |         0 |         0 |         0 |         0 |    5.1926 |         0 |
|           Power DRAM [W]          |    5.3068 |         0 |         0 |         0 |         0 |         0 |         0 |         0 |         0 |         0 |         0 |         0 |         0 |         0 |    3.4120 |         0 |
|            DP [MFLOP/s]           |  117.9593 |   88.1033 |   88.1058 |   88.1049 |   88.1052 |   88.1048 |   88.1068 |   88.1055 |   88.1052 |   88.0993 |   88.1007 |   88.1012 |   88.0995 |   88.0981 |   88.2101 |   88.0979 |
|          AVX DP [MFLOP/s]         |    5.8924 |         0 |         0 |         0 |         0 |         0 |         0 |         0 |         0 |         0 |         0 |         0 |         0 |         0 |         0 |         0 |
|          Packed [MUOPS/s]         |    0.8441 |         0 |         0 |         0 |         0 |         0 |         0 |         0 |         0 |         0 |         0 |         0 |         0 |         0 |         0 |         0 |
|          Scalar [MUOPS/s]         |  111.9054 |   88.1033 |   88.1058 |   88.1049 |   88.1052 |   88.1048 |   88.1068 |   88.1055 |   88.1052 |   88.0993 |   88.1007 |   88.1012 |   88.0995 |   88.0981 |   88.2101 |   88.0979 |
|  Memory read bandwidth [MBytes/s] | 1213.8024 |         0 |         0 |         0 |         0 |         0 |         0 |         0 |         0 |         0 |         0 |         0 |         0 |         0 |   51.9412 |         0 |
|  Memory read data volume [GBytes] |    1.8473 |         0 |         0 |         0 |         0 |         0 |         0 |         0 |         0 |         0 |         0 |         0 |         0 |         0 |    0.0790 |         0 |
| Memory write bandwidth [MBytes/s] | 1450.4740 |         0 |         0 |         0 |         0 |         0 |         0 |         0 |         0 |         0 |         0 |         0 |         0 |         0 |   84.8690 |         0 |
| Memory write data volume [GBytes] |    2.2075 |         0 |         0 |         0 |         0 |         0 |         0 |         0 |         0 |         0 |         0 |         0 |         0 |         0 |    0.1292 |         0 |
|    Memory bandwidth [MBytes/s]    | 2664.2764 |         0 |         0 |         0 |         0 |         0 |         0 |         0 |         0 |         0 |         0 |         0 |         0 |         0 |  136.8102 |         0 |
|    Memory data volume [GBytes]    |    4.0549 |         0 |         0 |         0 |         0 |         0 |         0 |         0 |         0 |         0 |         0 |         0 |         0 |         0 |    0.2082 |         0 |
|       Operational intensity       |    0.0443 |    0.0331 |    0.0331 |    0.0331 |    0.0331 |    0.0331 |    0.0331 |    0.0331 |    0.0331 |    0.0331 |    0.0331 |    0.0331 |    0.0331 |    0.0331 |    0.6448 |    0.6448 |
+-----------------------------------+-----------+-----------+-----------+-----------+-----------+-----------+-----------+-----------+-----------+-----------+-----------+-----------+-----------+-----------+-----------+-----------+
+----------------------------------------+------------+-----------+-----------+-----------+
|                 Metric                 |     Sum    |    Min    |    Max    |    Avg    |
+----------------------------------------+------------+-----------+-----------+-----------+
|        Runtime (RDTSC) [s] STAT        |    24.3770 |    1.5219 |    1.5238 |    1.5236 |
|        Runtime unhalted [s] STAT       |     4.2793 |    0.2305 |    0.3485 |    0.2675 |
|            Clock [MHz] STAT            | 30316.7237 | 1890.4423 | 1896.3516 | 1894.7952 |
|                CPI STAT                |    19.4855 |    0.7074 |    1.2755 |    1.2178 |
|             Energy [J] STAT            |   105.4029 |         0 |   58.4534 |    6.5877 |
|             Power [W] STAT             |    69.2566 |         0 |   38.4073 |    4.3285 |
|          Energy DRAM [J] STAT          |    13.2692 |         0 |    8.0766 |    0.8293 |
|           Power DRAM [W] STAT          |     8.7188 |         0 |    5.3068 |    0.5449 |
|            DP [MFLOP/s] STAT           |  1439.6076 |   88.0979 |  117.9593 |   89.9755 |
|          AVX DP [MFLOP/s] STAT         |     5.8924 |         0 |    5.8924 |    0.3683 |
|          Packed [MUOPS/s] STAT         |     0.8441 |         0 |    0.8441 |    0.0528 |
|          Scalar [MUOPS/s] STAT         |  1433.5537 |   88.0979 |  111.9054 |   89.5971 |
|  Memory read bandwidth [MBytes/s] STAT |  1265.7436 |         0 | 1213.8024 |   79.1090 |
|  Memory read data volume [GBytes] STAT |     1.9263 |         0 |    1.8473 |    0.1204 |
| Memory write bandwidth [MBytes/s] STAT |  1535.3430 |         0 | 1450.4740 |   95.9589 |
| Memory write data volume [GBytes] STAT |     2.3367 |         0 |    2.2075 |    0.1460 |
|    Memory bandwidth [MBytes/s] STAT    |  2801.0866 |         0 | 2664.2764 |  175.0679 |
|    Memory data volume [GBytes] STAT    |     4.2631 |         0 |    4.0549 |    0.2664 |
|       Operational intensity STAT       |     1.7642 |    0.0331 |    0.6448 |    0.1103 |
+----------------------------------------+------------+-----------+-----------+-----------+
--------------------------------------------------------------------------------
CPU name:	Intel(R) Xeon(R) Gold 6132 CPU @ 2.60GHz
CPU type:	Intel Skylake SP processor
CPU clock:	2.59 GHz
--------------------------------------------------------------------------------
Region Solve, Group 1: MEM_DP
+-------------------+-----------+-----------+-----------+-----------+-----------+-----------+-----------+-----------+-----------+-----------+-----------+-----------+-----------+-----------+-----------+-----------+
|    Region Info    |   Core 0  |   Core 1  |   Core 2  |   Core 3  |   Core 4  |   Core 5  |   Core 6  |   Core 7  |   Core 8  |   Core 9  |  Core 10  |  Core 11  |  Core 12  |  Core 13  |  Core 14  |  Core 15  |
+-------------------+-----------+-----------+-----------+-----------+-----------+-----------+-----------+-----------+-----------+-----------+-----------+-----------+-----------+-----------+-----------+-----------+
| RDTSC Runtime [s] | 17.409220 | 17.410260 | 17.410270 | 17.410260 | 17.410260 | 17.410260 | 17.410260 | 17.410260 | 17.410260 | 17.410260 | 17.410270 | 17.410260 | 17.410260 | 17.410260 | 17.409190 | 17.410260 |
|     call count    |         1 |         1 |         1 |         1 |         1 |         1 |         1 |         1 |         1 |         1 |         1 |         1 |         1 |         1 |         1 |         1 |
+-------------------+-----------+-----------+-----------+-----------+-----------+-----------+-----------+-----------+-----------+-----------+-----------+-----------+-----------+-----------+-----------+-----------+
+------------------------------------------+---------+-------------+-------------+-------------+-------------+-------------+-------------+-------------+-------------+-------------+-------------+-------------+-------------+-------------+-------------+-------------+-------------+
|                   Event                  | Counter |    Core 0   |    Core 1   |    Core 2   |    Core 3   |    Core 4   |    Core 5   |    Core 6   |    Core 7   |    Core 8   |    Core 9   |   Core 10   |   Core 11   |   Core 12   |   Core 13   |   Core 14   |   Core 15   |
+------------------------------------------+---------+-------------+-------------+-------------+-------------+-------------+-------------+-------------+-------------+-------------+-------------+-------------+-------------+-------------+-------------+-------------+-------------+
|             INSTR_RETIRED_ANY            |  FIXC0  | 61132490000 | 57226460000 | 57254020000 | 56851740000 | 56364870000 | 56562520000 | 56581000000 | 56327750000 | 56311250000 | 56550920000 | 56555280000 | 56340360000 | 56815730000 | 57236780000 | 57284490000 | 56833710000 |
|           CPU_CLK_UNHALTED_CORE          |  FIXC1  | 26794150000 | 32435100000 | 32433890000 | 32436800000 | 32393480000 | 32437050000 | 32440210000 | 32437620000 | 32426460000 | 32431450000 | 32434080000 | 32432990000 | 32429910000 | 32417020000 | 32315810000 | 32353970000 |
|           CPU_CLK_UNHALTED_REF           |  FIXC2  | 36669670000 | 44384910000 | 44383290000 | 44387220000 | 44327940000 | 44387570000 | 44391850000 | 44388350000 | 44373040000 | 44379890000 | 44383510000 | 44382030000 | 44377880000 | 44360170000 | 44243290000 | 44295830000 |
|              PWR_PKG_ENERGY              |   PWR0  |   1068.2770 |           0 |           0 |           0 |           0 |           0 |           0 |           0 |           0 |           0 |           0 |           0 |           0 |           0 |    604.0362 |           0 |
|              PWR_DRAM_ENERGY             |   PWR3  |    175.6753 |           0 |           0 |           0 |           0 |           0 |           0 |           0 |           0 |           0 |           0 |           0 |           0 |           0 |     88.1399 |           0 |
| FP_ARITH_INST_RETIRED_128B_PACKED_DOUBLE |   PMC0  |      218232 |           0 |           0 |           0 |           0 |           0 |           0 |           0 |           0 |           0 |           0 |           0 |           0 |           0 |           0 |           0 |
|    FP_ARITH_INST_RETIRED_SCALAR_DOUBLE   |   PMC1  | 15246540000 | 15552170000 | 15551170000 | 15303860000 | 15181970000 | 15226460000 | 15083890000 | 14935460000 | 14932240000 | 15082060000 | 15226930000 | 15176300000 | 15302290000 | 15568440000 | 15588250000 | 15267800000 |
| FP_ARITH_INST_RETIRED_256B_PACKED_DOUBLE |   PMC2  |      302358 |           0 |           0 |           0 |           0 |           0 |           0 |           0 |           0 |           0 |           0 |           0 |           0 |           0 |           0 |           0 |
| FP_ARITH_INST_RETIRED_512B_PACKED_DOUBLE |   PMC3  |     2178750 |           0 |           0 |           0 |           0 |           0 |           0 |           0 |           0 |           0 |           0 |           0 |           0 |           0 |           0 |           0 |
|               CAS_COUNT_RD               | MBOX0C0 |   560904300 |           0 |           0 |           0 |           0 |           0 |           0 |           0 |           0 |           0 |           0 |           0 |           0 |           0 |    80566350 |           0 |
|               CAS_COUNT_WR               | MBOX0C1 |   139344500 |           0 |           0 |           0 |           0 |           0 |           0 |           0 |           0 |           0 |           0 |           0 |           0 |           0 |    17381420 |           0 |
|               CAS_COUNT_RD               | MBOX1C0 |   561253400 |           0 |           0 |           0 |           0 |           0 |           0 |           0 |           0 |           0 |           0 |           0 |           0 |           0 |    80559630 |           0 |
|               CAS_COUNT_WR               | MBOX1C1 |   140042900 |           0 |           0 |           0 |           0 |           0 |           0 |           0 |           0 |           0 |           0 |           0 |           0 |           0 |    17417430 |           0 |
|               CAS_COUNT_RD               | MBOX2C0 |   560924100 |           0 |           0 |           0 |           0 |           0 |           0 |           0 |           0 |           0 |           0 |           0 |           0 |           0 |    80617200 |           0 |
|               CAS_COUNT_WR               | MBOX2C1 |   139408800 |           0 |           0 |           0 |           0 |           0 |           0 |           0 |           0 |           0 |           0 |           0 |           0 |           0 |    17393110 |           0 |
|               CAS_COUNT_RD               | MBOX3C0 |   558877100 |           0 |           0 |           0 |           0 |           0 |           0 |           0 |           0 |           0 |           0 |           0 |           0 |           0 |    79592140 |           0 |
|               CAS_COUNT_WR               | MBOX3C1 |   137988600 |           0 |           0 |           0 |           0 |           0 |           0 |           0 |           0 |           0 |           0 |           0 |           0 |           0 |    16988860 |           0 |
|               CAS_COUNT_RD               | MBOX4C0 |   558763400 |           0 |           0 |           0 |           0 |           0 |           0 |           0 |           0 |           0 |           0 |           0 |           0 |           0 |    79482030 |           0 |
|               CAS_COUNT_WR               | MBOX4C1 |   137897100 |           0 |           0 |           0 |           0 |           0 |           0 |           0 |           0 |           0 |           0 |           0 |           0 |           0 |    16991790 |           0 |
|               CAS_COUNT_RD               | MBOX5C0 |   558674600 |           0 |           0 |           0 |           0 |           0 |           0 |           0 |           0 |           0 |           0 |           0 |           0 |           0 |    79531200 |           0 |
|               CAS_COUNT_WR               | MBOX5C1 |   137801900 |           0 |           0 |           0 |           0 |           0 |           0 |           0 |           0 |           0 |           0 |           0 |           0 |           0 |    17015540 |           0 |
+------------------------------------------+---------+-------------+-------------+-------------+-------------+-------------+-------------+-------------+-------------+-------------+-------------+-------------+-------------+-------------+-------------+-------------+-------------+
+-----------------------------------------------+---------+--------------+-------------+-------------+--------------+
|                     Event                     | Counter |      Sum     |     Min     |     Max     |      Avg     |
+-----------------------------------------------+---------+--------------+-------------+-------------+--------------+
|             INSTR_RETIRED_ANY STAT            |  FIXC0  | 912229370000 | 56311250000 | 61132490000 |  57014335625 |
|           CPU_CLK_UNHALTED_CORE STAT          |  FIXC1  | 513049990000 | 26794150000 | 32440210000 |  32065624375 |
|           CPU_CLK_UNHALTED_REF STAT           |  FIXC2  | 702116440000 | 36669670000 | 44391850000 |  43882277500 |
|              PWR_PKG_ENERGY STAT              |   PWR0  |    1672.3132 |           0 |   1068.2770 |     104.5196 |
|              PWR_DRAM_ENERGY STAT             |   PWR3  |     263.8152 |           0 |    175.6753 |      16.4885 |
| FP_ARITH_INST_RETIRED_128B_PACKED_DOUBLE STAT |   PMC0  |       218232 |           0 |      218232 |   13639.5000 |
|    FP_ARITH_INST_RETIRED_SCALAR_DOUBLE STAT   |   PMC1  | 244225830000 | 14932240000 | 15588250000 |  15264114375 |
| FP_ARITH_INST_RETIRED_256B_PACKED_DOUBLE STAT |   PMC2  |       302358 |           0 |      302358 |   18897.3750 |
| FP_ARITH_INST_RETIRED_512B_PACKED_DOUBLE STAT |   PMC3  |      2178750 |           0 |     2178750 |  136171.8750 |
|               CAS_COUNT_RD STAT               | MBOX0C0 |    641470650 |           0 |   560904300 | 4.009192e+07 |
|               CAS_COUNT_WR STAT               | MBOX0C1 |    156725920 |           0 |   139344500 |      9795370 |
|               CAS_COUNT_RD STAT               | MBOX1C0 |    641813030 |           0 |   561253400 | 4.011331e+07 |
|               CAS_COUNT_WR STAT               | MBOX1C1 |    157460330 |           0 |   140042900 | 9.841271e+06 |
|               CAS_COUNT_RD STAT               | MBOX2C0 |    641541300 |           0 |   560924100 | 4.009633e+07 |
|               CAS_COUNT_WR STAT               | MBOX2C1 |    156801910 |           0 |   139408800 | 9.800119e+06 |
|               CAS_COUNT_RD STAT               | MBOX3C0 |    638469240 |           0 |   558877100 | 3.990433e+07 |
|               CAS_COUNT_WR STAT               | MBOX3C1 |    154977460 |           0 |   137988600 | 9.686091e+06 |
|               CAS_COUNT_RD STAT               | MBOX4C0 |    638245430 |           0 |   558763400 | 3.989034e+07 |
|               CAS_COUNT_WR STAT               | MBOX4C1 |    154888890 |           0 |   137897100 | 9.680556e+06 |
|               CAS_COUNT_RD STAT               | MBOX5C0 |    638205800 |           0 |   558674600 | 3.988786e+07 |
|               CAS_COUNT_WR STAT               | MBOX5C1 |    154817440 |           0 |   137801900 |      9676090 |
+-----------------------------------------------+---------+--------------+-------------+-------------+--------------+
+-----------------------------------+------------+-----------+-----------+-----------+-----------+-----------+-----------+-----------+-----------+-----------+-----------+-----------+-----------+-----------+-----------+-----------+
|               Metric              |   Core 0   |   Core 1  |   Core 2  |   Core 3  |   Core 4  |   Core 5  |   Core 6  |   Core 7  |   Core 8  |   Core 9  |  Core 10  |  Core 11  |  Core 12  |  Core 13  |  Core 14  |  Core 15  |
+-----------------------------------+------------+-----------+-----------+-----------+-----------+-----------+-----------+-----------+-----------+-----------+-----------+-----------+-----------+-----------+-----------+-----------+
|        Runtime (RDTSC) [s]        |    17.4092 |   17.4103 |   17.4103 |   17.4103 |   17.4103 |   17.4103 |   17.4103 |   17.4103 |   17.4103 |   17.4103 |   17.4103 |   17.4103 |   17.4103 |   17.4103 |   17.4092 |   17.4103 |
|        Runtime unhalted [s]       |    10.3307 |   12.5056 |   12.5052 |   12.5063 |   12.4896 |   12.5064 |   12.5076 |   12.5066 |   12.5023 |   12.5042 |   12.5053 |   12.5048 |   12.5036 |   12.4987 |   12.4597 |   12.4744 |
|            Clock [MHz]            |  1895.1431 | 1895.3478 | 1895.3463 | 1895.3485 | 1895.3485 | 1895.3482 | 1895.3500 | 1895.3482 | 1895.3498 | 1895.3489 | 1895.3480 | 1895.3475 | 1895.3447 | 1895.3478 | 1894.4217 | 1894.4090 |
|                CPI                |     0.4383 |    0.5668 |    0.5665 |    0.5706 |    0.5747 |    0.5735 |    0.5733 |    0.5759 |    0.5758 |    0.5735 |    0.5735 |    0.5757 |    0.5708 |    0.5664 |    0.5641 |    0.5693 |
|             Energy [J]            |  1068.2770 |         0 |         0 |         0 |         0 |         0 |         0 |         0 |         0 |         0 |         0 |         0 |         0 |         0 |  604.0362 |         0 |
|             Power [W]             |    61.3627 |         0 |         0 |         0 |         0 |         0 |         0 |         0 |         0 |         0 |         0 |         0 |         0 |         0 |   34.6964 |         0 |
|          Energy DRAM [J]          |   175.6753 |         0 |         0 |         0 |         0 |         0 |         0 |         0 |         0 |         0 |         0 |         0 |         0 |         0 |   88.1399 |         0 |
|           Power DRAM [W]          |    10.0909 |         0 |         0 |         0 |         0 |         0 |         0 |         0 |         0 |         0 |         0 |         0 |         0 |         0 |    5.0628 |         0 |
|            DP [MFLOP/s]           |   876.8696 |  893.2761 |  893.2182 |  879.0139 |  872.0128 |  874.5682 |  866.3794 |  857.8539 |  857.6690 |  866.2743 |  874.5947 |  871.6872 |  878.9237 |  894.2107 |  895.4035 |  876.9427 |
|          AVX DP [MFLOP/s]         |     1.0707 |         0 |         0 |         0 |         0 |         0 |         0 |         0 |         0 |         0 |         0 |         0 |         0 |         0 |         0 |         0 |
|          Packed [MUOPS/s]         |     0.1551 |         0 |         0 |         0 |         0 |         0 |         0 |         0 |         0 |         0 |         0 |         0 |         0 |         0 |         0 |         0 |
|          Scalar [MUOPS/s]         |   875.7739 |  893.2761 |  893.2182 |  879.0139 |  872.0128 |  874.5682 |  866.3794 |  857.8539 |  857.6690 |  866.2743 |  874.5947 |  871.6872 |  878.9237 |  894.2107 |  895.4035 |  876.9427 |
|  Memory read bandwidth [MBytes/s] | 12349.8584 |         0 |         0 |         0 |         0 |         0 |         0 |         0 |         0 |         0 |         0 |         0 |         0 |         0 | 1765.8666 |         0 |
|  Memory read data volume [GBytes] |   215.0014 |         0 |         0 |         0 |         0 |         0 |         0 |         0 |         0 |         0 |         0 |         0 |         0 |         0 |   30.7423 |         0 |
| Memory write bandwidth [MBytes/s] |  3060.3877 |         0 |         0 |         0 |         0 |         0 |         0 |         0 |         0 |         0 |         0 |         0 |         0 |         0 |  379.3423 |         0 |
| Memory write data volume [GBytes] |    53.2790 |         0 |         0 |         0 |         0 |         0 |         0 |         0 |         0 |         0 |         0 |         0 |         0 |         0 |    6.6040 |         0 |
|    Memory bandwidth [MBytes/s]    | 15410.2461 |         0 |         0 |         0 |         0 |         0 |         0 |         0 |         0 |         0 |         0 |         0 |         0 |         0 | 2145.2089 |         0 |
|    Memory data volume [GBytes]    |   268.2804 |         0 |         0 |         0 |         0 |         0 |         0 |         0 |         0 |         0 |         0 |         0 |         0 |         0 |   37.3463 |         0 |
|       Operational intensity       |     0.0569 |    0.0580 |    0.0580 |    0.0570 |    0.0566 |    0.0568 |    0.0562 |    0.0557 |    0.0557 |    0.0562 |    0.0568 |    0.0566 |    0.0570 |    0.0580 |    0.4174 |    0.4088 |
+-----------------------------------+------------+-----------+-----------+-----------+-----------+-----------+-----------+-----------+-----------+-----------+-----------+-----------+-----------+-----------+-----------+-----------+
+----------------------------------------+------------+-----------+------------+-----------+
|                 Metric                 |     Sum    |    Min    |     Max    |    Avg    |
+----------------------------------------+------------+-----------+------------+-----------+
|        Runtime (RDTSC) [s] STAT        |   278.5626 |   17.4092 |    17.4103 |   17.4102 |
|        Runtime unhalted [s] STAT       |   197.8110 |   10.3307 |    12.5076 |   12.3632 |
|            Clock [MHz] STAT            | 30323.4980 | 1894.4090 |  1895.3500 | 1895.2186 |
|                CPI STAT                |     9.0087 |    0.4383 |     0.5759 |    0.5630 |
|             Energy [J] STAT            |  1672.3132 |         0 |  1068.2770 |  104.5196 |
|             Power [W] STAT             |    96.0591 |         0 |    61.3627 |    6.0037 |
|          Energy DRAM [J] STAT          |   263.8152 |         0 |   175.6753 |   16.4885 |
|           Power DRAM [W] STAT          |    15.1537 |         0 |    10.0909 |    0.9471 |
|            DP [MFLOP/s] STAT           | 14028.8979 |  857.6690 |   895.4035 |  876.8061 |
|          AVX DP [MFLOP/s] STAT         |     1.0707 |         0 |     1.0707 |    0.0669 |
|          Packed [MUOPS/s] STAT         |     0.1551 |         0 |     0.1551 |    0.0097 |
|          Scalar [MUOPS/s] STAT         | 14027.8022 |  857.6690 |   895.4035 |  876.7376 |
|  Memory read bandwidth [MBytes/s] STAT | 14115.7250 |         0 | 12349.8584 |  882.2328 |
|  Memory read data volume [GBytes] STAT |   245.7437 |         0 |   215.0014 |   15.3590 |
| Memory write bandwidth [MBytes/s] STAT |  3439.7300 |         0 |  3060.3877 |  214.9831 |
| Memory write data volume [GBytes] STAT |    59.8830 |         0 |    53.2790 |    3.7427 |
|    Memory bandwidth [MBytes/s] STAT    | 17555.4550 |         0 | 15410.2461 | 1097.2159 |
|    Memory data volume [GBytes] STAT    |   305.6267 |         0 |   268.2804 |   19.1017 |
|       Operational intensity STAT       |     1.6217 |    0.0557 |     0.4174 |    0.1014 |
+----------------------------------------+------------+-----------+------------+-----------+
