--------------------------------------------------------------------------------
CPU name:	Intel(R) Xeon(R) Gold 6132 CPU @ 2.60GHz
CPU type:	Intel Skylake SP processor
CPU clock:	2.59 GHz
--------------------------------------------------------------------------------
Region Setup, Group 1: MEM_DP
+-------------------+----------+----------+----------+----------+----------+----------+----------+----------+----------+----------+----------+----------+----------+----------+----------+----------+----------+----------+
|    Region Info    |  Core 0  |  Core 1  |  Core 2  |  Core 3  |  Core 4  |  Core 14 |  Core 15 |  Core 16 |  Core 17 |  Core 18 |  Core 28 |  Core 29 |  Core 30 |  Core 31 |  Core 42 |  Core 43 |  Core 44 |  Core 45 |
+-------------------+----------+----------+----------+----------+----------+----------+----------+----------+----------+----------+----------+----------+----------+----------+----------+----------+----------+----------+
| RDTSC Runtime [s] | 1.689521 | 1.694098 | 1.694090 | 1.694109 | 1.694080 | 1.689311 | 1.694053 | 1.694021 | 1.694018 | 1.693991 | 1.689302 | 1.694026 | 1.693995 | 1.693983 | 1.689377 | 1.694034 | 1.694034 | 1.694042 |
|     call count    |        2 |        2 |        2 |        2 |        2 |        2 |        2 |        2 |        2 |        2 |        2 |        2 |        2 |        2 |        2 |        2 |        2 |        2 |
+-------------------+----------+----------+----------+----------+----------+----------+----------+----------+----------+----------+----------+----------+----------+----------+----------+----------+----------+----------+
+------------------------------------------+---------+------------+------------+------------+------------+------------+-----------+-----------+-----------+-----------+-----------+-----------+-----------+-----------+-----------+-----------+-----------+-----------+-----------+
|                   Event                  | Counter |   Core 0   |   Core 1   |   Core 2   |   Core 3   |   Core 4   |  Core 14  |  Core 15  |  Core 16  |  Core 17  |  Core 18  |  Core 28  |  Core 29  |  Core 30  |  Core 31  |  Core 42  |  Core 43  |  Core 44  |  Core 45  |
+------------------------------------------+---------+------------+------------+------------+------------+------------+-----------+-----------+-----------+-----------+-----------+-----------+-----------+-----------+-----------+-----------+-----------+-----------+-----------+
|             INSTR_RETIRED_ANY            |  FIXC0  | 1226530000 |  492758600 |  492963400 |  493002900 |  493216400 | 484822100 | 485223400 | 483332600 | 483022700 | 482953800 | 480991100 | 481472200 | 481218000 | 480731900 | 480767300 | 480629700 | 479602200 | 477960000 |
|           CPU_CLK_UNHALTED_CORE          |  FIXC1  | 1004445000 |  760195900 |  767684400 |  768706900 |  774147200 | 620861000 | 629646300 | 630824500 | 622378800 | 624719300 | 614504900 | 627607300 | 619766400 | 625522400 | 631282400 | 630702100 | 632955600 | 601569100 |
|           CPU_CLK_UNHALTED_REF           |  FIXC2  | 1375554000 | 1040965000 | 1051237000 | 1052670000 | 1060088000 | 850726000 | 862788100 | 864379400 | 852778400 | 856010800 | 842074700 | 860028500 | 849293000 | 857111600 | 865084300 | 864261900 | 867341900 | 824592800 |
|              PWR_PKG_ENERGY              |   PWR0  |    61.4796 |          0 |          0 |          0 |          0 |   52.6328 |         0 |         0 |         0 |         0 |   55.3413 |         0 |         0 |         0 |   53.3044 |         0 |         0 |         0 |
|              PWR_DRAM_ENERGY             |   PWR3  |     9.1908 |          0 |          0 |          0 |          0 |    6.8287 |         0 |         0 |         0 |         0 |    5.0693 |         0 |         0 |         0 |    5.9879 |         0 |         0 |         0 |
| FP_ARITH_INST_RETIRED_128B_PACKED_DOUBLE |   PMC0  |     122920 |          0 |          0 |          0 |          0 |         0 |         0 |         0 |         0 |         0 |         0 |         0 |         0 |         0 |         0 |         0 |         0 |         0 |
|    FP_ARITH_INST_RETIRED_SCALAR_DOUBLE   |   PMC1  |  155430700 |  119907900 |  119906500 |  119906900 |  119901600 | 119902500 | 119902700 | 119396100 | 119435400 | 119385700 | 118968800 | 118947400 | 118970500 | 118860100 | 118840400 | 118818000 | 118820300 | 118797500 |
| FP_ARITH_INST_RETIRED_256B_PACKED_DOUBLE |   PMC2  |      81488 |          0 |          0 |          0 |          0 |         0 |         0 |         0 |         0 |         0 |         0 |         0 |         0 |         0 |         0 |         0 |         0 |         0 |
| FP_ARITH_INST_RETIRED_512B_PACKED_DOUBLE |   PMC3  |    1080242 |          0 |          0 |          0 |          0 |         0 |         0 |         0 |         0 |         0 |         0 |         0 |         0 |         0 |         0 |         0 |         0 |         0 |
|               CAS_COUNT_RD               | MBOX0C0 |    5838265 |          0 |          0 |          0 |          0 |    576348 |         0 |         0 |         0 |         0 |    854872 |         0 |         0 |         0 |    620319 |         0 |         0 |         0 |
|               CAS_COUNT_WR               | MBOX0C1 |    7352994 |          0 |          0 |          0 |          0 |    813952 |         0 |         0 |         0 |         0 |    902527 |         0 |         0 |         0 |    743901 |         0 |         0 |         0 |
|               CAS_COUNT_RD               | MBOX1C0 |    5096624 |          0 |          0 |          0 |          0 |    549499 |         0 |         0 |         0 |         0 |    463376 |         0 |         0 |         0 |   1021162 |         0 |         0 |         0 |
|               CAS_COUNT_WR               | MBOX1C1 |    6844475 |          0 |          0 |          0 |          0 |    798130 |         0 |         0 |         0 |         0 |    632267 |         0 |         0 |         0 |   1202163 |         0 |         0 |         0 |
|               CAS_COUNT_RD               | MBOX2C0 |    6122101 |          0 |          0 |          0 |          0 |    566659 |         0 |         0 |         0 |         0 |    789218 |         0 |         0 |         0 |   1213821 |         0 |         0 |         0 |
|               CAS_COUNT_WR               | MBOX2C1 |    6797176 |          0 |          0 |          0 |          0 |    804756 |         0 |         0 |         0 |         0 |    862107 |         0 |         0 |         0 |   1206669 |         0 |         0 |         0 |
|               CAS_COUNT_RD               | MBOX3C0 |    7440423 |          0 |          0 |          0 |          0 |    445832 |         0 |         0 |         0 |         0 |   1339433 |         0 |         0 |         0 |   2446404 |         0 |         0 |         0 |
|               CAS_COUNT_WR               | MBOX3C1 |    7006419 |          0 |          0 |          0 |          0 |    722880 |         0 |         0 |         0 |         0 |   1427649 |         0 |         0 |         0 |   2455889 |         0 |         0 |         0 |
|               CAS_COUNT_RD               | MBOX4C0 |    5081777 |          0 |          0 |          0 |          0 |    486175 |         0 |         0 |         0 |         0 |   1329452 |         0 |         0 |         0 |    517431 |         0 |         0 |         0 |
|               CAS_COUNT_WR               | MBOX4C1 |    6975198 |          0 |          0 |          0 |          0 |    763585 |         0 |         0 |         0 |         0 |   1475937 |         0 |         0 |         0 |    675768 |         0 |         0 |         0 |
|               CAS_COUNT_RD               | MBOX5C0 |    4543835 |          0 |          0 |          0 |          0 |    468633 |         0 |         0 |         0 |         0 |    401676 |         0 |         0 |         0 |    623421 |         0 |         0 |         0 |
|               CAS_COUNT_WR               | MBOX5C1 |    6422762 |          0 |          0 |          0 |          0 |    744109 |         0 |         0 |         0 |         0 |    596309 |         0 |         0 |         0 |    777602 |         0 |         0 |         0 |
+------------------------------------------+---------+------------+------------+------------+------------+------------+-----------+-----------+-----------+-----------+-----------+-----------+-----------+-----------+-----------+-----------+-----------+-----------+-----------+
+-----------------------------------------------+---------+-------------+-----------+------------+--------------+
|                     Event                     | Counter |     Sum     |    Min    |     Max    |      Avg     |
+-----------------------------------------------+---------+-------------+-----------+------------+--------------+
|             INSTR_RETIRED_ANY STAT            |  FIXC0  |  9461198300 | 477960000 | 1226530000 | 5.256221e+08 |
|           CPU_CLK_UNHALTED_CORE STAT          |  FIXC1  | 12187519500 | 601569100 | 1004445000 | 6.770844e+08 |
|           CPU_CLK_UNHALTED_REF STAT           |  FIXC2  | 16696985400 | 824592800 | 1375554000 |    927610300 |
|              PWR_PKG_ENERGY STAT              |   PWR0  |    222.7581 |         0 |    61.4796 |      12.3755 |
|              PWR_DRAM_ENERGY STAT             |   PWR3  |     27.0767 |         0 |     9.1908 |       1.5043 |
| FP_ARITH_INST_RETIRED_128B_PACKED_DOUBLE STAT |   PMC0  |      122920 |         0 |     122920 |    6828.8889 |
|    FP_ARITH_INST_RETIRED_SCALAR_DOUBLE STAT   |   PMC1  |  2184099000 | 118797500 |  155430700 | 1.213388e+08 |
| FP_ARITH_INST_RETIRED_256B_PACKED_DOUBLE STAT |   PMC2  |       81488 |         0 |      81488 |    4527.1111 |
| FP_ARITH_INST_RETIRED_512B_PACKED_DOUBLE STAT |   PMC3  |     1080242 |         0 |    1080242 |   60013.4444 |
|               CAS_COUNT_RD STAT               | MBOX0C0 |     7889804 |         0 |    5838265 |  438322.4444 |
|               CAS_COUNT_WR STAT               | MBOX0C1 |     9813374 |         0 |    7352994 |  545187.4444 |
|               CAS_COUNT_RD STAT               | MBOX1C0 |     7130661 |         0 |    5096624 |  396147.8333 |
|               CAS_COUNT_WR STAT               | MBOX1C1 |     9477035 |         0 |    6844475 |  526501.9444 |
|               CAS_COUNT_RD STAT               | MBOX2C0 |     8691799 |         0 |    6122101 |  482877.7222 |
|               CAS_COUNT_WR STAT               | MBOX2C1 |     9670708 |         0 |    6797176 |  537261.5556 |
|               CAS_COUNT_RD STAT               | MBOX3C0 |    11672092 |         0 |    7440423 |  648449.5556 |
|               CAS_COUNT_WR STAT               | MBOX3C1 |    11612837 |         0 |    7006419 |  645157.6111 |
|               CAS_COUNT_RD STAT               | MBOX4C0 |     7414835 |         0 |    5081777 |  411935.2778 |
|               CAS_COUNT_WR STAT               | MBOX4C1 |     9890488 |         0 |    6975198 |  549471.5556 |
|               CAS_COUNT_RD STAT               | MBOX5C0 |     6037565 |         0 |    4543835 |  335420.2778 |
|               CAS_COUNT_WR STAT               | MBOX5C1 |     8540782 |         0 |    6422762 |  474487.8889 |
+-----------------------------------------------+---------+-------------+-----------+------------+--------------+
+-----------------------------------+-----------+-----------+-----------+-----------+-----------+-----------+-----------+-----------+-----------+-----------+-----------+-----------+-----------+-----------+-----------+-----------+-----------+-----------+
|               Metric              |   Core 0  |   Core 1  |   Core 2  |   Core 3  |   Core 4  |  Core 14  |  Core 15  |  Core 16  |  Core 17  |  Core 18  |  Core 28  |  Core 29  |  Core 30  |  Core 31  |  Core 42  |  Core 43  |  Core 44  |  Core 45  |
+-----------------------------------+-----------+-----------+-----------+-----------+-----------+-----------+-----------+-----------+-----------+-----------+-----------+-----------+-----------+-----------+-----------+-----------+-----------+-----------+
|        Runtime (RDTSC) [s]        |    1.6895 |    1.6941 |    1.6941 |    1.6941 |    1.6941 |    1.6893 |    1.6941 |    1.6940 |    1.6940 |    1.6940 |    1.6893 |    1.6940 |    1.6940 |    1.6940 |    1.6894 |    1.6940 |    1.6940 |    1.6940 |
|        Runtime unhalted [s]       |    0.3873 |    0.2931 |    0.2960 |    0.2964 |    0.2985 |    0.2394 |    0.2428 |    0.2432 |    0.2400 |    0.2409 |    0.2369 |    0.2420 |    0.2389 |    0.2412 |    0.2434 |    0.2432 |    0.2440 |    0.2319 |
|            Clock [MHz]            | 1893.9614 | 1894.1397 | 1894.1078 | 1894.0487 | 1894.1058 | 1892.8983 | 1892.8453 | 1892.8960 | 1892.9590 | 1892.9027 | 1892.7678 | 1892.7696 | 1892.7493 | 1892.9019 | 1892.7265 | 1892.7860 | 1892.8035 | 1892.2068 |
|                CPI                |    0.8189 |    1.5427 |    1.5573 |    1.5592 |    1.5696 |    1.2806 |    1.2976 |    1.3052 |    1.2885 |    1.2935 |    1.2776 |    1.3035 |    1.2879 |    1.3012 |    1.3131 |    1.3122 |    1.3198 |    1.2586 |
|             Energy [J]            |   61.4796 |         0 |         0 |         0 |         0 |   52.6328 |         0 |         0 |         0 |         0 |   55.3413 |         0 |         0 |         0 |   53.3044 |         0 |         0 |         0 |
|             Power [W]             |   36.3887 |         0 |         0 |         0 |         0 |   31.1563 |         0 |         0 |         0 |         0 |   32.7598 |         0 |         0 |         0 |   31.5527 |         0 |         0 |         0 |
|          Energy DRAM [J]          |    9.1908 |         0 |         0 |         0 |         0 |    6.8287 |         0 |         0 |         0 |         0 |    5.0693 |         0 |         0 |         0 |    5.9879 |         0 |         0 |         0 |
|           Power DRAM [W]          |    5.4399 |         0 |         0 |         0 |         0 |    4.0423 |         0 |         0 |         0 |         0 |    3.0008 |         0 |         0 |         0 |    3.5444 |         0 |         0 |         0 |
|            DP [MFLOP/s]           |   97.4504 |   70.7798 |   70.7793 |   70.7787 |   70.7768 |   70.9772 |   70.7786 |   70.4809 |   70.5042 |   70.4760 |   70.4248 |   70.2158 |   70.2307 |   70.1661 |   70.3457 |   70.1391 |   70.1404 |   70.1267 |
|          AVX DP [MFLOP/s]         |    5.3079 |         0 |         0 |         0 |         0 |         0 |         0 |         0 |         0 |         0 |         0 |         0 |         0 |         0 |         0 |         0 |         0 |         0 |
|          Packed [MUOPS/s]         |    0.7604 |         0 |         0 |         0 |         0 |         0 |         0 |         0 |         0 |         0 |         0 |         0 |         0 |         0 |         0 |         0 |         0 |         0 |
|          Scalar [MUOPS/s]         |   91.9969 |   70.7798 |   70.7793 |   70.7787 |   70.7768 |   70.9772 |   70.7786 |   70.4809 |   70.5042 |   70.4760 |   70.4248 |   70.2158 |   70.2307 |   70.1661 |   70.3457 |   70.1391 |   70.1404 |   70.1267 |
|  Memory read bandwidth [MBytes/s] | 1292.5993 |         0 |         0 |         0 |         0 |  117.1847 |         0 |         0 |         0 |         0 |  196.1720 |         0 |         0 |         0 |  244.0685 |         0 |         0 |         0 |
|  Memory read data volume [GBytes] |    2.1839 |         0 |         0 |         0 |         0 |    0.1980 |         0 |         0 |         0 |         0 |    0.3314 |         0 |         0 |         0 |    0.4123 |         0 |         0 |         0 |
| Memory write bandwidth [MBytes/s] | 1568.2182 |         0 |         0 |         0 |         0 |  176.0684 |         0 |         0 |         0 |         0 |  223.4029 |         0 |         0 |         0 |  267.5350 |         0 |         0 |         0 |
| Memory write data volume [GBytes] |    2.6495 |         0 |         0 |         0 |         0 |    0.2974 |         0 |         0 |         0 |         0 |    0.3774 |         0 |         0 |         0 |    0.4520 |         0 |         0 |         0 |
|    Memory bandwidth [MBytes/s]    | 2860.8174 |         0 |         0 |         0 |         0 |  293.2531 |         0 |         0 |         0 |         0 |  419.5749 |         0 |         0 |         0 |  511.6035 |         0 |         0 |         0 |
|    Memory data volume [GBytes]    |    4.8334 |         0 |         0 |         0 |         0 |    0.4954 |         0 |         0 |         0 |         0 |    0.7088 |         0 |         0 |         0 |    0.8643 |         0 |         0 |         0 |
|       Operational intensity       |    0.0341 |    0.0248 |    0.0248 |    0.0248 |    0.0248 |    0.2420 |    0.2420 |    0.2410 |    0.2411 |    0.2410 |    0.1678 |    0.1678 |    0.1679 |    0.1677 |    0.1375 |    0.1375 |    0.1375 |    0.1375 |
+-----------------------------------+-----------+-----------+-----------+-----------+-----------+-----------+-----------+-----------+-----------+-----------+-----------+-----------+-----------+-----------+-----------+-----------+-----------+-----------+
+----------------------------------------+------------+-----------+-----------+-----------+
|                 Metric                 |     Sum    |    Min    |    Max    |    Avg    |
+----------------------------------------+------------+-----------+-----------+-----------+
|        Runtime (RDTSC) [s] STAT        |    30.4740 |    1.6893 |    1.6941 |    1.6930 |
|        Runtime unhalted [s] STAT       |     4.6991 |    0.2319 |    0.3873 |    0.2611 |
|            Clock [MHz] STAT            | 34076.5761 | 1892.2068 | 1894.1397 | 1893.1431 |
|                CPI STAT                |    23.8870 |    0.8189 |    1.5696 |    1.3271 |
|             Energy [J] STAT            |   222.7581 |         0 |   61.4796 |   12.3755 |
|             Power [W] STAT             |   131.8575 |         0 |   36.3887 |    7.3254 |
|          Energy DRAM [J] STAT          |    27.0767 |         0 |    9.1908 |    1.5043 |
|           Power DRAM [W] STAT          |    16.0274 |         0 |    5.4399 |    0.8904 |
|            DP [MFLOP/s] STAT           |  1295.5712 |   70.1267 |   97.4504 |   71.9762 |
|          AVX DP [MFLOP/s] STAT         |     5.3079 |         0 |    5.3079 |    0.2949 |
|          Packed [MUOPS/s] STAT         |     0.7604 |         0 |    0.7604 |    0.0422 |
|          Scalar [MUOPS/s] STAT         |  1290.1177 |   70.1267 |   91.9969 |   71.6732 |
|  Memory read bandwidth [MBytes/s] STAT |  1850.0245 |         0 | 1292.5993 |  102.7791 |
|  Memory read data volume [GBytes] STAT |     3.1256 |         0 |    2.1839 |    0.1736 |
| Memory write bandwidth [MBytes/s] STAT |  2235.2245 |         0 | 1568.2182 |  124.1791 |
| Memory write data volume [GBytes] STAT |     3.7763 |         0 |    2.6495 |    0.2098 |
|    Memory bandwidth [MBytes/s] STAT    |  4085.2489 |         0 | 2860.8174 |  226.9583 |
|    Memory data volume [GBytes] STAT    |     6.9019 |         0 |    4.8334 |    0.3834 |
|       Operational intensity STAT       |     2.5616 |    0.0248 |    0.2420 |    0.1423 |
+----------------------------------------+------------+-----------+-----------+-----------+
--------------------------------------------------------------------------------
CPU name:	Intel(R) Xeon(R) Gold 6132 CPU @ 2.60GHz
CPU type:	Intel Skylake SP processor
CPU clock:	2.59 GHz
--------------------------------------------------------------------------------
Region Solve, Group 1: MEM_DP
+-------------------+-----------+-----------+-----------+-----------+-----------+-----------+-----------+-----------+-----------+-----------+-----------+-----------+-----------+-----------+-----------+-----------+-----------+-----------+
|    Region Info    |   Core 0  |   Core 1  |   Core 2  |   Core 3  |   Core 4  |  Core 14  |  Core 15  |  Core 16  |  Core 17  |  Core 18  |  Core 28  |  Core 29  |  Core 30  |  Core 31  |  Core 42  |  Core 43  |  Core 44  |  Core 45  |
+-------------------+-----------+-----------+-----------+-----------+-----------+-----------+-----------+-----------+-----------+-----------+-----------+-----------+-----------+-----------+-----------+-----------+-----------+-----------+
| RDTSC Runtime [s] | 15.637070 | 15.639540 | 15.639540 | 15.639540 | 15.639540 | 15.637080 | 15.639530 | 15.639540 | 15.639540 | 15.639540 | 15.637070 | 15.639530 | 15.639530 | 15.639540 | 15.637060 | 15.639530 | 15.639540 | 15.639540 |
|     call count    |         1 |         1 |         1 |         1 |         1 |         1 |         1 |         1 |         1 |         1 |         1 |         1 |         1 |         1 |         1 |         1 |         1 |         1 |
+-------------------+-----------+-----------+-----------+-----------+-----------+-----------+-----------+-----------+-----------+-----------+-----------+-----------+-----------+-----------+-----------+-----------+-----------+-----------+
+------------------------------------------+---------+-------------+-------------+-------------+-------------+-------------+-------------+-------------+-------------+-------------+-------------+-------------+-------------+-------------+-------------+-------------+-------------+-------------+-------------+
|                   Event                  | Counter |    Core 0   |    Core 1   |    Core 2   |    Core 3   |    Core 4   |   Core 14   |   Core 15   |   Core 16   |   Core 17   |   Core 18   |   Core 28   |   Core 29   |   Core 30   |   Core 31   |   Core 42   |   Core 43   |   Core 44   |   Core 45   |
+------------------------------------------+---------+-------------+-------------+-------------+-------------+-------------+-------------+-------------+-------------+-------------+-------------+-------------+-------------+-------------+-------------+-------------+-------------+-------------+-------------+
|             INSTR_RETIRED_ANY            |  FIXC0  | 54854670000 | 51191670000 | 51332880000 | 50973890000 | 50747400000 | 50451520000 | 50681820000 | 50355080000 | 50130100000 | 50148360000 | 50209010000 | 50346560000 | 50004310000 | 50149880000 | 50252740000 | 50638230000 | 50469250000 | 50106640000 |
|           CPU_CLK_UNHALTED_CORE          |  FIXC1  | 23532310000 | 29109760000 | 29098660000 | 29104500000 | 29101590000 | 28900550000 | 28894950000 | 28909840000 | 28905810000 | 28909830000 | 28905970000 | 28903760000 | 28912440000 | 28894460000 | 28918840000 | 28928290000 | 28925630000 | 28930590000 |
|           CPU_CLK_UNHALTED_REF           |  FIXC2  | 32201440000 | 39834460000 | 39819270000 | 39827260000 | 39823250000 | 39568320000 | 39560890000 | 39581290000 | 39575740000 | 39581190000 | 39571200000 | 39568350000 | 39580140000 | 39555760000 | 39587680000 | 39600890000 | 39597030000 | 39606160000 |
|              PWR_PKG_ENERGY              |   PWR0  |    770.4576 |           0 |           0 |           0 |           0 |    680.5434 |           0 |           0 |           0 |           0 |    694.0406 |           0 |           0 |           0 |    659.4208 |           0 |           0 |           0 |
|              PWR_DRAM_ENERGY             |   PWR3  |    100.4580 |           0 |           0 |           0 |           0 |    104.4987 |           0 |           0 |           0 |           0 |     82.5498 |           0 |           0 |           0 |     91.4527 |           0 |           0 |           0 |
| FP_ARITH_INST_RETIRED_128B_PACKED_DOUBLE |   PMC0  |      218232 |           0 |           0 |           0 |           0 |           0 |           0 |           0 |           0 |           0 |           0 |           0 |           0 |           0 |           0 |           0 |           0 |           0 |
|    FP_ARITH_INST_RETIRED_SCALAR_DOUBLE   |   PMC1  | 13545570000 | 13865250000 | 13974460000 | 13729690000 | 13656290000 | 13579500000 | 13622080000 | 13373110000 | 13279060000 | 13288480000 | 13340580000 | 13521400000 | 13445050000 | 13489970000 | 13551690000 | 13809400000 | 13698890000 | 13455380000 |
| FP_ARITH_INST_RETIRED_256B_PACKED_DOUBLE |   PMC2  |      302358 |           0 |           0 |           0 |           0 |           0 |           0 |           0 |           0 |           0 |           0 |           0 |           0 |           0 |           0 |           0 |           0 |           0 |
| FP_ARITH_INST_RETIRED_512B_PACKED_DOUBLE |   PMC3  |     2178750 |           0 |           0 |           0 |           0 |           0 |           0 |           0 |           0 |           0 |           0 |           0 |           0 |           0 |           0 |           0 |           0 |           0 |
|               CAS_COUNT_RD               | MBOX0C0 |   165088300 |           0 |           0 |           0 |           0 |   169400600 |           0 |           0 |           0 |           0 |   133120200 |           0 |           0 |           0 |   142477600 |           0 |           0 |           0 |
|               CAS_COUNT_WR               | MBOX0C1 |    47638720 |           0 |           0 |           0 |           0 |    53099510 |           0 |           0 |           0 |           0 |    39306940 |           0 |           0 |           0 |    35959720 |           0 |           0 |           0 |
|               CAS_COUNT_RD               | MBOX1C0 |   164350200 |           0 |           0 |           0 |           0 |   169234800 |           0 |           0 |           0 |           0 |   132680500 |           0 |           0 |           0 |   142997800 |           0 |           0 |           0 |
|               CAS_COUNT_WR               | MBOX1C1 |    46996210 |           0 |           0 |           0 |           0 |    53017310 |           0 |           0 |           0 |           0 |    38982480 |           0 |           0 |           0 |    36441870 |           0 |           0 |           0 |
|               CAS_COUNT_RD               | MBOX2C0 |   165403000 |           0 |           0 |           0 |           0 |   169229400 |           0 |           0 |           0 |           0 |   132986900 |           0 |           0 |           0 |   143118900 |           0 |           0 |           0 |
|               CAS_COUNT_WR               | MBOX2C1 |    47100470 |           0 |           0 |           0 |           0 |    52931670 |           0 |           0 |           0 |           0 |    39161520 |           0 |           0 |           0 |    36400670 |           0 |           0 |           0 |
|               CAS_COUNT_RD               | MBOX3C0 |   165973800 |           0 |           0 |           0 |           0 |   168530200 |           0 |           0 |           0 |           0 |   132895900 |           0 |           0 |           0 |   143014000 |           0 |           0 |           0 |
|               CAS_COUNT_WR               | MBOX3C1 |    46979900 |           0 |           0 |           0 |           0 |    52523060 |           0 |           0 |           0 |           0 |    39309500 |           0 |           0 |           0 |    37140600 |           0 |           0 |           0 |
|               CAS_COUNT_RD               | MBOX4C0 |   164111700 |           0 |           0 |           0 |           0 |   168561200 |           0 |           0 |           0 |           0 |   133048600 |           0 |           0 |           0 |   141254500 |           0 |           0 |           0 |
|               CAS_COUNT_WR               | MBOX4C1 |    47195240 |           0 |           0 |           0 |           0 |    52551640 |           0 |           0 |           0 |           0 |    39454070 |           0 |           0 |           0 |    35504970 |           0 |           0 |           0 |
|               CAS_COUNT_RD               | MBOX5C0 |   163655600 |           0 |           0 |           0 |           0 |   168564900 |           0 |           0 |           0 |           0 |   132107400 |           0 |           0 |           0 |   141573600 |           0 |           0 |           0 |
|               CAS_COUNT_WR               | MBOX5C1 |    46569960 |           0 |           0 |           0 |           0 |    52589140 |           0 |           0 |           0 |           0 |    38632570 |           0 |           0 |           0 |    35752770 |           0 |           0 |           0 |
+------------------------------------------+---------+-------------+-------------+-------------+-------------+-------------+-------------+-------------+-------------+-------------+-------------+-------------+-------------+-------------+-------------+-------------+-------------+-------------+-------------+
+-----------------------------------------------+---------+--------------+-------------+-------------+--------------+
|                     Event                     | Counter |      Sum     |     Min     |     Max     |      Avg     |
+-----------------------------------------------+---------+--------------+-------------+-------------+--------------+
|             INSTR_RETIRED_ANY STAT            |  FIXC0  | 913044010000 | 50004310000 | 54854670000 | 5.072467e+10 |
|           CPU_CLK_UNHALTED_CORE STAT          |  FIXC1  | 515787780000 | 23532310000 | 29109760000 | 2.865488e+10 |
|           CPU_CLK_UNHALTED_REF STAT           |  FIXC2  | 706040320000 | 32201440000 | 39834460000 | 3.922446e+10 |
|              PWR_PKG_ENERGY STAT              |   PWR0  |    2804.4624 |           0 |    770.4576 |     155.8035 |
|              PWR_DRAM_ENERGY STAT             |   PWR3  |     378.9592 |           0 |    104.4987 |      21.0533 |
| FP_ARITH_INST_RETIRED_128B_PACKED_DOUBLE STAT |   PMC0  |       218232 |           0 |      218232 |        12124 |
|    FP_ARITH_INST_RETIRED_SCALAR_DOUBLE STAT   |   PMC1  | 244225850000 | 13279060000 | 13974460000 | 1.356810e+10 |
| FP_ARITH_INST_RETIRED_256B_PACKED_DOUBLE STAT |   PMC2  |       302358 |           0 |      302358 |   16797.6667 |
| FP_ARITH_INST_RETIRED_512B_PACKED_DOUBLE STAT |   PMC3  |      2178750 |           0 |     2178750 |  121041.6667 |
|               CAS_COUNT_RD STAT               | MBOX0C0 |    610086700 |           0 |   169400600 | 3.389371e+07 |
|               CAS_COUNT_WR STAT               | MBOX0C1 |    176004890 |           0 |    53099510 | 9.778049e+06 |
|               CAS_COUNT_RD STAT               | MBOX1C0 |    609263300 |           0 |   169234800 | 3.384796e+07 |
|               CAS_COUNT_WR STAT               | MBOX1C1 |    175437870 |           0 |    53017310 | 9.746548e+06 |
|               CAS_COUNT_RD STAT               | MBOX2C0 |    610738200 |           0 |   169229400 |     33929900 |
|               CAS_COUNT_WR STAT               | MBOX2C1 |    175594330 |           0 |    52931670 | 9.755241e+06 |
|               CAS_COUNT_RD STAT               | MBOX3C0 |    610413900 |           0 |   168530200 | 3.391188e+07 |
|               CAS_COUNT_WR STAT               | MBOX3C1 |    175953060 |           0 |    52523060 |      9775170 |
|               CAS_COUNT_RD STAT               | MBOX4C0 |    606976000 |           0 |   168561200 | 3.372089e+07 |
|               CAS_COUNT_WR STAT               | MBOX4C1 |    174705920 |           0 |    52551640 | 9.705884e+06 |
|               CAS_COUNT_RD STAT               | MBOX5C0 |    605901500 |           0 |   168564900 | 3.366119e+07 |
|               CAS_COUNT_WR STAT               | MBOX5C1 |    173544440 |           0 |    52589140 | 9.641358e+06 |
+-----------------------------------------------+---------+--------------+-------------+-------------+--------------+
+-----------------------------------+-----------+-----------+-----------+-----------+-----------+-----------+-----------+-----------+-----------+-----------+-----------+-----------+-----------+-----------+-----------+-----------+-----------+-----------+
|               Metric              |   Core 0  |   Core 1  |   Core 2  |   Core 3  |   Core 4  |  Core 14  |  Core 15  |  Core 16  |  Core 17  |  Core 18  |  Core 28  |  Core 29  |  Core 30  |  Core 31  |  Core 42  |  Core 43  |  Core 44  |  Core 45  |
+-----------------------------------+-----------+-----------+-----------+-----------+-----------+-----------+-----------+-----------+-----------+-----------+-----------+-----------+-----------+-----------+-----------+-----------+-----------+-----------+
|        Runtime (RDTSC) [s]        |   15.6371 |   15.6395 |   15.6395 |   15.6395 |   15.6395 |   15.6371 |   15.6395 |   15.6395 |   15.6395 |   15.6395 |   15.6371 |   15.6395 |   15.6395 |   15.6395 |   15.6371 |   15.6395 |   15.6395 |   15.6395 |
|        Runtime unhalted [s]       |    9.0728 |   11.2232 |   11.2189 |   11.2212 |   11.2200 |   11.1425 |   11.1404 |   11.1461 |   11.1446 |   11.1461 |   11.1446 |   11.1438 |   11.1471 |   11.1402 |   11.1496 |   11.1532 |   11.1522 |   11.1541 |
|            Clock [MHz]            | 1895.4480 | 1895.4062 | 1895.4062 | 1895.4063 | 1895.4076 | 1894.4411 | 1894.4297 | 1894.4291 | 1894.4306 | 1894.4332 | 1894.6585 | 1894.6501 | 1894.6545 | 1894.6433 | 1894.7130 | 1894.6999 | 1894.7103 | 1894.5984 |
|                CPI                |    0.4290 |    0.5686 |    0.5669 |    0.5710 |    0.5735 |    0.5728 |    0.5701 |    0.5741 |    0.5766 |    0.5765 |    0.5757 |    0.5741 |    0.5782 |    0.5762 |    0.5755 |    0.5713 |    0.5731 |    0.5774 |
|             Energy [J]            |  770.4576 |         0 |         0 |         0 |         0 |  680.5434 |         0 |         0 |         0 |         0 |  694.0406 |         0 |         0 |         0 |  659.4208 |         0 |         0 |         0 |
|             Power [W]             |   49.2712 |         0 |         0 |         0 |         0 |   43.5211 |         0 |         0 |         0 |         0 |   44.3843 |         0 |         0 |         0 |   42.1704 |         0 |         0 |         0 |
|          Energy DRAM [J]          |  100.4580 |         0 |         0 |         0 |         0 |  104.4987 |         0 |         0 |         0 |         0 |   82.5498 |         0 |         0 |         0 |   91.4527 |         0 |         0 |         0 |
|           Power DRAM [W]          |    6.4243 |         0 |         0 |         0 |         0 |    6.6828 |         0 |         0 |         0 |         0 |    5.2791 |         0 |         0 |         0 |    5.8485 |         0 |         0 |         0 |
|            DP [MFLOP/s]           |  867.4672 |  886.5510 |  893.5340 |  877.8832 |  873.1900 |  868.4166 |  871.0032 |  855.0833 |  849.0697 |  849.6720 |  853.1381 |  864.5656 |  859.6838 |  862.5554 |  866.6393 |  882.9805 |  875.9139 |  860.3437 |
|          AVX DP [MFLOP/s]         |    1.1920 |         0 |         0 |         0 |         0 |         0 |         0 |         0 |         0 |         0 |         0 |         0 |         0 |         0 |         0 |         0 |         0 |         0 |
|          Packed [MUOPS/s]         |    0.1726 |         0 |         0 |         0 |         0 |         0 |         0 |         0 |         0 |         0 |         0 |         0 |         0 |         0 |         0 |         0 |         0 |         0 |
|          Scalar [MUOPS/s]         |  866.2473 |  886.5510 |  893.5340 |  877.8832 |  873.1900 |  868.4166 |  871.0032 |  855.0833 |  849.0697 |  849.6720 |  853.1381 |  864.5656 |  859.6838 |  862.5554 |  866.6393 |  882.9805 |  875.9139 |  860.3437 |
|  Memory read bandwidth [MBytes/s] | 4046.1088 |         0 |         0 |         0 |         0 | 4148.1754 |         0 |         0 |         0 |         0 | 3261.3353 |         0 |         0 |         0 | 3497.0723 |         0 |         0 |         0 |
|  Memory read data volume [GBytes] |   63.2693 |         0 |         0 |         0 |         0 |   64.8654 |         0 |         0 |         0 |         0 |   50.9977 |         0 |         0 |         0 |   54.6839 |         0 |         0 |         0 |
| Memory write bandwidth [MBytes/s] | 1156.1470 |         0 |         0 |         0 |         0 | 1296.2515 |         0 |         0 |         0 |         0 |  961.1911 |         0 |         0 |         0 |  888.9675 |         0 |         0 |         0 |
| Memory write data volume [GBytes] |   18.0788 |         0 |         0 |         0 |         0 |   20.2696 |         0 |         0 |         0 |         0 |   15.0302 |         0 |         0 |         0 |   13.9008 |         0 |         0 |         0 |
|    Memory bandwidth [MBytes/s]    | 5202.2558 |         0 |         0 |         0 |         0 | 5444.4269 |         0 |         0 |         0 |         0 | 4222.5264 |         0 |         0 |         0 | 4386.0398 |         0 |         0 |         0 |
|    Memory data volume [GBytes]    |   81.3480 |         0 |         0 |         0 |         0 |   85.1349 |         0 |         0 |         0 |         0 |   66.0279 |         0 |         0 |         0 |   68.5848 |         0 |         0 |         0 |
|       Operational intensity       |    0.1667 |    0.1704 |    0.1718 |    0.1688 |    0.1679 |    0.1595 |    0.1600 |    0.1571 |    0.1560 |    0.1561 |    0.2020 |    0.2048 |    0.2036 |    0.2043 |    0.1976 |    0.2013 |    0.1997 |    0.1962 |
+-----------------------------------+-----------+-----------+-----------+-----------+-----------+-----------+-----------+-----------+-----------+-----------+-----------+-----------+-----------+-----------+-----------+-----------+-----------+-----------+
+----------------------------------------+------------+-----------+-----------+-----------+
|                 Metric                 |     Sum    |    Min    |    Max    |    Avg    |
+----------------------------------------+------------+-----------+-----------+-----------+
|        Runtime (RDTSC) [s] STAT        |   281.5014 |   15.6371 |   15.6395 |   15.6390 |
|        Runtime unhalted [s] STAT       |   198.8606 |    9.0728 |   11.2232 |   11.0478 |
|            Clock [MHz] STAT            | 34106.5660 | 1894.4291 | 1895.4480 | 1894.8092 |
|                CPI STAT                |    10.1806 |    0.4290 |    0.5782 |    0.5656 |
|             Energy [J] STAT            |  2804.4624 |         0 |  770.4576 |  155.8035 |
|             Power [W] STAT             |   179.3470 |         0 |   49.2712 |    9.9637 |
|          Energy DRAM [J] STAT          |   378.9592 |         0 |  104.4987 |   21.0533 |
|           Power DRAM [W] STAT          |    24.2347 |         0 |    6.6828 |    1.3464 |
|            DP [MFLOP/s] STAT           | 15617.6905 |  849.0697 |  893.5340 |  867.6495 |
|          AVX DP [MFLOP/s] STAT         |     1.1920 |         0 |    1.1920 |    0.0662 |
|          Packed [MUOPS/s] STAT         |     0.1726 |         0 |    0.1726 |    0.0096 |
|          Scalar [MUOPS/s] STAT         | 15616.4706 |  849.0697 |  893.5340 |  867.5817 |
|  Memory read bandwidth [MBytes/s] STAT | 14952.6918 |         0 | 4148.1754 |  830.7051 |
|  Memory read data volume [GBytes] STAT |   233.8163 |         0 |   64.8654 |   12.9898 |
| Memory write bandwidth [MBytes/s] STAT |  4302.5571 |         0 | 1296.2515 |  239.0309 |
| Memory write data volume [GBytes] STAT |    67.2794 |         0 |   20.2696 |    3.7377 |
|    Memory bandwidth [MBytes/s] STAT    | 19255.2489 |         0 | 5444.4269 | 1069.7360 |
|    Memory data volume [GBytes] STAT    |   301.0956 |         0 |   85.1349 |   16.7275 |
|       Operational intensity STAT       |     3.2438 |    0.1560 |    0.2048 |    0.1802 |
+----------------------------------------+------------+-----------+-----------+-----------+
