--------------------------------------------------------------------------------
CPU name:	Intel(R) Xeon(R) Gold 6132 CPU @ 2.60GHz
CPU type:	Intel Skylake SP processor
CPU clock:	2.59 GHz
--------------------------------------------------------------------------------
Region Setup, Group 1: MEM_DP
+-------------------+----------+----------+----------+----------+----------+----------+----------+----------+----------+----------+----------+----------+----------+----------+----------+----------+----------+
|    Region Info    |  Core 0  |  Core 1  |  Core 2  |  Core 3  |  Core 4  |  Core 14 |  Core 15 |  Core 16 |  Core 17 |  Core 28 |  Core 29 |  Core 30 |  Core 31 |  Core 42 |  Core 43 |  Core 44 |  Core 45 |
+-------------------+----------+----------+----------+----------+----------+----------+----------+----------+----------+----------+----------+----------+----------+----------+----------+----------+----------+
| RDTSC Runtime [s] | 1.703559 | 1.708153 | 1.708176 | 1.708134 | 1.708195 | 1.703450 | 1.708170 | 1.708184 | 1.708177 | 1.703474 | 1.708115 | 1.708128 | 1.708177 | 1.703515 | 1.708137 | 1.708145 | 1.708136 |
|     call count    |        2 |        2 |        2 |        2 |        2 |        2 |        2 |        2 |        2 |        2 |        2 |        2 |        2 |        2 |        2 |        2 |        2 |
+-------------------+----------+----------+----------+----------+----------+----------+----------+----------+----------+----------+----------+----------+----------+----------+----------+----------+----------+
+------------------------------------------+---------+------------+------------+------------+------------+------------+-----------+-----------+-----------+-----------+-----------+-----------+-----------+-----------+-----------+-----------+-----------+-----------+
|                   Event                  | Counter |   Core 0   |   Core 1   |   Core 2   |   Core 3   |   Core 4   |  Core 14  |  Core 15  |  Core 16  |  Core 17  |  Core 28  |  Core 29  |  Core 30  |  Core 31  |  Core 42  |  Core 43  |  Core 44  |  Core 45  |
+------------------------------------------+---------+------------+------------+------------+------------+------------+-----------+-----------+-----------+-----------+-----------+-----------+-----------+-----------+-----------+-----------+-----------+-----------+
|             INSTR_RETIRED_ANY            |  FIXC0  | 1253027000 |  519444300 |  519064200 |  519548100 |  521044900 | 511777700 | 510993000 | 510935700 | 510552000 | 510342100 | 510508400 | 509308900 | 508838700 | 508504700 | 508983600 | 508629400 | 504435800 |
|           CPU_CLK_UNHALTED_CORE          |  FIXC1  | 1020476000 |  773904000 |  776210400 |  780350100 |  774411200 | 644388500 | 643982200 | 637896000 | 644666300 | 635796700 | 645130500 | 648981300 | 644294100 | 637663400 | 649126400 | 642407100 | 612728500 |
|           CPU_CLK_UNHALTED_REF           |  FIXC2  | 1397279000 | 1059542000 | 1062692000 | 1068282000 | 1060163000 | 883453700 | 883050400 | 874532900 | 883790100 | 870843300 | 883632900 | 888941500 | 882507100 | 874398600 | 890062500 | 880867100 | 840246600 |
|              PWR_PKG_ENERGY              |   PWR0  |    62.0699 |          0 |          0 |          0 |          0 |   52.0275 |         0 |         0 |         0 |   55.9619 |         0 |         0 |         0 |   53.7694 |         0 |         0 |         0 |
|              PWR_DRAM_ENERGY             |   PWR3  |     9.2364 |          0 |          0 |          0 |          0 |    6.7570 |         0 |         0 |         0 |    5.1996 |         0 |         0 |         0 |    6.0150 |         0 |         0 |         0 |
| FP_ARITH_INST_RETIRED_128B_PACKED_DOUBLE |   PMC0  |     122920 |          0 |          0 |          0 |          0 |         0 |         0 |         0 |         0 |         0 |         0 |         0 |         0 |         0 |         0 |         0 |         0 |
|    FP_ARITH_INST_RETIRED_SCALAR_DOUBLE   |   PMC1  |  162165300 |  126714200 |  126630400 |  126706600 |  126612500 | 126689200 | 126544900 | 126619900 | 126492400 | 126565900 | 126490200 | 126096400 | 126040600 | 126063300 | 126036600 | 126049100 | 125581500 |
| FP_ARITH_INST_RETIRED_256B_PACKED_DOUBLE |   PMC2  |      81488 |          0 |          0 |          0 |          0 |         0 |         0 |         0 |         0 |         0 |         0 |         0 |         0 |         0 |         0 |         0 |         0 |
| FP_ARITH_INST_RETIRED_512B_PACKED_DOUBLE |   PMC3  |    1080242 |          0 |          0 |          0 |          0 |         0 |         0 |         0 |         0 |         0 |         0 |         0 |         0 |         0 |         0 |         0 |         0 |
|               CAS_COUNT_RD               | MBOX0C0 |    5044152 |          0 |          0 |          0 |          0 |    398118 |         0 |         0 |         0 |    844350 |         0 |         0 |         0 |    855538 |         0 |         0 |         0 |
|               CAS_COUNT_WR               | MBOX0C1 |    6722047 |          0 |          0 |          0 |          0 |    615305 |         0 |         0 |         0 |    915443 |         0 |         0 |         0 |    948374 |         0 |         0 |         0 |
|               CAS_COUNT_RD               | MBOX1C0 |    6315181 |          0 |          0 |          0 |          0 |    406558 |         0 |         0 |         0 |    496003 |         0 |         0 |         0 |    583176 |         0 |         0 |         0 |
|               CAS_COUNT_WR               | MBOX1C1 |    7846310 |          0 |          0 |          0 |          0 |    627914 |         0 |         0 |         0 |    673869 |         0 |         0 |         0 |    748354 |         0 |         0 |         0 |
|               CAS_COUNT_RD               | MBOX2C0 |    6517189 |          0 |          0 |          0 |          0 |    409071 |         0 |         0 |         0 |    822988 |         0 |         0 |         0 |    856319 |         0 |         0 |         0 |
|               CAS_COUNT_WR               | MBOX2C1 |    6939050 |          0 |          0 |          0 |          0 |    634058 |         0 |         0 |         0 |    922939 |         0 |         0 |         0 |    943897 |         0 |         0 |         0 |
|               CAS_COUNT_RD               | MBOX3C0 |    7116697 |          0 |          0 |          0 |          0 |    337447 |         0 |         0 |         0 |   1349934 |         0 |         0 |         0 |   1465062 |         0 |         0 |         0 |
|               CAS_COUNT_WR               | MBOX3C1 |    6800931 |          0 |          0 |          0 |          0 |    585822 |         0 |         0 |         0 |   1490143 |         0 |         0 |         0 |   1582810 |         0 |         0 |         0 |
|               CAS_COUNT_RD               | MBOX4C0 |    4593611 |          0 |          0 |          0 |          0 |    338491 |         0 |         0 |         0 |   1299203 |         0 |         0 |         0 |   1447684 |         0 |         0 |         0 |
|               CAS_COUNT_WR               | MBOX4C1 |    6479739 |          0 |          0 |          0 |          0 |    586701 |         0 |         0 |         0 |   1486346 |         0 |         0 |         0 |   1562462 |         0 |         0 |         0 |
|               CAS_COUNT_RD               | MBOX5C0 |    4911988 |          0 |          0 |          0 |          0 |    331596 |         0 |         0 |         0 |    427125 |         0 |         0 |         0 |    486604 |         0 |         0 |         0 |
|               CAS_COUNT_WR               | MBOX5C1 |    6634542 |          0 |          0 |          0 |          0 |    579853 |         0 |         0 |         0 |    634955 |         0 |         0 |         0 |    688567 |         0 |         0 |         0 |
+------------------------------------------+---------+------------+------------+------------+------------+------------+-----------+-----------+-----------+-----------+-----------+-----------+-----------+-----------+-----------+-----------+-----------+-----------+
+-----------------------------------------------+---------+-------------+-----------+------------+--------------+
|                     Event                     | Counter |     Sum     |    Min    |     Max    |      Avg     |
+-----------------------------------------------+---------+-------------+-----------+------------+--------------+
|             INSTR_RETIRED_ANY STAT            |  FIXC0  |  9445938500 | 504435800 | 1253027000 | 5.556434e+08 |
|           CPU_CLK_UNHALTED_CORE STAT          |  FIXC1  | 11812412700 | 612728500 | 1020476000 | 6.948478e+08 |
|           CPU_CLK_UNHALTED_REF STAT           |  FIXC2  | 16184284700 | 840246600 | 1397279000 | 9.520167e+08 |
|              PWR_PKG_ENERGY STAT              |   PWR0  |    223.8287 |         0 |    62.0699 |      13.1664 |
|              PWR_DRAM_ENERGY STAT             |   PWR3  |     27.2080 |         0 |     9.2364 |       1.6005 |
| FP_ARITH_INST_RETIRED_128B_PACKED_DOUBLE STAT |   PMC0  |      122920 |         0 |     122920 |    7230.5882 |
|    FP_ARITH_INST_RETIRED_SCALAR_DOUBLE STAT   |   PMC1  |  2184099000 | 125581500 |  162165300 | 1.284764e+08 |
| FP_ARITH_INST_RETIRED_256B_PACKED_DOUBLE STAT |   PMC2  |       81488 |         0 |      81488 |    4793.4118 |
| FP_ARITH_INST_RETIRED_512B_PACKED_DOUBLE STAT |   PMC3  |     1080242 |         0 |    1080242 |   63543.6471 |
|               CAS_COUNT_RD STAT               | MBOX0C0 |     7142158 |         0 |    5044152 |  420126.9412 |
|               CAS_COUNT_WR STAT               | MBOX0C1 |     9201169 |         0 |    6722047 |  541245.2353 |
|               CAS_COUNT_RD STAT               | MBOX1C0 |     7800918 |         0 |    6315181 |  458877.5294 |
|               CAS_COUNT_WR STAT               | MBOX1C1 |     9896447 |         0 |    7846310 |  582143.9412 |
|               CAS_COUNT_RD STAT               | MBOX2C0 |     8605567 |         0 |    6517189 |  506209.8235 |
|               CAS_COUNT_WR STAT               | MBOX2C1 |     9439944 |         0 |    6939050 |  555290.8235 |
|               CAS_COUNT_RD STAT               | MBOX3C0 |    10269140 |         0 |    7116697 |  604067.0588 |
|               CAS_COUNT_WR STAT               | MBOX3C1 |    10459706 |         0 |    6800931 |  615276.8235 |
|               CAS_COUNT_RD STAT               | MBOX4C0 |     7678989 |         0 |    4593611 |  451705.2353 |
|               CAS_COUNT_WR STAT               | MBOX4C1 |    10115248 |         0 |    6479739 |  595014.5882 |
|               CAS_COUNT_RD STAT               | MBOX5C0 |     6157313 |         0 |    4911988 |  362194.8824 |
|               CAS_COUNT_WR STAT               | MBOX5C1 |     8537917 |         0 |    6634542 |  502230.4118 |
+-----------------------------------------------+---------+-------------+-----------+------------+--------------+
+-----------------------------------+-----------+-----------+-----------+-----------+-----------+-----------+-----------+-----------+-----------+-----------+-----------+-----------+-----------+-----------+-----------+-----------+-----------+
|               Metric              |   Core 0  |   Core 1  |   Core 2  |   Core 3  |   Core 4  |  Core 14  |  Core 15  |  Core 16  |  Core 17  |  Core 28  |  Core 29  |  Core 30  |  Core 31  |  Core 42  |  Core 43  |  Core 44  |  Core 45  |
+-----------------------------------+-----------+-----------+-----------+-----------+-----------+-----------+-----------+-----------+-----------+-----------+-----------+-----------+-----------+-----------+-----------+-----------+-----------+
|        Runtime (RDTSC) [s]        |    1.7036 |    1.7082 |    1.7082 |    1.7081 |    1.7082 |    1.7034 |    1.7082 |    1.7082 |    1.7082 |    1.7035 |    1.7081 |    1.7081 |    1.7082 |    1.7035 |    1.7081 |    1.7081 |    1.7081 |
|        Runtime unhalted [s]       |    0.3934 |    0.2984 |    0.2993 |    0.3009 |    0.2986 |    0.2484 |    0.2483 |    0.2459 |    0.2485 |    0.2451 |    0.2487 |    0.2502 |    0.2484 |    0.2458 |    0.2503 |    0.2477 |    0.2362 |
|            Clock [MHz]            | 1894.3191 | 1894.5340 | 1894.5476 | 1894.6852 | 1894.6651 | 1891.8969 | 1891.5675 | 1891.9393 | 1891.9921 | 1893.7024 | 1893.6913 | 1893.6185 | 1893.6487 | 1891.5399 | 1891.6564 | 1891.6179 | 1891.4497 |
|                CPI                |    0.8144 |    1.4899 |    1.4954 |    1.5020 |    1.4863 |    1.2591 |    1.2603 |    1.2485 |    1.2627 |    1.2458 |    1.2637 |    1.2742 |    1.2662 |    1.2540 |    1.2753 |    1.2630 |    1.2147 |
|             Energy [J]            |   62.0699 |         0 |         0 |         0 |         0 |   52.0275 |         0 |         0 |         0 |   55.9619 |         0 |         0 |         0 |   53.7694 |         0 |         0 |         0 |
|             Power [W]             |   36.4355 |         0 |         0 |         0 |         0 |   30.5424 |         0 |         0 |         0 |   32.8516 |         0 |         0 |         0 |   31.5638 |         0 |         0 |         0 |
|          Energy DRAM [J]          |    9.2364 |         0 |         0 |         0 |         0 |    6.7570 |         0 |         0 |         0 |    5.1996 |         0 |         0 |         0 |    6.0150 |         0 |         0 |         0 |
|           Power DRAM [W]          |    5.4218 |         0 |         0 |         0 |         0 |    3.9666 |         0 |         0 |         0 |    3.0524 |         0 |         0 |         0 |    3.5309 |         0 |         0 |         0 |
|            DP [MFLOP/s]           |  100.6006 |   74.1820 |   74.1319 |   74.1784 |   74.1206 |   74.3721 |   74.0821 |   74.1254 |   74.0511 |   74.2987 |   74.0525 |   73.8214 |   73.7866 |   74.0019 |   73.7860 |   73.7930 |   73.5196 |
|          AVX DP [MFLOP/s]         |    5.2642 |         0 |         0 |         0 |         0 |         0 |         0 |         0 |         0 |         0 |         0 |         0 |         0 |         0 |         0 |         0 |         0 |
|          Packed [MUOPS/s]         |    0.7541 |         0 |         0 |         0 |         0 |         0 |         0 |         0 |         0 |         0 |         0 |         0 |         0 |         0 |         0 |         0 |         0 |
|          Scalar [MUOPS/s]         |   95.1921 |   74.1820 |   74.1319 |   74.1784 |   74.1206 |   74.3721 |   74.0821 |   74.1254 |   74.0511 |   74.2987 |   74.0525 |   73.8214 |   73.7866 |   74.0019 |   73.7860 |   73.7930 |   73.5196 |
|  Memory read bandwidth [MBytes/s] | 1296.0657 |         0 |         0 |         0 |         0 |   83.4553 |         0 |         0 |         0 |  196.8534 |         0 |         0 |         0 |  213.9344 |         0 |         0 |         0 |
|  Memory read data volume [GBytes] |    2.2079 |         0 |         0 |         0 |         0 |    0.1422 |         0 |         0 |         0 |    0.3353 |         0 |         0 |         0 |    0.3644 |         0 |         0 |         0 |
| Memory write bandwidth [MBytes/s] | 1556.1819 |         0 |         0 |         0 |         0 |  136.3690 |         0 |         0 |         0 |  230.0690 |         0 |         0 |         0 |  243.2416 |         0 |         0 |         0 |
| Memory write data volume [GBytes] |    2.6510 |         0 |         0 |         0 |         0 |    0.2323 |         0 |         0 |         0 |    0.3919 |         0 |         0 |         0 |    0.4144 |         0 |         0 |         0 |
|    Memory bandwidth [MBytes/s]    | 2852.2475 |         0 |         0 |         0 |         0 |  219.8243 |         0 |         0 |         0 |  426.9223 |         0 |         0 |         0 |  457.1760 |         0 |         0 |         0 |
|    Memory data volume [GBytes]    |    4.8590 |         0 |         0 |         0 |         0 |    0.3745 |         0 |         0 |         0 |    0.7273 |         0 |         0 |         0 |    0.7788 |         0 |         0 |         0 |
|       Operational intensity       |    0.0353 |    0.0261 |    0.0261 |    0.0261 |    0.0261 |    0.3383 |    0.3379 |    0.3381 |    0.3378 |    0.1740 |    0.1739 |    0.1734 |    0.1733 |    0.1619 |    0.1618 |    0.1618 |    0.1612 |
+-----------------------------------+-----------+-----------+-----------+-----------+-----------+-----------+-----------+-----------+-----------+-----------+-----------+-----------+-----------+-----------+-----------+-----------+-----------+
+----------------------------------------+------------+-----------+-----------+-----------+
|                 Metric                 |     Sum    |    Min    |    Max    |    Avg    |
+----------------------------------------+------------+-----------+-----------+-----------+
|        Runtime (RDTSC) [s] STAT        |    29.0200 |    1.7034 |    1.7082 |    1.7071 |
|        Runtime unhalted [s] STAT       |     4.5541 |    0.2362 |    0.3934 |    0.2679 |
|            Clock [MHz] STAT            | 32181.0716 | 1891.4497 | 1894.6852 | 1893.0042 |
|                CPI STAT                |    21.8755 |    0.8144 |    1.5020 |    1.2868 |
|             Energy [J] STAT            |   223.8287 |         0 |   62.0699 |   13.1664 |
|             Power [W] STAT             |   131.3933 |         0 |   36.4355 |    7.7290 |
|          Energy DRAM [J] STAT          |    27.2080 |         0 |    9.2364 |    1.6005 |
|           Power DRAM [W] STAT          |    15.9717 |         0 |    5.4218 |    0.9395 |
|            DP [MFLOP/s] STAT           |  1284.9039 |   73.5196 |  100.6006 |   75.5826 |
|          AVX DP [MFLOP/s] STAT         |     5.2642 |         0 |    5.2642 |    0.3097 |
|          Packed [MUOPS/s] STAT         |     0.7541 |         0 |    0.7541 |    0.0444 |
|          Scalar [MUOPS/s] STAT         |  1279.4954 |   73.5196 |   95.1921 |   75.2644 |
|  Memory read bandwidth [MBytes/s] STAT |  1790.3088 |         0 | 1296.0657 |  105.3123 |
|  Memory read data volume [GBytes] STAT |     3.0498 |         0 |    2.2079 |    0.1794 |
| Memory write bandwidth [MBytes/s] STAT |  2165.8615 |         0 | 1556.1819 |  127.4036 |
| Memory write data volume [GBytes] STAT |     3.6896 |         0 |    2.6510 |    0.2170 |
|    Memory bandwidth [MBytes/s] STAT    |  3956.1701 |         0 | 2852.2475 |  232.7159 |
|    Memory data volume [GBytes] STAT    |     6.7396 |         0 |    4.8590 |    0.3964 |
|       Operational intensity STAT       |     2.8331 |    0.0261 |    0.3383 |    0.1667 |
+----------------------------------------+------------+-----------+-----------+-----------+
--------------------------------------------------------------------------------
CPU name:	Intel(R) Xeon(R) Gold 6132 CPU @ 2.60GHz
CPU type:	Intel Skylake SP processor
CPU clock:	2.59 GHz
--------------------------------------------------------------------------------
Region Solve, Group 1: MEM_DP
+-------------------+-----------+-----------+-----------+-----------+-----------+-----------+-----------+-----------+-----------+-----------+-----------+-----------+-----------+-----------+-----------+-----------+-----------+
|    Region Info    |   Core 0  |   Core 1  |   Core 2  |   Core 3  |   Core 4  |  Core 14  |  Core 15  |  Core 16  |  Core 17  |  Core 28  |  Core 29  |  Core 30  |  Core 31  |  Core 42  |  Core 43  |  Core 44  |  Core 45  |
+-------------------+-----------+-----------+-----------+-----------+-----------+-----------+-----------+-----------+-----------+-----------+-----------+-----------+-----------+-----------+-----------+-----------+-----------+
| RDTSC Runtime [s] | 16.227980 | 16.230470 | 16.230470 | 16.230470 | 16.230480 | 16.227980 | 16.230470 | 16.230470 | 16.230470 | 16.227970 | 16.230470 | 16.230470 | 16.230470 | 16.227990 | 16.230470 | 16.230470 | 16.230470 |
|     call count    |         1 |         1 |         1 |         1 |         1 |         1 |         1 |         1 |         1 |         1 |         1 |         1 |         1 |         1 |         1 |         1 |         1 |
+-------------------+-----------+-----------+-----------+-----------+-----------+-----------+-----------+-----------+-----------+-----------+-----------+-----------+-----------+-----------+-----------+-----------+-----------+
+------------------------------------------+---------+-------------+-------------+-------------+-------------+-------------+-------------+-------------+-------------+-------------+-------------+-------------+-------------+-------------+-------------+-------------+-------------+-------------+
|                   Event                  | Counter |    Core 0   |    Core 1   |    Core 2   |    Core 3   |    Core 4   |   Core 14   |   Core 15   |   Core 16   |   Core 17   |   Core 28   |   Core 29   |   Core 30   |   Core 31   |   Core 42   |   Core 43   |   Core 44   |   Core 45   |
+------------------------------------------+---------+-------------+-------------+-------------+-------------+-------------+-------------+-------------+-------------+-------------+-------------+-------------+-------------+-------------+-------------+-------------+-------------+-------------+
|             INSTR_RETIRED_ANY            |  FIXC0  | 57843250000 | 54190210000 | 54264090000 | 53857440000 | 53500920000 | 53343720000 | 53463200000 | 53239840000 | 52924100000 | 53096610000 | 53333420000 | 52937450000 | 52962920000 | 53264940000 | 53679490000 | 53597830000 | 53074200000 |
|           CPU_CLK_UNHALTED_CORE          |  FIXC1  | 24560850000 | 30144400000 | 30144140000 | 30126600000 | 30136110000 | 29953910000 | 29947550000 | 29949180000 | 29944530000 | 29945010000 | 29940700000 | 29950030000 | 29951590000 | 29952220000 | 29964970000 | 29951600000 | 29963180000 |
|           CPU_CLK_UNHALTED_REF           |  FIXC2  | 33609210000 | 41250610000 | 41250220000 | 41226250000 | 41239260000 | 41004070000 | 40995900000 | 40997830000 | 40991670000 | 40993190000 | 40987010000 | 40999970000 | 41002240000 | 41005050000 | 41022560000 | 41004120000 | 41022830000 |
|              PWR_PKG_ENERGY              |   PWR0  |    787.3365 |           0 |           0 |           0 |           0 |    663.8323 |           0 |           0 |           0 |    713.1600 |           0 |           0 |           0 |    673.1248 |           0 |           0 |           0 |
|              PWR_DRAM_ENERGY             |   PWR3  |    105.4968 |           0 |           0 |           0 |           0 |    102.4773 |           0 |           0 |           0 |     86.8694 |           0 |           0 |           0 |     95.9231 |           0 |           0 |           0 |
| FP_ARITH_INST_RETIRED_128B_PACKED_DOUBLE |   PMC0  |      218232 |           0 |           0 |           0 |           0 |           0 |           0 |           0 |           0 |           0 |           0 |           0 |           0 |           0 |           0 |           0 |           0 |
|    FP_ARITH_INST_RETIRED_SCALAR_DOUBLE   |   PMC1  | 14340600000 | 14694280000 | 14751280000 | 14493660000 | 14401570000 | 14358950000 | 14324850000 | 14111220000 | 14052970000 | 14085380000 | 14300730000 | 14251190000 | 14260970000 | 14353110000 | 14623240000 | 14569810000 | 14252020000 |
| FP_ARITH_INST_RETIRED_256B_PACKED_DOUBLE |   PMC2  |      302358 |           0 |           0 |           0 |           0 |           0 |           0 |           0 |           0 |           0 |           0 |           0 |           0 |           0 |           0 |           0 |           0 |
| FP_ARITH_INST_RETIRED_512B_PACKED_DOUBLE |   PMC3  |     2178750 |           0 |           0 |           0 |           0 |           0 |           0 |           0 |           0 |           0 |           0 |           0 |           0 |           0 |           0 |           0 |           0 |
|               CAS_COUNT_RD               | MBOX0C0 |   174439300 |           0 |           0 |           0 |           0 |   142054800 |           0 |           0 |           0 |   141687700 |           0 |           0 |           0 |   151287200 |           0 |           0 |           0 |
|               CAS_COUNT_WR               | MBOX0C1 |    48780160 |           0 |           0 |           0 |           0 |    46206510 |           0 |           0 |           0 |    41920940 |           0 |           0 |           0 |    37601100 |           0 |           0 |           0 |
|               CAS_COUNT_RD               | MBOX1C0 |   176573600 |           0 |           0 |           0 |           0 |   141973600 |           0 |           0 |           0 |   141314500 |           0 |           0 |           0 |   151064200 |           0 |           0 |           0 |
|               CAS_COUNT_WR               | MBOX1C1 |    50549840 |           0 |           0 |           0 |           0 |    46144180 |           0 |           0 |           0 |    41785920 |           0 |           0 |           0 |    37391500 |           0 |           0 |           0 |
|               CAS_COUNT_RD               | MBOX2C0 |   175886000 |           0 |           0 |           0 |           0 |   142059600 |           0 |           0 |           0 |   141510100 |           0 |           0 |           0 |   151348600 |           0 |           0 |           0 |
|               CAS_COUNT_WR               | MBOX2C1 |    49139430 |           0 |           0 |           0 |           0 |    46176180 |           0 |           0 |           0 |    41864910 |           0 |           0 |           0 |    37561190 |           0 |           0 |           0 |
|               CAS_COUNT_RD               | MBOX3C0 |   175916800 |           0 |           0 |           0 |           0 |   141402900 |           0 |           0 |           0 |   141379800 |           0 |           0 |           0 |   150611700 |           0 |           0 |           0 |
|               CAS_COUNT_WR               | MBOX3C1 |    48757880 |           0 |           0 |           0 |           0 |    45779010 |           0 |           0 |           0 |    41975360 |           0 |           0 |           0 |    37724800 |           0 |           0 |           0 |
|               CAS_COUNT_RD               | MBOX4C0 |   173807700 |           0 |           0 |           0 |           0 |   141539000 |           0 |           0 |           0 |   141522100 |           0 |           0 |           0 |   150493600 |           0 |           0 |           0 |
|               CAS_COUNT_WR               | MBOX4C1 |    48555090 |           0 |           0 |           0 |           0 |    45954760 |           0 |           0 |           0 |    42042300 |           0 |           0 |           0 |    37625660 |           0 |           0 |           0 |
|               CAS_COUNT_RD               | MBOX5C0 |   174472600 |           0 |           0 |           0 |           0 |   141360900 |           0 |           0 |           0 |   140719900 |           0 |           0 |           0 |   149733000 |           0 |           0 |           0 |
|               CAS_COUNT_WR               | MBOX5C1 |    48813040 |           0 |           0 |           0 |           0 |    45786300 |           0 |           0 |           0 |    41382880 |           0 |           0 |           0 |    36949250 |           0 |           0 |           0 |
+------------------------------------------+---------+-------------+-------------+-------------+-------------+-------------+-------------+-------------+-------------+-------------+-------------+-------------+-------------+-------------+-------------+-------------+-------------+-------------+
+-----------------------------------------------+---------+--------------+-------------+-------------+--------------+
|                     Event                     | Counter |      Sum     |     Min     |     Max     |      Avg     |
+-----------------------------------------------+---------+--------------+-------------+-------------+--------------+
|             INSTR_RETIRED_ANY STAT            |  FIXC0  | 912573630000 | 52924100000 | 57843250000 | 5.368080e+10 |
|           CPU_CLK_UNHALTED_CORE STAT          |  FIXC1  | 504526570000 | 24560850000 | 30144400000 | 2.967803e+10 |
|           CPU_CLK_UNHALTED_REF STAT           |  FIXC2  | 690601990000 | 33609210000 | 41250610000 | 4.062365e+10 |
|              PWR_PKG_ENERGY STAT              |   PWR0  |    2837.4536 |           0 |    787.3365 |     166.9090 |
|              PWR_DRAM_ENERGY STAT             |   PWR3  |     390.7666 |           0 |    105.4968 |      22.9863 |
| FP_ARITH_INST_RETIRED_128B_PACKED_DOUBLE STAT |   PMC0  |       218232 |           0 |      218232 |   12837.1765 |
|    FP_ARITH_INST_RETIRED_SCALAR_DOUBLE STAT   |   PMC1  | 244225830000 | 14052970000 | 14751280000 | 1.436623e+10 |
| FP_ARITH_INST_RETIRED_256B_PACKED_DOUBLE STAT |   PMC2  |       302358 |           0 |      302358 |   17785.7647 |
| FP_ARITH_INST_RETIRED_512B_PACKED_DOUBLE STAT |   PMC3  |      2178750 |           0 |     2178750 |  128161.7647 |
|               CAS_COUNT_RD STAT               | MBOX0C0 |    609469000 |           0 |   174439300 | 3.585112e+07 |
|               CAS_COUNT_WR STAT               | MBOX0C1 |    174508710 |           0 |    48780160 | 1.026522e+07 |
|               CAS_COUNT_RD STAT               | MBOX1C0 |    610925900 |           0 |   176573600 | 3.593682e+07 |
|               CAS_COUNT_WR STAT               | MBOX1C1 |    175871440 |           0 |    50549840 | 1.034538e+07 |
|               CAS_COUNT_RD STAT               | MBOX2C0 |    610804300 |           0 |   175886000 | 3.592966e+07 |
|               CAS_COUNT_WR STAT               | MBOX2C1 |    174741710 |           0 |    49139430 | 1.027892e+07 |
|               CAS_COUNT_RD STAT               | MBOX3C0 |    609311200 |           0 |   175916800 | 3.584184e+07 |
|               CAS_COUNT_WR STAT               | MBOX3C1 |    174237050 |           0 |    48757880 | 1.024924e+07 |
|               CAS_COUNT_RD STAT               | MBOX4C0 |    607362400 |           0 |   173807700 |     35727200 |
|               CAS_COUNT_WR STAT               | MBOX4C1 |    174177810 |           0 |    48555090 | 1.024575e+07 |
|               CAS_COUNT_RD STAT               | MBOX5C0 |    606286400 |           0 |   174472600 | 3.566391e+07 |
|               CAS_COUNT_WR STAT               | MBOX5C1 |    172931470 |           0 |    48813040 | 1.017244e+07 |
+-----------------------------------------------+---------+--------------+-------------+-------------+--------------+
+-----------------------------------+-----------+-----------+-----------+-----------+-----------+-----------+-----------+-----------+-----------+-----------+-----------+-----------+-----------+-----------+-----------+-----------+-----------+
|               Metric              |   Core 0  |   Core 1  |   Core 2  |   Core 3  |   Core 4  |  Core 14  |  Core 15  |  Core 16  |  Core 17  |  Core 28  |  Core 29  |  Core 30  |  Core 31  |  Core 42  |  Core 43  |  Core 44  |  Core 45  |
+-----------------------------------+-----------+-----------+-----------+-----------+-----------+-----------+-----------+-----------+-----------+-----------+-----------+-----------+-----------+-----------+-----------+-----------+-----------+
|        Runtime (RDTSC) [s]        |   16.2280 |   16.2305 |   16.2305 |   16.2305 |   16.2305 |   16.2280 |   16.2305 |   16.2305 |   16.2305 |   16.2280 |   16.2305 |   16.2305 |   16.2305 |   16.2280 |   16.2305 |   16.2305 |   16.2305 |
|        Runtime unhalted [s]       |    9.4691 |   11.6218 |   11.6217 |   11.6149 |   11.6186 |   11.5484 |   11.5459 |   11.5465 |   11.5447 |   11.5449 |   11.5433 |   11.5469 |   11.5475 |   11.5477 |   11.5526 |   11.5475 |   11.5519 |
|            Clock [MHz]            | 1895.4772 | 1895.4387 | 1895.4403 | 1895.4388 | 1895.4390 | 1894.7854 | 1894.7606 | 1894.7746 | 1894.7651 | 1894.7252 | 1894.7381 | 1894.7294 | 1894.7232 | 1894.6332 | 1894.6307 | 1894.6370 | 1894.5050 |
|                CPI                |    0.4246 |    0.5563 |    0.5555 |    0.5594 |    0.5633 |    0.5615 |    0.5602 |    0.5625 |    0.5658 |    0.5640 |    0.5614 |    0.5658 |    0.5655 |    0.5623 |    0.5582 |    0.5588 |    0.5646 |
|             Energy [J]            |  787.3365 |         0 |         0 |         0 |         0 |  663.8323 |         0 |         0 |         0 |  713.1600 |         0 |         0 |         0 |  673.1248 |         0 |         0 |         0 |
|             Power [W]             |   48.5172 |         0 |         0 |         0 |         0 |   40.9067 |         0 |         0 |         0 |   43.9463 |         0 |         0 |         0 |   41.4792 |         0 |         0 |         0 |
|          Energy DRAM [J]          |  105.4968 |         0 |         0 |         0 |         0 |  102.4773 |         0 |         0 |         0 |   86.8694 |         0 |         0 |         0 |   95.9231 |         0 |         0 |         0 |
|           Power DRAM [W]          |    6.5009 |         0 |         0 |         0 |         0 |    6.3149 |         0 |         0 |         0 |    5.3531 |         0 |         0 |         0 |    5.9110 |         0 |         0 |         0 |
|            DP [MFLOP/s]           |  884.8714 |  905.3515 |  908.8634 |  892.9908 |  887.3163 |  884.8267 |  882.5900 |  869.4277 |  865.8388 |  867.9693 |  881.1039 |  878.0516 |  878.6542 |  884.4663 |  900.9745 |  897.6826 |  878.1027 |
|          AVX DP [MFLOP/s]         |    1.1486 |         0 |         0 |         0 |         0 |         0 |         0 |         0 |         0 |         0 |         0 |         0 |         0 |         0 |         0 |         0 |         0 |
|          Packed [MUOPS/s]         |    0.1663 |         0 |         0 |         0 |         0 |         0 |         0 |         0 |         0 |         0 |         0 |         0 |         0 |         0 |         0 |         0 |         0 |
|          Scalar [MUOPS/s]         |  883.6959 |  905.3515 |  908.8634 |  892.9908 |  887.3163 |  884.8267 |  882.5900 |  869.4277 |  865.8388 |  867.9693 |  881.1039 |  878.0516 |  878.6542 |  884.4663 |  900.9745 |  897.6826 |  878.1027 |
|  Memory read bandwidth [MBytes/s] | 4145.3184 |         0 |         0 |         0 |         0 | 3353.7761 |         0 |         0 |         0 | 3344.8782 |         0 |         0 |         0 | 3567.3211 |         0 |         0 |         0 |
|  Memory read data volume [GBytes] |   67.2701 |         0 |         0 |         0 |         0 |   54.4250 |         0 |         0 |         0 |   54.2806 |         0 |         0 |         0 |   57.8905 |         0 |         0 |         0 |
| Memory write bandwidth [MBytes/s] | 1161.8272 |         0 |         0 |         0 |         0 | 1088.6755 |         0 |         0 |         0 |  989.7866 |         0 |         0 |         0 |  886.7780 |         0 |         0 |         0 |
| Memory write data volume [GBytes] |   18.8541 |         0 |         0 |         0 |         0 |   17.6670 |         0 |         0 |         0 |   16.0622 |         0 |         0 |         0 |   14.3906 |         0 |         0 |         0 |
|    Memory bandwidth [MBytes/s]    | 5307.1456 |         0 |         0 |         0 |         0 | 4442.4516 |         0 |         0 |         0 | 4334.6648 |         0 |         0 |         0 | 4454.0991 |         0 |         0 |         0 |
|    Memory data volume [GBytes]    |   86.1243 |         0 |         0 |         0 |         0 |   72.0920 |         0 |         0 |         0 |   70.3428 |         0 |         0 |         0 |   72.2811 |         0 |         0 |         0 |
|       Operational intensity       |    0.1667 |    0.1706 |    0.1713 |    0.1683 |    0.1672 |    0.1992 |    0.1987 |    0.1957 |    0.1949 |    0.2002 |    0.2033 |    0.2026 |    0.2027 |    0.1986 |    0.2023 |    0.2016 |    0.1972 |
+-----------------------------------+-----------+-----------+-----------+-----------+-----------+-----------+-----------+-----------+-----------+-----------+-----------+-----------+-----------+-----------+-----------+-----------+-----------+
+----------------------------------------+------------+-----------+-----------+-----------+
|                 Metric                 |     Sum    |    Min    |    Max    |    Avg    |
+----------------------------------------+------------+-----------+-----------+-----------+
|        Runtime (RDTSC) [s] STAT        |   275.9085 |   16.2280 |   16.2305 |   16.2299 |
|        Runtime unhalted [s] STAT       |   194.5139 |    9.4691 |   11.6218 |   11.4420 |
|            Clock [MHz] STAT            | 32213.6415 | 1894.5050 | 1895.4772 | 1894.9201 |
|                CPI STAT                |     9.4097 |    0.4246 |    0.5658 |    0.5535 |
|             Energy [J] STAT            |  2837.4536 |         0 |  787.3365 |  166.9090 |
|             Power [W] STAT             |   174.8494 |         0 |   48.5172 |   10.2853 |
|          Energy DRAM [J] STAT          |   390.7666 |         0 |  105.4968 |   22.9863 |
|           Power DRAM [W] STAT          |    24.0799 |         0 |    6.5009 |    1.4165 |
|            DP [MFLOP/s] STAT           | 15049.0817 |  865.8388 |  908.8634 |  885.2401 |
|          AVX DP [MFLOP/s] STAT         |     1.1486 |         0 |    1.1486 |    0.0676 |
|          Packed [MUOPS/s] STAT         |     0.1663 |         0 |    0.1663 |    0.0098 |
|          Scalar [MUOPS/s] STAT         | 15047.9062 |  865.8388 |  908.8634 |  885.1710 |
|  Memory read bandwidth [MBytes/s] STAT | 14411.2938 |         0 | 4145.3184 |  847.7232 |
|  Memory read data volume [GBytes] STAT |   233.8662 |         0 |   67.2701 |   13.7568 |
| Memory write bandwidth [MBytes/s] STAT |  4127.0673 |         0 | 1161.8272 |  242.7687 |
| Memory write data volume [GBytes] STAT |    66.9739 |         0 |   18.8541 |    3.9396 |
|    Memory bandwidth [MBytes/s] STAT    | 18538.3611 |         0 | 5307.1456 | 1090.4918 |
|    Memory data volume [GBytes] STAT    |   300.8402 |         0 |   86.1243 |   17.6965 |
|       Operational intensity STAT       |     3.2411 |    0.1667 |    0.2033 |    0.1907 |
+----------------------------------------+------------+-----------+-----------+-----------+
