--------------------------------------------------------------------------------
CPU name:	Intel(R) Xeon(R) Gold 6132 CPU @ 2.60GHz
CPU type:	Intel Skylake SP processor
CPU clock:	2.59 GHz
--------------------------------------------------------------------------------
Region Setup, Group 1: MEM_DP
+-------------------+----------+----------+----------+----------+----------+----------+----------+----------+----------+----------+----------+----------+----------+----------+----------+----------+----------+----------+----------+----------+----------+----------+----------+----------+
|    Region Info    |  Core 0  |  Core 1  |  Core 2  |  Core 3  |  Core 4  |  Core 5  |  Core 14 |  Core 15 |  Core 16 |  Core 17 |  Core 18 |  Core 19 |  Core 28 |  Core 29 |  Core 30 |  Core 31 |  Core 32 |  Core 33 |  Core 42 |  Core 43 |  Core 44 |  Core 45 |  Core 46 |  Core 47 |
+-------------------+----------+----------+----------+----------+----------+----------+----------+----------+----------+----------+----------+----------+----------+----------+----------+----------+----------+----------+----------+----------+----------+----------+----------+----------+
| RDTSC Runtime [s] | 1.697224 | 1.701719 | 1.701829 | 1.701770 | 1.701756 | 1.701651 | 1.697270 | 1.701635 | 1.701697 | 1.701708 | 1.701724 | 1.701671 | 1.697232 | 1.701629 | 1.701669 | 1.701636 | 1.701633 | 1.701704 | 1.697445 | 1.701633 | 1.701739 | 1.701608 | 1.701723 | 1.701635 |
|     call count    |        2 |        2 |        2 |        2 |        2 |        2 |        2 |        2 |        2 |        2 |        2 |        2 |        2 |        2 |        2 |        2 |        2 |        2 |        2 |        2 |        2 |        2 |        2 |        2 |
+-------------------+----------+----------+----------+----------+----------+----------+----------+----------+----------+----------+----------+----------+----------+----------+----------+----------+----------+----------+----------+----------+----------+----------+----------+----------+
+------------------------------------------+---------+------------+-----------+-----------+-----------+-----------+-----------+-----------+-----------+-----------+-----------+-----------+-----------+-----------+-----------+-----------+-----------+-----------+-----------+-----------+-----------+-----------+-----------+-----------+-----------+
|                   Event                  | Counter |   Core 0   |   Core 1  |   Core 2  |   Core 3  |   Core 4  |   Core 5  |  Core 14  |  Core 15  |  Core 16  |  Core 17  |  Core 18  |  Core 19  |  Core 28  |  Core 29  |  Core 30  |  Core 31  |  Core 32  |  Core 33  |  Core 42  |  Core 43  |  Core 44  |  Core 45  |  Core 46  |  Core 47  |
+------------------------------------------+---------+------------+-----------+-----------+-----------+-----------+-----------+-----------+-----------+-----------+-----------+-----------+-----------+-----------+-----------+-----------+-----------+-----------+-----------+-----------+-----------+-----------+-----------+-----------+-----------+
|             INSTR_RETIRED_ANY            |  FIXC0  | 1110403000 | 375553800 | 375280600 | 375222600 | 375388700 | 375315800 | 367034900 | 368210000 | 367276000 | 366963500 | 366726100 | 366771500 | 366810400 | 366882500 | 366824000 | 366666300 | 364086600 | 363921700 | 364164500 | 365035600 | 364642300 | 364204300 | 364923200 | 362507400 |
|           CPU_CLK_UNHALTED_CORE          |  FIXC1  |  929638500 | 709036000 | 707850600 | 705333200 | 710103000 | 707599100 | 556381000 | 579743100 | 571280400 | 563210700 | 559587000 | 559368500 | 563031800 | 563289100 | 563749600 | 558869100 | 563369600 | 560182100 | 563671300 | 581404100 | 573015700 | 564134600 | 579550400 | 531366900 |
|           CPU_CLK_UNHALTED_REF           |  FIXC2  | 1272967000 | 970979400 | 969420500 | 965922900 | 972496300 | 968987100 | 762356200 | 794205900 | 783091800 | 771665100 | 766699200 | 766455900 | 771606900 | 772035500 | 772675400 | 765848300 | 772029600 | 767741900 | 772248600 | 796572500 | 785081000 | 772904600 | 794012000 | 728070100 |
|              PWR_PKG_ENERGY              |   PWR0  |    62.6116 |         0 |         0 |         0 |         0 |         0 |   53.7096 |         0 |         0 |         0 |         0 |         0 |   57.6069 |         0 |         0 |         0 |         0 |         0 |   55.7309 |         0 |         0 |         0 |         0 |         0 |
|              PWR_DRAM_ENERGY             |   PWR3  |     8.9164 |         0 |         0 |         0 |         0 |         0 |    6.8868 |         0 |         0 |         0 |         0 |         0 |    5.1865 |         0 |         0 |         0 |         0 |         0 |    6.4258 |         0 |         0 |         0 |         0 |         0 |
| FP_ARITH_INST_RETIRED_128B_PACKED_DOUBLE |   PMC0  |     122920 |         0 |         0 |         0 |         0 |         0 |         0 |         0 |         0 |         0 |         0 |         0 |         0 |         0 |         0 |         0 |         0 |         0 |         0 |         0 |         0 |         0 |         0 |         0 |
|    FP_ARITH_INST_RETIRED_SCALAR_DOUBLE   |   PMC1  |  125748800 |  89711100 |  89684490 |  89711870 |  89685170 |  89711480 |  89684690 |  89710010 |  89629130 |  89657570 |  89630890 |  89657160 |  89630060 |  89653120 |  89626240 |  89653830 |  89164000 |  89163930 |  89163970 |  89164440 |  89164440 |  89164440 |  89164440 |  89163950 |
| FP_ARITH_INST_RETIRED_256B_PACKED_DOUBLE |   PMC2  |      81488 |         0 |         0 |         0 |         0 |         0 |         0 |         0 |         0 |         0 |         0 |         0 |         0 |         0 |         0 |         0 |         0 |         0 |         0 |         0 |         0 |         0 |         0 |         0 |
| FP_ARITH_INST_RETIRED_512B_PACKED_DOUBLE |   PMC3  |    1080242 |         0 |         0 |         0 |         0 |         0 |         0 |         0 |         0 |         0 |         0 |         0 |         0 |         0 |         0 |         0 |         0 |         0 |         0 |         0 |         0 |         0 |         0 |         0 |
|               CAS_COUNT_RD               | MBOX0C0 |    4518773 |         0 |         0 |         0 |         0 |         0 |    505578 |         0 |         0 |         0 |         0 |         0 |   1021420 |         0 |         0 |         0 |         0 |         0 |    846230 |         0 |         0 |         0 |         0 |         0 |
|               CAS_COUNT_WR               | MBOX0C1 |    6648339 |         0 |         0 |         0 |         0 |         0 |    728740 |         0 |         0 |         0 |         0 |         0 |   1109777 |         0 |         0 |         0 |         0 |         0 |    924819 |         0 |         0 |         0 |         0 |         0 |
|               CAS_COUNT_RD               | MBOX1C0 |    4917174 |         0 |         0 |         0 |         0 |         0 |    573867 |         0 |         0 |         0 |         0 |         0 |    542192 |         0 |         0 |         0 |         0 |         0 |   1546185 |         0 |         0 |         0 |         0 |         0 |
|               CAS_COUNT_WR               | MBOX1C1 |    6853375 |         0 |         0 |         0 |         0 |         0 |    785635 |         0 |         0 |         0 |         0 |         0 |    735181 |         0 |         0 |         0 |         0 |         0 |   1533094 |         0 |         0 |         0 |         0 |         0 |
|               CAS_COUNT_RD               | MBOX2C0 |    6190929 |         0 |         0 |         0 |         0 |         0 |    529336 |         0 |         0 |         0 |         0 |         0 |    920540 |         0 |         0 |         0 |         0 |         0 |   1334233 |         0 |         0 |         0 |         0 |         0 |
|               CAS_COUNT_WR               | MBOX2C1 |    6762479 |         0 |         0 |         0 |         0 |         0 |    753800 |         0 |         0 |         0 |         0 |         0 |   1039804 |         0 |         0 |         0 |         0 |         0 |   1299167 |         0 |         0 |         0 |         0 |         0 |
|               CAS_COUNT_RD               | MBOX3C0 |    7095143 |         0 |         0 |         0 |         0 |         0 |    448619 |         0 |         0 |         0 |         0 |         0 |   1487899 |         0 |         0 |         0 |         0 |         0 |   1904497 |         0 |         0 |         0 |         0 |         0 |
|               CAS_COUNT_WR               | MBOX3C1 |    6702393 |         0 |         0 |         0 |         0 |         0 |    681769 |         0 |         0 |         0 |         0 |         0 |   1658610 |         0 |         0 |         0 |         0 |         0 |   1913753 |         0 |         0 |         0 |         0 |         0 |
|               CAS_COUNT_RD               | MBOX4C0 |    4079851 |         0 |         0 |         0 |         0 |         0 |    382039 |         0 |         0 |         0 |         0 |         0 |   1450770 |         0 |         0 |         0 |         0 |         0 |   2137803 |         0 |         0 |         0 |         0 |         0 |
|               CAS_COUNT_WR               | MBOX4C1 |    6335110 |         0 |         0 |         0 |         0 |         0 |    637896 |         0 |         0 |         0 |         0 |         0 |   1691762 |         0 |         0 |         0 |         0 |         0 |   2211659 |         0 |         0 |         0 |         0 |         0 |
|               CAS_COUNT_RD               | MBOX5C0 |    4753329 |         0 |         0 |         0 |         0 |         0 |    467887 |         0 |         0 |         0 |         0 |         0 |    472848 |         0 |         0 |         0 |         0 |         0 |   2008712 |         0 |         0 |         0 |         0 |         0 |
|               CAS_COUNT_WR               | MBOX5C1 |    6606379 |         0 |         0 |         0 |         0 |         0 |    697678 |         0 |         0 |         0 |         0 |         0 |    692992 |         0 |         0 |         0 |         0 |         0 |   2026748 |         0 |         0 |         0 |         0 |         0 |
+------------------------------------------+---------+------------+-----------+-----------+-----------+-----------+-----------+-----------+-----------+-----------+-----------+-----------+-----------+-----------+-----------+-----------+-----------+-----------+-----------+-----------+-----------+-----------+-----------+-----------+-----------+
+-----------------------------------------------+---------+-------------+-----------+------------+--------------+
|                     Event                     | Counter |     Sum     |    Min    |     Max    |      Avg     |
+-----------------------------------------------+---------+-------------+-----------+------------+--------------+
|             INSTR_RETIRED_ANY STAT            |  FIXC0  |  9570815300 | 362507400 | 1110403000 | 3.987840e+08 |
|           CPU_CLK_UNHALTED_CORE STAT          |  FIXC1  | 14624765400 | 531366900 |  929638500 |    609365225 |
|           CPU_CLK_UNHALTED_REF STAT           |  FIXC2  | 20036073700 | 728070100 | 1272967000 | 8.348364e+08 |
|              PWR_PKG_ENERGY STAT              |   PWR0  |    229.6590 |         0 |    62.6116 |       9.5691 |
|              PWR_DRAM_ENERGY STAT             |   PWR3  |     27.4155 |         0 |     8.9164 |       1.1423 |
| FP_ARITH_INST_RETIRED_128B_PACKED_DOUBLE STAT |   PMC0  |      122920 |         0 |     122920 |    5121.6667 |
|    FP_ARITH_INST_RETIRED_SCALAR_DOUBLE STAT   |   PMC1  |  2184099220 |  89163930 |  125748800 | 9.100413e+07 |
| FP_ARITH_INST_RETIRED_256B_PACKED_DOUBLE STAT |   PMC2  |       81488 |         0 |      81488 |    3395.3333 |
| FP_ARITH_INST_RETIRED_512B_PACKED_DOUBLE STAT |   PMC3  |     1080242 |         0 |    1080242 |   45010.0833 |
|               CAS_COUNT_RD STAT               | MBOX0C0 |     6892001 |         0 |    4518773 |  287166.7083 |
|               CAS_COUNT_WR STAT               | MBOX0C1 |     9411675 |         0 |    6648339 |  392153.1250 |
|               CAS_COUNT_RD STAT               | MBOX1C0 |     7579418 |         0 |    4917174 |  315809.0833 |
|               CAS_COUNT_WR STAT               | MBOX1C1 |     9907285 |         0 |    6853375 |  412803.5417 |
|               CAS_COUNT_RD STAT               | MBOX2C0 |     8975038 |         0 |    6190929 |  373959.9167 |
|               CAS_COUNT_WR STAT               | MBOX2C1 |     9855250 |         0 |    6762479 |  410635.4167 |
|               CAS_COUNT_RD STAT               | MBOX3C0 |    10936158 |         0 |    7095143 |  455673.2500 |
|               CAS_COUNT_WR STAT               | MBOX3C1 |    10956525 |         0 |    6702393 |  456521.8750 |
|               CAS_COUNT_RD STAT               | MBOX4C0 |     8050463 |         0 |    4079851 |  335435.9583 |
|               CAS_COUNT_WR STAT               | MBOX4C1 |    10876427 |         0 |    6335110 |  453184.4583 |
|               CAS_COUNT_RD STAT               | MBOX5C0 |     7702776 |         0 |    4753329 |       320949 |
|               CAS_COUNT_WR STAT               | MBOX5C1 |    10023797 |         0 |    6606379 |  417658.2083 |
+-----------------------------------------------+---------+-------------+-----------+------------+--------------+
+-----------------------------------+-----------+-----------+-----------+-----------+-----------+-----------+-----------+-----------+-----------+-----------+-----------+-----------+-----------+-----------+-----------+-----------+-----------+-----------+-----------+-----------+-----------+-----------+-----------+-----------+
|               Metric              |   Core 0  |   Core 1  |   Core 2  |   Core 3  |   Core 4  |   Core 5  |  Core 14  |  Core 15  |  Core 16  |  Core 17  |  Core 18  |  Core 19  |  Core 28  |  Core 29  |  Core 30  |  Core 31  |  Core 32  |  Core 33  |  Core 42  |  Core 43  |  Core 44  |  Core 45  |  Core 46  |  Core 47  |
+-----------------------------------+-----------+-----------+-----------+-----------+-----------+-----------+-----------+-----------+-----------+-----------+-----------+-----------+-----------+-----------+-----------+-----------+-----------+-----------+-----------+-----------+-----------+-----------+-----------+-----------+
|        Runtime (RDTSC) [s]        |    1.6972 |    1.7017 |    1.7018 |    1.7018 |    1.7018 |    1.7017 |    1.6973 |    1.7016 |    1.7017 |    1.7017 |    1.7017 |    1.7017 |    1.6972 |    1.7016 |    1.7017 |    1.7016 |    1.7016 |    1.7017 |    1.6974 |    1.7016 |    1.7017 |    1.7016 |    1.7017 |    1.7016 |
|        Runtime unhalted [s]       |    0.3584 |    0.2734 |    0.2729 |    0.2719 |    0.2738 |    0.2728 |    0.2145 |    0.2235 |    0.2203 |    0.2171 |    0.2157 |    0.2157 |    0.2171 |    0.2172 |    0.2173 |    0.2155 |    0.2172 |    0.2160 |    0.2173 |    0.2242 |    0.2209 |    0.2175 |    0.2234 |    0.2049 |
|            Clock [MHz]            | 1894.2180 | 1894.0493 | 1893.9234 | 1894.0214 | 1893.9408 | 1894.0973 | 1892.9858 | 1893.3700 | 1892.2114 | 1893.1065 | 1893.1090 | 1892.9705 | 1892.6479 | 1892.4617 | 1892.4402 | 1892.7810 | 1892.7466 | 1892.5484 | 1893.2231 | 1893.1533 | 1893.1502 | 1893.1711 | 1893.2029 | 1893.0161 |
|                CPI                |    0.8372 |    1.8880 |    1.8862 |    1.8798 |    1.8916 |    1.8853 |    1.5159 |    1.5745 |    1.5555 |    1.5348 |    1.5259 |    1.5251 |    1.5349 |    1.5353 |    1.5368 |    1.5242 |    1.5474 |    1.5393 |    1.5478 |    1.5927 |    1.5714 |    1.5490 |    1.5881 |    1.4658 |
|             Energy [J]            |   62.6116 |         0 |         0 |         0 |         0 |         0 |   53.7096 |         0 |         0 |         0 |         0 |         0 |   57.6069 |         0 |         0 |         0 |         0 |         0 |   55.7309 |         0 |         0 |         0 |         0 |         0 |
|             Power [W]             |   36.8906 |         0 |         0 |         0 |         0 |         0 |   31.6447 |         0 |         0 |         0 |         0 |         0 |   33.9417 |         0 |         0 |         0 |         0 |         0 |   32.8322 |         0 |         0 |         0 |         0 |         0 |
|          Energy DRAM [J]          |    8.9164 |         0 |         0 |         0 |         0 |         0 |    6.8868 |         0 |         0 |         0 |         0 |         0 |    5.1865 |         0 |         0 |         0 |         0 |         0 |    6.4258 |         0 |         0 |         0 |         0 |         0 |
|           Power DRAM [W]          |    5.2535 |         0 |         0 |         0 |         0 |         0 |    4.0576 |         0 |         0 |         0 |         0 |         0 |    3.0559 |         0 |         0 |         0 |         0 |         0 |    3.7856 |         0 |         0 |         0 |         0 |         0 |
|            DP [MFLOP/s]           |   79.5196 |   52.7179 |   52.6989 |   52.7168 |   52.7015 |   52.7203 |   52.8406 |   52.7199 |   52.6704 |   52.6868 |   52.6706 |   52.6877 |   52.8096 |   52.6866 |   52.6696 |   52.6868 |   52.3991 |   52.3969 |   52.5283 |   52.3993 |   52.3961 |   52.4001 |   52.3966 |   52.3990 |
|          AVX DP [MFLOP/s]         |    5.2839 |         0 |         0 |         0 |         0 |         0 |         0 |         0 |         0 |         0 |         0 |         0 |         0 |         0 |         0 |         0 |         0 |         0 |         0 |         0 |         0 |         0 |         0 |         0 |
|          Packed [MUOPS/s]         |    0.7569 |         0 |         0 |         0 |         0 |         0 |         0 |         0 |         0 |         0 |         0 |         0 |         0 |         0 |         0 |         0 |         0 |         0 |         0 |         0 |         0 |         0 |         0 |         0 |
|          Scalar [MUOPS/s]         |   74.0909 |   52.7179 |   52.6989 |   52.7168 |   52.7015 |   52.7203 |   52.8406 |   52.7199 |   52.6704 |   52.6868 |   52.6706 |   52.6877 |   52.8096 |   52.6866 |   52.6696 |   52.6868 |   52.3991 |   52.3969 |   52.5283 |   52.3993 |   52.3961 |   52.4001 |   52.3966 |   52.3990 |
|  Memory read bandwidth [MBytes/s] | 1189.9035 |         0 |         0 |         0 |         0 |         0 |  109.6283 |         0 |         0 |         0 |         0 |         0 |  222.3166 |         0 |         0 |         0 |         0 |         0 |  368.6542 |         0 |         0 |         0 |         0 |         0 |
|  Memory read data volume [GBytes] |    2.0195 |         0 |         0 |         0 |         0 |         0 |    0.1861 |         0 |         0 |         0 |         0 |         0 |    0.3773 |         0 |         0 |         0 |         0 |         0 |    0.6258 |         0 |         0 |         0 |         0 |         0 |
| Memory write bandwidth [MBytes/s] | 1504.8790 |         0 |         0 |         0 |         0 |         0 |  161.5967 |         0 |         0 |         0 |         0 |         0 |  261.2489 |         0 |         0 |         0 |         0 |         0 |  373.6153 |         0 |         0 |         0 |         0 |         0 |
| Memory write data volume [GBytes] |    2.5541 |         0 |         0 |         0 |         0 |         0 |    0.2743 |         0 |         0 |         0 |         0 |         0 |    0.4434 |         0 |         0 |         0 |         0 |         0 |    0.6342 |         0 |         0 |         0 |         0 |         0 |
|    Memory bandwidth [MBytes/s]    | 2694.7825 |         0 |         0 |         0 |         0 |         0 |  271.2250 |         0 |         0 |         0 |         0 |         0 |  483.5655 |         0 |         0 |         0 |         0 |         0 |  742.2695 |         0 |         0 |         0 |         0 |         0 |
|    Memory data volume [GBytes]    |    4.5736 |         0 |         0 |         0 |         0 |         0 |    0.4603 |         0 |         0 |         0 |         0 |         0 |    0.8207 |         0 |         0 |         0 |         0 |         0 |    1.2600 |         0 |         0 |         0 |         0 |         0 |
|       Operational intensity       |    0.0295 |    0.0196 |    0.0196 |    0.0196 |    0.0196 |    0.0196 |    0.1948 |    0.1949 |    0.1947 |    0.1948 |    0.1947 |    0.1948 |    0.1092 |    0.1092 |    0.1092 |    0.1092 |    0.1086 |    0.1086 |    0.0708 |    0.0708 |    0.0708 |    0.0708 |    0.0708 |    0.0708 |
+-----------------------------------+-----------+-----------+-----------+-----------+-----------+-----------+-----------+-----------+-----------+-----------+-----------+-----------+-----------+-----------+-----------+-----------+-----------+-----------+-----------+-----------+-----------+-----------+-----------+-----------+
+----------------------------------------+------------+-----------+-----------+-----------+
|                 Metric                 |     Sum    |    Min    |    Max    |    Avg    |
+----------------------------------------+------------+-----------+-----------+-----------+
|        Runtime (RDTSC) [s] STAT        |    40.8227 |    1.6972 |    1.7018 |    1.7009 |
|        Runtime unhalted [s] STAT       |     5.6385 |    0.2049 |    0.3584 |    0.2349 |
|            Clock [MHz] STAT            | 45436.5459 | 1892.2114 | 1894.2180 | 1893.1894 |
|                CPI STAT                |    38.0325 |    0.8372 |    1.8916 |    1.5847 |
|             Energy [J] STAT            |   229.6590 |         0 |   62.6116 |    9.5691 |
|             Power [W] STAT             |   135.3092 |         0 |   36.8906 |    5.6379 |
|          Energy DRAM [J] STAT          |    27.4155 |         0 |    8.9164 |    1.1423 |
|           Power DRAM [W] STAT          |    16.1526 |         0 |    5.2535 |    0.6730 |
|            DP [MFLOP/s] STAT           |  1289.5190 |   52.3961 |   79.5196 |   53.7300 |
|          AVX DP [MFLOP/s] STAT         |     5.2839 |         0 |    5.2839 |    0.2202 |
|          Packed [MUOPS/s] STAT         |     0.7569 |         0 |    0.7569 |    0.0315 |
|          Scalar [MUOPS/s] STAT         |  1284.0903 |   52.3961 |   74.0909 |   53.5038 |
|  Memory read bandwidth [MBytes/s] STAT |  1890.5026 |         0 | 1189.9035 |   78.7709 |
|  Memory read data volume [GBytes] STAT |     3.2087 |         0 |    2.0195 |    0.1337 |
| Memory write bandwidth [MBytes/s] STAT |  2301.3399 |         0 | 1504.8790 |   95.8892 |
| Memory write data volume [GBytes] STAT |     3.9060 |         0 |    2.5541 |    0.1628 |
|    Memory bandwidth [MBytes/s] STAT    |  4191.8425 |         0 | 2694.7825 |  174.6601 |
|    Memory data volume [GBytes] STAT    |     7.1146 |         0 |    4.5736 |    0.2964 |
|       Operational intensity STAT       |     2.3750 |    0.0196 |    0.1949 |    0.0990 |
+----------------------------------------+------------+-----------+-----------+-----------+
--------------------------------------------------------------------------------
CPU name:	Intel(R) Xeon(R) Gold 6132 CPU @ 2.60GHz
CPU type:	Intel Skylake SP processor
CPU clock:	2.59 GHz
--------------------------------------------------------------------------------
Region Solve, Group 1: MEM_DP
+-------------------+-----------+-----------+-----------+-----------+-----------+-----------+-----------+-----------+-----------+-----------+-----------+-----------+-----------+-----------+-----------+-----------+-----------+-----------+-----------+-----------+-----------+-----------+-----------+-----------+
|    Region Info    |   Core 0  |   Core 1  |   Core 2  |   Core 3  |   Core 4  |   Core 5  |  Core 14  |  Core 15  |  Core 16  |  Core 17  |  Core 18  |  Core 19  |  Core 28  |  Core 29  |  Core 30  |  Core 31  |  Core 32  |  Core 33  |  Core 42  |  Core 43  |  Core 44  |  Core 45  |  Core 46  |  Core 47  |
+-------------------+-----------+-----------+-----------+-----------+-----------+-----------+-----------+-----------+-----------+-----------+-----------+-----------+-----------+-----------+-----------+-----------+-----------+-----------+-----------+-----------+-----------+-----------+-----------+-----------+
| RDTSC Runtime [s] | 12.858600 | 12.861060 | 12.861070 | 12.861070 | 12.861080 | 12.861070 | 12.858600 | 12.861060 | 12.861060 | 12.861070 | 12.861060 | 12.861060 | 12.858600 | 12.861060 | 12.861060 | 12.861070 | 12.861070 | 12.861070 | 12.858610 | 12.861060 | 12.861060 | 12.861060 | 12.861060 | 12.861060 |
|     call count    |         1 |         1 |         1 |         1 |         1 |         1 |         1 |         1 |         1 |         1 |         1 |         1 |         1 |         1 |         1 |         1 |         1 |         1 |         1 |         1 |         1 |         1 |         1 |         1 |
+-------------------+-----------+-----------+-----------+-----------+-----------+-----------+-----------+-----------+-----------+-----------+-----------+-----------+-----------+-----------+-----------+-----------+-----------+-----------+-----------+-----------+-----------+-----------+-----------+-----------+
+------------------------------------------+---------+-------------+-------------+-------------+-------------+-------------+-------------+-------------+-------------+-------------+-------------+-------------+-------------+-------------+-------------+-------------+-------------+-------------+-------------+-------------+-------------+-------------+-------------+-------------+-------------+
|                   Event                  | Counter |    Core 0   |    Core 1   |    Core 2   |    Core 3   |    Core 4   |    Core 5   |   Core 14   |   Core 15   |   Core 16   |   Core 17   |   Core 18   |   Core 19   |   Core 28   |   Core 29   |   Core 30   |   Core 31   |   Core 32   |   Core 33   |   Core 42   |   Core 43   |   Core 44   |   Core 45   |   Core 46   |   Core 47   |
+------------------------------------------+---------+-------------+-------------+-------------+-------------+-------------+-------------+-------------+-------------+-------------+-------------+-------------+-------------+-------------+-------------+-------------+-------------+-------------+-------------+-------------+-------------+-------------+-------------+-------------+-------------+
|             INSTR_RETIRED_ANY            |  FIXC0  | 42487490000 | 38274730000 | 38499950000 | 38493600000 | 38305520000 | 38180580000 | 37865280000 | 37861670000 | 37897360000 | 37898670000 | 37758350000 | 37649420000 | 37668890000 | 37752250000 | 37886100000 | 37896330000 | 37543330000 | 37552380000 | 37823050000 | 37984120000 | 38174320000 | 38193620000 | 37992190000 | 37795570000 |
|           CPU_CLK_UNHALTED_CORE          |  FIXC1  | 18334070000 | 23859770000 | 23860160000 | 23862130000 | 23859530000 | 23850670000 | 23656940000 | 23664580000 | 23673810000 | 23670640000 | 23674490000 | 23674000000 | 23671630000 | 23683100000 | 23680290000 | 23680830000 | 23681390000 | 23679740000 | 23686070000 | 23679550000 | 23685850000 | 23685600000 | 23699360000 | 23719430000 |
|           CPU_CLK_UNHALTED_REF           |  FIXC2  | 25088430000 | 32650660000 | 32651190000 | 32653900000 | 32650340000 | 32638210000 | 32387930000 | 32398360000 | 32411000000 | 32406850000 | 32412050000 | 32411290000 | 32407140000 | 32422910000 | 32419010000 | 32419650000 | 32420650000 | 32418220000 | 32430580000 | 32421780000 | 32430120000 | 32430110000 | 32448780000 | 32479780000 |
|              PWR_PKG_ENERGY              |   PWR0  |    695.6396 |           0 |           0 |           0 |           0 |           0 |    616.8263 |           0 |           0 |           0 |           0 |           0 |    659.8881 |           0 |           0 |           0 |           0 |           0 |    629.0092 |           0 |           0 |           0 |           0 |           0 |
|              PWR_DRAM_ENERGY             |   PWR3  |     83.5014 |           0 |           0 |           0 |           0 |           0 |     87.2345 |           0 |           0 |           0 |           0 |           0 |     75.0900 |           0 |           0 |           0 |           0 |           0 |     81.6421 |           0 |           0 |           0 |           0 |           0 |
| FP_ARITH_INST_RETIRED_128B_PACKED_DOUBLE |   PMC0  |      218232 |           0 |           0 |           0 |           0 |           0 |           0 |           0 |           0 |           0 |           0 |           0 |           0 |           0 |           0 |           0 |           0 |           0 |           0 |           0 |           0 |           0 |           0 |           0 |
|    FP_ARITH_INST_RETIRED_SCALAR_DOUBLE   |   PMC1  | 10191280000 | 10270100000 | 10449360000 | 10437060000 | 10291870000 | 10233180000 | 10159110000 | 10155840000 | 10167840000 | 10092630000 |  9975094000 |  9958489000 |  9965740000 |  9977190000 | 10099460000 | 10169330000 | 10075760000 | 10080940000 | 10147800000 | 10224920000 | 10374020000 | 10391310000 | 10221270000 | 10116260000 |
| FP_ARITH_INST_RETIRED_256B_PACKED_DOUBLE |   PMC2  |      302358 |           0 |           0 |           0 |           0 |           0 |           0 |           0 |           0 |           0 |           0 |           0 |           0 |           0 |           0 |           0 |           0 |           0 |           0 |           0 |           0 |           0 |           0 |           0 |
| FP_ARITH_INST_RETIRED_512B_PACKED_DOUBLE |   PMC3  |     2178750 |           0 |           0 |           0 |           0 |           0 |           0 |           0 |           0 |           0 |           0 |           0 |           0 |           0 |           0 |           0 |           0 |           0 |           0 |           0 |           0 |           0 |           0 |           0 |
|               CAS_COUNT_RD               | MBOX0C0 |   147296200 |           0 |           0 |           0 |           0 |           0 |   153002200 |           0 |           0 |           0 |           0 |           0 |   149661300 |           0 |           0 |           0 |           0 |           0 |   157135100 |           0 |           0 |           0 |           0 |           0 |
|               CAS_COUNT_WR               | MBOX0C1 |    43146560 |           0 |           0 |           0 |           0 |           0 |    52510740 |           0 |           0 |           0 |           0 |           0 |    44051910 |           0 |           0 |           0 |           0 |           0 |    39366000 |           0 |           0 |           0 |           0 |           0 |
|               CAS_COUNT_RD               | MBOX1C0 |   147696100 |           0 |           0 |           0 |           0 |           0 |   152996100 |           0 |           0 |           0 |           0 |           0 |   149043300 |           0 |           0 |           0 |           0 |           0 |   157778700 |           0 |           0 |           0 |           0 |           0 |
|               CAS_COUNT_WR               | MBOX1C1 |    43453630 |           0 |           0 |           0 |           0 |           0 |    52586890 |           0 |           0 |           0 |           0 |           0 |    43636170 |           0 |           0 |           0 |           0 |           0 |    39887060 |           0 |           0 |           0 |           0 |           0 |
|               CAS_COUNT_RD               | MBOX2C0 |   148741600 |           0 |           0 |           0 |           0 |           0 |   153061900 |           0 |           0 |           0 |           0 |           0 |   149368100 |           0 |           0 |           0 |           0 |           0 |   157603800 |           0 |           0 |           0 |           0 |           0 |
|               CAS_COUNT_WR               | MBOX2C1 |    43255210 |           0 |           0 |           0 |           0 |           0 |    52541900 |           0 |           0 |           0 |           0 |           0 |    43792220 |           0 |           0 |           0 |           0 |           0 |    39768670 |           0 |           0 |           0 |           0 |           0 |
|               CAS_COUNT_RD               | MBOX3C0 |   149467000 |           0 |           0 |           0 |           0 |           0 |   152387700 |           0 |           0 |           0 |           0 |           0 |   149282600 |           0 |           0 |           0 |           0 |           0 |   156969400 |           0 |           0 |           0 |           0 |           0 |
|               CAS_COUNT_WR               | MBOX3C1 |    43267610 |           0 |           0 |           0 |           0 |           0 |    52120180 |           0 |           0 |           0 |           0 |           0 |    43998960 |           0 |           0 |           0 |           0 |           0 |    40034500 |           0 |           0 |           0 |           0 |           0 |
|               CAS_COUNT_RD               | MBOX4C0 |   146840900 |           0 |           0 |           0 |           0 |           0 |   152348200 |           0 |           0 |           0 |           0 |           0 |   149524200 |           0 |           0 |           0 |           0 |           0 |   157105200 |           0 |           0 |           0 |           0 |           0 |
|               CAS_COUNT_WR               | MBOX4C1 |    42927730 |           0 |           0 |           0 |           0 |           0 |    52101120 |           0 |           0 |           0 |           0 |           0 |    44294320 |           0 |           0 |           0 |           0 |           0 |    40102720 |           0 |           0 |           0 |           0 |           0 |
|               CAS_COUNT_RD               | MBOX5C0 |   147201600 |           0 |           0 |           0 |           0 |           0 |   152295400 |           0 |           0 |           0 |           0 |           0 |   148404100 |           0 |           0 |           0 |           0 |           0 |   157200700 |           0 |           0 |           0 |           0 |           0 |
|               CAS_COUNT_WR               | MBOX5C1 |    43095640 |           0 |           0 |           0 |           0 |           0 |    52121300 |           0 |           0 |           0 |           0 |           0 |    43255670 |           0 |           0 |           0 |           0 |           0 |    40092020 |           0 |           0 |           0 |           0 |           0 |
+------------------------------------------+---------+-------------+-------------+-------------+-------------+-------------+-------------+-------------+-------------+-------------+-------------+-------------+-------------+-------------+-------------+-------------+-------------+-------------+-------------+-------------+-------------+-------------+-------------+-------------+-------------+
+-----------------------------------------------+---------+--------------+-------------+-------------+--------------+
|                     Event                     | Counter |      Sum     |     Min     |     Max     |      Avg     |
+-----------------------------------------------+---------+--------------+-------------+-------------+--------------+
|             INSTR_RETIRED_ANY STAT            |  FIXC0  | 915434770000 | 37543330000 | 42487490000 | 3.814312e+10 |
|           CPU_CLK_UNHALTED_CORE STAT          |  FIXC1  | 563873630000 | 18334070000 | 23862130000 | 2.349473e+10 |
|           CPU_CLK_UNHALTED_REF STAT           |  FIXC2  | 771908940000 | 25088430000 | 32653900000 |  32162872500 |
|              PWR_PKG_ENERGY STAT              |   PWR0  |    2601.3632 |           0 |    695.6396 |     108.3901 |
|              PWR_DRAM_ENERGY STAT             |   PWR3  |     327.4680 |           0 |     87.2345 |      13.6445 |
| FP_ARITH_INST_RETIRED_128B_PACKED_DOUBLE STAT |   PMC0  |       218232 |           0 |      218232 |         9093 |
|    FP_ARITH_INST_RETIRED_SCALAR_DOUBLE STAT   |   PMC1  | 244225853000 |  9958489000 | 10449360000 | 1.017608e+10 |
| FP_ARITH_INST_RETIRED_256B_PACKED_DOUBLE STAT |   PMC2  |       302358 |           0 |      302358 |   12598.2500 |
| FP_ARITH_INST_RETIRED_512B_PACKED_DOUBLE STAT |   PMC3  |      2178750 |           0 |     2178750 |   90781.2500 |
|               CAS_COUNT_RD STAT               | MBOX0C0 |    607094800 |           0 |   157135100 | 2.529562e+07 |
|               CAS_COUNT_WR STAT               | MBOX0C1 |    179075210 |           0 |    52510740 | 7.461467e+06 |
|               CAS_COUNT_RD STAT               | MBOX1C0 |    607514200 |           0 |   157778700 | 2.531309e+07 |
|               CAS_COUNT_WR STAT               | MBOX1C1 |    179563750 |           0 |    52586890 | 7.481823e+06 |
|               CAS_COUNT_RD STAT               | MBOX2C0 |    608775400 |           0 |   157603800 | 2.536564e+07 |
|               CAS_COUNT_WR STAT               | MBOX2C1 |    179358000 |           0 |    52541900 |      7473250 |
|               CAS_COUNT_RD STAT               | MBOX3C0 |    608106700 |           0 |   156969400 | 2.533778e+07 |
|               CAS_COUNT_WR STAT               | MBOX3C1 |    179421250 |           0 |    52120180 | 7.475885e+06 |
|               CAS_COUNT_RD STAT               | MBOX4C0 |    605818500 |           0 |   157105200 | 2.524244e+07 |
|               CAS_COUNT_WR STAT               | MBOX4C1 |    179425890 |           0 |    52101120 | 7.476079e+06 |
|               CAS_COUNT_RD STAT               | MBOX5C0 |    605101800 |           0 |   157200700 |     25212575 |
|               CAS_COUNT_WR STAT               | MBOX5C1 |    178564630 |           0 |    52121300 | 7.440193e+06 |
+-----------------------------------------------+---------+--------------+-------------+-------------+--------------+
+-----------------------------------+-----------+-----------+-----------+-----------+-----------+-----------+-----------+-----------+-----------+-----------+-----------+-----------+-----------+-----------+-----------+-----------+-----------+-----------+-----------+-----------+-----------+-----------+-----------+-----------+
|               Metric              |   Core 0  |   Core 1  |   Core 2  |   Core 3  |   Core 4  |   Core 5  |  Core 14  |  Core 15  |  Core 16  |  Core 17  |  Core 18  |  Core 19  |  Core 28  |  Core 29  |  Core 30  |  Core 31  |  Core 32  |  Core 33  |  Core 42  |  Core 43  |  Core 44  |  Core 45  |  Core 46  |  Core 47  |
+-----------------------------------+-----------+-----------+-----------+-----------+-----------+-----------+-----------+-----------+-----------+-----------+-----------+-----------+-----------+-----------+-----------+-----------+-----------+-----------+-----------+-----------+-----------+-----------+-----------+-----------+
|        Runtime (RDTSC) [s]        |   12.8586 |   12.8611 |   12.8611 |   12.8611 |   12.8611 |   12.8611 |   12.8586 |   12.8611 |   12.8611 |   12.8611 |   12.8611 |   12.8611 |   12.8586 |   12.8611 |   12.8611 |   12.8611 |   12.8611 |   12.8611 |   12.8586 |   12.8611 |   12.8611 |   12.8611 |   12.8611 |   12.8611 |
|        Runtime unhalted [s]       |    7.0685 |    9.1988 |    9.1990 |    9.1998 |    9.1988 |    9.1953 |    9.1206 |    9.1236 |    9.1271 |    9.1259 |    9.1274 |    9.1272 |    9.1263 |    9.1307 |    9.1296 |    9.1299 |    9.1301 |    9.1294 |    9.1319 |    9.1294 |    9.1318 |    9.1317 |    9.1370 |    9.1447 |
|            Clock [MHz]            | 1895.4765 | 1895.4280 | 1895.4283 | 1895.4274 | 1895.4275 | 1895.4279 | 1894.5601 | 1894.5618 | 1894.5616 | 1894.5505 | 1894.5547 | 1894.5599 | 1894.6128 | 1894.6089 | 1894.6120 | 1894.6178 | 1894.6041 | 1894.6141 | 1894.3983 | 1894.3909 | 1894.4076 | 1894.3882 | 1894.3981 | 1894.1928 |
|                CPI                |    0.4315 |    0.6234 |    0.6197 |    0.6199 |    0.6229 |    0.6247 |    0.6248 |    0.6250 |    0.6247 |    0.6246 |    0.6270 |    0.6288 |    0.6284 |    0.6273 |    0.6250 |    0.6249 |    0.6308 |    0.6306 |    0.6262 |    0.6234 |    0.6205 |    0.6201 |    0.6238 |    0.6276 |
|             Energy [J]            |  695.6396 |         0 |         0 |         0 |         0 |         0 |  616.8263 |         0 |         0 |         0 |         0 |         0 |  659.8881 |         0 |         0 |         0 |         0 |         0 |  629.0092 |         0 |         0 |         0 |         0 |         0 |
|             Power [W]             |   54.0992 |         0 |         0 |         0 |         0 |         0 |   47.9699 |         0 |         0 |         0 |         0 |         0 |   51.3188 |         0 |         0 |         0 |         0 |         0 |   48.9174 |         0 |         0 |         0 |         0 |         0 |
|          Energy DRAM [J]          |   83.5014 |         0 |         0 |         0 |         0 |         0 |   87.2345 |         0 |         0 |         0 |         0 |         0 |   75.0900 |         0 |         0 |         0 |         0 |         0 |   81.6421 |         0 |         0 |         0 |         0 |         0 |
|           Power DRAM [W]          |    6.4938 |         0 |         0 |         0 |         0 |         0 |    6.7841 |         0 |         0 |         0 |         0 |         0 |    5.8397 |         0 |         0 |         0 |         0 |         0 |    6.3492 |         0 |         0 |         0 |         0 |         0 |
|            DP [MFLOP/s]           |  794.0488 |  798.5423 |  812.4798 |  811.5235 |  800.2337 |  795.6710 |  790.0635 |  789.6581 |  790.5911 |  784.7426 |  775.6043 |  774.3132 |  775.0253 |  775.7673 |  785.2743 |  790.7064 |  783.4309 |  783.8337 |  789.1833 |  795.0293 |  806.6225 |  807.9668 |  794.7455 |  786.5806 |
|          AVX DP [MFLOP/s]         |    1.4496 |         0 |         0 |         0 |         0 |         0 |         0 |         0 |         0 |         0 |         0 |         0 |         0 |         0 |         0 |         0 |         0 |         0 |         0 |         0 |         0 |         0 |         0 |         0 |
|          Packed [MUOPS/s]         |    0.2099 |         0 |         0 |         0 |         0 |         0 |         0 |         0 |         0 |         0 |         0 |         0 |         0 |         0 |         0 |         0 |         0 |         0 |         0 |         0 |         0 |         0 |         0 |         0 |
|          Scalar [MUOPS/s]         |  792.5653 |  798.5423 |  812.4798 |  811.5235 |  800.2337 |  795.6710 |  790.0635 |  789.6581 |  790.5911 |  784.7426 |  775.6043 |  774.3132 |  775.0253 |  775.7673 |  785.2743 |  790.7064 |  783.4309 |  783.8337 |  789.1833 |  795.0293 |  806.6225 |  807.9668 |  794.7455 |  786.5806 |
|  Memory read bandwidth [MBytes/s] |      4416 |         0 |         0 |         0 |         0 |         0 | 4559.5832 |         0 |         0 |         0 |         0 |         0 | 4456.0178 |         0 |         0 |         0 |         0 |         0 | 4697.4553 |         0 |         0 |         0 |         0 |         0 |
|  Memory read data volume [GBytes] |   56.7836 |         0 |         0 |         0 |         0 |         0 |   58.6299 |         0 |         0 |         0 |         0 |         0 |   57.2982 |         0 |         0 |         0 |         0 |         0 |   60.4027 |         0 |         0 |         0 |         0 |         0 |
| Memory write bandwidth [MBytes/s] | 1289.8269 |         0 |         0 |         0 |         0 |         0 | 1562.7562 |         0 |         0 |         0 |         0 |         0 | 1309.1528 |         0 |         0 |         0 |         0 |         0 | 1190.8023 |         0 |         0 |         0 |         0 |         0 |
| Memory write data volume [GBytes] |   16.5854 |         0 |         0 |         0 |         0 |         0 |   20.0949 |         0 |         0 |         0 |         0 |         0 |   16.8339 |         0 |         0 |         0 |         0 |         0 |   15.3121 |         0 |         0 |         0 |         0 |         0 |
|    Memory bandwidth [MBytes/s]    | 5705.8269 |         0 |         0 |         0 |         0 |         0 | 6122.3393 |         0 |         0 |         0 |         0 |         0 | 5765.1706 |         0 |         0 |         0 |         0 |         0 | 5888.2576 |         0 |         0 |         0 |         0 |         0 |
|    Memory data volume [GBytes]    |   73.3689 |         0 |         0 |         0 |         0 |         0 |   78.7247 |         0 |         0 |         0 |         0 |         0 |   74.1320 |         0 |         0 |         0 |         0 |         0 |   75.7148 |         0 |         0 |         0 |         0 |         0 |
|       Operational intensity       |    0.1392 |    0.1400 |    0.1424 |    0.1423 |    0.1403 |    0.1395 |    0.1290 |    0.1290 |    0.1292 |    0.1282 |    0.1267 |    0.1265 |    0.1344 |    0.1346 |    0.1362 |    0.1372 |    0.1359 |    0.1360 |    0.1340 |    0.1350 |    0.1370 |    0.1372 |    0.1350 |    0.1336 |
+-----------------------------------+-----------+-----------+-----------+-----------+-----------+-----------+-----------+-----------+-----------+-----------+-----------+-----------+-----------+-----------+-----------+-----------+-----------+-----------+-----------+-----------+-----------+-----------+-----------+-----------+
+----------------------------------------+------------+-----------+-----------+-----------+
|                 Metric                 |     Sum    |    Min    |    Max    |    Avg    |
+----------------------------------------+------------+-----------+-----------+-----------+
|        Runtime (RDTSC) [s] STAT        |   308.6564 |   12.8586 |   12.8611 |   12.8607 |
|        Runtime unhalted [s] STAT       |   217.3945 |    7.0685 |    9.1998 |    9.0581 |
|            Clock [MHz] STAT            | 45473.8098 | 1894.1928 | 1895.4765 | 1894.7421 |
|                CPI STAT                |    14.8056 |    0.4315 |    0.6308 |    0.6169 |
|             Energy [J] STAT            |  2601.3632 |         0 |  695.6396 |  108.3901 |
|             Power [W] STAT             |   202.3053 |         0 |   54.0992 |    8.4294 |
|          Energy DRAM [J] STAT          |   327.4680 |         0 |   87.2345 |   13.6445 |
|           Power DRAM [W] STAT          |    25.4668 |         0 |    6.7841 |    1.0611 |
|            DP [MFLOP/s] STAT           | 18991.6378 |  774.3132 |  812.4798 |  791.3182 |
|          AVX DP [MFLOP/s] STAT         |     1.4496 |         0 |    1.4496 |    0.0604 |
|          Packed [MUOPS/s] STAT         |     0.2099 |         0 |    0.2099 |    0.0087 |
|          Scalar [MUOPS/s] STAT         | 18990.1543 |  774.3132 |  812.4798 |  791.2564 |
|  Memory read bandwidth [MBytes/s] STAT | 18129.0563 |         0 | 4697.4553 |  755.3773 |
|  Memory read data volume [GBytes] STAT |   233.1144 |         0 |   60.4027 |    9.7131 |
| Memory write bandwidth [MBytes/s] STAT |  5352.5382 |         0 | 1562.7562 |  223.0224 |
| Memory write data volume [GBytes] STAT |    68.8263 |         0 |   20.0949 |    2.8678 |
|    Memory bandwidth [MBytes/s] STAT    | 23481.5944 |         0 | 6122.3393 |  978.3998 |
|    Memory data volume [GBytes] STAT    |   301.9404 |         0 |   78.7247 |   12.5808 |
|       Operational intensity STAT       |     3.2384 |    0.1265 |    0.1424 |    0.1349 |
+----------------------------------------+------------+-----------+-----------+-----------+
