--------------------------------------------------------------------------------
CPU name:	Intel(R) Xeon(R) Gold 6132 CPU @ 2.60GHz
CPU type:	Intel Skylake SP processor
CPU clock:	2.59 GHz
--------------------------------------------------------------------------------
Region Setup, Group 1: MEM_DP
+-------------------+----------+----------+----------+----------+----------+----------+----------+----------+----------+----------+----------+----------+----------+----------+----------+----------+----------+----------+----------+----------+----------+----------+----------+----------+----------+----------+----------+----------+----------+----------+----------+----------+
|    Region Info    |  Core 0  |  Core 1  |  Core 2  |  Core 3  |  Core 4  |  Core 5  |  Core 6  |  Core 7  |  Core 14 |  Core 15 |  Core 16 |  Core 17 |  Core 18 |  Core 19 |  Core 20 |  Core 21 |  Core 28 |  Core 29 |  Core 30 |  Core 31 |  Core 32 |  Core 33 |  Core 34 |  Core 35 |  Core 42 |  Core 43 |  Core 44 |  Core 45 |  Core 46 |  Core 47 |  Core 48 |  Core 49 |
+-------------------+----------+----------+----------+----------+----------+----------+----------+----------+----------+----------+----------+----------+----------+----------+----------+----------+----------+----------+----------+----------+----------+----------+----------+----------+----------+----------+----------+----------+----------+----------+----------+----------+
| RDTSC Runtime [s] | 1.693523 | 1.697782 | 1.697731 | 1.697853 | 1.697759 | 1.697820 | 1.697722 | 1.697824 | 1.693526 | 1.697769 | 1.697748 | 1.697818 | 1.697783 | 1.697807 | 1.697792 | 1.697744 | 1.693535 | 1.697729 | 1.697767 | 1.697840 | 1.697749 | 1.697717 | 1.697765 | 1.697759 | 1.693499 | 1.697780 | 1.697857 | 1.697926 | 1.697760 | 1.697801 | 1.697785 | 1.697949 |
|     call count    |        2 |        2 |        2 |        2 |        2 |        2 |        2 |        2 |        2 |        2 |        2 |        2 |        2 |        2 |        2 |        2 |        2 |        2 |        2 |        2 |        2 |        2 |        2 |        2 |        2 |        2 |        2 |        2 |        2 |        2 |        2 |        2 |
+-------------------+----------+----------+----------+----------+----------+----------+----------+----------+----------+----------+----------+----------+----------+----------+----------+----------+----------+----------+----------+----------+----------+----------+----------+----------+----------+----------+----------+----------+----------+----------+----------+----------+
+------------------------------------------+---------+------------+-----------+-----------+-----------+-----------+-----------+-----------+-----------+-----------+-----------+-----------+-----------+-----------+-----------+-----------+-----------+-----------+-----------+-----------+-----------+-----------+-----------+-----------+-----------+-----------+-----------+-----------+-----------+-----------+-----------+-----------+-----------+
|                   Event                  | Counter |   Core 0   |   Core 1  |   Core 2  |   Core 3  |   Core 4  |   Core 5  |   Core 6  |   Core 7  |  Core 14  |  Core 15  |  Core 16  |  Core 17  |  Core 18  |  Core 19  |  Core 20  |  Core 21  |  Core 28  |  Core 29  |  Core 30  |  Core 31  |  Core 32  |  Core 33  |  Core 34  |  Core 35  |  Core 42  |  Core 43  |  Core 44  |  Core 45  |  Core 46  |  Core 47  |  Core 48  |  Core 49  |
+------------------------------------------+---------+------------+-----------+-----------+-----------+-----------+-----------+-----------+-----------+-----------+-----------+-----------+-----------+-----------+-----------+-----------+-----------+-----------+-----------+-----------+-----------+-----------+-----------+-----------+-----------+-----------+-----------+-----------+-----------+-----------+-----------+-----------+-----------+
|             INSTR_RETIRED_ANY            |  FIXC0  | 1019171000 | 287820700 | 287238500 | 288952800 | 287570000 | 288224800 | 288367900 | 288341900 | 279507000 | 280026600 | 279785900 | 279145400 | 279322200 | 279918500 | 280052400 | 279686300 | 278370300 | 278444900 | 278273100 | 278930300 | 278062400 | 278444000 | 277821000 | 278685900 | 278584200 | 278978700 | 279723800 | 279317200 | 278664500 | 279444100 | 279594700 | 277300000 |
|           CPU_CLK_UNHALTED_CORE          |  FIXC1  |  816945900 | 669499100 | 660313100 | 696308700 | 667320100 | 681039200 | 684508000 | 684103100 | 521488400 | 532298700 | 527025400 | 513625500 | 517409300 | 530397200 | 533382300 | 525679900 | 519502200 | 523125600 | 519365600 | 532270600 | 514096300 | 522104700 | 509515700 | 527410400 | 523941800 | 533110200 | 549121800 | 540000000 | 526637700 | 542707300 | 545949600 | 500325200 |
|           CPU_CLK_UNHALTED_REF           |  FIXC2  | 1118730000 | 916591500 | 904014200 | 953398600 | 913637400 | 932415600 | 937149500 | 936526300 | 714522000 | 729260200 | 722059000 | 703573500 | 708822100 | 726597200 | 730741500 | 720191300 | 712079700 | 717086000 | 711976200 | 729573000 | 704732300 | 715568600 | 698396400 | 722920200 | 717813800 | 730316200 | 752293600 | 739711200 | 721527700 | 744002800 | 747880700 | 685512600 |
|              PWR_PKG_ENERGY              |   PWR0  |    63.8297 |         0 |         0 |         0 |         0 |         0 |         0 |         0 |   54.7140 |         0 |         0 |         0 |         0 |         0 |         0 |         0 |   59.0570 |         0 |         0 |         0 |         0 |         0 |         0 |         0 |   57.2704 |         0 |         0 |         0 |         0 |         0 |         0 |         0 |
|              PWR_DRAM_ENERGY             |   PWR3  |     8.6620 |         0 |         0 |         0 |         0 |         0 |         0 |         0 |    6.8001 |         0 |         0 |         0 |         0 |         0 |         0 |         0 |    5.1956 |         0 |         0 |         0 |         0 |         0 |         0 |         0 |    6.4462 |         0 |         0 |         0 |         0 |         0 |         0 |         0 |
| FP_ARITH_INST_RETIRED_128B_PACKED_DOUBLE |   PMC0  |     122920 |         0 |         0 |         0 |         0 |         0 |         0 |         0 |         0 |         0 |         0 |         0 |         0 |         0 |         0 |         0 |         0 |         0 |         0 |         0 |         0 |         0 |         0 |         0 |         0 |         0 |         0 |         0 |         0 |         0 |         0 |         0 |
|    FP_ARITH_INST_RETIRED_SCALAR_DOUBLE   |   PMC1  |  103181900 |  67138770 |  67139020 |  67139030 |  67139340 |  67139480 |  67139530 |  67137020 |  67136830 |  67137370 |  67137420 |  67137480 |  67138430 |  67135350 |  67135070 |  67134530 |  67131960 |  67117350 |  67117350 |  67117350 |  67117870 |  67118120 |  67118310 |  67118010 |  67118000 |  67111330 |  67111330 |  67111330 |  67111330 |  67111330 |  67111330 |  67110840 |
| FP_ARITH_INST_RETIRED_256B_PACKED_DOUBLE |   PMC2  |      81488 |         0 |         0 |         0 |         0 |         0 |         0 |         0 |         0 |         0 |         0 |         0 |         0 |         0 |         0 |         0 |         0 |         0 |         0 |         0 |         0 |         0 |         0 |         0 |         0 |         0 |         0 |         0 |         0 |         0 |         0 |         0 |
| FP_ARITH_INST_RETIRED_512B_PACKED_DOUBLE |   PMC3  |    1080242 |         0 |         0 |         0 |         0 |         0 |         0 |         0 |         0 |         0 |         0 |         0 |         0 |         0 |         0 |         0 |         0 |         0 |         0 |         0 |         0 |         0 |         0 |         0 |         0 |         0 |         0 |         0 |         0 |         0 |         0 |         0 |
|               CAS_COUNT_RD               | MBOX0C0 |    4572479 |         0 |         0 |         0 |         0 |         0 |         0 |         0 |    484474 |         0 |         0 |         0 |         0 |         0 |         0 |         0 |   1059636 |         0 |         0 |         0 |         0 |         0 |         0 |         0 |    934382 |         0 |         0 |         0 |         0 |         0 |         0 |         0 |
|               CAS_COUNT_WR               | MBOX0C1 |    6642430 |         0 |         0 |         0 |         0 |         0 |         0 |         0 |    703613 |         0 |         0 |         0 |         0 |         0 |         0 |         0 |   1171258 |         0 |         0 |         0 |         0 |         0 |         0 |         0 |    970779 |         0 |         0 |         0 |         0 |         0 |         0 |         0 |
|               CAS_COUNT_RD               | MBOX1C0 |    4312751 |         0 |         0 |         0 |         0 |         0 |         0 |         0 |    464745 |         0 |         0 |         0 |         0 |         0 |         0 |         0 |    535049 |         0 |         0 |         0 |         0 |         0 |         0 |         0 |   1504351 |         0 |         0 |         0 |         0 |         0 |         0 |         0 |
|               CAS_COUNT_WR               | MBOX1C1 |    6592709 |         0 |         0 |         0 |         0 |         0 |         0 |         0 |    689388 |         0 |         0 |         0 |         0 |         0 |         0 |         0 |    736905 |         0 |         0 |         0 |         0 |         0 |         0 |         0 |   1412375 |         0 |         0 |         0 |         0 |         0 |         0 |         0 |
|               CAS_COUNT_RD               | MBOX2C0 |    5940663 |         0 |         0 |         0 |         0 |         0 |         0 |         0 |    520510 |         0 |         0 |         0 |         0 |         0 |         0 |         0 |    969768 |         0 |         0 |         0 |         0 |         0 |         0 |         0 |   2139285 |         0 |         0 |         0 |         0 |         0 |         0 |         0 |
|               CAS_COUNT_WR               | MBOX2C1 |    6764153 |         0 |         0 |         0 |         0 |         0 |         0 |         0 |    735568 |         0 |         0 |         0 |         0 |         0 |         0 |         0 |   1105323 |         0 |         0 |         0 |         0 |         0 |         0 |         0 |   2177725 |         0 |         0 |         0 |         0 |         0 |         0 |         0 |
|               CAS_COUNT_RD               | MBOX3C0 |    7029419 |         0 |         0 |         0 |         0 |         0 |         0 |         0 |    444479 |         0 |         0 |         0 |         0 |         0 |         0 |         0 |   1464605 |         0 |         0 |         0 |         0 |         0 |         0 |         0 |   2074045 |         0 |         0 |         0 |         0 |         0 |         0 |         0 |
|               CAS_COUNT_WR               | MBOX3C1 |    6752917 |         0 |         0 |         0 |         0 |         0 |         0 |         0 |    690745 |         0 |         0 |         0 |         0 |         0 |         0 |         0 |   1689145 |         0 |         0 |         0 |         0 |         0 |         0 |         0 |   2099323 |         0 |         0 |         0 |         0 |         0 |         0 |         0 |
|               CAS_COUNT_RD               | MBOX4C0 |    3970692 |         0 |         0 |         0 |         0 |         0 |         0 |         0 |    427235 |         0 |         0 |         0 |         0 |         0 |         0 |         0 |   1426241 |         0 |         0 |         0 |         0 |         0 |         0 |         0 |   2389215 |         0 |         0 |         0 |         0 |         0 |         0 |         0 |
|               CAS_COUNT_WR               | MBOX4C1 |    6312804 |         0 |         0 |         0 |         0 |         0 |         0 |         0 |    680788 |         0 |         0 |         0 |         0 |         0 |         0 |         0 |   1728215 |         0 |         0 |         0 |         0 |         0 |         0 |         0 |   2294141 |         0 |         0 |         0 |         0 |         0 |         0 |         0 |
|               CAS_COUNT_RD               | MBOX5C0 |    3941644 |         0 |         0 |         0 |         0 |         0 |         0 |         0 |    381963 |         0 |         0 |         0 |         0 |         0 |         0 |         0 |    459790 |         0 |         0 |         0 |         0 |         0 |         0 |         0 |   2434228 |         0 |         0 |         0 |         0 |         0 |         0 |         0 |
|               CAS_COUNT_WR               | MBOX5C1 |    6298782 |         0 |         0 |         0 |         0 |         0 |         0 |         0 |    634660 |         0 |         0 |         0 |         0 |         0 |         0 |         0 |    691733 |         0 |         0 |         0 |         0 |         0 |         0 |         0 |   2319594 |         0 |         0 |         0 |         0 |         0 |         0 |         0 |
+------------------------------------------+---------+------------+-----------+-----------+-----------+-----------+-----------+-----------+-----------+-----------+-----------+-----------+-----------+-----------+-----------+-----------+-----------+-----------+-----------+-----------+-----------+-----------+-----------+-----------+-----------+-----------+-----------+-----------+-----------+-----------+-----------+-----------+-----------+
+-----------------------------------------------+---------+-------------+-----------+------------+--------------+
|                     Event                     | Counter |     Sum     |    Min    |     Max    |      Avg     |
+-----------------------------------------------+---------+-------------+-----------+------------+--------------+
|             INSTR_RETIRED_ANY STAT            |  FIXC0  |  9731771000 | 277300000 | 1019171000 | 3.041178e+08 |
|           CPU_CLK_UNHALTED_CORE STAT          |  FIXC1  | 18190528600 | 500325200 |  816945900 | 5.684540e+08 |
|           CPU_CLK_UNHALTED_REF STAT           |  FIXC2  | 24919620900 | 685512600 | 1118730000 | 7.787382e+08 |
|              PWR_PKG_ENERGY STAT              |   PWR0  |    234.8711 |         0 |    63.8297 |       7.3397 |
|              PWR_DRAM_ENERGY STAT             |   PWR3  |     27.1039 |         0 |     8.6620 |       0.8470 |
| FP_ARITH_INST_RETIRED_128B_PACKED_DOUBLE STAT |   PMC0  |      122920 |         0 |     122920 |    3841.2500 |
|    FP_ARITH_INST_RETIRED_SCALAR_DOUBLE STAT   |   PMC1  |  2184099710 |  67110840 |  103181900 | 6.825312e+07 |
| FP_ARITH_INST_RETIRED_256B_PACKED_DOUBLE STAT |   PMC2  |       81488 |         0 |      81488 |    2546.5000 |
| FP_ARITH_INST_RETIRED_512B_PACKED_DOUBLE STAT |   PMC3  |     1080242 |         0 |    1080242 |   33757.5625 |
|               CAS_COUNT_RD STAT               | MBOX0C0 |     7050971 |         0 |    4572479 |  220342.8438 |
|               CAS_COUNT_WR STAT               | MBOX0C1 |     9488080 |         0 |    6642430 |  296502.5000 |
|               CAS_COUNT_RD STAT               | MBOX1C0 |     6816896 |         0 |    4312751 |       213028 |
|               CAS_COUNT_WR STAT               | MBOX1C1 |     9431377 |         0 |    6592709 |  294730.5312 |
|               CAS_COUNT_RD STAT               | MBOX2C0 |     9570226 |         0 |    5940663 |  299069.5625 |
|               CAS_COUNT_WR STAT               | MBOX2C1 |    10782769 |         0 |    6764153 |  336961.5312 |
|               CAS_COUNT_RD STAT               | MBOX3C0 |    11012548 |         0 |    7029419 |  344142.1250 |
|               CAS_COUNT_WR STAT               | MBOX3C1 |    11232130 |         0 |    6752917 |  351004.0625 |
|               CAS_COUNT_RD STAT               | MBOX4C0 |     8213383 |         0 |    3970692 |  256668.2188 |
|               CAS_COUNT_WR STAT               | MBOX4C1 |    11015948 |         0 |    6312804 |  344248.3750 |
|               CAS_COUNT_RD STAT               | MBOX5C0 |     7217625 |         0 |    3941644 |  225550.7812 |
|               CAS_COUNT_WR STAT               | MBOX5C1 |     9944769 |         0 |    6298782 |  310774.0312 |
+-----------------------------------------------+---------+-------------+-----------+------------+--------------+
+-----------------------------------+-----------+-----------+-----------+-----------+-----------+-----------+-----------+-----------+-----------+-----------+-----------+-----------+-----------+-----------+-----------+-----------+-----------+-----------+-----------+-----------+-----------+-----------+-----------+-----------+-----------+-----------+-----------+-----------+-----------+-----------+-----------+-----------+
|               Metric              |   Core 0  |   Core 1  |   Core 2  |   Core 3  |   Core 4  |   Core 5  |   Core 6  |   Core 7  |  Core 14  |  Core 15  |  Core 16  |  Core 17  |  Core 18  |  Core 19  |  Core 20  |  Core 21  |  Core 28  |  Core 29  |  Core 30  |  Core 31  |  Core 32  |  Core 33  |  Core 34  |  Core 35  |  Core 42  |  Core 43  |  Core 44  |  Core 45  |  Core 46  |  Core 47  |  Core 48  |  Core 49  |
+-----------------------------------+-----------+-----------+-----------+-----------+-----------+-----------+-----------+-----------+-----------+-----------+-----------+-----------+-----------+-----------+-----------+-----------+-----------+-----------+-----------+-----------+-----------+-----------+-----------+-----------+-----------+-----------+-----------+-----------+-----------+-----------+-----------+-----------+
|        Runtime (RDTSC) [s]        |    1.6935 |    1.6978 |    1.6977 |    1.6979 |    1.6978 |    1.6978 |    1.6977 |    1.6978 |    1.6935 |    1.6978 |    1.6977 |    1.6978 |    1.6978 |    1.6978 |    1.6978 |    1.6977 |    1.6935 |    1.6977 |    1.6978 |    1.6978 |    1.6977 |    1.6977 |    1.6978 |    1.6978 |    1.6935 |    1.6978 |    1.6979 |    1.6979 |    1.6978 |    1.6978 |    1.6978 |    1.6979 |
|        Runtime unhalted [s]       |    0.3150 |    0.2581 |    0.2546 |    0.2685 |    0.2573 |    0.2626 |    0.2639 |    0.2637 |    0.2011 |    0.2052 |    0.2032 |    0.1980 |    0.1995 |    0.2045 |    0.2056 |    0.2027 |    0.2003 |    0.2017 |    0.2002 |    0.2052 |    0.1982 |    0.2013 |    0.1964 |    0.2033 |    0.2020 |    0.2055 |    0.2117 |    0.2082 |    0.2030 |    0.2092 |    0.2105 |    0.1929 |
|            Clock [MHz]            | 1894.0917 | 1894.5548 | 1894.5569 | 1894.3503 | 1894.4944 | 1894.5042 | 1894.5350 | 1894.6743 | 1893.0498 | 1893.2409 | 1893.1798 | 1893.5209 | 1893.3459 | 1893.3918 | 1893.2494 | 1893.2436 | 1892.3078 | 1892.2030 | 1892.0852 | 1892.3293 | 1892.1401 | 1892.5149 | 1892.2938 | 1892.3058 | 1893.2337 | 1893.3855 | 1893.2777 | 1893.4967 | 1893.1801 | 1892.0129 | 1893.4473 | 1893.0842 |
|                CPI                |    0.8016 |    2.3261 |    2.2988 |    2.4098 |    2.3205 |    2.3629 |    2.3737 |    2.3725 |    1.8657 |    1.9009 |    1.8837 |    1.8400 |    1.8524 |    1.8948 |    1.9046 |    1.8795 |    1.8662 |    1.8787 |    1.8664 |    1.9083 |    1.8489 |    1.8751 |    1.8340 |    1.8925 |    1.8807 |    1.9109 |    1.9631 |    1.9333 |    1.8899 |    1.9421 |    1.9526 |    1.8043 |
|             Energy [J]            |   63.8297 |         0 |         0 |         0 |         0 |         0 |         0 |         0 |   54.7140 |         0 |         0 |         0 |         0 |         0 |         0 |         0 |   59.0570 |         0 |         0 |         0 |         0 |         0 |         0 |         0 |   57.2704 |         0 |         0 |         0 |         0 |         0 |         0 |         0 |
|             Power [W]             |   37.6905 |         0 |         0 |         0 |         0 |         0 |         0 |         0 |   32.3077 |         0 |         0 |         0 |         0 |         0 |         0 |         0 |   34.8720 |         0 |         0 |         0 |         0 |         0 |         0 |         0 |   33.8178 |         0 |         0 |         0 |         0 |         0 |         0 |         0 |
|          Energy DRAM [J]          |    8.6620 |         0 |         0 |         0 |         0 |         0 |         0 |         0 |    6.8001 |         0 |         0 |         0 |         0 |         0 |         0 |         0 |    5.1956 |         0 |         0 |         0 |         0 |         0 |         0 |         0 |    6.4462 |         0 |         0 |         0 |         0 |         0 |         0 |         0 |
|           Power DRAM [W]          |    5.1148 |         0 |         0 |         0 |         0 |         0 |         0 |         0 |    4.0154 |         0 |         0 |         0 |         0 |         0 |         0 |         0 |    3.0679 |         0 |         0 |         0 |         0 |         0 |         0 |         0 |    3.8064 |         0 |         0 |         0 |         0 |         0 |         0 |         0 |
|            DP [MFLOP/s]           |   66.3679 |   39.5450 |   39.5463 |   39.5435 |   39.5459 |   39.5445 |   39.5468 |   39.5430 |   39.6432 |   39.5445 |   39.5450 |   39.5434 |   39.5448 |   39.5424 |   39.5426 |   39.5434 |   39.6401 |   39.5336 |   39.5327 |   39.5310 |   39.5334 |   39.5343 |   39.5333 |   39.5333 |   39.6327 |   39.5289 |   39.5271 |   39.5255 |   39.5293 |   39.5284 |   39.5288 |   39.5247 |
|          AVX DP [MFLOP/s]         |    5.2954 |         0 |         0 |         0 |         0 |         0 |         0 |         0 |         0 |         0 |         0 |         0 |         0 |         0 |         0 |         0 |         0 |         0 |         0 |         0 |         0 |         0 |         0 |         0 |         0 |         0 |         0 |         0 |         0 |         0 |         0 |         0 |
|          Packed [MUOPS/s]         |    0.7586 |         0 |         0 |         0 |         0 |         0 |         0 |         0 |         0 |         0 |         0 |         0 |         0 |         0 |         0 |         0 |         0 |         0 |         0 |         0 |         0 |         0 |         0 |         0 |         0 |         0 |         0 |         0 |         0 |         0 |         0 |         0 |
|          Scalar [MUOPS/s]         |   60.9274 |   39.5450 |   39.5463 |   39.5435 |   39.5459 |   39.5445 |   39.5468 |   39.5430 |   39.6432 |   39.5445 |   39.5450 |   39.5434 |   39.5448 |   39.5424 |   39.5426 |   39.5434 |   39.6401 |   39.5336 |   39.5327 |   39.5310 |   39.5334 |   39.5343 |   39.5333 |   39.5333 |   39.6327 |   39.5289 |   39.5271 |   39.5255 |   39.5293 |   39.5284 |   39.5288 |   39.5247 |
|  Memory read bandwidth [MBytes/s] | 1124.9505 |         0 |         0 |         0 |         0 |         0 |         0 |         0 |  102.9202 |         0 |         0 |         0 |         0 |         0 |         0 |         0 |  223.5358 |         0 |         0 |         0 |         0 |         0 |         0 |         0 |  433.6775 |         0 |         0 |         0 |         0 |         0 |         0 |         0 |
|  Memory read data volume [GBytes] |    1.9051 |         0 |         0 |         0 |         0 |         0 |         0 |         0 |    0.1743 |         0 |         0 |         0 |         0 |         0 |         0 |         0 |    0.3786 |         0 |         0 |         0 |         0 |         0 |         0 |         0 |    0.7344 |         0 |         0 |         0 |         0 |         0 |         0 |         0 |
| Memory write bandwidth [MBytes/s] | 1487.5989 |         0 |         0 |         0 |         0 |         0 |         0 |         0 |  156.2567 |         0 |         0 |         0 |         0 |         0 |         0 |         0 |  269.1678 |         0 |         0 |         0 |         0 |         0 |         0 |         0 |  426.0599 |         0 |         0 |         0 |         0 |         0 |         0 |         0 |
| Memory write data volume [GBytes] |    2.5193 |         0 |         0 |         0 |         0 |         0 |         0 |         0 |    0.2646 |         0 |         0 |         0 |         0 |         0 |         0 |         0 |    0.4558 |         0 |         0 |         0 |         0 |         0 |         0 |         0 |    0.7215 |         0 |         0 |         0 |         0 |         0 |         0 |         0 |
|    Memory bandwidth [MBytes/s]    | 2612.5493 |         0 |         0 |         0 |         0 |         0 |         0 |         0 |  259.1769 |         0 |         0 |         0 |         0 |         0 |         0 |         0 |  492.7036 |         0 |         0 |         0 |         0 |         0 |         0 |         0 |  859.7374 |         0 |         0 |         0 |         0 |         0 |         0 |         0 |
|    Memory data volume [GBytes]    |    4.4244 |         0 |         0 |         0 |         0 |         0 |         0 |         0 |    0.4389 |         0 |         0 |         0 |         0 |         0 |         0 |         0 |    0.8344 |         0 |         0 |         0 |         0 |         0 |         0 |         0 |    1.4560 |         0 |         0 |         0 |         0 |         0 |         0 |         0 |
|       Operational intensity       |    0.0254 |    0.0152 |    0.0152 |    0.0152 |    0.0152 |    0.0152 |    0.0152 |    0.0152 |    0.1530 |    0.1530 |    0.1530 |    0.1530 |    0.1530 |    0.1530 |    0.1530 |    0.1530 |    0.0805 |    0.0804 |    0.0804 |    0.0804 |    0.0804 |    0.0804 |    0.0804 |    0.0804 |    0.0461 |    0.0461 |    0.0461 |    0.0461 |    0.0461 |    0.0461 |    0.0461 |    0.0461 |
+-----------------------------------+-----------+-----------+-----------+-----------+-----------+-----------+-----------+-----------+-----------+-----------+-----------+-----------+-----------+-----------+-----------+-----------+-----------+-----------+-----------+-----------+-----------+-----------+-----------+-----------+-----------+-----------+-----------+-----------+-----------+-----------+-----------+-----------+
+----------------------------------------+------------+-----------+-----------+-----------+
|                 Metric                 |     Sum    |    Min    |    Max    |    Avg    |
+----------------------------------------+------------+-----------+-----------+-----------+
|        Runtime (RDTSC) [s] STAT        |    54.3121 |    1.6935 |    1.6979 |    1.6973 |
|        Runtime unhalted [s] STAT       |     7.0131 |    0.1929 |    0.3150 |    0.2192 |
|            Clock [MHz] STAT            | 60585.2817 | 1892.0129 | 1894.6743 | 1893.2901 |
|                CPI STAT                |    62.5345 |    0.8016 |    2.4098 |    1.9542 |
|             Energy [J] STAT            |   234.8711 |         0 |   63.8297 |    7.3397 |
|             Power [W] STAT             |   138.6880 |         0 |   37.6905 |    4.3340 |
|          Energy DRAM [J] STAT          |    27.1039 |         0 |    8.6620 |    0.8470 |
|           Power DRAM [W] STAT          |    16.0045 |         0 |    5.1148 |    0.5001 |
|            DP [MFLOP/s] STAT           |  1292.3293 |   39.5247 |   66.3679 |   40.3853 |
|          AVX DP [MFLOP/s] STAT         |     5.2954 |         0 |    5.2954 |    0.1655 |
|          Packed [MUOPS/s] STAT         |     0.7586 |         0 |    0.7586 |    0.0237 |
|          Scalar [MUOPS/s] STAT         |  1286.8888 |   39.5247 |   60.9274 |   40.2153 |
|  Memory read bandwidth [MBytes/s] STAT |  1885.0840 |         0 | 1124.9505 |   58.9089 |
|  Memory read data volume [GBytes] STAT |     3.1924 |         0 |    1.9051 |    0.0998 |
| Memory write bandwidth [MBytes/s] STAT |  2339.0833 |         0 | 1487.5989 |   73.0964 |
| Memory write data volume [GBytes] STAT |     3.9612 |         0 |    2.5193 |    0.1238 |
|    Memory bandwidth [MBytes/s] STAT    |  4224.1672 |         0 | 2612.5493 |  132.0052 |
|    Memory data volume [GBytes] STAT    |     7.1537 |         0 |    4.4244 |    0.2236 |
|       Operational intensity STAT       |     2.3679 |    0.0152 |    0.1530 |    0.0740 |
+----------------------------------------+------------+-----------+-----------+-----------+
--------------------------------------------------------------------------------
CPU name:	Intel(R) Xeon(R) Gold 6132 CPU @ 2.60GHz
CPU type:	Intel Skylake SP processor
CPU clock:	2.59 GHz
--------------------------------------------------------------------------------
Region Solve, Group 1: MEM_DP
+-------------------+-----------+-----------+-----------+-----------+-----------+-----------+-----------+-----------+-----------+-----------+-----------+-----------+-----------+-----------+-----------+-----------+-----------+-----------+-----------+-----------+-----------+-----------+-----------+-----------+-----------+-----------+-----------+-----------+-----------+-----------+-----------+-----------+
|    Region Info    |   Core 0  |   Core 1  |   Core 2  |   Core 3  |   Core 4  |   Core 5  |   Core 6  |   Core 7  |  Core 14  |  Core 15  |  Core 16  |  Core 17  |  Core 18  |  Core 19  |  Core 20  |  Core 21  |  Core 28  |  Core 29  |  Core 30  |  Core 31  |  Core 32  |  Core 33  |  Core 34  |  Core 35  |  Core 42  |  Core 43  |  Core 44  |  Core 45  |  Core 46  |  Core 47  |  Core 48  |  Core 49  |
+-------------------+-----------+-----------+-----------+-----------+-----------+-----------+-----------+-----------+-----------+-----------+-----------+-----------+-----------+-----------+-----------+-----------+-----------+-----------+-----------+-----------+-----------+-----------+-----------+-----------+-----------+-----------+-----------+-----------+-----------+-----------+-----------+-----------+
| RDTSC Runtime [s] | 10.832560 | 10.835030 | 10.835010 | 10.835020 | 10.835030 | 10.835030 | 10.835030 | 10.835020 | 10.832550 | 10.835060 | 10.835010 | 10.835010 | 10.835070 | 10.835010 | 10.835010 | 10.835020 | 10.832630 | 10.835010 | 10.835080 | 10.835010 | 10.835010 | 10.835010 | 10.835020 | 10.835030 | 10.832550 | 10.835000 | 10.835010 | 10.835070 | 10.835020 | 10.835010 | 10.835020 | 10.835010 |
|     call count    |         1 |         1 |         1 |         1 |         1 |         1 |         1 |         1 |         1 |         1 |         1 |         1 |         1 |         1 |         1 |         1 |         1 |         1 |         1 |         1 |         1 |         1 |         1 |         1 |         1 |         1 |         1 |         1 |         1 |         1 |         1 |         1 |
+-------------------+-----------+-----------+-----------+-----------+-----------+-----------+-----------+-----------+-----------+-----------+-----------+-----------+-----------+-----------+-----------+-----------+-----------+-----------+-----------+-----------+-----------+-----------+-----------+-----------+-----------+-----------+-----------+-----------+-----------+-----------+-----------+-----------+
+------------------------------------------+---------+-------------+-------------+-------------+-------------+-------------+-------------+-------------+-------------+-------------+-------------+-------------+-------------+-------------+-------------+-------------+-------------+-------------+-------------+-------------+-------------+-------------+-------------+-------------+-------------+-------------+-------------+-------------+-------------+-------------+-------------+-------------+-------------+
|                   Event                  | Counter |    Core 0   |    Core 1   |    Core 2   |    Core 3   |    Core 4   |    Core 5   |    Core 6   |    Core 7   |   Core 14   |   Core 15   |   Core 16   |   Core 17   |   Core 18   |   Core 19   |   Core 20   |   Core 21   |   Core 28   |   Core 29   |   Core 30   |   Core 31   |   Core 32   |   Core 33   |   Core 34   |   Core 35   |   Core 42   |   Core 43   |   Core 44   |   Core 45   |   Core 46   |   Core 47   |   Core 48   |   Core 49   |
+------------------------------------------+---------+-------------+-------------+-------------+-------------+-------------+-------------+-------------+-------------+-------------+-------------+-------------+-------------+-------------+-------------+-------------+-------------+-------------+-------------+-------------+-------------+-------------+-------------+-------------+-------------+-------------+-------------+-------------+-------------+-------------+-------------+-------------+-------------+
|             INSTR_RETIRED_ANY            |  FIXC0  | 32977290000 | 28648390000 | 28791110000 | 28897980000 | 28896160000 | 28818190000 | 28620990000 | 28684550000 | 28423100000 | 28376360000 | 28440200000 | 28556440000 | 28552590000 | 28455960000 | 28408170000 | 28335560000 | 28318170000 | 28372860000 | 28418050000 | 28507190000 | 28523010000 | 28407380000 | 28341550000 | 28373680000 | 28619580000 | 28549450000 | 28755910000 | 28838150000 | 28850690000 | 28752690000 | 28635510000 | 28516750000 |
|           CPU_CLK_UNHALTED_CORE          |  FIXC1  | 14533720000 | 20041610000 | 20039970000 | 20041420000 | 20042970000 | 20041360000 | 20041680000 | 20033990000 | 19845540000 | 19853360000 | 19839550000 | 19839200000 | 19852480000 | 19850400000 | 19849580000 | 19856510000 | 19853480000 | 19859200000 | 19861340000 | 19858930000 | 19848350000 | 19856480000 | 19852770000 | 19854530000 | 19858210000 | 19861790000 | 19871730000 | 19871610000 | 19873630000 | 19870380000 | 19871560000 | 19922920000 |
|           CPU_CLK_UNHALTED_REF           |  FIXC2  | 19887640000 | 27425870000 | 27423600000 | 27425590000 | 27427690000 | 27425520000 | 27425940000 | 27415420000 | 27172400000 | 27183310000 | 27164330000 | 27163880000 | 27182140000 | 27179210000 | 27178160000 | 27187480000 | 27187170000 | 27195270000 | 27197990000 | 27194750000 | 27180390000 | 27191220000 | 27186470000 | 27188490000 | 27191160000 | 27196640000 | 27209740000 | 27209810000 | 27212120000 | 27208010000 | 27209560000 | 27281480000 |
|              PWR_PKG_ENERGY              |   PWR0  |    647.7688 |           0 |           0 |           0 |           0 |           0 |           0 |           0 |    577.9930 |           0 |           0 |           0 |           0 |           0 |           0 |           0 |    618.8364 |           0 |           0 |           0 |           0 |           0 |           0 |           0 |    589.6510 |           0 |           0 |           0 |           0 |           0 |           0 |           0 |
|              PWR_DRAM_ENERGY             |   PWR3  |     72.7948 |           0 |           0 |           0 |           0 |           0 |           0 |           0 |     76.1842 |           0 |           0 |           0 |           0 |           0 |           0 |           0 |     65.6120 |           0 |           0 |           0 |           0 |           0 |           0 |           0 |     70.7910 |           0 |           0 |           0 |           0 |           0 |           0 |           0 |
| FP_ARITH_INST_RETIRED_128B_PACKED_DOUBLE |   PMC0  |      218232 |           0 |           0 |           0 |           0 |           0 |           0 |           0 |           0 |           0 |           0 |           0 |           0 |           0 |           0 |           0 |           0 |           0 |           0 |           0 |           0 |           0 |           0 |           0 |           0 |           0 |           0 |           0 |           0 |           0 |           0 |           0 |
|    FP_ARITH_INST_RETIRED_SCALAR_DOUBLE   |   PMC1  |  7619866000 |  7633323000 |  7736949000 |  7827361000 |  7819874000 |  7743307000 |  7648097000 |  7666487000 |  7602830000 |  7589212000 |  7605194000 |  7631454000 |  7587745000 |  7503549000 |  7472367000 |  7469817000 |  7464170000 |  7463985000 |  7496041000 |  7579453000 |  7623728000 |  7596440000 |  7579880000 |  7589863000 |  7653222000 |  7636971000 |  7737555000 |  7817691000 |  7830638000 |  7744172000 |  7648664000 |  7605936000 |
| FP_ARITH_INST_RETIRED_256B_PACKED_DOUBLE |   PMC2  |      302358 |           0 |           0 |           0 |           0 |           0 |           0 |           0 |           0 |           0 |           0 |           0 |           0 |           0 |           0 |           0 |           0 |           0 |           0 |           0 |           0 |           0 |           0 |           0 |           0 |           0 |           0 |           0 |           0 |           0 |           0 |           0 |
| FP_ARITH_INST_RETIRED_512B_PACKED_DOUBLE |   PMC3  |     2178750 |           0 |           0 |           0 |           0 |           0 |           0 |           0 |           0 |           0 |           0 |           0 |           0 |           0 |           0 |           0 |           0 |           0 |           0 |           0 |           0 |           0 |           0 |           0 |           0 |           0 |           0 |           0 |           0 |           0 |           0 |           0 |
|               CAS_COUNT_RD               | MBOX0C0 |   149013000 |           0 |           0 |           0 |           0 |           0 |           0 |           0 |   150004600 |           0 |           0 |           0 |           0 |           0 |           0 |           0 |   149372600 |           0 |           0 |           0 |           0 |           0 |           0 |           0 |   155821300 |           0 |           0 |           0 |           0 |           0 |           0 |           0 |
|               CAS_COUNT_WR               | MBOX0C1 |    45700530 |           0 |           0 |           0 |           0 |           0 |           0 |           0 |    49071100 |           0 |           0 |           0 |           0 |           0 |           0 |           0 |    43790120 |           0 |           0 |           0 |           0 |           0 |           0 |           0 |    39358830 |           0 |           0 |           0 |           0 |           0 |           0 |           0 |
|               CAS_COUNT_RD               | MBOX1C0 |   148597300 |           0 |           0 |           0 |           0 |           0 |           0 |           0 |   149908800 |           0 |           0 |           0 |           0 |           0 |           0 |           0 |   148879400 |           0 |           0 |           0 |           0 |           0 |           0 |           0 |   156149100 |           0 |           0 |           0 |           0 |           0 |           0 |           0 |
|               CAS_COUNT_WR               | MBOX1C1 |    45631030 |           0 |           0 |           0 |           0 |           0 |           0 |           0 |    49041160 |           0 |           0 |           0 |           0 |           0 |           0 |           0 |    43374200 |           0 |           0 |           0 |           0 |           0 |           0 |           0 |    39607380 |           0 |           0 |           0 |           0 |           0 |           0 |           0 |
|               CAS_COUNT_RD               | MBOX2C0 |   149985000 |           0 |           0 |           0 |           0 |           0 |           0 |           0 |   149848500 |           0 |           0 |           0 |           0 |           0 |           0 |           0 |   149195700 |           0 |           0 |           0 |           0 |           0 |           0 |           0 |   157045600 |           0 |           0 |           0 |           0 |           0 |           0 |           0 |
|               CAS_COUNT_WR               | MBOX2C1 |    45650000 |           0 |           0 |           0 |           0 |           0 |           0 |           0 |    48966080 |           0 |           0 |           0 |           0 |           0 |           0 |           0 |    43659650 |           0 |           0 |           0 |           0 |           0 |           0 |           0 |    40427330 |           0 |           0 |           0 |           0 |           0 |           0 |           0 |
|               CAS_COUNT_RD               | MBOX3C0 |   150800000 |           0 |           0 |           0 |           0 |           0 |           0 |           0 |   149331900 |           0 |           0 |           0 |           0 |           0 |           0 |           0 |   149016600 |           0 |           0 |           0 |           0 |           0 |           0 |           0 |   155813800 |           0 |           0 |           0 |           0 |           0 |           0 |           0 |
|               CAS_COUNT_WR               | MBOX3C1 |    45564190 |           0 |           0 |           0 |           0 |           0 |           0 |           0 |    48751440 |           0 |           0 |           0 |           0 |           0 |           0 |           0 |    43853800 |           0 |           0 |           0 |           0 |           0 |           0 |           0 |    39966440 |           0 |           0 |           0 |           0 |           0 |           0 |           0 |
|               CAS_COUNT_RD               | MBOX4C0 |   148133300 |           0 |           0 |           0 |           0 |           0 |           0 |           0 |   149163500 |           0 |           0 |           0 |           0 |           0 |           0 |           0 |   149170200 |           0 |           0 |           0 |           0 |           0 |           0 |           0 |   156455800 |           0 |           0 |           0 |           0 |           0 |           0 |           0 |
|               CAS_COUNT_WR               | MBOX4C1 |    45305980 |           0 |           0 |           0 |           0 |           0 |           0 |           0 |    48502560 |           0 |           0 |           0 |           0 |           0 |           0 |           0 |    43982310 |           0 |           0 |           0 |           0 |           0 |           0 |           0 |    40669280 |           0 |           0 |           0 |           0 |           0 |           0 |           0 |
|               CAS_COUNT_RD               | MBOX5C0 |   147974600 |           0 |           0 |           0 |           0 |           0 |           0 |           0 |   149206900 |           0 |           0 |           0 |           0 |           0 |           0 |           0 |   148227300 |           0 |           0 |           0 |           0 |           0 |           0 |           0 |   156051300 |           0 |           0 |           0 |           0 |           0 |           0 |           0 |
|               CAS_COUNT_WR               | MBOX5C1 |    45214580 |           0 |           0 |           0 |           0 |           0 |           0 |           0 |    48620030 |           0 |           0 |           0 |           0 |           0 |           0 |           0 |    42993770 |           0 |           0 |           0 |           0 |           0 |           0 |           0 |    40210670 |           0 |           0 |           0 |           0 |           0 |           0 |           0 |
+------------------------------------------+---------+-------------+-------------+-------------+-------------+-------------+-------------+-------------+-------------+-------------+-------------+-------------+-------------+-------------+-------------+-------------+-------------+-------------+-------------+-------------+-------------+-------------+-------------+-------------+-------------+-------------+-------------+-------------+-------------+-------------+-------------+-------------+-------------+
+-----------------------------------------------+---------+--------------+-------------+-------------+--------------+
|                     Event                     | Counter |      Sum     |     Min     |     Max     |      Avg     |
+-----------------------------------------------+---------+--------------+-------------+-------------+--------------+
|             INSTR_RETIRED_ANY STAT            |  FIXC0  | 918663660000 | 28318170000 | 32977290000 |  28708239375 |
|           CPU_CLK_UNHALTED_CORE STAT          |  FIXC1  | 631450250000 | 14533720000 | 20042970000 | 1.973282e+10 |
|           CPU_CLK_UNHALTED_REF STAT           |  FIXC2  | 864508450000 | 19887640000 | 27427690000 | 2.701589e+10 |
|              PWR_PKG_ENERGY STAT              |   PWR0  |    2434.2492 |           0 |    647.7688 |      76.0703 |
|              PWR_DRAM_ENERGY STAT             |   PWR3  |     285.3820 |           0 |     76.1842 |       8.9182 |
| FP_ARITH_INST_RETIRED_128B_PACKED_DOUBLE STAT |   PMC0  |       218232 |           0 |      218232 |    6819.7500 |
|    FP_ARITH_INST_RETIRED_SCALAR_DOUBLE STAT   |   PMC1  | 244225841000 |  7463985000 |  7830638000 | 7.632058e+09 |
| FP_ARITH_INST_RETIRED_256B_PACKED_DOUBLE STAT |   PMC2  |       302358 |           0 |      302358 |    9448.6875 |
| FP_ARITH_INST_RETIRED_512B_PACKED_DOUBLE STAT |   PMC3  |      2178750 |           0 |     2178750 |   68085.9375 |
|               CAS_COUNT_RD STAT               | MBOX0C0 |    604211500 |           0 |   155821300 | 1.888161e+07 |
|               CAS_COUNT_WR STAT               | MBOX0C1 |    177920580 |           0 |    49071100 | 5.560018e+06 |
|               CAS_COUNT_RD STAT               | MBOX1C0 |    603534600 |           0 |   156149100 | 1.886046e+07 |
|               CAS_COUNT_WR STAT               | MBOX1C1 |    177653770 |           0 |    49041160 | 5.551680e+06 |
|               CAS_COUNT_RD STAT               | MBOX2C0 |    606074800 |           0 |   157045600 | 1.893984e+07 |
|               CAS_COUNT_WR STAT               | MBOX2C1 |    178703060 |           0 |    48966080 | 5.584471e+06 |
|               CAS_COUNT_RD STAT               | MBOX3C0 |    604962300 |           0 |   155813800 | 1.890507e+07 |
|               CAS_COUNT_WR STAT               | MBOX3C1 |    178135870 |           0 |    48751440 | 5.566746e+06 |
|               CAS_COUNT_RD STAT               | MBOX4C0 |    602922800 |           0 |   156455800 | 1.884134e+07 |
|               CAS_COUNT_WR STAT               | MBOX4C1 |    178460130 |           0 |    48502560 | 5.576879e+06 |
|               CAS_COUNT_RD STAT               | MBOX5C0 |    601460100 |           0 |   156051300 | 1.879563e+07 |
|               CAS_COUNT_WR STAT               | MBOX5C1 |    177039050 |           0 |    48620030 | 5.532470e+06 |
+-----------------------------------------------+---------+--------------+-------------+-------------+--------------+
+-----------------------------------+-----------+-----------+-----------+-----------+-----------+-----------+-----------+-----------+-----------+-----------+-----------+-----------+-----------+-----------+-----------+-----------+-----------+-----------+-----------+-----------+-----------+-----------+-----------+-----------+-----------+-----------+-----------+-----------+-----------+-----------+-----------+-----------+
|               Metric              |   Core 0  |   Core 1  |   Core 2  |   Core 3  |   Core 4  |   Core 5  |   Core 6  |   Core 7  |  Core 14  |  Core 15  |  Core 16  |  Core 17  |  Core 18  |  Core 19  |  Core 20  |  Core 21  |  Core 28  |  Core 29  |  Core 30  |  Core 31  |  Core 32  |  Core 33  |  Core 34  |  Core 35  |  Core 42  |  Core 43  |  Core 44  |  Core 45  |  Core 46  |  Core 47  |  Core 48  |  Core 49  |
+-----------------------------------+-----------+-----------+-----------+-----------+-----------+-----------+-----------+-----------+-----------+-----------+-----------+-----------+-----------+-----------+-----------+-----------+-----------+-----------+-----------+-----------+-----------+-----------+-----------+-----------+-----------+-----------+-----------+-----------+-----------+-----------+-----------+-----------+
|        Runtime (RDTSC) [s]        |   10.8326 |   10.8350 |   10.8350 |   10.8350 |   10.8350 |   10.8350 |   10.8350 |   10.8350 |   10.8325 |   10.8351 |   10.8350 |   10.8350 |   10.8351 |   10.8350 |   10.8350 |   10.8350 |   10.8326 |   10.8350 |   10.8351 |   10.8350 |   10.8350 |   10.8350 |   10.8350 |   10.8350 |   10.8325 |   10.8350 |   10.8350 |   10.8351 |   10.8350 |   10.8350 |   10.8350 |   10.8350 |
|        Runtime unhalted [s]       |    5.6033 |    7.7268 |    7.7262 |    7.7267 |    7.7273 |    7.7267 |    7.7268 |    7.7239 |    7.6512 |    7.6542 |    7.6489 |    7.6488 |    7.6539 |    7.6531 |    7.6528 |    7.6554 |    7.6543 |    7.6565 |    7.6573 |    7.6564 |    7.6523 |    7.6554 |    7.6540 |    7.6547 |    7.6561 |    7.6575 |    7.6613 |    7.6613 |    7.6620 |    7.6608 |    7.6612 |    7.6810 |
|            Clock [MHz]            | 1895.5120 | 1895.4188 | 1895.4206 | 1895.4202 | 1895.4216 | 1895.4193 | 1895.4206 | 1895.4204 | 1894.3835 | 1894.3694 | 1894.3744 | 1894.3723 | 1894.3670 | 1894.3727 | 1894.3676 | 1894.3794 | 1894.1119 | 1894.0933 | 1894.1080 | 1894.1038 | 1894.0948 | 1894.1159 | 1894.0929 | 1894.1201 | 1894.2851 | 1894.2449 | 1894.2804 | 1894.2641 | 1894.2959 | 1894.2722 | 1894.2768 | 1894.1661 |
|                CPI                |    0.4407 |    0.6996 |    0.6960 |    0.6935 |    0.6936 |    0.6954 |    0.7002 |    0.6984 |    0.6982 |    0.6996 |    0.6976 |    0.6947 |    0.6953 |    0.6976 |    0.6987 |    0.7008 |    0.7011 |    0.6999 |    0.6989 |    0.6966 |    0.6959 |    0.6990 |    0.7005 |    0.6998 |    0.6939 |    0.6957 |    0.6910 |    0.6891 |    0.6888 |    0.6911 |    0.6939 |    0.6986 |
|             Energy [J]            |  647.7688 |         0 |         0 |         0 |         0 |         0 |         0 |         0 |  577.9930 |         0 |         0 |         0 |         0 |         0 |         0 |         0 |  618.8364 |         0 |         0 |         0 |         0 |         0 |         0 |         0 |  589.6510 |         0 |         0 |         0 |         0 |         0 |         0 |         0 |
|             Power [W]             |   59.7983 |         0 |         0 |         0 |         0 |         0 |         0 |         0 |   53.3571 |         0 |         0 |         0 |         0 |         0 |         0 |         0 |   57.1271 |         0 |         0 |         0 |         0 |         0 |         0 |         0 |   54.4333 |         0 |         0 |         0 |         0 |         0 |         0 |         0 |
|          Energy DRAM [J]          |   72.7948 |         0 |         0 |         0 |         0 |         0 |         0 |         0 |   76.1842 |         0 |         0 |         0 |         0 |         0 |         0 |         0 |   65.6120 |         0 |         0 |         0 |         0 |         0 |         0 |         0 |   70.7910 |         0 |         0 |         0 |         0 |         0 |         0 |         0 |
|           Power DRAM [W]          |    6.7200 |         0 |         0 |         0 |         0 |         0 |         0 |         0 |    7.0329 |         0 |         0 |         0 |         0 |         0 |         0 |         0 |    6.0569 |         0 |         0 |         0 |         0 |         0 |         0 |         0 |    6.5350 |         0 |         0 |         0 |         0 |         0 |         0 |         0 |
|            DP [MFLOP/s]           |  705.1834 |  704.5041 |  714.0694 |  722.4132 |  721.7215 |  714.6549 |  705.8676 |  707.5656 |  701.8504 |  700.4310 |  701.9093 |  704.3329 |  700.2950 |  692.5281 |  689.6502 |  689.4142 |  689.0450 |  688.8766 |  691.8307 |  699.5335 |  703.6198 |  701.1013 |  699.5723 |  700.4930 |  706.5023 |  704.8427 |  714.1253 |  721.5174 |  722.7156 |  714.7360 |  705.9206 |  701.9778 |
|          AVX DP [MFLOP/s]         |    1.7207 |         0 |         0 |         0 |         0 |         0 |         0 |         0 |         0 |         0 |         0 |         0 |         0 |         0 |         0 |         0 |         0 |         0 |         0 |         0 |         0 |         0 |         0 |         0 |         0 |         0 |         0 |         0 |         0 |         0 |         0 |         0 |
|          Packed [MUOPS/s]         |    0.2492 |         0 |         0 |         0 |         0 |         0 |         0 |         0 |         0 |         0 |         0 |         0 |         0 |         0 |         0 |         0 |         0 |         0 |         0 |         0 |         0 |         0 |         0 |         0 |         0 |         0 |         0 |         0 |         0 |         0 |         0 |         0 |
|          Scalar [MUOPS/s]         |  703.4225 |  704.5041 |  714.0694 |  722.4132 |  721.7215 |  714.6549 |  705.8676 |  707.5656 |  701.8504 |  700.4310 |  701.9093 |  704.3329 |  700.2950 |  692.5281 |  689.6502 |  689.4142 |  689.0450 |  688.8766 |  691.8307 |  699.5335 |  703.6198 |  701.1013 |  699.5723 |  700.4930 |  706.5023 |  704.8427 |  714.1253 |  721.5174 |  722.7156 |  714.7360 |  705.9206 |  701.9778 |
|  Memory read bandwidth [MBytes/s] | 5284.8269 |         0 |         0 |         0 |         0 |         0 |         0 |         0 | 5302.3257 |         0 |         0 |         0 |         0 |         0 |         0 |         0 | 5281.0033 |         0 |         0 |         0 |         0 |         0 |         0 |         0 | 5537.8984 |         0 |         0 |         0 |         0 |         0 |         0 |         0 |
|  Memory read data volume [GBytes] |   57.2482 |         0 |         0 |         0 |         0 |         0 |         0 |         0 |   57.4377 |         0 |         0 |         0 |         0 |         0 |         0 |         0 |   57.2072 |         0 |         0 |         0 |         0 |         0 |         0 |         0 |   59.9896 |         0 |         0 |         0 |         0 |         0 |         0 |         0 |
| Memory write bandwidth [MBytes/s] | 1613.3069 |         0 |         0 |         0 |         0 |         0 |         0 |         0 | 1730.7976 |         0 |         0 |         0 |         0 |         0 |         0 |         0 | 1545.8708 |         0 |         0 |         0 |         0 |         0 |         0 |         0 | 1419.3662 |         0 |         0 |         0 |         0 |         0 |         0 |         0 |
| Memory write data volume [GBytes] |   17.4762 |         0 |         0 |         0 |         0 |         0 |         0 |         0 |   18.7490 |         0 |         0 |         0 |         0 |         0 |         0 |         0 |   16.7458 |         0 |         0 |         0 |         0 |         0 |         0 |         0 |   15.3754 |         0 |         0 |         0 |         0 |         0 |         0 |         0 |
|    Memory bandwidth [MBytes/s]    | 6898.1338 |         0 |         0 |         0 |         0 |         0 |         0 |         0 | 7033.1234 |         0 |         0 |         0 |         0 |         0 |         0 |         0 | 6826.8741 |         0 |         0 |         0 |         0 |         0 |         0 |         0 | 6957.2646 |         0 |         0 |         0 |         0 |         0 |         0 |         0 |
|    Memory data volume [GBytes]    |   74.7244 |         0 |         0 |         0 |         0 |         0 |         0 |         0 |   76.1867 |         0 |         0 |         0 |         0 |         0 |         0 |         0 |   73.9530 |         0 |         0 |         0 |         0 |         0 |         0 |         0 |   75.3649 |         0 |         0 |         0 |         0 |         0 |         0 |         0 |
|       Operational intensity       |    0.1022 |    0.1022 |    0.1035 |    0.1047 |    0.1046 |    0.1036 |    0.1024 |    0.1026 |    0.0998 |    0.0996 |    0.0998 |    0.1002 |    0.0996 |    0.0985 |    0.0981 |    0.0980 |    0.1009 |    0.1009 |    0.1014 |    0.1025 |    0.1031 |    0.1027 |    0.1025 |    0.1026 |    0.1015 |    0.1013 |    0.1027 |    0.1037 |    0.1039 |    0.1028 |    0.1015 |    0.1009 |
+-----------------------------------+-----------+-----------+-----------+-----------+-----------+-----------+-----------+-----------+-----------+-----------+-----------+-----------+-----------+-----------+-----------+-----------+-----------+-----------+-----------+-----------+-----------+-----------+-----------+-----------+-----------+-----------+-----------+-----------+-----------+-----------+-----------+-----------+
+----------------------------------------+------------+-----------+-----------+-----------+
|                 Metric                 |     Sum    |    Min    |    Max    |    Avg    |
+----------------------------------------+------------+-----------+-----------+-----------+
|        Runtime (RDTSC) [s] STAT        |   346.7106 |   10.8325 |   10.8351 |   10.8347 |
|        Runtime unhalted [s] STAT       |   243.4481 |    5.6033 |    7.7273 |    7.6078 |
|            Clock [MHz] STAT            | 60625.3660 | 1894.0929 | 1895.5120 | 1894.5427 |
|                CPI STAT                |    22.0337 |    0.4407 |    0.7011 |    0.6886 |
|             Energy [J] STAT            |  2434.2492 |         0 |  647.7688 |   76.0703 |
|             Power [W] STAT             |   224.7158 |         0 |   59.7983 |    7.0224 |
|          Energy DRAM [J] STAT          |   285.3820 |         0 |   76.1842 |    8.9182 |
|           Power DRAM [W] STAT          |    26.3448 |         0 |    7.0329 |    0.8233 |
|            DP [MFLOP/s] STAT           | 22542.8007 |  688.8766 |  722.7156 |  704.4625 |
|          AVX DP [MFLOP/s] STAT         |     1.7207 |         0 |    1.7207 |    0.0538 |
|          Packed [MUOPS/s] STAT         |     0.2492 |         0 |    0.2492 |    0.0078 |
|          Scalar [MUOPS/s] STAT         | 22541.0398 |  688.8766 |  722.7156 |  704.4075 |
|  Memory read bandwidth [MBytes/s] STAT | 21406.0543 |         0 | 5537.8984 |  668.9392 |
|  Memory read data volume [GBytes] STAT |   231.8827 |         0 |   59.9896 |    7.2463 |
| Memory write bandwidth [MBytes/s] STAT |  6309.3415 |         0 | 1730.7976 |  197.1669 |
| Memory write data volume [GBytes] STAT |    68.3464 |         0 |   18.7490 |    2.1358 |
|    Memory bandwidth [MBytes/s] STAT    | 27715.3959 |         0 | 7033.1234 |  866.1061 |
|    Memory data volume [GBytes] STAT    |   300.2290 |         0 |   76.1867 |    9.3822 |
|       Operational intensity STAT       |     3.2543 |    0.0980 |    0.1047 |    0.1017 |
+----------------------------------------+------------+-----------+-----------+-----------+
