--------------------------------------------------------------------------------
CPU name:	Intel(R) Xeon(R) Gold 6132 CPU @ 2.60GHz
CPU type:	Intel Skylake SP processor
CPU clock:	2.59 GHz
--------------------------------------------------------------------------------
Region Setup, Group 1: MEM_DP
+-------------------+----------+----------+----------+----------+----------+----------+----------+----------+----------+----------+----------+----------+----------+----------+----------+----------+----------+----------+----------+----------+----------+----------+
|    Region Info    |  Core 0  |  Core 1  |  Core 2  |  Core 3  |  Core 4  |  Core 5  |  Core 6  |  Core 7  |  Core 8  |  Core 9  |  Core 10 |  Core 11 |  Core 12 |  Core 13 |  Core 14 |  Core 15 |  Core 16 |  Core 17 |  Core 18 |  Core 19 |  Core 20 |  Core 21 |
+-------------------+----------+----------+----------+----------+----------+----------+----------+----------+----------+----------+----------+----------+----------+----------+----------+----------+----------+----------+----------+----------+----------+----------+
| RDTSC Runtime [s] | 0.241810 | 0.243579 | 0.243612 | 0.243564 | 0.243628 | 0.243559 | 0.243541 | 0.243608 | 0.243568 | 0.243563 | 0.243582 | 0.243550 | 0.243562 | 0.243571 | 0.241832 | 0.243570 | 0.243601 | 0.243555 | 0.243544 | 0.243567 | 0.243565 | 0.243671 |
|     call count    |        2 |        2 |        2 |        2 |        2 |        2 |        2 |        2 |        2 |        2 |        2 |        2 |        2 |        2 |        2 |        2 |        2 |        2 |        2 |        2 |        2 |        2 |
+-------------------+----------+----------+----------+----------+----------+----------+----------+----------+----------+----------+----------+----------+----------+----------+----------+----------+----------+----------+----------+----------+----------+----------+
+------------------------------------------+---------+-----------+-----------+-----------+-----------+-----------+-----------+-----------+-----------+-----------+-----------+-----------+-----------+-----------+-----------+-----------+-----------+-----------+-----------+-----------+-----------+-----------+-----------+
|                   Event                  | Counter |   Core 0  |   Core 1  |   Core 2  |   Core 3  |   Core 4  |   Core 5  |   Core 6  |   Core 7  |   Core 8  |   Core 9  |  Core 10  |  Core 11  |  Core 12  |  Core 13  |  Core 14  |  Core 15  |  Core 16  |  Core 17  |  Core 18  |  Core 19  |  Core 20  |  Core 21  |
+------------------------------------------+---------+-----------+-----------+-----------+-----------+-----------+-----------+-----------+-----------+-----------+-----------+-----------+-----------+-----------+-----------+-----------+-----------+-----------+-----------+-----------+-----------+-----------+-----------+
|             INSTR_RETIRED_ANY            |  FIXC0  | 249525500 | 117351400 | 116796600 | 116959200 | 116853700 | 116926400 | 116725700 | 116740700 | 116389700 | 116247400 | 115464400 | 114511800 | 114294800 | 114345000 | 113940500 | 114066400 | 112953100 | 112533000 | 112474600 | 112489500 | 110793500 | 110776900 |
|           CPU_CLK_UNHALTED_CORE          |  FIXC1  | 172042000 | 160561200 | 160773400 | 161505300 | 164329000 | 163736400 | 162683000 | 159949300 | 159457600 | 160322300 | 163576700 | 162163400 | 164606000 | 162658400 | 158345200 | 157578700 | 158870300 | 160651900 | 162179700 | 163316300 | 159126800 | 171880100 |
|           CPU_CLK_UNHALTED_REF           |  FIXC2  | 235349400 | 219717000 | 220007300 | 221014200 | 224878400 | 224059200 | 222624600 | 218881700 | 218206700 | 219390300 | 223841600 | 221909900 | 225253000 | 222582800 | 216700300 | 215655400 | 217425100 | 219842500 | 221943100 | 223505800 | 217761200 | 235214300 |
|              PWR_PKG_ENERGY              |   PWR0  |   10.1888 |         0 |         0 |         0 |         0 |         0 |         0 |         0 |         0 |         0 |         0 |         0 |         0 |         0 |    8.8695 |         0 |         0 |         0 |         0 |         0 |         0 |         0 |
|              PWR_DRAM_ENERGY             |   PWR3  |    1.1442 |         0 |         0 |         0 |         0 |         0 |         0 |         0 |         0 |         0 |         0 |         0 |         0 |         0 |    0.8860 |         0 |         0 |         0 |         0 |         0 |         0 |         0 |
| FP_ARITH_INST_RETIRED_128B_PACKED_DOUBLE |   PMC0  |     23000 |         0 |         0 |         0 |         0 |         0 |         0 |         0 |         0 |         0 |         0 |         0 |         0 |         0 |         0 |         0 |         0 |         0 |         0 |         0 |         0 |         0 |
|    FP_ARITH_INST_RETIRED_SCALAR_DOUBLE   |   PMC1  |  41861970 |  32705030 |  32562500 |  32587920 |  32527050 |  32546590 |  32516600 |  32546460 |  32455960 |  32393970 |  32135860 |  31840880 |  31762750 |  31793360 |  31763910 |  31793780 |  31533110 |  31378770 |  31348260 |  31324810 |  30855780 |  30599250 |
| FP_ARITH_INST_RETIRED_256B_PACKED_DOUBLE |   PMC2  |     15090 |         0 |         0 |         0 |         0 |         0 |         0 |         0 |         0 |         0 |         0 |         0 |         0 |         0 |         0 |         0 |         0 |         0 |         0 |         0 |         0 |         0 |
| FP_ARITH_INST_RETIRED_512B_PACKED_DOUBLE |   PMC3  |    141851 |         0 |         0 |         0 |         0 |         0 |         0 |         0 |         0 |         0 |         0 |         0 |         0 |         0 |         0 |         0 |         0 |         0 |         0 |         0 |         0 |         0 |
|               CAS_COUNT_RD               | MBOX0C0 |    285900 |         0 |         0 |         0 |         0 |         0 |         0 |         0 |         0 |         0 |         0 |         0 |         0 |         0 |     58129 |         0 |         0 |         0 |         0 |         0 |         0 |         0 |
|               CAS_COUNT_WR               | MBOX0C1 |    591025 |         0 |         0 |         0 |         0 |         0 |         0 |         0 |         0 |         0 |         0 |         0 |         0 |         0 |     99461 |         0 |         0 |         0 |         0 |         0 |         0 |         0 |
|               CAS_COUNT_RD               | MBOX1C0 |    253732 |         0 |         0 |         0 |         0 |         0 |         0 |         0 |         0 |         0 |         0 |         0 |         0 |         0 |     59692 |         0 |         0 |         0 |         0 |         0 |         0 |         0 |
|               CAS_COUNT_WR               | MBOX1C1 |    551584 |         0 |         0 |         0 |         0 |         0 |         0 |         0 |         0 |         0 |         0 |         0 |         0 |         0 |    100809 |         0 |         0 |         0 |         0 |         0 |         0 |         0 |
|               CAS_COUNT_RD               | MBOX2C0 |    216990 |         0 |         0 |         0 |         0 |         0 |         0 |         0 |         0 |         0 |         0 |         0 |         0 |         0 |     61821 |         0 |         0 |         0 |         0 |         0 |         0 |         0 |
|               CAS_COUNT_WR               | MBOX2C1 |    504432 |         0 |         0 |         0 |         0 |         0 |         0 |         0 |         0 |         0 |         0 |         0 |         0 |         0 |    104436 |         0 |         0 |         0 |         0 |         0 |         0 |         0 |
|               CAS_COUNT_RD               | MBOX3C0 |    168307 |         0 |         0 |         0 |         0 |         0 |         0 |         0 |         0 |         0 |         0 |         0 |         0 |         0 |     40136 |         0 |         0 |         0 |         0 |         0 |         0 |         0 |
|               CAS_COUNT_WR               | MBOX3C1 |    478428 |         0 |         0 |         0 |         0 |         0 |         0 |         0 |         0 |         0 |         0 |         0 |         0 |         0 |     85910 |         0 |         0 |         0 |         0 |         0 |         0 |         0 |
|               CAS_COUNT_RD               | MBOX4C0 |    251217 |         0 |         0 |         0 |         0 |         0 |         0 |         0 |         0 |         0 |         0 |         0 |         0 |         0 |     39607 |         0 |         0 |         0 |         0 |         0 |         0 |         0 |
|               CAS_COUNT_WR               | MBOX4C1 |    595199 |         0 |         0 |         0 |         0 |         0 |         0 |         0 |         0 |         0 |         0 |         0 |         0 |         0 |     84731 |         0 |         0 |         0 |         0 |         0 |         0 |         0 |
|               CAS_COUNT_RD               | MBOX5C0 |    170235 |         0 |         0 |         0 |         0 |         0 |         0 |         0 |         0 |         0 |         0 |         0 |         0 |         0 |     39079 |         0 |         0 |         0 |         0 |         0 |         0 |         0 |
|               CAS_COUNT_WR               | MBOX5C1 |    481142 |         0 |         0 |         0 |         0 |         0 |         0 |         0 |         0 |         0 |         0 |         0 |         0 |         0 |     84283 |         0 |         0 |         0 |         0 |         0 |         0 |         0 |
+------------------------------------------+---------+-----------+-----------+-----------+-----------+-----------+-----------+-----------+-----------+-----------+-----------+-----------+-----------+-----------+-----------+-----------+-----------+-----------+-----------+-----------+-----------+-----------+-----------+
+-----------------------------------------------+---------+------------+-----------+-----------+--------------+
|                     Event                     | Counter |     Sum    |    Min    |    Max    |      Avg     |
+-----------------------------------------------+---------+------------+-----------+-----------+--------------+
|             INSTR_RETIRED_ANY STAT            |  FIXC0  | 2659159800 | 110776900 | 249525500 |    120870900 |
|           CPU_CLK_UNHALTED_CORE STAT          |  FIXC1  | 3570313000 | 157578700 | 172042000 | 1.622870e+08 |
|           CPU_CLK_UNHALTED_REF STAT           |  FIXC2  | 4885763800 | 215655400 | 235349400 | 2.220802e+08 |
|              PWR_PKG_ENERGY STAT              |   PWR0  |    19.0583 |         0 |   10.1888 |       0.8663 |
|              PWR_DRAM_ENERGY STAT             |   PWR3  |     2.0302 |         0 |    1.1442 |       0.0923 |
| FP_ARITH_INST_RETIRED_128B_PACKED_DOUBLE STAT |   PMC0  |      23000 |         0 |     23000 |    1045.4545 |
|    FP_ARITH_INST_RETIRED_SCALAR_DOUBLE STAT   |   PMC1  |  712834570 |  30599250 |  41861970 | 3.240157e+07 |
| FP_ARITH_INST_RETIRED_256B_PACKED_DOUBLE STAT |   PMC2  |      15090 |         0 |     15090 |     685.9091 |
| FP_ARITH_INST_RETIRED_512B_PACKED_DOUBLE STAT |   PMC3  |     141851 |         0 |    141851 |    6447.7727 |
|               CAS_COUNT_RD STAT               | MBOX0C0 |     344029 |         0 |    285900 |   15637.6818 |
|               CAS_COUNT_WR STAT               | MBOX0C1 |     690486 |         0 |    591025 |   31385.7273 |
|               CAS_COUNT_RD STAT               | MBOX1C0 |     313424 |         0 |    253732 |   14246.5455 |
|               CAS_COUNT_WR STAT               | MBOX1C1 |     652393 |         0 |    551584 |   29654.2273 |
|               CAS_COUNT_RD STAT               | MBOX2C0 |     278811 |         0 |    216990 |   12673.2273 |
|               CAS_COUNT_WR STAT               | MBOX2C1 |     608868 |         0 |    504432 |   27675.8182 |
|               CAS_COUNT_RD STAT               | MBOX3C0 |     208443 |         0 |    168307 |    9474.6818 |
|               CAS_COUNT_WR STAT               | MBOX3C1 |     564338 |         0 |    478428 |   25651.7273 |
|               CAS_COUNT_RD STAT               | MBOX4C0 |     290824 |         0 |    251217 |   13219.2727 |
|               CAS_COUNT_WR STAT               | MBOX4C1 |     679930 |         0 |    595199 |   30905.9091 |
|               CAS_COUNT_RD STAT               | MBOX5C0 |     209314 |         0 |    170235 |    9514.2727 |
|               CAS_COUNT_WR STAT               | MBOX5C1 |     565425 |         0 |    481142 |   25701.1364 |
+-----------------------------------------------+---------+------------+-----------+-----------+--------------+
+-----------------------------------+-----------+-----------+-----------+-----------+-----------+-----------+-----------+-----------+-----------+-----------+-----------+-----------+-----------+-----------+-----------+-----------+-----------+-----------+-----------+-----------+-----------+-----------+
|               Metric              |   Core 0  |   Core 1  |   Core 2  |   Core 3  |   Core 4  |   Core 5  |   Core 6  |   Core 7  |   Core 8  |   Core 9  |  Core 10  |  Core 11  |  Core 12  |  Core 13  |  Core 14  |  Core 15  |  Core 16  |  Core 17  |  Core 18  |  Core 19  |  Core 20  |  Core 21  |
+-----------------------------------+-----------+-----------+-----------+-----------+-----------+-----------+-----------+-----------+-----------+-----------+-----------+-----------+-----------+-----------+-----------+-----------+-----------+-----------+-----------+-----------+-----------+-----------+
|        Runtime (RDTSC) [s]        |    0.2418 |    0.2436 |    0.2436 |    0.2436 |    0.2436 |    0.2436 |    0.2435 |    0.2436 |    0.2436 |    0.2436 |    0.2436 |    0.2435 |    0.2436 |    0.2436 |    0.2418 |    0.2436 |    0.2436 |    0.2436 |    0.2435 |    0.2436 |    0.2436 |    0.2437 |
|        Runtime unhalted [s]       |    0.0663 |    0.0619 |    0.0620 |    0.0623 |    0.0634 |    0.0631 |    0.0627 |    0.0617 |    0.0615 |    0.0618 |    0.0631 |    0.0625 |    0.0635 |    0.0627 |    0.0610 |    0.0608 |    0.0613 |    0.0619 |    0.0625 |    0.0630 |    0.0613 |    0.0663 |
|            Clock [MHz]            | 1896.0650 | 1895.4344 | 1895.4351 | 1895.3893 | 1895.3887 | 1895.4585 | 1895.3999 | 1895.4168 | 1895.4353 | 1895.4326 | 1895.4506 | 1895.4310 | 1895.4263 | 1895.4691 | 1895.2967 | 1895.2609 | 1895.2428 | 1895.4225 | 1895.3380 | 1895.2764 | 1895.3728 | 1895.3687 |
|                CPI                |    0.6895 |    1.3682 |    1.3765 |    1.3809 |    1.4063 |    1.4003 |    1.3937 |    1.3701 |    1.3700 |    1.3791 |    1.4167 |    1.4161 |    1.4402 |    1.4225 |    1.3897 |    1.3815 |    1.4065 |    1.4276 |    1.4419 |    1.4518 |    1.4362 |    1.5516 |
|             Energy [J]            |   10.1888 |         0 |         0 |         0 |         0 |         0 |         0 |         0 |         0 |         0 |         0 |         0 |         0 |         0 |    8.8695 |         0 |         0 |         0 |         0 |         0 |         0 |         0 |
|             Power [W]             |   42.1355 |         0 |         0 |         0 |         0 |         0 |         0 |         0 |         0 |         0 |         0 |         0 |         0 |         0 |   36.6764 |         0 |         0 |         0 |         0 |         0 |         0 |         0 |
|          Energy DRAM [J]          |    1.1442 |         0 |         0 |         0 |         0 |         0 |         0 |         0 |         0 |         0 |         0 |         0 |         0 |         0 |    0.8860 |         0 |         0 |         0 |         0 |         0 |         0 |         0 |
|           Power DRAM [W]          |    4.7320 |         0 |         0 |         0 |         0 |         0 |         0 |         0 |         0 |         0 |         0 |         0 |         0 |         0 |    3.6635 |         0 |         0 |         0 |         0 |         0 |         0 |         0 |
|            DP [MFLOP/s]           |  178.2522 |  134.2688 |  133.6653 |  133.7963 |  133.5110 |  133.6292 |  133.5161 |  133.6017 |  133.2519 |  133.0003 |  131.9306 |  130.7366 |  130.4091 |  130.5303 |  131.3472 |  130.5323 |  129.4456 |  128.8367 |  128.7170 |  128.6084 |  126.6841 |  125.5760 |
|          AVX DP [MFLOP/s]         |    4.9426 |         0 |         0 |         0 |         0 |         0 |         0 |         0 |         0 |         0 |         0 |         0 |         0 |         0 |         0 |         0 |         0 |         0 |         0 |         0 |         0 |         0 |
|          Packed [MUOPS/s]         |    0.7441 |         0 |         0 |         0 |         0 |         0 |         0 |         0 |         0 |         0 |         0 |         0 |         0 |         0 |         0 |         0 |         0 |         0 |         0 |         0 |         0 |         0 |
|          Scalar [MUOPS/s]         |  173.1194 |  134.2688 |  133.6653 |  133.7963 |  133.5110 |  133.6292 |  133.5161 |  133.6017 |  133.2519 |  133.0003 |  131.9306 |  130.7366 |  130.4091 |  130.5303 |  131.3472 |  130.5323 |  129.4456 |  128.8367 |  128.7170 |  128.6084 |  126.6841 |  125.5760 |
|  Memory read bandwidth [MBytes/s] |  356.3478 |         0 |         0 |         0 |         0 |         0 |         0 |         0 |         0 |         0 |         0 |         0 |         0 |         0 |   78.9876 |         0 |         0 |         0 |         0 |         0 |         0 |         0 |
|  Memory read data volume [GBytes] |    0.0862 |         0 |         0 |         0 |         0 |         0 |         0 |         0 |         0 |         0 |         0 |         0 |         0 |         0 |    0.0191 |         0 |         0 |         0 |         0 |         0 |         0 |         0 |
| Memory write bandwidth [MBytes/s] |  847.4257 |         0 |         0 |         0 |         0 |         0 |         0 |         0 |         0 |         0 |         0 |         0 |         0 |         0 |  148.1043 |         0 |         0 |         0 |         0 |         0 |         0 |         0 |
| Memory write data volume [GBytes] |    0.2049 |         0 |         0 |         0 |         0 |         0 |         0 |         0 |         0 |         0 |         0 |         0 |         0 |         0 |    0.0358 |         0 |         0 |         0 |         0 |         0 |         0 |         0 |
|    Memory bandwidth [MBytes/s]    | 1203.7735 |         0 |         0 |         0 |         0 |         0 |         0 |         0 |         0 |         0 |         0 |         0 |         0 |         0 |  227.0919 |         0 |         0 |         0 |         0 |         0 |         0 |         0 |
|    Memory data volume [GBytes]    |    0.2911 |         0 |         0 |         0 |         0 |         0 |         0 |         0 |         0 |         0 |         0 |         0 |         0 |         0 |    0.0549 |         0 |         0 |         0 |         0 |         0 |         0 |         0 |
|       Operational intensity       |    0.1481 |    0.1124 |    0.1119 |    0.1120 |    0.1117 |    0.1118 |    0.1117 |    0.1118 |    0.1115 |    0.1113 |    0.1104 |    0.1094 |    0.1091 |    0.1092 |    0.5784 |    0.5789 |    0.5742 |    0.5714 |    0.5708 |    0.5704 |    0.5619 |    0.5572 |
+-----------------------------------+-----------+-----------+-----------+-----------+-----------+-----------+-----------+-----------+-----------+-----------+-----------+-----------+-----------+-----------+-----------+-----------+-----------+-----------+-----------+-----------+-----------+-----------+
+----------------------------------------+------------+-----------+-----------+-----------+
|                 Metric                 |     Sum    |    Min    |    Max    |    Avg    |
+----------------------------------------+------------+-----------+-----------+-----------+
|        Runtime (RDTSC) [s] STAT        |     5.3554 |    0.2418 |    0.2437 |    0.2434 |
|        Runtime unhalted [s] STAT       |     1.3766 |    0.0608 |    0.0663 |    0.0626 |
|            Clock [MHz] STAT            | 41699.2114 | 1895.2428 | 1896.0650 | 1895.4187 |
|                CPI STAT                |    30.3169 |    0.6895 |    1.5516 |    1.3780 |
|             Energy [J] STAT            |    19.0583 |         0 |   10.1888 |    0.8663 |
|             Power [W] STAT             |    78.8119 |         0 |   42.1355 |    3.5824 |
|          Energy DRAM [J] STAT          |     2.0302 |         0 |    1.1442 |    0.0923 |
|           Power DRAM [W] STAT          |     8.3955 |         0 |    4.7320 |    0.3816 |
|            DP [MFLOP/s] STAT           |  2933.8467 |  125.5760 |  178.2522 |  133.3567 |
|          AVX DP [MFLOP/s] STAT         |     4.9426 |         0 |    4.9426 |    0.2247 |
|          Packed [MUOPS/s] STAT         |     0.7441 |         0 |    0.7441 |    0.0338 |
|          Scalar [MUOPS/s] STAT         |  2928.7139 |  125.5760 |  173.1194 |  133.1234 |
|  Memory read bandwidth [MBytes/s] STAT |   435.3354 |         0 |  356.3478 |   19.7880 |
|  Memory read data volume [GBytes] STAT |     0.1053 |         0 |    0.0862 |    0.0048 |
| Memory write bandwidth [MBytes/s] STAT |   995.5300 |         0 |  847.4257 |   45.2514 |
| Memory write data volume [GBytes] STAT |     0.2407 |         0 |    0.2049 |    0.0109 |
|    Memory bandwidth [MBytes/s] STAT    |  1430.8654 |         0 | 1203.7735 |   65.0393 |
|    Memory data volume [GBytes] STAT    |     0.3460 |         0 |    0.2911 |    0.0157 |
|       Operational intensity STAT       |     6.1555 |    0.1091 |    0.5789 |    0.2798 |
+----------------------------------------+------------+-----------+-----------+-----------+
--------------------------------------------------------------------------------
CPU name:	Intel(R) Xeon(R) Gold 6132 CPU @ 2.60GHz
CPU type:	Intel Skylake SP processor
CPU clock:	2.59 GHz
--------------------------------------------------------------------------------
Region Solve, Group 1: MEM_DP
+-------------------+----------+----------+----------+----------+----------+----------+----------+----------+----------+----------+----------+----------+----------+----------+----------+----------+----------+----------+----------+----------+----------+----------+
|    Region Info    |  Core 0  |  Core 1  |  Core 2  |  Core 3  |  Core 4  |  Core 5  |  Core 6  |  Core 7  |  Core 8  |  Core 9  |  Core 10 |  Core 11 |  Core 12 |  Core 13 |  Core 14 |  Core 15 |  Core 16 |  Core 17 |  Core 18 |  Core 19 |  Core 20 |  Core 21 |
+-------------------+----------+----------+----------+----------+----------+----------+----------+----------+----------+----------+----------+----------+----------+----------+----------+----------+----------+----------+----------+----------+----------+----------+
| RDTSC Runtime [s] | 9.086211 | 9.087223 | 9.087230 | 9.087243 | 9.087233 | 9.087231 | 9.087227 | 9.087232 | 9.087228 | 9.087234 | 9.087228 | 9.087237 | 9.087226 | 9.087228 | 9.086180 | 9.087223 | 9.087227 | 9.087227 | 9.087219 | 9.087228 | 9.087227 | 9.087224 |
|     call count    |        1 |        1 |        1 |        1 |        1 |        1 |        1 |        1 |        1 |        1 |        1 |        1 |        1 |        1 |        1 |        1 |        1 |        1 |        1 |        1 |        1 |        1 |
+-------------------+----------+----------+----------+----------+----------+----------+----------+----------+----------+----------+----------+----------+----------+----------+----------+----------+----------+----------+----------+----------+----------+----------+
+------------------------------------------+---------+-------------+-------------+-------------+-------------+-------------+-------------+-------------+-------------+-------------+-------------+-------------+-------------+-------------+-------------+-------------+-------------+-------------+-------------+-------------+-------------+-------------+-------------+
|                   Event                  | Counter |    Core 0   |    Core 1   |    Core 2   |    Core 3   |    Core 4   |    Core 5   |    Core 6   |    Core 7   |    Core 8   |    Core 9   |   Core 10   |   Core 11   |   Core 12   |   Core 13   |   Core 14   |   Core 15   |   Core 16   |   Core 17   |   Core 18   |   Core 19   |   Core 20   |   Core 21   |
+------------------------------------------+---------+-------------+-------------+-------------+-------------+-------------+-------------+-------------+-------------+-------------+-------------+-------------+-------------+-------------+-------------+-------------+-------------+-------------+-------------+-------------+-------------+-------------+-------------+
|             INSTR_RETIRED_ANY            |  FIXC0  | 27258790000 | 27098090000 | 27032200000 | 27000400000 | 26693840000 | 26526610000 | 26321360000 | 26255670000 | 26205140000 | 26098440000 | 25941220000 | 25763220000 | 25809580000 | 25657450000 | 25532400000 | 25493790000 | 25517720000 | 25475330000 | 25504350000 | 25517450000 | 25279790000 | 26882000000 |
|           CPU_CLK_UNHALTED_CORE          |  FIXC1  | 17023000000 | 17120850000 | 17118220000 | 17073790000 | 17123290000 | 17123240000 | 17031250000 | 17129860000 | 17129660000 | 17129950000 | 17129610000 | 17129950000 | 16939170000 | 17122340000 | 17104840000 | 17093020000 | 17109650000 | 17113170000 | 17113170000 | 17115370000 | 17112050000 | 14418990000 |
|           CPU_CLK_UNHALTED_REF           |  FIXC2  | 23294630000 | 23428540000 | 23424960000 | 23364080000 | 23431880000 | 23431810000 | 23305910000 | 23440870000 | 23440580000 | 23440990000 | 23440530000 | 23441000000 | 23179960000 | 23430580000 | 23406630000 | 23390450000 | 23413220000 | 23418030000 | 23418030000 | 23421040000 | 23416500000 | 19730290000 |
|              PWR_PKG_ENERGY              |   PWR0  |    529.7704 |           0 |           0 |           0 |           0 |           0 |           0 |           0 |           0 |           0 |           0 |           0 |           0 |           0 |    429.3309 |           0 |           0 |           0 |           0 |           0 |           0 |           0 |
|              PWR_DRAM_ENERGY             |   PWR3  |     48.3193 |           0 |           0 |           0 |           0 |           0 |           0 |           0 |           0 |           0 |           0 |           0 |           0 |           0 |     39.7974 |           0 |           0 |           0 |           0 |           0 |           0 |           0 |
| FP_ARITH_INST_RETIRED_128B_PACKED_DOUBLE |   PMC0  |       65560 |           0 |           0 |           0 |           0 |           0 |           0 |           0 |           0 |           0 |           0 |           0 |           0 |           0 |           0 |           0 |           0 |           0 |           0 |           0 |           0 |           0 |
|    FP_ARITH_INST_RETIRED_SCALAR_DOUBLE   |   PMC1  |  8036752000 |  8024634000 |  8033309000 |  7987303000 |  7892306000 |  7842052000 |  7757121000 |  7763739000 |  7729206000 |  7669803000 |  7615752000 |  7554477000 |  7523259000 |  7553619000 |  7532263000 |  7520662000 |  7523340000 |  7510601000 |  7542814000 |  7561601000 |  7449743000 |  7350753000 |
| FP_ARITH_INST_RETIRED_256B_PACKED_DOUBLE |   PMC2  |       83556 |           0 |           0 |           0 |           0 |           0 |           0 |           0 |           0 |           0 |           0 |           0 |           0 |           0 |           0 |           0 |           0 |           0 |           0 |           0 |           0 |           0 |
| FP_ARITH_INST_RETIRED_512B_PACKED_DOUBLE |   PMC3  |      417868 |           0 |           0 |           0 |           0 |           0 |           0 |           0 |           0 |           0 |           0 |           0 |           0 |           0 |           0 |           0 |           0 |           0 |           0 |           0 |           0 |           0 |
|               CAS_COUNT_RD               | MBOX0C0 |    49408610 |           0 |           0 |           0 |           0 |           0 |           0 |           0 |           0 |           0 |           0 |           0 |           0 |           0 |    21874480 |           0 |           0 |           0 |           0 |           0 |           0 |           0 |
|               CAS_COUNT_WR               | MBOX0C1 |    24610880 |           0 |           0 |           0 |           0 |           0 |           0 |           0 |           0 |           0 |           0 |           0 |           0 |           0 |    12629900 |           0 |           0 |           0 |           0 |           0 |           0 |           0 |
|               CAS_COUNT_RD               | MBOX1C0 |    49279910 |           0 |           0 |           0 |           0 |           0 |           0 |           0 |           0 |           0 |           0 |           0 |           0 |           0 |    21855310 |           0 |           0 |           0 |           0 |           0 |           0 |           0 |
|               CAS_COUNT_WR               | MBOX1C1 |    24536230 |           0 |           0 |           0 |           0 |           0 |           0 |           0 |           0 |           0 |           0 |           0 |           0 |           0 |    12614540 |           0 |           0 |           0 |           0 |           0 |           0 |           0 |
|               CAS_COUNT_RD               | MBOX2C0 |    49395940 |           0 |           0 |           0 |           0 |           0 |           0 |           0 |           0 |           0 |           0 |           0 |           0 |           0 |    22007210 |           0 |           0 |           0 |           0 |           0 |           0 |           0 |
|               CAS_COUNT_WR               | MBOX2C1 |    24557910 |           0 |           0 |           0 |           0 |           0 |           0 |           0 |           0 |           0 |           0 |           0 |           0 |           0 |    12795810 |           0 |           0 |           0 |           0 |           0 |           0 |           0 |
|               CAS_COUNT_RD               | MBOX3C0 |    49082070 |           0 |           0 |           0 |           0 |           0 |           0 |           0 |           0 |           0 |           0 |           0 |           0 |           0 |    21665760 |           0 |           0 |           0 |           0 |           0 |           0 |           0 |
|               CAS_COUNT_WR               | MBOX3C1 |    24382810 |           0 |           0 |           0 |           0 |           0 |           0 |           0 |           0 |           0 |           0 |           0 |           0 |           0 |    12479960 |           0 |           0 |           0 |           0 |           0 |           0 |           0 |
|               CAS_COUNT_RD               | MBOX4C0 |    49021190 |           0 |           0 |           0 |           0 |           0 |           0 |           0 |           0 |           0 |           0 |           0 |           0 |           0 |    21592140 |           0 |           0 |           0 |           0 |           0 |           0 |           0 |
|               CAS_COUNT_WR               | MBOX4C1 |    24409940 |           0 |           0 |           0 |           0 |           0 |           0 |           0 |           0 |           0 |           0 |           0 |           0 |           0 |    12365880 |           0 |           0 |           0 |           0 |           0 |           0 |           0 |
|               CAS_COUNT_RD               | MBOX5C0 |    48945740 |           0 |           0 |           0 |           0 |           0 |           0 |           0 |           0 |           0 |           0 |           0 |           0 |           0 |    21533040 |           0 |           0 |           0 |           0 |           0 |           0 |           0 |
|               CAS_COUNT_WR               | MBOX5C1 |    24320520 |           0 |           0 |           0 |           0 |           0 |           0 |           0 |           0 |           0 |           0 |           0 |           0 |           0 |    12326480 |           0 |           0 |           0 |           0 |           0 |           0 |           0 |
+------------------------------------------+---------+-------------+-------------+-------------+-------------+-------------+-------------+-------------+-------------+-------------+-------------+-------------+-------------+-------------+-------------+-------------+-------------+-------------+-------------+-------------+-------------+-------------+-------------+
+-----------------------------------------------+---------+--------------+-------------+-------------+--------------+
|                     Event                     | Counter |      Sum     |     Min     |     Max     |      Avg     |
+-----------------------------------------------+---------+--------------+-------------+-------------+--------------+
|             INSTR_RETIRED_ANY STAT            |  FIXC0  | 574864840000 | 25279790000 | 27258790000 |  26130220000 |
|           CPU_CLK_UNHALTED_CORE STAT          |  FIXC1  | 373504440000 | 14418990000 | 17129950000 | 1.697747e+10 |
|           CPU_CLK_UNHALTED_REF STAT           |  FIXC2  | 511110510000 | 19730290000 | 23441000000 | 2.323230e+10 |
|              PWR_PKG_ENERGY STAT              |   PWR0  |     959.1013 |           0 |    529.7704 |      43.5955 |
|              PWR_DRAM_ENERGY STAT             |   PWR3  |      88.1167 |           0 |     48.3193 |       4.0053 |
| FP_ARITH_INST_RETIRED_128B_PACKED_DOUBLE STAT |   PMC0  |        65560 |           0 |       65560 |         2980 |
|    FP_ARITH_INST_RETIRED_SCALAR_DOUBLE STAT   |   PMC1  | 168975109000 |  7350753000 |  8036752000 | 7.680687e+09 |
| FP_ARITH_INST_RETIRED_256B_PACKED_DOUBLE STAT |   PMC2  |        83556 |           0 |       83556 |         3798 |
| FP_ARITH_INST_RETIRED_512B_PACKED_DOUBLE STAT |   PMC3  |       417868 |           0 |      417868 |        18994 |
|               CAS_COUNT_RD STAT               | MBOX0C0 |     71283090 |           0 |    49408610 | 3.240140e+06 |
|               CAS_COUNT_WR STAT               | MBOX0C1 |     37240780 |           0 |    24610880 | 1.692763e+06 |
|               CAS_COUNT_RD STAT               | MBOX1C0 |     71135220 |           0 |    49279910 | 3.233419e+06 |
|               CAS_COUNT_WR STAT               | MBOX1C1 |     37150770 |           0 |    24536230 | 1.688671e+06 |
|               CAS_COUNT_RD STAT               | MBOX2C0 |     71403150 |           0 |    49395940 | 3.245598e+06 |
|               CAS_COUNT_WR STAT               | MBOX2C1 |     37353720 |           0 |    24557910 | 1.697896e+06 |
|               CAS_COUNT_RD STAT               | MBOX3C0 |     70747830 |           0 |    49082070 | 3.215810e+06 |
|               CAS_COUNT_WR STAT               | MBOX3C1 |     36862770 |           0 |    24382810 | 1.675580e+06 |
|               CAS_COUNT_RD STAT               | MBOX4C0 |     70613330 |           0 |    49021190 | 3.209697e+06 |
|               CAS_COUNT_WR STAT               | MBOX4C1 |     36775820 |           0 |    24409940 | 1.671628e+06 |
|               CAS_COUNT_RD STAT               | MBOX5C0 |     70478780 |           0 |    48945740 | 3.203581e+06 |
|               CAS_COUNT_WR STAT               | MBOX5C1 |     36647000 |           0 |    24320520 | 1.665773e+06 |
+-----------------------------------------------+---------+--------------+-------------+-------------+--------------+
+-----------------------------------+-----------+-----------+-----------+-----------+-----------+-----------+-----------+-----------+-----------+-----------+-----------+-----------+-----------+-----------+-----------+-----------+-----------+-----------+-----------+-----------+-----------+-----------+
|               Metric              |   Core 0  |   Core 1  |   Core 2  |   Core 3  |   Core 4  |   Core 5  |   Core 6  |   Core 7  |   Core 8  |   Core 9  |  Core 10  |  Core 11  |  Core 12  |  Core 13  |  Core 14  |  Core 15  |  Core 16  |  Core 17  |  Core 18  |  Core 19  |  Core 20  |  Core 21  |
+-----------------------------------+-----------+-----------+-----------+-----------+-----------+-----------+-----------+-----------+-----------+-----------+-----------+-----------+-----------+-----------+-----------+-----------+-----------+-----------+-----------+-----------+-----------+-----------+
|        Runtime (RDTSC) [s]        |    9.0862 |    9.0872 |    9.0872 |    9.0872 |    9.0872 |    9.0872 |    9.0872 |    9.0872 |    9.0872 |    9.0872 |    9.0872 |    9.0872 |    9.0872 |    9.0872 |    9.0862 |    9.0872 |    9.0872 |    9.0872 |    9.0872 |    9.0872 |    9.0872 |    9.0872 |
|        Runtime unhalted [s]       |    6.5630 |    6.6008 |    6.5997 |    6.5826 |    6.6017 |    6.6017 |    6.5662 |    6.6042 |    6.6041 |    6.6043 |    6.6041 |    6.6043 |    6.5307 |    6.6013 |    6.5946 |    6.5900 |    6.5964 |    6.5978 |    6.5978 |    6.5986 |    6.5974 |    5.5591 |
|            Clock [MHz]            | 1895.4490 | 1895.4482 | 1895.4467 | 1895.4532 | 1895.4481 | 1895.4482 | 1895.4498 | 1895.4482 | 1895.4495 | 1895.4484 | 1895.4480 | 1895.4476 | 1895.4454 | 1895.4481 | 1895.4483 | 1895.4488 | 1895.4477 | 1895.4482 | 1895.4482 | 1895.4483 | 1895.4480 | 1895.5411 |
|                CPI                |    0.6245 |    0.6318 |    0.6333 |    0.6324 |    0.6415 |    0.6455 |    0.6471 |    0.6524 |    0.6537 |    0.6564 |    0.6603 |    0.6649 |    0.6563 |    0.6673 |    0.6699 |    0.6705 |    0.6705 |    0.6718 |    0.6710 |    0.6707 |    0.6769 |    0.5364 |
|             Energy [J]            |  529.7704 |         0 |         0 |         0 |         0 |         0 |         0 |         0 |         0 |         0 |         0 |         0 |         0 |         0 |  429.3309 |         0 |         0 |         0 |         0 |         0 |         0 |         0 |
|             Power [W]             |   58.3049 |         0 |         0 |         0 |         0 |         0 |         0 |         0 |         0 |         0 |         0 |         0 |         0 |         0 |   47.2510 |         0 |         0 |         0 |         0 |         0 |         0 |         0 |
|          Energy DRAM [J]          |   48.3193 |         0 |         0 |         0 |         0 |         0 |         0 |         0 |         0 |         0 |         0 |         0 |         0 |         0 |   39.7974 |         0 |         0 |         0 |         0 |         0 |         0 |         0 |
|           Power DRAM [W]          |    5.3179 |         0 |         0 |         0 |         0 |         0 |         0 |         0 |         0 |         0 |         0 |         0 |         0 |         0 |    4.3800 |         0 |         0 |         0 |         0 |         0 |         0 |         0 |
|            DP [MFLOP/s]           |  884.9189 |  883.0678 |  884.0218 |  878.9578 |  868.5049 |  862.9749 |  853.6291 |  854.3569 |  850.5571 |  844.0195 |  838.0721 |  831.3283 |  827.8939 |  831.2347 |  828.9802 |  827.6084 |  827.9027 |  826.5009 |  830.0465 |  832.1130 |  819.8038 |  808.9107 |
|          AVX DP [MFLOP/s]         |    0.4047 |         0 |         0 |         0 |         0 |         0 |         0 |         0 |         0 |         0 |         0 |         0 |         0 |         0 |         0 |         0 |         0 |         0 |         0 |         0 |         0 |         0 |
|          Packed [MUOPS/s]         |    0.0624 |         0 |         0 |         0 |         0 |         0 |         0 |         0 |         0 |         0 |         0 |         0 |         0 |         0 |         0 |         0 |         0 |         0 |         0 |         0 |         0 |         0 |
|          Scalar [MUOPS/s]         |  884.4998 |  883.0678 |  884.0218 |  878.9578 |  868.5049 |  862.9749 |  853.6291 |  854.3569 |  850.5571 |  844.0195 |  838.0721 |  831.3283 |  827.8939 |  831.2347 |  828.9802 |  827.6084 |  827.9027 |  826.5009 |  830.0465 |  832.1130 |  819.8038 |  808.9107 |
|  Memory read bandwidth [MBytes/s] | 2078.8139 |         0 |         0 |         0 |         0 |         0 |         0 |         0 |         0 |         0 |         0 |         0 |         0 |         0 |  919.3950 |         0 |         0 |         0 |         0 |         0 |         0 |         0 |
|  Memory read data volume [GBytes] |   18.8885 |         0 |         0 |         0 |         0 |         0 |         0 |         0 |         0 |         0 |         0 |         0 |         0 |         0 |    8.3538 |         0 |         0 |         0 |         0 |         0 |         0 |         0 |
| Memory write bandwidth [MBytes/s] | 1034.1352 |         0 |         0 |         0 |         0 |         0 |         0 |         0 |         0 |         0 |         0 |         0 |         0 |         0 |  529.7721 |         0 |         0 |         0 |         0 |         0 |         0 |         0 |
| Memory write data volume [GBytes] |    9.3964 |         0 |         0 |         0 |         0 |         0 |         0 |         0 |         0 |         0 |         0 |         0 |         0 |         0 |    4.8136 |         0 |         0 |         0 |         0 |         0 |         0 |         0 |
|    Memory bandwidth [MBytes/s]    | 3112.9491 |         0 |         0 |         0 |         0 |         0 |         0 |         0 |         0 |         0 |         0 |         0 |         0 |         0 | 1449.1670 |         0 |         0 |         0 |         0 |         0 |         0 |         0 |
|    Memory data volume [GBytes]    |   28.2849 |         0 |         0 |         0 |         0 |         0 |         0 |         0 |         0 |         0 |         0 |         0 |         0 |         0 |   13.1674 |         0 |         0 |         0 |         0 |         0 |         0 |         0 |
|       Operational intensity       |    0.2843 |    0.2837 |    0.2840 |    0.2824 |    0.2790 |    0.2773 |    0.2742 |    0.2745 |    0.2733 |    0.2712 |    0.2693 |    0.2671 |    0.2660 |    0.2671 |    0.5720 |    0.5712 |    0.5714 |    0.5704 |    0.5728 |    0.5743 |    0.5658 |    0.5583 |
+-----------------------------------+-----------+-----------+-----------+-----------+-----------+-----------+-----------+-----------+-----------+-----------+-----------+-----------+-----------+-----------+-----------+-----------+-----------+-----------+-----------+-----------+-----------+-----------+
+----------------------------------------+------------+-----------+-----------+-----------+
|                 Metric                 |     Sum    |    Min    |    Max    |    Avg    |
+----------------------------------------+------------+-----------+-----------+-----------+
|        Runtime (RDTSC) [s] STAT        |   199.9164 |    9.0862 |    9.0872 |    9.0871 |
|        Runtime unhalted [s] STAT       |   144.0004 |    5.5591 |    6.6043 |    6.5455 |
|            Clock [MHz] STAT            | 41699.9570 | 1895.4454 | 1895.5411 | 1895.4526 |
|                CPI STAT                |    14.3051 |    0.5364 |    0.6769 |    0.6502 |
|             Energy [J] STAT            |   959.1013 |         0 |  529.7704 |   43.5955 |
|             Power [W] STAT             |   105.5559 |         0 |   58.3049 |    4.7980 |
|          Energy DRAM [J] STAT          |    88.1167 |         0 |   48.3193 |    4.0053 |
|           Power DRAM [W] STAT          |     9.6979 |         0 |    5.3179 |    0.4408 |
|            DP [MFLOP/s] STAT           | 18595.4039 |  808.9107 |  884.9189 |  845.2456 |
|          AVX DP [MFLOP/s] STAT         |     0.4047 |         0 |    0.4047 |    0.0184 |
|          Packed [MUOPS/s] STAT         |     0.0624 |         0 |    0.0624 |    0.0028 |
|          Scalar [MUOPS/s] STAT         | 18594.9848 |  808.9107 |  884.4998 |  845.2266 |
|  Memory read bandwidth [MBytes/s] STAT |  2998.2089 |         0 | 2078.8139 |  136.2822 |
|  Memory read data volume [GBytes] STAT |    27.2423 |         0 |   18.8885 |    1.2383 |
| Memory write bandwidth [MBytes/s] STAT |  1563.9073 |         0 | 1034.1352 |   71.0867 |
| Memory write data volume [GBytes] STAT |    14.2100 |         0 |    9.3964 |    0.6459 |
|    Memory bandwidth [MBytes/s] STAT    |  4562.1161 |         0 | 3112.9491 |  207.3689 |
|    Memory data volume [GBytes] STAT    |    41.4523 |         0 |   28.2849 |    1.8842 |
|       Operational intensity STAT       |     8.4096 |    0.2660 |    0.5743 |    0.3823 |
+----------------------------------------+------------+-----------+-----------+-----------+
