--------------------------------------------------------------------------------
CPU name:	Intel(R) Xeon(R) Gold 6132 CPU @ 2.60GHz
CPU type:	Intel Skylake SP processor
CPU clock:	2.59 GHz
--------------------------------------------------------------------------------
Region Setup, Group 1: MEM_DP
+-------------------+----------+----------+----------+----------+----------+----------+----------+----------+----------+----------+----------+----------+----------+----------+
|    Region Info    |  Core 0  |  Core 1  |  Core 2  |  Core 3  |  Core 4  |  Core 5  |  Core 6  |  Core 7  |  Core 8  |  Core 9  |  Core 10 |  Core 11 |  Core 12 |  Core 13 |
+-------------------+----------+----------+----------+----------+----------+----------+----------+----------+----------+----------+----------+----------+----------+----------+
| RDTSC Runtime [s] | 0.289049 | 0.232891 | 0.289947 | 0.289971 | 0.232920 | 0.232892 | 0.289944 | 0.232889 | 0.289965 | 0.289960 | 0.232988 | 0.289961 | 0.289959 | 0.232885 |
|     call count    |        2 |        2 |        2 |        2 |        2 |        2 |        2 |        2 |        2 |        2 |        2 |        2 |        2 |        2 |
+-------------------+----------+----------+----------+----------+----------+----------+----------+----------+----------+----------+----------+----------+----------+----------+
+------------------------------------------+---------+-----------+-----------+-----------+-----------+-----------+-----------+-----------+-----------+-----------+-----------+-----------+-----------+-----------+-----------+
|                   Event                  | Counter |   Core 0  |   Core 1  |   Core 2  |   Core 3  |   Core 4  |   Core 5  |   Core 6  |   Core 7  |   Core 8  |   Core 9  |  Core 10  |  Core 11  |  Core 12  |  Core 13  |
+------------------------------------------+---------+-----------+-----------+-----------+-----------+-----------+-----------+-----------+-----------+-----------+-----------+-----------+-----------+-----------+-----------+
|             INSTR_RETIRED_ANY            |  FIXC0  | 315654900 | 181156700 | 182196500 | 182076500 | 178741100 | 177831600 | 179730400 | 177816100 | 177801200 | 177174300 | 173633400 | 175401900 | 175289500 | 172943100 |
|           CPU_CLK_UNHALTED_CORE          |  FIXC1  | 238867900 | 183729600 | 228358000 | 227299800 | 183150800 | 184209600 | 226602300 | 185202900 | 225737000 | 226032700 | 182075700 | 229707100 | 226963100 | 184862000 |
|           CPU_CLK_UNHALTED_REF           |  FIXC2  | 326853500 | 251419400 | 312491200 | 311039900 | 250636600 | 252077900 | 310089900 | 253439400 | 308902900 | 309303700 | 249226800 | 314335500 | 310585400 | 252967200 |
|              PWR_PKG_ENERGY              |   PWR0  |   11.5862 |         0 |         0 |         0 |         0 |         0 |         0 |         0 |         0 |         0 |         0 |         0 |         0 |         0 |
|              PWR_DRAM_ENERGY             |   PWR3  |    1.2554 |         0 |         0 |         0 |         0 |         0 |         0 |         0 |         0 |         0 |         0 |         0 |         0 |         0 |
| FP_ARITH_INST_RETIRED_128B_PACKED_DOUBLE |   PMC0  |     23000 |         0 |         0 |         0 |         0 |         0 |         0 |         0 |         0 |         0 |         0 |         0 |         0 |         0 |
|    FP_ARITH_INST_RETIRED_SCALAR_DOUBLE   |   PMC1  |  60682810 |  51472130 |  51159930 |  51129590 |  50756130 |  50451950 |  50421060 |  50436660 |  49932020 |  49728200 |  49309180 |  49166200 |  49166200 |  49022080 |
| FP_ARITH_INST_RETIRED_256B_PACKED_DOUBLE |   PMC2  |     15090 |         0 |         0 |         0 |         0 |         0 |         0 |         0 |         0 |         0 |         0 |         0 |         0 |         0 |
| FP_ARITH_INST_RETIRED_512B_PACKED_DOUBLE |   PMC3  |    141851 |         0 |         0 |         0 |         0 |         0 |         0 |         0 |         0 |         0 |         0 |         0 |         0 |         0 |
|               CAS_COUNT_RD               | MBOX0C0 |    257685 |         0 |         0 |         0 |         0 |         0 |         0 |         0 |         0 |         0 |         0 |         0 |         0 |         0 |
|               CAS_COUNT_WR               | MBOX0C1 |    538183 |         0 |         0 |         0 |         0 |         0 |         0 |         0 |         0 |         0 |         0 |         0 |         0 |         0 |
|               CAS_COUNT_RD               | MBOX1C0 |    257147 |         0 |         0 |         0 |         0 |         0 |         0 |         0 |         0 |         0 |         0 |         0 |         0 |         0 |
|               CAS_COUNT_WR               | MBOX1C1 |    536977 |         0 |         0 |         0 |         0 |         0 |         0 |         0 |         0 |         0 |         0 |         0 |         0 |         0 |
|               CAS_COUNT_RD               | MBOX2C0 |    256648 |         0 |         0 |         0 |         0 |         0 |         0 |         0 |         0 |         0 |         0 |         0 |         0 |         0 |
|               CAS_COUNT_WR               | MBOX2C1 |    538023 |         0 |         0 |         0 |         0 |         0 |         0 |         0 |         0 |         0 |         0 |         0 |         0 |         0 |
|               CAS_COUNT_RD               | MBOX3C0 |    213092 |         0 |         0 |         0 |         0 |         0 |         0 |         0 |         0 |         0 |         0 |         0 |         0 |         0 |
|               CAS_COUNT_WR               | MBOX3C1 |    532677 |         0 |         0 |         0 |         0 |         0 |         0 |         0 |         0 |         0 |         0 |         0 |         0 |         0 |
|               CAS_COUNT_RD               | MBOX4C0 |    212662 |         0 |         0 |         0 |         0 |         0 |         0 |         0 |         0 |         0 |         0 |         0 |         0 |         0 |
|               CAS_COUNT_WR               | MBOX4C1 |    532435 |         0 |         0 |         0 |         0 |         0 |         0 |         0 |         0 |         0 |         0 |         0 |         0 |         0 |
|               CAS_COUNT_RD               | MBOX5C0 |    211026 |         0 |         0 |         0 |         0 |         0 |         0 |         0 |         0 |         0 |         0 |         0 |         0 |         0 |
|               CAS_COUNT_WR               | MBOX5C1 |    529989 |         0 |         0 |         0 |         0 |         0 |         0 |         0 |         0 |         0 |         0 |         0 |         0 |         0 |
+------------------------------------------+---------+-----------+-----------+-----------+-----------+-----------+-----------+-----------+-----------+-----------+-----------+-----------+-----------+-----------+-----------+
+-----------------------------------------------+---------+------------+-----------+-----------+--------------+
|                     Event                     | Counter |     Sum    |    Min    |    Max    |      Avg     |
+-----------------------------------------------+---------+------------+-----------+-----------+--------------+
|             INSTR_RETIRED_ANY STAT            |  FIXC0  | 2627447200 | 172943100 | 315654900 |    187674800 |
|           CPU_CLK_UNHALTED_CORE STAT          |  FIXC1  | 2932798500 | 182075700 | 238867900 | 2.094856e+08 |
|           CPU_CLK_UNHALTED_REF STAT           |  FIXC2  | 4013369300 | 249226800 | 326853500 | 2.866692e+08 |
|              PWR_PKG_ENERGY STAT              |   PWR0  |    11.5862 |         0 |   11.5862 |       0.8276 |
|              PWR_DRAM_ENERGY STAT             |   PWR3  |     1.2554 |         0 |    1.2554 |       0.0897 |
| FP_ARITH_INST_RETIRED_128B_PACKED_DOUBLE STAT |   PMC0  |      23000 |         0 |     23000 |    1642.8571 |
|    FP_ARITH_INST_RETIRED_SCALAR_DOUBLE STAT   |   PMC1  |  712834140 |  49022080 |  60682810 | 5.091672e+07 |
| FP_ARITH_INST_RETIRED_256B_PACKED_DOUBLE STAT |   PMC2  |      15090 |         0 |     15090 |    1077.8571 |
| FP_ARITH_INST_RETIRED_512B_PACKED_DOUBLE STAT |   PMC3  |     141851 |         0 |    141851 |   10132.2143 |
|               CAS_COUNT_RD STAT               | MBOX0C0 |     257685 |         0 |    257685 |   18406.0714 |
|               CAS_COUNT_WR STAT               | MBOX0C1 |     538183 |         0 |    538183 |   38441.6429 |
|               CAS_COUNT_RD STAT               | MBOX1C0 |     257147 |         0 |    257147 |   18367.6429 |
|               CAS_COUNT_WR STAT               | MBOX1C1 |     536977 |         0 |    536977 |   38355.5000 |
|               CAS_COUNT_RD STAT               | MBOX2C0 |     256648 |         0 |    256648 |        18332 |
|               CAS_COUNT_WR STAT               | MBOX2C1 |     538023 |         0 |    538023 |   38430.2143 |
|               CAS_COUNT_RD STAT               | MBOX3C0 |     213092 |         0 |    213092 |   15220.8571 |
|               CAS_COUNT_WR STAT               | MBOX3C1 |     532677 |         0 |    532677 |   38048.3571 |
|               CAS_COUNT_RD STAT               | MBOX4C0 |     212662 |         0 |    212662 |   15190.1429 |
|               CAS_COUNT_WR STAT               | MBOX4C1 |     532435 |         0 |    532435 |   38031.0714 |
|               CAS_COUNT_RD STAT               | MBOX5C0 |     211026 |         0 |    211026 |   15073.2857 |
|               CAS_COUNT_WR STAT               | MBOX5C1 |     529989 |         0 |    529989 |   37856.3571 |
+-----------------------------------------------+---------+------------+-----------+-----------+--------------+
+-----------------------------------+-----------+-----------+-----------+-----------+-----------+-----------+-----------+-----------+-----------+-----------+-----------+-----------+-----------+-----------+
|               Metric              |   Core 0  |   Core 1  |   Core 2  |   Core 3  |   Core 4  |   Core 5  |   Core 6  |   Core 7  |   Core 8  |   Core 9  |  Core 10  |  Core 11  |  Core 12  |  Core 13  |
+-----------------------------------+-----------+-----------+-----------+-----------+-----------+-----------+-----------+-----------+-----------+-----------+-----------+-----------+-----------+-----------+
|        Runtime (RDTSC) [s]        |    0.2890 |    0.2329 |    0.2899 |    0.2900 |    0.2329 |    0.2329 |    0.2899 |    0.2329 |    0.2900 |    0.2900 |    0.2330 |    0.2900 |    0.2900 |    0.2329 |
|        Runtime unhalted [s]       |    0.0921 |    0.0708 |    0.0880 |    0.0876 |    0.0706 |    0.0710 |    0.0874 |    0.0714 |    0.0870 |    0.0871 |    0.0702 |    0.0886 |    0.0875 |    0.0713 |
|            Clock [MHz]            | 1895.5542 | 1895.4481 | 1895.4398 | 1895.4595 | 1895.3782 | 1895.4356 | 1895.4322 | 1895.4189 | 1895.4499 | 1895.4735 | 1894.9109 | 1895.4509 | 1895.4214 | 1895.4616 |
|                CPI                |    0.7567 |    1.0142 |    1.2534 |    1.2484 |    1.0247 |    1.0359 |    1.2608 |    1.0415 |    1.2696 |    1.2758 |    1.0486 |    1.3096 |    1.2948 |    1.0689 |
|             Energy [J]            |   11.5862 |         0 |         0 |         0 |         0 |         0 |         0 |         0 |         0 |         0 |         0 |         0 |         0 |         0 |
|             Power [W]             |   40.0840 |         0 |         0 |         0 |         0 |         0 |         0 |         0 |         0 |         0 |         0 |         0 |         0 |         0 |
|          Energy DRAM [J]          |    1.2554 |         0 |         0 |         0 |         0 |         0 |         0 |         0 |         0 |         0 |         0 |         0 |         0 |         0 |
|           Power DRAM [W]          |    4.3431 |         0 |         0 |         0 |         0 |         0 |         0 |         0 |         0 |         0 |         0 |         0 |         0 |         0 |
|            DP [MFLOP/s]           |  214.2336 |  221.0136 |  176.4456 |  176.3267 |  217.9121 |  216.6322 |  173.8991 |  216.5695 |  172.2001 |  171.5000 |  211.6381 |  169.5614 |  169.5623 |  210.4988 |
|          AVX DP [MFLOP/s]         |    4.1348 |         0 |         0 |         0 |         0 |         0 |         0 |         0 |         0 |         0 |         0 |         0 |         0 |         0 |
|          Packed [MUOPS/s]         |    0.6225 |         0 |         0 |         0 |         0 |         0 |         0 |         0 |         0 |         0 |         0 |         0 |         0 |         0 |
|          Scalar [MUOPS/s]         |  209.9397 |  221.0136 |  176.4456 |  176.3267 |  217.9121 |  216.6322 |  173.8991 |  216.5695 |  172.2001 |  171.5000 |  211.6381 |  169.5614 |  169.5623 |  210.4988 |
|  Memory read bandwidth [MBytes/s] |  311.8112 |         0 |         0 |         0 |         0 |         0 |         0 |         0 |         0 |         0 |         0 |         0 |         0 |         0 |
|  Memory read data volume [GBytes] |    0.0901 |         0 |         0 |         0 |         0 |         0 |         0 |         0 |         0 |         0 |         0 |         0 |         0 |         0 |
| Memory write bandwidth [MBytes/s] |  710.3651 |         0 |         0 |         0 |         0 |         0 |         0 |         0 |         0 |         0 |         0 |         0 |         0 |         0 |
| Memory write data volume [GBytes] |    0.2053 |         0 |         0 |         0 |         0 |         0 |         0 |         0 |         0 |         0 |         0 |         0 |         0 |         0 |
|    Memory bandwidth [MBytes/s]    | 1022.1762 |         0 |         0 |         0 |         0 |         0 |         0 |         0 |         0 |         0 |         0 |         0 |         0 |         0 |
|    Memory data volume [GBytes]    |    0.2955 |         0 |         0 |         0 |         0 |         0 |         0 |         0 |         0 |         0 |         0 |         0 |         0 |         0 |
|       Operational intensity       |    0.2096 |    0.1742 |    0.1732 |    0.1731 |    0.1718 |    0.1708 |    0.1707 |    0.1707 |    0.1690 |    0.1683 |    0.1669 |    0.1664 |    0.1664 |    0.1659 |
+-----------------------------------+-----------+-----------+-----------+-----------+-----------+-----------+-----------+-----------+-----------+-----------+-----------+-----------+-----------+-----------+
+----------------------------------------+------------+-----------+-----------+-----------+
|                 Metric                 |     Sum    |    Min    |    Max    |    Avg    |
+----------------------------------------+------------+-----------+-----------+-----------+
|        Runtime (RDTSC) [s] STAT        |     3.7163 |    0.2329 |    0.2900 |    0.2655 |
|        Runtime unhalted [s] STAT       |     1.1306 |    0.0702 |    0.0921 |    0.0808 |
|            Clock [MHz] STAT            | 26535.7347 | 1894.9109 | 1895.5542 | 1895.4096 |
|                CPI STAT                |    15.9029 |    0.7567 |    1.3096 |    1.1359 |
|             Energy [J] STAT            |    11.5862 |         0 |   11.5862 |    0.8276 |
|             Power [W] STAT             |    40.0840 |         0 |   40.0840 |    2.8631 |
|          Energy DRAM [J] STAT          |     1.2554 |         0 |    1.2554 |    0.0897 |
|           Power DRAM [W] STAT          |     4.3431 |         0 |    4.3431 |    0.3102 |
|            DP [MFLOP/s] STAT           |  2717.9931 |  169.5614 |  221.0136 |  194.1424 |
|          AVX DP [MFLOP/s] STAT         |     4.1348 |         0 |    4.1348 |    0.2953 |
|          Packed [MUOPS/s] STAT         |     0.6225 |         0 |    0.6225 |    0.0445 |
|          Scalar [MUOPS/s] STAT         |  2713.6992 |  169.5614 |  221.0136 |  193.8357 |
|  Memory read bandwidth [MBytes/s] STAT |   311.8112 |         0 |  311.8112 |   22.2722 |
|  Memory read data volume [GBytes] STAT |     0.0901 |         0 |    0.0901 |    0.0064 |
| Memory write bandwidth [MBytes/s] STAT |   710.3651 |         0 |  710.3651 |   50.7404 |
| Memory write data volume [GBytes] STAT |     0.2053 |         0 |    0.2053 |    0.0147 |
|    Memory bandwidth [MBytes/s] STAT    |  1022.1762 |         0 | 1022.1762 |   73.0126 |
|    Memory data volume [GBytes] STAT    |     0.2955 |         0 |    0.2955 |    0.0211 |
|       Operational intensity STAT       |     2.4170 |    0.1659 |    0.2096 |    0.1726 |
+----------------------------------------+------------+-----------+-----------+-----------+
--------------------------------------------------------------------------------
CPU name:	Intel(R) Xeon(R) Gold 6132 CPU @ 2.60GHz
CPU type:	Intel Skylake SP processor
CPU clock:	2.59 GHz
--------------------------------------------------------------------------------
Region Solve, Group 1: MEM_DP
+-------------------+-----------+-----------+-----------+-----------+-----------+-----------+-----------+-----------+-----------+-----------+-----------+-----------+-----------+-----------+
|    Region Info    |   Core 0  |   Core 1  |   Core 2  |   Core 3  |   Core 4  |   Core 5  |   Core 6  |   Core 7  |   Core 8  |   Core 9  |  Core 10  |  Core 11  |  Core 12  |  Core 13  |
+-------------------+-----------+-----------+-----------+-----------+-----------+-----------+-----------+-----------+-----------+-----------+-----------+-----------+-----------+-----------+
| RDTSC Runtime [s] | 12.603720 | 12.604200 | 12.604200 | 12.604200 | 12.604200 | 12.604200 | 12.604200 | 12.604200 | 12.604200 | 12.604200 | 12.604200 | 12.604200 | 12.604200 | 12.604200 |
|     call count    |         1 |         1 |         1 |         1 |         1 |         1 |         1 |         1 |         1 |         1 |         1 |         1 |         1 |         1 |
+-------------------+-----------+-----------+-----------+-----------+-----------+-----------+-----------+-----------+-----------+-----------+-----------+-----------+-----------+-----------+
+------------------------------------------+---------+-------------+-------------+-------------+-------------+-------------+-------------+-------------+-------------+-------------+-------------+-------------+-------------+-------------+-------------+
|                   Event                  | Counter |    Core 0   |    Core 1   |    Core 2   |    Core 3   |    Core 4   |    Core 5   |    Core 6   |    Core 7   |    Core 8   |    Core 9   |   Core 10   |   Core 11   |   Core 12   |   Core 13   |
+------------------------------------------+---------+-------------+-------------+-------------+-------------+-------------+-------------+-------------+-------------+-------------+-------------+-------------+-------------+-------------+-------------+
|             INSTR_RETIRED_ANY            |  FIXC0  | 41985090000 | 41902900000 | 41629120000 | 41557190000 | 41140790000 | 41015900000 | 40862960000 | 40613230000 | 40298310000 | 40159810000 | 39970550000 | 39971400000 | 40098640000 | 41444000000 |
|           CPU_CLK_UNHALTED_CORE          |  FIXC1  | 23623850000 | 23747450000 | 23741940000 | 23703170000 | 23743780000 | 23753440000 | 23636630000 | 23753330000 | 23751220000 | 23754310000 | 23755380000 | 23754980000 | 23563940000 | 21063320000 |
|           CPU_CLK_UNHALTED_REF           |  FIXC2  | 32327380000 | 32496530000 | 32489010000 | 32435870000 | 32491500000 | 32504710000 | 32344860000 | 32504580000 | 32501660000 | 32505890000 | 32507360000 | 32506830000 | 32245480000 | 28821890000 |
|              PWR_PKG_ENERGY              |   PWR0  |    759.9876 |           0 |           0 |           0 |           0 |           0 |           0 |           0 |           0 |           0 |           0 |           0 |           0 |           0 |
|              PWR_DRAM_ENERGY             |   PWR3  |     79.3478 |           0 |           0 |           0 |           0 |           0 |           0 |           0 |           0 |           0 |           0 |           0 |           0 |           0 |
| FP_ARITH_INST_RETIRED_128B_PACKED_DOUBLE |   PMC0  |       65560 |           0 |           0 |           0 |           0 |           0 |           0 |           0 |           0 |           0 |           0 |           0 |           0 |           0 |
|    FP_ARITH_INST_RETIRED_SCALAR_DOUBLE   |   PMC1  | 12436290000 | 12491030000 | 12378390000 | 12319530000 | 12209950000 | 12128270000 | 12016070000 | 11968240000 | 11901510000 | 11888700000 | 11824990000 | 11844290000 | 11867470000 | 11700380000 |
| FP_ARITH_INST_RETIRED_256B_PACKED_DOUBLE |   PMC2  |       83556 |           0 |           0 |           0 |           0 |           0 |           0 |           0 |           0 |           0 |           0 |           0 |           0 |           0 |
| FP_ARITH_INST_RETIRED_512B_PACKED_DOUBLE |   PMC3  |      417868 |           0 |           0 |           0 |           0 |           0 |           0 |           0 |           0 |           0 |           0 |           0 |           0 |           0 |
|               CAS_COUNT_RD               | MBOX0C0 |   107618800 |           0 |           0 |           0 |           0 |           0 |           0 |           0 |           0 |           0 |           0 |           0 |           0 |           0 |
|               CAS_COUNT_WR               | MBOX0C1 |    45779850 |           0 |           0 |           0 |           0 |           0 |           0 |           0 |           0 |           0 |           0 |           0 |           0 |           0 |
|               CAS_COUNT_RD               | MBOX1C0 |   107007500 |           0 |           0 |           0 |           0 |           0 |           0 |           0 |           0 |           0 |           0 |           0 |           0 |           0 |
|               CAS_COUNT_WR               | MBOX1C1 |    45476730 |           0 |           0 |           0 |           0 |           0 |           0 |           0 |           0 |           0 |           0 |           0 |           0 |           0 |
|               CAS_COUNT_RD               | MBOX2C0 |   107302600 |           0 |           0 |           0 |           0 |           0 |           0 |           0 |           0 |           0 |           0 |           0 |           0 |           0 |
|               CAS_COUNT_WR               | MBOX2C1 |    45704170 |           0 |           0 |           0 |           0 |           0 |           0 |           0 |           0 |           0 |           0 |           0 |           0 |           0 |
|               CAS_COUNT_RD               | MBOX3C0 |   106496600 |           0 |           0 |           0 |           0 |           0 |           0 |           0 |           0 |           0 |           0 |           0 |           0 |           0 |
|               CAS_COUNT_WR               | MBOX3C1 |    45420540 |           0 |           0 |           0 |           0 |           0 |           0 |           0 |           0 |           0 |           0 |           0 |           0 |           0 |
|               CAS_COUNT_RD               | MBOX4C0 |   106571800 |           0 |           0 |           0 |           0 |           0 |           0 |           0 |           0 |           0 |           0 |           0 |           0 |           0 |
|               CAS_COUNT_WR               | MBOX4C1 |    45365740 |           0 |           0 |           0 |           0 |           0 |           0 |           0 |           0 |           0 |           0 |           0 |           0 |           0 |
|               CAS_COUNT_RD               | MBOX5C0 |   106155700 |           0 |           0 |           0 |           0 |           0 |           0 |           0 |           0 |           0 |           0 |           0 |           0 |           0 |
|               CAS_COUNT_WR               | MBOX5C1 |    45223760 |           0 |           0 |           0 |           0 |           0 |           0 |           0 |           0 |           0 |           0 |           0 |           0 |           0 |
+------------------------------------------+---------+-------------+-------------+-------------+-------------+-------------+-------------+-------------+-------------+-------------+-------------+-------------+-------------+-------------+-------------+
+-----------------------------------------------+---------+--------------+-------------+-------------+--------------+
|                     Event                     | Counter |      Sum     |     Min     |     Max     |      Avg     |
+-----------------------------------------------+---------+--------------+-------------+-------------+--------------+
|             INSTR_RETIRED_ANY STAT            |  FIXC0  | 572649890000 | 39970550000 | 41985090000 | 4.090356e+10 |
|           CPU_CLK_UNHALTED_CORE STAT          |  FIXC1  | 329346740000 | 21063320000 | 23755380000 | 2.352477e+10 |
|           CPU_CLK_UNHALTED_REF STAT           |  FIXC2  | 450683550000 | 28821890000 | 32507360000 | 3.219168e+10 |
|              PWR_PKG_ENERGY STAT              |   PWR0  |     759.9876 |           0 |    759.9876 |      54.2848 |
|              PWR_DRAM_ENERGY STAT             |   PWR3  |      79.3478 |           0 |     79.3478 |       5.6677 |
| FP_ARITH_INST_RETIRED_128B_PACKED_DOUBLE STAT |   PMC0  |        65560 |           0 |       65560 |    4682.8571 |
|    FP_ARITH_INST_RETIRED_SCALAR_DOUBLE STAT   |   PMC1  | 168975110000 | 11700380000 | 12491030000 | 1.206965e+10 |
| FP_ARITH_INST_RETIRED_256B_PACKED_DOUBLE STAT |   PMC2  |        83556 |           0 |       83556 |    5968.2857 |
| FP_ARITH_INST_RETIRED_512B_PACKED_DOUBLE STAT |   PMC3  |       417868 |           0 |      417868 |   29847.7143 |
|               CAS_COUNT_RD STAT               | MBOX0C0 |    107618800 |           0 |   107618800 | 7.687057e+06 |
|               CAS_COUNT_WR STAT               | MBOX0C1 |     45779850 |           0 |    45779850 | 3.269989e+06 |
|               CAS_COUNT_RD STAT               | MBOX1C0 |    107007500 |           0 |   107007500 | 7.643393e+06 |
|               CAS_COUNT_WR STAT               | MBOX1C1 |     45476730 |           0 |    45476730 | 3.248338e+06 |
|               CAS_COUNT_RD STAT               | MBOX2C0 |    107302600 |           0 |   107302600 | 7.664471e+06 |
|               CAS_COUNT_WR STAT               | MBOX2C1 |     45704170 |           0 |    45704170 | 3.264584e+06 |
|               CAS_COUNT_RD STAT               | MBOX3C0 |    106496600 |           0 |   106496600 |      7606900 |
|               CAS_COUNT_WR STAT               | MBOX3C1 |     45420540 |           0 |    45420540 | 3.244324e+06 |
|               CAS_COUNT_RD STAT               | MBOX4C0 |    106571800 |           0 |   106571800 | 7.612271e+06 |
|               CAS_COUNT_WR STAT               | MBOX4C1 |     45365740 |           0 |    45365740 |      3240410 |
|               CAS_COUNT_RD STAT               | MBOX5C0 |    106155700 |           0 |   106155700 |      7582550 |
|               CAS_COUNT_WR STAT               | MBOX5C1 |     45223760 |           0 |    45223760 | 3.230269e+06 |
+-----------------------------------------------+---------+--------------+-------------+-------------+--------------+
+-----------------------------------+-----------+-----------+-----------+-----------+-----------+-----------+-----------+-----------+-----------+-----------+-----------+-----------+-----------+-----------+
|               Metric              |   Core 0  |   Core 1  |   Core 2  |   Core 3  |   Core 4  |   Core 5  |   Core 6  |   Core 7  |   Core 8  |   Core 9  |  Core 10  |  Core 11  |  Core 12  |  Core 13  |
+-----------------------------------+-----------+-----------+-----------+-----------+-----------+-----------+-----------+-----------+-----------+-----------+-----------+-----------+-----------+-----------+
|        Runtime (RDTSC) [s]        |   12.6037 |   12.6042 |   12.6042 |   12.6042 |   12.6042 |   12.6042 |   12.6042 |   12.6042 |   12.6042 |   12.6042 |   12.6042 |   12.6042 |   12.6042 |   12.6042 |
|        Runtime unhalted [s]       |    9.1079 |    9.1556 |    9.1534 |    9.1385 |    9.1542 |    9.1579 |    9.1128 |    9.1578 |    9.1570 |    9.1582 |    9.1586 |    9.1585 |    9.0848 |    8.1207 |
|            Clock [MHz]            | 1895.4473 | 1895.4466 | 1895.4454 | 1895.4504 | 1895.4470 | 1895.4476 | 1895.4478 | 1895.4464 | 1895.4483 | 1895.4482 | 1895.4478 | 1895.4468 | 1895.4425 | 1895.5530 |
|                CPI                |    0.5627 |    0.5667 |    0.5703 |    0.5704 |    0.5771 |    0.5791 |    0.5784 |    0.5849 |    0.5894 |    0.5915 |    0.5943 |    0.5943 |    0.5876 |    0.5082 |
|             Energy [J]            |  759.9876 |         0 |         0 |         0 |         0 |         0 |         0 |         0 |         0 |         0 |         0 |         0 |         0 |         0 |
|             Power [W]             |   60.2987 |         0 |         0 |         0 |         0 |         0 |         0 |         0 |         0 |         0 |         0 |         0 |         0 |         0 |
|          Energy DRAM [J]          |   79.3478 |         0 |         0 |         0 |         0 |         0 |         0 |         0 |         0 |         0 |         0 |         0 |         0 |         0 |
|           Power DRAM [W]          |    6.2956 |         0 |         0 |         0 |         0 |         0 |         0 |         0 |         0 |         0 |         0 |         0 |         0 |         0 |
|            DP [MFLOP/s]           |  987.0180 |  991.0212 |  982.0845 |  977.4147 |  968.7207 |  962.2404 |  953.3386 |  949.5438 |  944.2495 |  943.2332 |  938.1785 |  939.7098 |  941.5488 |  928.2922 |
|          AVX DP [MFLOP/s]         |    0.2918 |         0 |         0 |         0 |         0 |         0 |         0 |         0 |         0 |         0 |         0 |         0 |         0 |         0 |
|          Packed [MUOPS/s]         |    0.0450 |         0 |         0 |         0 |         0 |         0 |         0 |         0 |         0 |         0 |         0 |         0 |         0 |         0 |
|          Scalar [MUOPS/s]         |  986.7158 |  991.0212 |  982.0845 |  977.4147 |  968.7207 |  962.2404 |  953.3386 |  949.5438 |  944.2495 |  943.2332 |  938.1785 |  939.7098 |  941.5488 |  928.2922 |
|  Memory read bandwidth [MBytes/s] | 3255.6890 |         0 |         0 |         0 |         0 |         0 |         0 |         0 |         0 |         0 |         0 |         0 |         0 |         0 |
|  Memory read data volume [GBytes] |   41.0338 |         0 |         0 |         0 |         0 |         0 |         0 |         0 |         0 |         0 |         0 |         0 |         0 |         0 |
| Memory write bandwidth [MBytes/s] | 1386.1091 |         0 |         0 |         0 |         0 |         0 |         0 |         0 |         0 |         0 |         0 |         0 |         0 |         0 |
| Memory write data volume [GBytes] |   17.4701 |         0 |         0 |         0 |         0 |         0 |         0 |         0 |         0 |         0 |         0 |         0 |         0 |         0 |
|    Memory bandwidth [MBytes/s]    | 4641.7980 |         0 |         0 |         0 |         0 |         0 |         0 |         0 |         0 |         0 |         0 |         0 |         0 |         0 |
|    Memory data volume [GBytes]    |   58.5039 |         0 |         0 |         0 |         0 |         0 |         0 |         0 |         0 |         0 |         0 |         0 |         0 |         0 |
|       Operational intensity       |    0.2126 |    0.2135 |    0.2116 |    0.2106 |    0.2087 |    0.2073 |    0.2054 |    0.2046 |    0.2034 |    0.2032 |    0.2021 |    0.2025 |    0.2028 |    0.2000 |
+-----------------------------------+-----------+-----------+-----------+-----------+-----------+-----------+-----------+-----------+-----------+-----------+-----------+-----------+-----------+-----------+
+----------------------------------------+------------+-----------+-----------+-----------+
|                 Metric                 |     Sum    |    Min    |    Max    |    Avg    |
+----------------------------------------+------------+-----------+-----------+-----------+
|        Runtime (RDTSC) [s] STAT        |   176.4583 |   12.6037 |   12.6042 |   12.6042 |
|        Runtime unhalted [s] STAT       |   126.9759 |    8.1207 |    9.1586 |    9.0697 |
|            Clock [MHz] STAT            | 26536.3651 | 1895.4425 | 1895.5530 | 1895.4547 |
|                CPI STAT                |     8.0549 |    0.5082 |    0.5943 |    0.5754 |
|             Energy [J] STAT            |   759.9876 |         0 |  759.9876 |   54.2848 |
|             Power [W] STAT             |    60.2987 |         0 |   60.2987 |    4.3070 |
|          Energy DRAM [J] STAT          |    79.3478 |         0 |   79.3478 |    5.6677 |
|           Power DRAM [W] STAT          |     6.2956 |         0 |    6.2956 |    0.4497 |
|            DP [MFLOP/s] STAT           | 13406.5939 |  928.2922 |  991.0212 |  957.6139 |
|          AVX DP [MFLOP/s] STAT         |     0.2918 |         0 |    0.2918 |    0.0208 |
|          Packed [MUOPS/s] STAT         |     0.0450 |         0 |    0.0450 |    0.0032 |
|          Scalar [MUOPS/s] STAT         | 13406.2917 |  928.2922 |  991.0212 |  957.5923 |
|  Memory read bandwidth [MBytes/s] STAT |  3255.6890 |         0 | 3255.6890 |  232.5492 |
|  Memory read data volume [GBytes] STAT |    41.0338 |         0 |   41.0338 |    2.9310 |
| Memory write bandwidth [MBytes/s] STAT |  1386.1091 |         0 | 1386.1091 |   99.0078 |
| Memory write data volume [GBytes] STAT |    17.4701 |         0 |   17.4701 |    1.2479 |
|    Memory bandwidth [MBytes/s] STAT    |  4641.7980 |         0 | 4641.7980 |  331.5570 |
|    Memory data volume [GBytes] STAT    |    58.5039 |         0 |   58.5039 |    4.1788 |
|       Operational intensity STAT       |     2.8883 |    0.2000 |    0.2135 |    0.2063 |
+----------------------------------------+------------+-----------+-----------+-----------+
