--------------------------------------------------------------------------------
CPU name:	Intel(R) Xeon(R) Gold 6132 CPU @ 2.60GHz
CPU type:	Intel Skylake SP processor
CPU clock:	2.59 GHz
--------------------------------------------------------------------------------
Region Setup, Group 1: MEM_DP
+-------------------+----------+----------+----------+----------+----------+----------+----------+----------+----------+----------+----------+----------+----------+----------+----------+----------+----------+----------+----------+----------+----------+----------+----------+----------+----------+----------+
|    Region Info    |  Core 0  |  Core 1  |  Core 2  |  Core 3  |  Core 4  |  Core 5  |  Core 6  |  Core 7  |  Core 8  |  Core 9  |  Core 10 |  Core 11 |  Core 12 |  Core 13 |  Core 14 |  Core 15 |  Core 16 |  Core 17 |  Core 18 |  Core 19 |  Core 20 |  Core 21 |  Core 22 |  Core 23 |  Core 24 |  Core 25 |
+-------------------+----------+----------+----------+----------+----------+----------+----------+----------+----------+----------+----------+----------+----------+----------+----------+----------+----------+----------+----------+----------+----------+----------+----------+----------+----------+----------+
| RDTSC Runtime [s] | 0.242715 | 0.244312 | 0.244391 | 0.244456 | 0.244287 | 0.244326 | 0.244314 | 0.244452 | 0.244416 | 0.244365 | 0.244352 | 0.244291 | 0.244378 | 0.244413 | 0.242692 | 0.244191 | 0.244237 | 0.244225 | 0.244204 | 0.244322 | 0.244228 | 0.244242 | 0.244216 | 0.244224 | 0.244219 | 0.244224 |
|     call count    |        2 |        2 |        2 |        2 |        2 |        2 |        2 |        2 |        2 |        2 |        2 |        2 |        2 |        2 |        2 |        2 |        2 |        2 |        2 |        2 |        2 |        2 |        2 |        2 |        2 |        2 |
+-------------------+----------+----------+----------+----------+----------+----------+----------+----------+----------+----------+----------+----------+----------+----------+----------+----------+----------+----------+----------+----------+----------+----------+----------+----------+----------+----------+
+------------------------------------------+---------+-----------+-----------+-----------+-----------+-----------+-----------+-----------+-----------+-----------+-----------+-----------+-----------+-----------+-----------+-----------+-----------+-----------+-----------+-----------+-----------+-----------+-----------+-----------+-----------+-----------+-----------+
|                   Event                  | Counter |   Core 0  |   Core 1  |   Core 2  |   Core 3  |   Core 4  |   Core 5  |   Core 6  |   Core 7  |   Core 8  |   Core 9  |  Core 10  |  Core 11  |  Core 12  |  Core 13  |  Core 14  |  Core 15  |  Core 16  |  Core 17  |  Core 18  |  Core 19  |  Core 20  |  Core 21  |  Core 22  |  Core 23  |  Core 24  |  Core 25  |
+------------------------------------------+---------+-----------+-----------+-----------+-----------+-----------+-----------+-----------+-----------+-----------+-----------+-----------+-----------+-----------+-----------+-----------+-----------+-----------+-----------+-----------+-----------+-----------+-----------+-----------+-----------+-----------+-----------+
|             INSTR_RETIRED_ANY            |  FIXC0  | 235229500 | 103203500 | 103002800 | 102624200 | 102376300 | 102316600 | 100093200 |  99756780 |  99412890 |  99361440 |  99554720 |  98817040 |  97373430 |  96701230 |  96154770 |  96433910 |  95399980 |  95682970 |  95470780 |  94966860 |  94669000 |  95085290 |  94742660 |  94673360 |  94869950 |  94704700 |
|           CPU_CLK_UNHALTED_CORE          |  FIXC1  | 163430500 | 155162000 | 155757100 | 159955800 | 159334600 | 156125200 | 155582100 | 157245100 | 156211600 | 154312700 | 165648600 | 158244600 | 156975200 | 155647600 | 152173300 | 157931700 | 152152100 | 161511600 | 156975500 | 152256600 | 152185200 | 162234000 | 154715500 | 153770000 | 157588400 | 155085300 |
|           CPU_CLK_UNHALTED_REF           |  FIXC2  | 223575000 | 212333700 | 213146600 | 218896800 | 218048600 | 213664700 | 212909800 | 215218500 | 213775600 | 211182100 | 226695600 | 216574900 | 214837400 | 213013300 | 208274700 | 216141200 | 208233300 | 221036300 | 214839100 | 208380600 | 208288500 | 222040700 | 211750000 | 210465300 | 215672400 | 212260600 |
|              PWR_PKG_ENERGY              |   PWR0  |   10.1173 |         0 |         0 |         0 |         0 |         0 |         0 |         0 |         0 |         0 |         0 |         0 |         0 |         0 |    9.7642 |         0 |         0 |         0 |         0 |         0 |         0 |         0 |         0 |         0 |         0 |         0 |
|              PWR_DRAM_ENERGY             |   PWR3  |    1.1380 |         0 |         0 |         0 |         0 |         0 |         0 |         0 |         0 |         0 |         0 |         0 |         0 |         0 |    0.9203 |         0 |         0 |         0 |         0 |         0 |         0 |         0 |         0 |         0 |         0 |         0 |
| FP_ARITH_INST_RETIRED_128B_PACKED_DOUBLE |   PMC0  |     23000 |         0 |         0 |         0 |         0 |         0 |         0 |         0 |         0 |         0 |         0 |         0 |         0 |         0 |         0 |         0 |         0 |         0 |         0 |         0 |         0 |         0 |         0 |         0 |         0 |         0 |
|    FP_ARITH_INST_RETIRED_SCALAR_DOUBLE   |   PMC1  |  37746460 |  28589530 |  28541040 |  28350500 |  28289800 |  28309820 |  27660620 |  27515470 |  27436470 |  27433890 |  27361430 |  27236140 |  26805610 |  26608880 |  26500600 |  26499640 |  26351110 |  26309590 |  26309910 |  26237920 |  26144310 |  26130920 |  26130920 |  26130920 |  26130920 |  26072310 |
| FP_ARITH_INST_RETIRED_256B_PACKED_DOUBLE |   PMC2  |     15090 |         0 |         0 |         0 |         0 |         0 |         0 |         0 |         0 |         0 |         0 |         0 |         0 |         0 |         0 |         0 |         0 |         0 |         0 |         0 |         0 |         0 |         0 |         0 |         0 |         0 |
| FP_ARITH_INST_RETIRED_512B_PACKED_DOUBLE |   PMC3  |    141851 |         0 |         0 |         0 |         0 |         0 |         0 |         0 |         0 |         0 |         0 |         0 |         0 |         0 |         0 |         0 |         0 |         0 |         0 |         0 |         0 |         0 |         0 |         0 |         0 |         0 |
|               CAS_COUNT_RD               | MBOX0C0 |    202138 |         0 |         0 |         0 |         0 |         0 |         0 |         0 |         0 |         0 |         0 |         0 |         0 |         0 |     74396 |         0 |         0 |         0 |         0 |         0 |         0 |         0 |         0 |         0 |         0 |         0 |
|               CAS_COUNT_WR               | MBOX0C1 |    485672 |         0 |         0 |         0 |         0 |         0 |         0 |         0 |         0 |         0 |         0 |         0 |         0 |         0 |    118519 |         0 |         0 |         0 |         0 |         0 |         0 |         0 |         0 |         0 |         0 |         0 |
|               CAS_COUNT_RD               | MBOX1C0 |    246913 |         0 |         0 |         0 |         0 |         0 |         0 |         0 |         0 |         0 |         0 |         0 |         0 |         0 |     75810 |         0 |         0 |         0 |         0 |         0 |         0 |         0 |         0 |         0 |         0 |         0 |
|               CAS_COUNT_WR               | MBOX1C1 |    542799 |         0 |         0 |         0 |         0 |         0 |         0 |         0 |         0 |         0 |         0 |         0 |         0 |         0 |    119930 |         0 |         0 |         0 |         0 |         0 |         0 |         0 |         0 |         0 |         0 |         0 |
|               CAS_COUNT_RD               | MBOX2C0 |    232124 |         0 |         0 |         0 |         0 |         0 |         0 |         0 |         0 |         0 |         0 |         0 |         0 |         0 |     75353 |         0 |         0 |         0 |         0 |         0 |         0 |         0 |         0 |         0 |         0 |         0 |
|               CAS_COUNT_WR               | MBOX2C1 |    522920 |         0 |         0 |         0 |         0 |         0 |         0 |         0 |         0 |         0 |         0 |         0 |         0 |         0 |    118876 |         0 |         0 |         0 |         0 |         0 |         0 |         0 |         0 |         0 |         0 |         0 |
|               CAS_COUNT_RD               | MBOX3C0 |    165779 |         0 |         0 |         0 |         0 |         0 |         0 |         0 |         0 |         0 |         0 |         0 |         0 |         0 |     50418 |         0 |         0 |         0 |         0 |         0 |         0 |         0 |         0 |         0 |         0 |         0 |
|               CAS_COUNT_WR               | MBOX3C1 |    467142 |         0 |         0 |         0 |         0 |         0 |         0 |         0 |         0 |         0 |         0 |         0 |         0 |         0 |     98755 |         0 |         0 |         0 |         0 |         0 |         0 |         0 |         0 |         0 |         0 |         0 |
|               CAS_COUNT_RD               | MBOX4C0 |    165020 |         0 |         0 |         0 |         0 |         0 |         0 |         0 |         0 |         0 |         0 |         0 |         0 |         0 |     50278 |         0 |         0 |         0 |         0 |         0 |         0 |         0 |         0 |         0 |         0 |         0 |
|               CAS_COUNT_WR               | MBOX4C1 |    470983 |         0 |         0 |         0 |         0 |         0 |         0 |         0 |         0 |         0 |         0 |         0 |         0 |         0 |     98845 |         0 |         0 |         0 |         0 |         0 |         0 |         0 |         0 |         0 |         0 |         0 |
|               CAS_COUNT_RD               | MBOX5C0 |    266501 |         0 |         0 |         0 |         0 |         0 |         0 |         0 |         0 |         0 |         0 |         0 |         0 |         0 |     49887 |         0 |         0 |         0 |         0 |         0 |         0 |         0 |         0 |         0 |         0 |         0 |
|               CAS_COUNT_WR               | MBOX5C1 |    618797 |         0 |         0 |         0 |         0 |         0 |         0 |         0 |         0 |         0 |         0 |         0 |         0 |         0 |     98318 |         0 |         0 |         0 |         0 |         0 |         0 |         0 |         0 |         0 |         0 |         0 |
+------------------------------------------+---------+-----------+-----------+-----------+-----------+-----------+-----------+-----------+-----------+-----------+-----------+-----------+-----------+-----------+-----------+-----------+-----------+-----------+-----------+-----------+-----------+-----------+-----------+-----------+-----------+-----------+-----------+
+-----------------------------------------------+---------+------------+-----------+-----------+--------------+
|                     Event                     | Counter |     Sum    |    Min    |    Max    |      Avg     |
+-----------------------------------------------+---------+------------+-----------+-----------+--------------+
|             INSTR_RETIRED_ANY STAT            |  FIXC0  | 2682677860 |  94669000 | 235229500 | 1.031799e+08 |
|           CPU_CLK_UNHALTED_CORE STAT          |  FIXC1  | 4078211900 | 152152100 | 165648600 | 1.568543e+08 |
|           CPU_CLK_UNHALTED_REF STAT           |  FIXC2  | 5581255300 | 208233300 | 226695600 | 2.146637e+08 |
|              PWR_PKG_ENERGY STAT              |   PWR0  |    19.8815 |         0 |   10.1173 |       0.7647 |
|              PWR_DRAM_ENERGY STAT             |   PWR3  |     2.0583 |         0 |    1.1380 |       0.0792 |
| FP_ARITH_INST_RETIRED_128B_PACKED_DOUBLE STAT |   PMC0  |      23000 |         0 |     23000 |     884.6154 |
|    FP_ARITH_INST_RETIRED_SCALAR_DOUBLE STAT   |   PMC1  |  712834730 |  26072310 |  37746460 | 2.741672e+07 |
| FP_ARITH_INST_RETIRED_256B_PACKED_DOUBLE STAT |   PMC2  |      15090 |         0 |     15090 |     580.3846 |
| FP_ARITH_INST_RETIRED_512B_PACKED_DOUBLE STAT |   PMC3  |     141851 |         0 |    141851 |    5455.8077 |
|               CAS_COUNT_RD STAT               | MBOX0C0 |     276534 |         0 |    202138 |   10635.9231 |
|               CAS_COUNT_WR STAT               | MBOX0C1 |     604191 |         0 |    485672 |   23238.1154 |
|               CAS_COUNT_RD STAT               | MBOX1C0 |     322723 |         0 |    246913 |   12412.4231 |
|               CAS_COUNT_WR STAT               | MBOX1C1 |     662729 |         0 |    542799 |   25489.5769 |
|               CAS_COUNT_RD STAT               | MBOX2C0 |     307477 |         0 |    232124 |   11826.0385 |
|               CAS_COUNT_WR STAT               | MBOX2C1 |     641796 |         0 |    522920 |   24684.4615 |
|               CAS_COUNT_RD STAT               | MBOX3C0 |     216197 |         0 |    165779 |    8315.2692 |
|               CAS_COUNT_WR STAT               | MBOX3C1 |     565897 |         0 |    467142 |   21765.2692 |
|               CAS_COUNT_RD STAT               | MBOX4C0 |     215298 |         0 |    165020 |    8280.6923 |
|               CAS_COUNT_WR STAT               | MBOX4C1 |     569828 |         0 |    470983 |   21916.4615 |
|               CAS_COUNT_RD STAT               | MBOX5C0 |     316388 |         0 |    266501 |   12168.7692 |
|               CAS_COUNT_WR STAT               | MBOX5C1 |     717115 |         0 |    618797 |   27581.3462 |
+-----------------------------------------------+---------+------------+-----------+-----------+--------------+
+-----------------------------------+-----------+-----------+-----------+-----------+-----------+-----------+-----------+-----------+-----------+-----------+-----------+-----------+-----------+-----------+-----------+-----------+-----------+-----------+-----------+-----------+-----------+-----------+-----------+-----------+-----------+-----------+
|               Metric              |   Core 0  |   Core 1  |   Core 2  |   Core 3  |   Core 4  |   Core 5  |   Core 6  |   Core 7  |   Core 8  |   Core 9  |  Core 10  |  Core 11  |  Core 12  |  Core 13  |  Core 14  |  Core 15  |  Core 16  |  Core 17  |  Core 18  |  Core 19  |  Core 20  |  Core 21  |  Core 22  |  Core 23  |  Core 24  |  Core 25  |
+-----------------------------------+-----------+-----------+-----------+-----------+-----------+-----------+-----------+-----------+-----------+-----------+-----------+-----------+-----------+-----------+-----------+-----------+-----------+-----------+-----------+-----------+-----------+-----------+-----------+-----------+-----------+-----------+
|        Runtime (RDTSC) [s]        |    0.2427 |    0.2443 |    0.2444 |    0.2445 |    0.2443 |    0.2443 |    0.2443 |    0.2445 |    0.2444 |    0.2444 |    0.2444 |    0.2443 |    0.2444 |    0.2444 |    0.2427 |    0.2442 |    0.2442 |    0.2442 |    0.2442 |    0.2443 |    0.2442 |    0.2442 |    0.2442 |    0.2442 |    0.2442 |    0.2442 |
|        Runtime unhalted [s]       |    0.0630 |    0.0598 |    0.0601 |    0.0617 |    0.0614 |    0.0602 |    0.0600 |    0.0606 |    0.0602 |    0.0595 |    0.0639 |    0.0610 |    0.0605 |    0.0600 |    0.0587 |    0.0609 |    0.0587 |    0.0623 |    0.0605 |    0.0587 |    0.0587 |    0.0625 |    0.0596 |    0.0593 |    0.0608 |    0.0598 |
|            Clock [MHz]            | 1896.0122 | 1895.3861 | 1895.3992 | 1895.3606 | 1895.3440 | 1895.2717 | 1895.3754 | 1895.0854 | 1895.3368 | 1895.2907 | 1895.2912 | 1895.1869 | 1895.1885 | 1895.2520 | 1895.1047 | 1895.2347 | 1895.2174 | 1895.2713 | 1895.1771 | 1895.1784 | 1895.1273 | 1895.1367 | 1895.1416 | 1895.0574 | 1895.2257 | 1895.1016 |
|                CPI                |    0.6948 |    1.5035 |    1.5122 |    1.5587 |    1.5564 |    1.5259 |    1.5544 |    1.5763 |    1.5713 |    1.5530 |    1.6639 |    1.6014 |    1.6121 |    1.6096 |    1.5826 |    1.6377 |    1.5949 |    1.6880 |    1.6442 |    1.6033 |    1.6076 |    1.7062 |    1.6330 |    1.6242 |    1.6611 |    1.6376 |
|             Energy [J]            |   10.1173 |         0 |         0 |         0 |         0 |         0 |         0 |         0 |         0 |         0 |         0 |         0 |         0 |         0 |    9.7642 |         0 |         0 |         0 |         0 |         0 |         0 |         0 |         0 |         0 |         0 |         0 |
|             Power [W]             |   41.6839 |         0 |         0 |         0 |         0 |         0 |         0 |         0 |         0 |         0 |         0 |         0 |         0 |         0 |   40.2327 |         0 |         0 |         0 |         0 |         0 |         0 |         0 |         0 |         0 |         0 |         0 |
|          Energy DRAM [J]          |    1.1380 |         0 |         0 |         0 |         0 |         0 |         0 |         0 |         0 |         0 |         0 |         0 |         0 |         0 |    0.9203 |         0 |         0 |         0 |         0 |         0 |         0 |         0 |         0 |         0 |         0 |         0 |
|           Power DRAM [W]          |    4.6887 |         0 |         0 |         0 |         0 |         0 |         0 |         0 |         0 |         0 |         0 |         0 |         0 |         0 |    3.7921 |         0 |         0 |         0 |         0 |         0 |         0 |         0 |         0 |         0 |         0 |         0 |
|            DP [MFLOP/s]           |  160.6311 |  117.0203 |  116.7843 |  115.9736 |  115.8055 |  115.8689 |  113.2177 |  112.5597 |  112.2534 |  112.2660 |  111.9754 |  111.4905 |  109.6889 |  108.8687 |  109.1944 |  108.5202 |  107.8916 |  107.7271 |  107.7376 |  107.3905 |  107.0489 |  106.9880 |  106.9994 |  106.9959 |  106.9980 |  106.7557 |
|          AVX DP [MFLOP/s]         |    4.9242 |         0 |         0 |         0 |         0 |         0 |         0 |         0 |         0 |         0 |         0 |         0 |         0 |         0 |         0 |         0 |         0 |         0 |         0 |         0 |         0 |         0 |         0 |         0 |         0 |         0 |
|          Packed [MUOPS/s]         |    0.7414 |         0 |         0 |         0 |         0 |         0 |         0 |         0 |         0 |         0 |         0 |         0 |         0 |         0 |         0 |         0 |         0 |         0 |         0 |         0 |         0 |         0 |         0 |         0 |         0 |         0 |
|          Scalar [MUOPS/s]         |  155.5174 |  117.0203 |  116.7843 |  115.9736 |  115.8055 |  115.8689 |  113.2177 |  112.5597 |  112.2534 |  112.2660 |  111.9754 |  111.4905 |  109.6889 |  108.8687 |  109.1944 |  108.5202 |  107.8916 |  107.7271 |  107.7376 |  107.3905 |  107.0489 |  106.9880 |  106.9994 |  106.9959 |  106.9980 |  106.7557 |
|  Memory read bandwidth [MBytes/s] |  337.1127 |         0 |         0 |         0 |         0 |         0 |         0 |         0 |         0 |         0 |         0 |         0 |         0 |         0 |   99.1919 |         0 |         0 |         0 |         0 |         0 |         0 |         0 |         0 |         0 |         0 |         0 |
|  Memory read data volume [GBytes] |    0.0818 |         0 |         0 |         0 |         0 |         0 |         0 |         0 |         0 |         0 |         0 |         0 |         0 |         0 |    0.0241 |         0 |         0 |         0 |         0 |         0 |         0 |         0 |         0 |         0 |         0 |         0 |
| Memory write bandwidth [MBytes/s] |  819.6106 |         0 |         0 |         0 |         0 |         0 |         0 |         0 |         0 |         0 |         0 |         0 |         0 |         0 |  172.2659 |         0 |         0 |         0 |         0 |         0 |         0 |         0 |         0 |         0 |         0 |         0 |
| Memory write data volume [GBytes] |    0.1989 |         0 |         0 |         0 |         0 |         0 |         0 |         0 |         0 |         0 |         0 |         0 |         0 |         0 |    0.0418 |         0 |         0 |         0 |         0 |         0 |         0 |         0 |         0 |         0 |         0 |         0 |
|    Memory bandwidth [MBytes/s]    | 1156.7233 |         0 |         0 |         0 |         0 |         0 |         0 |         0 |         0 |         0 |         0 |         0 |         0 |         0 |  271.4578 |         0 |         0 |         0 |         0 |         0 |         0 |         0 |         0 |         0 |         0 |         0 |
|    Memory data volume [GBytes]    |    0.2808 |         0 |         0 |         0 |         0 |         0 |         0 |         0 |         0 |         0 |         0 |         0 |         0 |         0 |    0.0659 |         0 |         0 |         0 |         0 |         0 |         0 |         0 |         0 |         0 |         0 |         0 |
|       Operational intensity       |    0.1389 |    0.1018 |    0.1017 |    0.1010 |    0.1008 |    0.1008 |    0.0985 |    0.0980 |    0.0977 |    0.0977 |    0.0975 |    0.0970 |    0.0955 |    0.0948 |    0.4023 |    0.4022 |    0.4000 |    0.3994 |    0.3994 |    0.3983 |    0.3968 |    0.3966 |    0.3966 |    0.3966 |    0.3966 |    0.3958 |
+-----------------------------------+-----------+-----------+-----------+-----------+-----------+-----------+-----------+-----------+-----------+-----------+-----------+-----------+-----------+-----------+-----------+-----------+-----------+-----------+-----------+-----------+-----------+-----------+-----------+-----------+-----------+-----------+
+----------------------------------------+------------+-----------+-----------+-----------+
|                 Metric                 |     Sum    |    Min    |    Max    |    Avg    |
+----------------------------------------+------------+-----------+-----------+-----------+
|        Runtime (RDTSC) [s] STAT        |     6.3486 |    0.2427 |    0.2445 |    0.2442 |
|        Runtime unhalted [s] STAT       |     1.5724 |    0.0587 |    0.0639 |    0.0605 |
|            Clock [MHz] STAT            | 49276.7546 | 1895.0574 | 1896.0122 | 1895.2598 |
|                CPI STAT                |    40.7139 |    0.6948 |    1.7062 |    1.5659 |
|             Energy [J] STAT            |    19.8815 |         0 |   10.1173 |    0.7647 |
|             Power [W] STAT             |    81.9166 |         0 |   41.6839 |    3.1506 |
|          Energy DRAM [J] STAT          |     2.0583 |         0 |    1.1380 |    0.0792 |
|           Power DRAM [W] STAT          |     8.4808 |         0 |    4.6887 |    0.3262 |
|            DP [MFLOP/s] STAT           |  2924.6513 |  106.7557 |  160.6311 |  112.4866 |
|          AVX DP [MFLOP/s] STAT         |     4.9242 |         0 |    4.9242 |    0.1894 |
|          Packed [MUOPS/s] STAT         |     0.7414 |         0 |    0.7414 |    0.0285 |
|          Scalar [MUOPS/s] STAT         |  2919.5376 |  106.7557 |  155.5174 |  112.2899 |
|  Memory read bandwidth [MBytes/s] STAT |   436.3046 |         0 |  337.1127 |   16.7809 |
|  Memory read data volume [GBytes] STAT |     0.1059 |         0 |    0.0818 |    0.0041 |
| Memory write bandwidth [MBytes/s] STAT |   991.8765 |         0 |  819.6106 |   38.1491 |
| Memory write data volume [GBytes] STAT |     0.2407 |         0 |    0.1989 |    0.0093 |
|    Memory bandwidth [MBytes/s] STAT    |  1428.1811 |         0 | 1156.7233 |   54.9300 |
|    Memory data volume [GBytes] STAT    |     0.3467 |         0 |    0.2808 |    0.0133 |
|       Operational intensity STAT       |     6.2023 |    0.0948 |    0.4023 |    0.2386 |
+----------------------------------------+------------+-----------+-----------+-----------+
--------------------------------------------------------------------------------
CPU name:	Intel(R) Xeon(R) Gold 6132 CPU @ 2.60GHz
CPU type:	Intel Skylake SP processor
CPU clock:	2.59 GHz
--------------------------------------------------------------------------------
Region Solve, Group 1: MEM_DP
+-------------------+----------+----------+----------+----------+----------+----------+----------+----------+----------+----------+----------+----------+----------+----------+----------+----------+----------+----------+----------+----------+----------+----------+----------+----------+----------+----------+
|    Region Info    |  Core 0  |  Core 1  |  Core 2  |  Core 3  |  Core 4  |  Core 5  |  Core 6  |  Core 7  |  Core 8  |  Core 9  |  Core 10 |  Core 11 |  Core 12 |  Core 13 |  Core 14 |  Core 15 |  Core 16 |  Core 17 |  Core 18 |  Core 19 |  Core 20 |  Core 21 |  Core 22 |  Core 23 |  Core 24 |  Core 25 |
+-------------------+----------+----------+----------+----------+----------+----------+----------+----------+----------+----------+----------+----------+----------+----------+----------+----------+----------+----------+----------+----------+----------+----------+----------+----------+----------+----------+
| RDTSC Runtime [s] | 8.069295 | 8.070303 | 8.070307 | 8.070303 | 8.070319 | 8.070312 | 8.070311 | 8.070316 | 8.070306 | 8.070306 | 8.070303 | 8.070314 | 8.070310 | 8.070304 | 8.069255 | 8.070301 | 8.070297 | 8.070305 | 8.070299 | 8.070313 | 8.070305 | 8.070308 | 8.070304 | 8.070304 | 8.070303 | 8.070304 |
|     call count    |        1 |        1 |        1 |        1 |        1 |        1 |        1 |        1 |        1 |        1 |        1 |        1 |        1 |        1 |        1 |        1 |        1 |        1 |        1 |        1 |        1 |        1 |        1 |        1 |        1 |        1 |
+-------------------+----------+----------+----------+----------+----------+----------+----------+----------+----------+----------+----------+----------+----------+----------+----------+----------+----------+----------+----------+----------+----------+----------+----------+----------+----------+----------+
+------------------------------------------+---------+-------------+-------------+-------------+-------------+-------------+-------------+-------------+-------------+-------------+-------------+-------------+-------------+-------------+-------------+-------------+-------------+-------------+-------------+-------------+-------------+-------------+-------------+-------------+-------------+-------------+-------------+
|                   Event                  | Counter |    Core 0   |    Core 1   |    Core 2   |    Core 3   |    Core 4   |    Core 5   |    Core 6   |    Core 7   |    Core 8   |    Core 9   |   Core 10   |   Core 11   |   Core 12   |   Core 13   |   Core 14   |   Core 15   |   Core 16   |   Core 17   |   Core 18   |   Core 19   |   Core 20   |   Core 21   |   Core 22   |   Core 23   |   Core 24   |   Core 25   |
+------------------------------------------+---------+-------------+-------------+-------------+-------------+-------------+-------------+-------------+-------------+-------------+-------------+-------------+-------------+-------------+-------------+-------------+-------------+-------------+-------------+-------------+-------------+-------------+-------------+-------------+-------------+-------------+-------------+
|             INSTR_RETIRED_ANY            |  FIXC0  | 23190910000 | 23002550000 | 23047370000 | 22993100000 | 22883400000 | 22814240000 | 22590060000 | 22344030000 | 22354980000 | 22394100000 | 22282540000 | 22200650000 | 22104070000 | 21850760000 | 21847570000 | 21878990000 | 21861720000 | 21815260000 | 21522280000 | 21527370000 | 21486390000 | 21555910000 | 21333830000 | 21178390000 | 21268410000 | 22345140000 |
|           CPU_CLK_UNHALTED_CORE          |  FIXC1  | 15120650000 | 15210070000 | 15208380000 | 15164080000 | 15211790000 | 15211010000 | 15105220000 | 15213810000 | 15211500000 | 15213050000 | 15217380000 | 15219190000 | 15030930000 | 15216630000 | 15191370000 | 15190920000 | 15197720000 | 15196150000 | 15198910000 | 15199470000 | 15198220000 | 15199330000 | 15197790000 | 15199650000 | 14820060000 | 12926750000 |
|           CPU_CLK_UNHALTED_REF           |  FIXC2  | 20691420000 | 20813790000 | 20811480000 | 20750820000 | 20816140000 | 20815080000 | 20670310000 | 20818900000 | 20815740000 | 20817870000 | 20823780000 | 20826270000 | 20568660000 | 20822770000 | 20788190000 | 20787580000 | 20796890000 | 20794730000 | 20798510000 | 20799290000 | 20797570000 | 20799080000 | 20796980000 | 20799520000 | 20280170000 | 17689240000 |
|              PWR_PKG_ENERGY              |   PWR0  |    472.9774 |           0 |           0 |           0 |           0 |           0 |           0 |           0 |           0 |           0 |           0 |           0 |           0 |           0 |    455.2404 |           0 |           0 |           0 |           0 |           0 |           0 |           0 |           0 |           0 |           0 |           0 |
|              PWR_DRAM_ENERGY             |   PWR3  |     41.2878 |           0 |           0 |           0 |           0 |           0 |           0 |           0 |           0 |           0 |           0 |           0 |           0 |           0 |     37.2959 |           0 |           0 |           0 |           0 |           0 |           0 |           0 |           0 |           0 |           0 |           0 |
| FP_ARITH_INST_RETIRED_128B_PACKED_DOUBLE |   PMC0  |       65560 |           0 |           0 |           0 |           0 |           0 |           0 |           0 |           0 |           0 |           0 |           0 |           0 |           0 |           0 |           0 |           0 |           0 |           0 |           0 |           0 |           0 |           0 |           0 |           0 |           0 |
|    FP_ARITH_INST_RETIRED_SCALAR_DOUBLE   |   PMC1  |  6840851000 |  6810525000 |  6850329000 |  6814984000 |  6782326000 |  6749596000 |  6642242000 |  6594814000 |  6596109000 |  6602581000 |  6551322000 |  6511126000 |  6430059000 |  6395690000 |  6389465000 |  6413955000 |  6426695000 |  6416283000 |  6331553000 |  6330924000 |  6317732000 |  6351345000 |  6304780000 |  6249918000 |  6170143000 |  6099761000 |
| FP_ARITH_INST_RETIRED_256B_PACKED_DOUBLE |   PMC2  |       83556 |           0 |           0 |           0 |           0 |           0 |           0 |           0 |           0 |           0 |           0 |           0 |           0 |           0 |           0 |           0 |           0 |           0 |           0 |           0 |           0 |           0 |           0 |           0 |           0 |           0 |
| FP_ARITH_INST_RETIRED_512B_PACKED_DOUBLE |   PMC3  |      417868 |           0 |           0 |           0 |           0 |           0 |           0 |           0 |           0 |           0 |           0 |           0 |           0 |           0 |           0 |           0 |           0 |           0 |           0 |           0 |           0 |           0 |           0 |           0 |           0 |           0 |
|               CAS_COUNT_RD               | MBOX0C0 |    38584430 |           0 |           0 |           0 |           0 |           0 |           0 |           0 |           0 |           0 |           0 |           0 |           0 |           0 |    27921610 |           0 |           0 |           0 |           0 |           0 |           0 |           0 |           0 |           0 |           0 |           0 |
|               CAS_COUNT_WR               | MBOX0C1 |    21341280 |           0 |           0 |           0 |           0 |           0 |           0 |           0 |           0 |           0 |           0 |           0 |           0 |           0 |    15427060 |           0 |           0 |           0 |           0 |           0 |           0 |           0 |           0 |           0 |           0 |           0 |
|               CAS_COUNT_RD               | MBOX1C0 |    38382820 |           0 |           0 |           0 |           0 |           0 |           0 |           0 |           0 |           0 |           0 |           0 |           0 |           0 |    28003160 |           0 |           0 |           0 |           0 |           0 |           0 |           0 |           0 |           0 |           0 |           0 |
|               CAS_COUNT_WR               | MBOX1C1 |    21021530 |           0 |           0 |           0 |           0 |           0 |           0 |           0 |           0 |           0 |           0 |           0 |           0 |           0 |    15501610 |           0 |           0 |           0 |           0 |           0 |           0 |           0 |           0 |           0 |           0 |           0 |
|               CAS_COUNT_RD               | MBOX2C0 |    38326000 |           0 |           0 |           0 |           0 |           0 |           0 |           0 |           0 |           0 |           0 |           0 |           0 |           0 |    28091320 |           0 |           0 |           0 |           0 |           0 |           0 |           0 |           0 |           0 |           0 |           0 |
|               CAS_COUNT_WR               | MBOX2C1 |    21041760 |           0 |           0 |           0 |           0 |           0 |           0 |           0 |           0 |           0 |           0 |           0 |           0 |           0 |    15537260 |           0 |           0 |           0 |           0 |           0 |           0 |           0 |           0 |           0 |           0 |           0 |
|               CAS_COUNT_RD               | MBOX3C0 |    38033650 |           0 |           0 |           0 |           0 |           0 |           0 |           0 |           0 |           0 |           0 |           0 |           0 |           0 |    27659350 |           0 |           0 |           0 |           0 |           0 |           0 |           0 |           0 |           0 |           0 |           0 |
|               CAS_COUNT_WR               | MBOX3C1 |    20790040 |           0 |           0 |           0 |           0 |           0 |           0 |           0 |           0 |           0 |           0 |           0 |           0 |           0 |    15163740 |           0 |           0 |           0 |           0 |           0 |           0 |           0 |           0 |           0 |           0 |           0 |
|               CAS_COUNT_RD               | MBOX4C0 |    38145200 |           0 |           0 |           0 |           0 |           0 |           0 |           0 |           0 |           0 |           0 |           0 |           0 |           0 |    27508690 |           0 |           0 |           0 |           0 |           0 |           0 |           0 |           0 |           0 |           0 |           0 |
|               CAS_COUNT_WR               | MBOX4C1 |    20918460 |           0 |           0 |           0 |           0 |           0 |           0 |           0 |           0 |           0 |           0 |           0 |           0 |           0 |    15087180 |           0 |           0 |           0 |           0 |           0 |           0 |           0 |           0 |           0 |           0 |           0 |
|               CAS_COUNT_RD               | MBOX5C0 |    38211620 |           0 |           0 |           0 |           0 |           0 |           0 |           0 |           0 |           0 |           0 |           0 |           0 |           0 |    27567760 |           0 |           0 |           0 |           0 |           0 |           0 |           0 |           0 |           0 |           0 |           0 |
|               CAS_COUNT_WR               | MBOX5C1 |    20984740 |           0 |           0 |           0 |           0 |           0 |           0 |           0 |           0 |           0 |           0 |           0 |           0 |           0 |    15127220 |           0 |           0 |           0 |           0 |           0 |           0 |           0 |           0 |           0 |           0 |           0 |
+------------------------------------------+---------+-------------+-------------+-------------+-------------+-------------+-------------+-------------+-------------+-------------+-------------+-------------+-------------+-------------+-------------+-------------+-------------+-------------+-------------+-------------+-------------+-------------+-------------+-------------+-------------+-------------+-------------+
+-----------------------------------------------+---------+--------------+-------------+-------------+--------------+
|                     Event                     | Counter |      Sum     |     Min     |     Max     |      Avg     |
+-----------------------------------------------+---------+--------------+-------------+-------------+--------------+
|             INSTR_RETIRED_ANY STAT            |  FIXC0  | 575674020000 | 21178390000 | 23190910000 | 2.214131e+10 |
|           CPU_CLK_UNHALTED_CORE STAT          |  FIXC1  | 392270030000 | 12926750000 | 15219190000 | 1.508731e+10 |
|           CPU_CLK_UNHALTED_REF STAT           |  FIXC2  | 536790780000 | 17689240000 | 20826270000 | 2.064580e+10 |
|              PWR_PKG_ENERGY STAT              |   PWR0  |     928.2178 |           0 |    472.9774 |      35.7007 |
|              PWR_DRAM_ENERGY STAT             |   PWR3  |      78.5837 |           0 |     41.2878 |       3.0224 |
| FP_ARITH_INST_RETIRED_128B_PACKED_DOUBLE STAT |   PMC0  |        65560 |           0 |       65560 |    2521.5385 |
|    FP_ARITH_INST_RETIRED_SCALAR_DOUBLE STAT   |   PMC1  | 168975108000 |  6099761000 |  6850329000 | 6.499043e+09 |
| FP_ARITH_INST_RETIRED_256B_PACKED_DOUBLE STAT |   PMC2  |        83556 |           0 |       83556 |    3213.6923 |
| FP_ARITH_INST_RETIRED_512B_PACKED_DOUBLE STAT |   PMC3  |       417868 |           0 |      417868 |   16071.8462 |
|               CAS_COUNT_RD STAT               | MBOX0C0 |     66506040 |           0 |    38584430 | 2.557925e+06 |
|               CAS_COUNT_WR STAT               | MBOX0C1 |     36768340 |           0 |    21341280 | 1.414167e+06 |
|               CAS_COUNT_RD STAT               | MBOX1C0 |     66385980 |           0 |    38382820 | 2.553307e+06 |
|               CAS_COUNT_WR STAT               | MBOX1C1 |     36523140 |           0 |    21021530 | 1.404736e+06 |
|               CAS_COUNT_RD STAT               | MBOX2C0 |     66417320 |           0 |    38326000 | 2.554512e+06 |
|               CAS_COUNT_WR STAT               | MBOX2C1 |     36579020 |           0 |    21041760 | 1.406885e+06 |
|               CAS_COUNT_RD STAT               | MBOX3C0 |     65693000 |           0 |    38033650 | 2.526654e+06 |
|               CAS_COUNT_WR STAT               | MBOX3C1 |     35953780 |           0 |    20790040 | 1.382838e+06 |
|               CAS_COUNT_RD STAT               | MBOX4C0 |     65653890 |           0 |    38145200 | 2.525150e+06 |
|               CAS_COUNT_WR STAT               | MBOX4C1 |     36005640 |           0 |    20918460 | 1.384832e+06 |
|               CAS_COUNT_RD STAT               | MBOX5C0 |     65779380 |           0 |    38211620 | 2.529976e+06 |
|               CAS_COUNT_WR STAT               | MBOX5C1 |     36111960 |           0 |    20984740 | 1.388922e+06 |
+-----------------------------------------------+---------+--------------+-------------+-------------+--------------+
+-----------------------------------+-----------+-----------+-----------+-----------+-----------+-----------+-----------+-----------+-----------+-----------+-----------+-----------+-----------+-----------+-----------+-----------+-----------+-----------+-----------+-----------+-----------+-----------+-----------+-----------+-----------+-----------+
|               Metric              |   Core 0  |   Core 1  |   Core 2  |   Core 3  |   Core 4  |   Core 5  |   Core 6  |   Core 7  |   Core 8  |   Core 9  |  Core 10  |  Core 11  |  Core 12  |  Core 13  |  Core 14  |  Core 15  |  Core 16  |  Core 17  |  Core 18  |  Core 19  |  Core 20  |  Core 21  |  Core 22  |  Core 23  |  Core 24  |  Core 25  |
+-----------------------------------+-----------+-----------+-----------+-----------+-----------+-----------+-----------+-----------+-----------+-----------+-----------+-----------+-----------+-----------+-----------+-----------+-----------+-----------+-----------+-----------+-----------+-----------+-----------+-----------+-----------+-----------+
|        Runtime (RDTSC) [s]        |    8.0693 |    8.0703 |    8.0703 |    8.0703 |    8.0703 |    8.0703 |    8.0703 |    8.0703 |    8.0703 |    8.0703 |    8.0703 |    8.0703 |    8.0703 |    8.0703 |    8.0693 |    8.0703 |    8.0703 |    8.0703 |    8.0703 |    8.0703 |    8.0703 |    8.0703 |    8.0703 |    8.0703 |    8.0703 |    8.0703 |
|        Runtime unhalted [s]       |    5.8296 |    5.8641 |    5.8634 |    5.8463 |    5.8647 |    5.8644 |    5.8237 |    5.8655 |    5.8646 |    5.8652 |    5.8669 |    5.8676 |    5.7950 |    5.8666 |    5.8569 |    5.8567 |    5.8593 |    5.8587 |    5.8598 |    5.8600 |    5.8595 |    5.8599 |    5.8593 |    5.8601 |    5.7137 |    4.9838 |
|            Clock [MHz]            | 1895.4460 | 1895.4455 | 1895.4453 | 1895.4488 | 1895.4458 | 1895.4452 | 1895.4456 | 1895.4462 | 1895.4461 | 1895.4453 | 1895.4467 | 1895.4455 | 1895.4447 | 1895.4452 | 1895.4465 | 1895.4459 | 1895.4455 | 1895.4466 | 1895.4463 | 1895.4450 | 1895.4459 | 1895.4467 | 1895.4460 | 1895.4465 | 1895.4382 | 1895.4461 |
|                CPI                |    0.6520 |    0.6612 |    0.6599 |    0.6595 |    0.6648 |    0.6667 |    0.6687 |    0.6809 |    0.6805 |    0.6793 |    0.6829 |    0.6855 |    0.6800 |    0.6964 |    0.6953 |    0.6943 |    0.6952 |    0.6966 |    0.7062 |    0.7061 |    0.7073 |    0.7051 |    0.7124 |    0.7177 |    0.6968 |    0.5785 |
|             Energy [J]            |  472.9774 |         0 |         0 |         0 |         0 |         0 |         0 |         0 |         0 |         0 |         0 |         0 |         0 |         0 |  455.2404 |         0 |         0 |         0 |         0 |         0 |         0 |         0 |         0 |         0 |         0 |         0 |
|             Power [W]             |   58.6145 |         0 |         0 |         0 |         0 |         0 |         0 |         0 |         0 |         0 |         0 |         0 |         0 |         0 |   56.4167 |         0 |         0 |         0 |         0 |         0 |         0 |         0 |         0 |         0 |         0 |         0 |
|          Energy DRAM [J]          |   41.2878 |         0 |         0 |         0 |         0 |         0 |         0 |         0 |         0 |         0 |         0 |         0 |         0 |         0 |   37.2959 |         0 |         0 |         0 |         0 |         0 |         0 |         0 |         0 |         0 |         0 |         0 |
|           Power DRAM [W]          |    5.1167 |         0 |         0 |         0 |         0 |         0 |         0 |         0 |         0 |         0 |         0 |         0 |         0 |         0 |    4.6220 |         0 |         0 |         0 |         0 |         0 |         0 |         0 |         0 |         0 |         0 |         0 |
|            DP [MFLOP/s]           |  848.2351 |  843.8995 |  848.8313 |  844.4521 |  840.4037 |  836.3488 |  823.0466 |  817.1692 |  817.3307 |  818.1327 |  811.7814 |  806.7996 |  796.7549 |  792.4968 |  791.8284 |  794.7603 |  796.3393 |  795.0484 |  784.5500 |  784.4707 |  782.8368 |  787.0016 |  781.2320 |  774.4340 |  764.5491 |  755.8279 |
|          AVX DP [MFLOP/s]         |    0.4557 |         0 |         0 |         0 |         0 |         0 |         0 |         0 |         0 |         0 |         0 |         0 |         0 |         0 |         0 |         0 |         0 |         0 |         0 |         0 |         0 |         0 |         0 |         0 |         0 |         0 |
|          Packed [MUOPS/s]         |    0.0703 |         0 |         0 |         0 |         0 |         0 |         0 |         0 |         0 |         0 |         0 |         0 |         0 |         0 |         0 |         0 |         0 |         0 |         0 |         0 |         0 |         0 |         0 |         0 |         0 |         0 |
|          Scalar [MUOPS/s]         |  847.7632 |  843.8995 |  848.8313 |  844.4521 |  840.4037 |  836.3488 |  823.0466 |  817.1692 |  817.3307 |  818.1327 |  811.7814 |  806.7996 |  796.7549 |  792.4968 |  791.8284 |  794.7603 |  796.3393 |  795.0484 |  784.5500 |  784.4707 |  782.8368 |  787.0016 |  781.2320 |  774.4340 |  764.5491 |  755.8279 |
|  Memory read bandwidth [MBytes/s] | 1821.6905 |         0 |         0 |         0 |         0 |         0 |         0 |         0 |         0 |         0 |         0 |         0 |         0 |         0 | 1322.5658 |         0 |         0 |         0 |         0 |         0 |         0 |         0 |         0 |         0 |         0 |         0 |
|  Memory read data volume [GBytes] |   14.6998 |         0 |         0 |         0 |         0 |         0 |         0 |         0 |         0 |         0 |         0 |         0 |         0 |         0 |   10.6721 |         0 |         0 |         0 |         0 |         0 |         0 |         0 |         0 |         0 |         0 |         0 |
| Memory write bandwidth [MBytes/s] | 1000.1196 |         0 |         0 |         0 |         0 |         0 |         0 |         0 |         0 |         0 |         0 |         0 |         0 |         0 |  728.4465 |         0 |         0 |         0 |         0 |         0 |         0 |         0 |         0 |         0 |         0 |         0 |
| Memory write data volume [GBytes] |    8.0703 |         0 |         0 |         0 |         0 |         0 |         0 |         0 |         0 |         0 |         0 |         0 |         0 |         0 |    5.8780 |         0 |         0 |         0 |         0 |         0 |         0 |         0 |         0 |         0 |         0 |         0 |
|    Memory bandwidth [MBytes/s]    | 2821.8101 |         0 |         0 |         0 |         0 |         0 |         0 |         0 |         0 |         0 |         0 |         0 |         0 |         0 | 2051.0123 |         0 |         0 |         0 |         0 |         0 |         0 |         0 |         0 |         0 |         0 |         0 |
|    Memory data volume [GBytes]    |   22.7700 |         0 |         0 |         0 |         0 |         0 |         0 |         0 |         0 |         0 |         0 |         0 |         0 |         0 |   16.5501 |         0 |         0 |         0 |         0 |         0 |         0 |         0 |         0 |         0 |         0 |         0 |
|       Operational intensity       |    0.3006 |    0.2991 |    0.3008 |    0.2993 |    0.2979 |    0.2964 |    0.2917 |    0.2896 |    0.2897 |    0.2900 |    0.2877 |    0.2860 |    0.2824 |    0.2809 |    0.3861 |    0.3875 |    0.3883 |    0.3877 |    0.3826 |    0.3825 |    0.3817 |    0.3838 |    0.3810 |    0.3776 |    0.3728 |    0.3686 |
+-----------------------------------+-----------+-----------+-----------+-----------+-----------+-----------+-----------+-----------+-----------+-----------+-----------+-----------+-----------+-----------+-----------+-----------+-----------+-----------+-----------+-----------+-----------+-----------+-----------+-----------+-----------+-----------+
+----------------------------------------+------------+-----------+-----------+-----------+
|                 Metric                 |     Sum    |    Min    |    Max    |    Avg    |
+----------------------------------------+------------+-----------+-----------+-----------+
|        Runtime (RDTSC) [s] STAT        |   209.8258 |    8.0693 |    8.0703 |    8.0702 |
|        Runtime unhalted [s] STAT       |   151.2353 |    4.9838 |    5.8676 |    5.8167 |
|            Clock [MHz] STAT            | 49281.5871 | 1895.4382 | 1895.4488 | 1895.4457 |
|                CPI STAT                |    17.7298 |    0.5785 |    0.7177 |    0.6819 |
|             Energy [J] STAT            |   928.2178 |         0 |  472.9774 |   35.7007 |
|             Power [W] STAT             |   115.0312 |         0 |   58.6145 |    4.4243 |
|          Energy DRAM [J] STAT          |    78.5837 |         0 |   41.2878 |    3.0224 |
|           Power DRAM [W] STAT          |     9.7387 |         0 |    5.1167 |    0.3746 |
|            DP [MFLOP/s] STAT           | 20938.5609 |  755.8279 |  848.8313 |  805.3293 |
|          AVX DP [MFLOP/s] STAT         |     0.4557 |         0 |    0.4557 |    0.0175 |
|          Packed [MUOPS/s] STAT         |     0.0703 |         0 |    0.0703 |    0.0027 |
|          Scalar [MUOPS/s] STAT         | 20938.0890 |  755.8279 |  848.8313 |  805.3111 |
|  Memory read bandwidth [MBytes/s] STAT |  3144.2563 |         0 | 1821.6905 |  120.9329 |
|  Memory read data volume [GBytes] STAT |    25.3719 |         0 |   14.6998 |    0.9758 |
| Memory write bandwidth [MBytes/s] STAT |  1728.5661 |         0 | 1000.1196 |   66.4833 |
| Memory write data volume [GBytes] STAT |    13.9483 |         0 |    8.0703 |    0.5365 |
|    Memory bandwidth [MBytes/s] STAT    |  4872.8224 |         0 | 2821.8101 |  187.4162 |
|    Memory data volume [GBytes] STAT    |    39.3201 |         0 |   22.7700 |    1.5123 |
|       Operational intensity STAT       |     8.6723 |    0.2809 |    0.3883 |    0.3336 |
+----------------------------------------+------------+-----------+-----------+-----------+
