--------------------------------------------------------------------------------
CPU name:	Intel(R) Xeon(R) Gold 6132 CPU @ 2.60GHz
CPU type:	Intel Skylake SP processor
CPU clock:	2.59 GHz
--------------------------------------------------------------------------------
Region Setup, Group 1: MEM_DP
+-------------------+----------+----------+----------+----------+----------+----------+----------+----------+----------+----------+----------+----------+----------+----------+----------+----------+----------+----------+----------+----------+
|    Region Info    |  Core 0  |  Core 1  |  Core 2  |  Core 3  |  Core 4  |  Core 5  |  Core 6  |  Core 7  |  Core 8  |  Core 9  |  Core 10 |  Core 11 |  Core 12 |  Core 13 |  Core 14 |  Core 15 |  Core 16 |  Core 17 |  Core 18 |  Core 19 |
+-------------------+----------+----------+----------+----------+----------+----------+----------+----------+----------+----------+----------+----------+----------+----------+----------+----------+----------+----------+----------+----------+
| RDTSC Runtime [s] | 0.244840 | 0.246609 | 0.246680 | 0.246682 | 0.246656 | 0.246649 | 0.246704 | 0.246615 | 0.246660 | 0.246665 | 0.246636 | 0.246659 | 0.246654 | 0.246661 | 0.244850 | 0.246644 | 0.246635 | 0.246679 | 0.246645 | 0.246617 |
|     call count    |        2 |        2 |        2 |        2 |        2 |        2 |        2 |        2 |        2 |        2 |        2 |        2 |        2 |        2 |        2 |        2 |        2 |        2 |        2 |        2 |
+-------------------+----------+----------+----------+----------+----------+----------+----------+----------+----------+----------+----------+----------+----------+----------+----------+----------+----------+----------+----------+----------+
+------------------------------------------+---------+-----------+-----------+-----------+-----------+-----------+-----------+-----------+-----------+-----------+-----------+-----------+-----------+-----------+-----------+-----------+-----------+-----------+-----------+-----------+-----------+
|                   Event                  | Counter |   Core 0  |   Core 1  |   Core 2  |   Core 3  |   Core 4  |   Core 5  |   Core 6  |   Core 7  |   Core 8  |   Core 9  |  Core 10  |  Core 11  |  Core 12  |  Core 13  |  Core 14  |  Core 15  |  Core 16  |  Core 17  |  Core 18  |  Core 19  |
+------------------------------------------+---------+-----------+-----------+-----------+-----------+-----------+-----------+-----------+-----------+-----------+-----------+-----------+-----------+-----------+-----------+-----------+-----------+-----------+-----------+-----------+-----------+
|             INSTR_RETIRED_ANY            |  FIXC0  | 263378000 | 130429900 | 128998100 | 128912200 | 127504600 | 126587100 | 126560100 | 126504500 | 126021000 | 125929800 | 125584200 | 125538100 | 124768300 | 123958200 | 123629900 | 123776800 | 123331300 | 122750800 | 122868300 | 122594800 |
|           CPU_CLK_UNHALTED_CORE          |  FIXC1  | 177051100 | 167078400 | 169992700 | 168335400 | 171325000 | 170625700 | 168170200 | 169014100 | 167315800 | 169293200 | 168470200 | 169687700 | 166333800 | 169449700 | 160982800 | 166335400 | 168884400 | 168182100 | 168126800 | 165404400 |
|           CPU_CLK_UNHALTED_REF           |  FIXC2  | 242208000 | 228640500 | 232634600 | 230359600 | 234452300 | 233491000 | 230128400 | 231288500 | 228962900 | 231668500 | 230538500 | 232209600 | 227623000 | 231877900 | 220362800 | 227704900 | 231167400 | 230215900 | 230137000 | 226405000 |
|              PWR_PKG_ENERGY              |   PWR0  |   10.3431 |         0 |         0 |         0 |         0 |         0 |         0 |         0 |         0 |         0 |         0 |         0 |         0 |         0 |    8.5875 |         0 |         0 |         0 |         0 |         0 |
|              PWR_DRAM_ENERGY             |   PWR3  |    1.1311 |         0 |         0 |         0 |         0 |         0 |         0 |         0 |         0 |         0 |         0 |         0 |         0 |         0 |    0.9026 |         0 |         0 |         0 |         0 |         0 |
| FP_ARITH_INST_RETIRED_128B_PACKED_DOUBLE |   PMC0  |     23000 |         0 |         0 |         0 |         0 |         0 |         0 |         0 |         0 |         0 |         0 |         0 |         0 |         0 |         0 |         0 |         0 |         0 |         0 |         0 |
|    FP_ARITH_INST_RETIRED_SCALAR_DOUBLE   |   PMC1  |  45967940 |  36563570 |  36107640 |  36102470 |  35613240 |  35333920 |  35352610 |  35333930 |  35198270 |  35158220 |  35060460 |  35041560 |  34841110 |  34570620 |  34589400 |  34570040 |  34466570 |  34334350 |  34352790 |  34275740 |
| FP_ARITH_INST_RETIRED_256B_PACKED_DOUBLE |   PMC2  |     15090 |         0 |         0 |         0 |         0 |         0 |         0 |         0 |         0 |         0 |         0 |         0 |         0 |         0 |         0 |         0 |         0 |         0 |         0 |         0 |
| FP_ARITH_INST_RETIRED_512B_PACKED_DOUBLE |   PMC3  |    141851 |         0 |         0 |         0 |         0 |         0 |         0 |         0 |         0 |         0 |         0 |         0 |         0 |         0 |         0 |         0 |         0 |         0 |         0 |         0 |
|               CAS_COUNT_RD               | MBOX0C0 |    214836 |         0 |         0 |         0 |         0 |         0 |         0 |         0 |         0 |         0 |         0 |         0 |         0 |         0 |     74404 |         0 |         0 |         0 |         0 |         0 |
|               CAS_COUNT_WR               | MBOX0C1 |    502188 |         0 |         0 |         0 |         0 |         0 |         0 |         0 |         0 |         0 |         0 |         0 |         0 |         0 |    102285 |         0 |         0 |         0 |         0 |         0 |
|               CAS_COUNT_RD               | MBOX1C0 |    219836 |         0 |         0 |         0 |         0 |         0 |         0 |         0 |         0 |         0 |         0 |         0 |         0 |         0 |     62576 |         0 |         0 |         0 |         0 |         0 |
|               CAS_COUNT_WR               | MBOX1C1 |    508732 |         0 |         0 |         0 |         0 |         0 |         0 |         0 |         0 |         0 |         0 |         0 |         0 |         0 |     85039 |         0 |         0 |         0 |         0 |         0 |
|               CAS_COUNT_RD               | MBOX2C0 |    213882 |         0 |         0 |         0 |         0 |         0 |         0 |         0 |         0 |         0 |         0 |         0 |         0 |         0 |     74221 |         0 |         0 |         0 |         0 |         0 |
|               CAS_COUNT_WR               | MBOX2C1 |    501533 |         0 |         0 |         0 |         0 |         0 |         0 |         0 |         0 |         0 |         0 |         0 |         0 |         0 |    101256 |         0 |         0 |         0 |         0 |         0 |
|               CAS_COUNT_RD               | MBOX3C0 |    161484 |         0 |         0 |         0 |         0 |         0 |         0 |         0 |         0 |         0 |         0 |         0 |         0 |         0 |    134243 |         0 |         0 |         0 |         0 |         0 |
|               CAS_COUNT_WR               | MBOX3C1 |    472838 |         0 |         0 |         0 |         0 |         0 |         0 |         0 |         0 |         0 |         0 |         0 |         0 |         0 |    198336 |         0 |         0 |         0 |         0 |         0 |
|               CAS_COUNT_RD               | MBOX4C0 |    160743 |         0 |         0 |         0 |         0 |         0 |         0 |         0 |         0 |         0 |         0 |         0 |         0 |         0 |     47728 |         0 |         0 |         0 |         0 |         0 |
|               CAS_COUNT_WR               | MBOX4C1 |    473632 |         0 |         0 |         0 |         0 |         0 |         0 |         0 |         0 |         0 |         0 |         0 |         0 |         0 |     73418 |         0 |         0 |         0 |         0 |         0 |
|               CAS_COUNT_RD               | MBOX5C0 |    160198 |         0 |         0 |         0 |         0 |         0 |         0 |         0 |         0 |         0 |         0 |         0 |         0 |         0 |     42551 |         0 |         0 |         0 |         0 |         0 |
|               CAS_COUNT_WR               | MBOX5C1 |    471989 |         0 |         0 |         0 |         0 |         0 |         0 |         0 |         0 |         0 |         0 |         0 |         0 |         0 |     69527 |         0 |         0 |         0 |         0 |         0 |
+------------------------------------------+---------+-----------+-----------+-----------+-----------+-----------+-----------+-----------+-----------+-----------+-----------+-----------+-----------+-----------+-----------+-----------+-----------+-----------+-----------+-----------+-----------+
+-----------------------------------------------+---------+------------+-----------+-----------+--------------+
|                     Event                     | Counter |     Sum    |    Min    |    Max    |      Avg     |
+-----------------------------------------------+---------+------------+-----------+-----------+--------------+
|             INSTR_RETIRED_ANY STAT            |  FIXC0  | 2649626000 | 122594800 | 263378000 |    132481300 |
|           CPU_CLK_UNHALTED_CORE STAT          |  FIXC1  | 3370058900 | 160982800 | 177051100 |    168502945 |
|           CPU_CLK_UNHALTED_REF STAT           |  FIXC2  | 4612076300 | 220362800 | 242208000 |    230603815 |
|              PWR_PKG_ENERGY STAT              |   PWR0  |    18.9306 |         0 |   10.3431 |       0.9465 |
|              PWR_DRAM_ENERGY STAT             |   PWR3  |     2.0337 |         0 |    1.1311 |       0.1017 |
| FP_ARITH_INST_RETIRED_128B_PACKED_DOUBLE STAT |   PMC0  |      23000 |         0 |     23000 |         1150 |
|    FP_ARITH_INST_RETIRED_SCALAR_DOUBLE STAT   |   PMC1  |  712834450 |  34275740 |  45967940 | 3.564172e+07 |
| FP_ARITH_INST_RETIRED_256B_PACKED_DOUBLE STAT |   PMC2  |      15090 |         0 |     15090 |     754.5000 |
| FP_ARITH_INST_RETIRED_512B_PACKED_DOUBLE STAT |   PMC3  |     141851 |         0 |    141851 |    7092.5500 |
|               CAS_COUNT_RD STAT               | MBOX0C0 |     289240 |         0 |    214836 |        14462 |
|               CAS_COUNT_WR STAT               | MBOX0C1 |     604473 |         0 |    502188 |   30223.6500 |
|               CAS_COUNT_RD STAT               | MBOX1C0 |     282412 |         0 |    219836 |   14120.6000 |
|               CAS_COUNT_WR STAT               | MBOX1C1 |     593771 |         0 |    508732 |   29688.5500 |
|               CAS_COUNT_RD STAT               | MBOX2C0 |     288103 |         0 |    213882 |   14405.1500 |
|               CAS_COUNT_WR STAT               | MBOX2C1 |     602789 |         0 |    501533 |   30139.4500 |
|               CAS_COUNT_RD STAT               | MBOX3C0 |     295727 |         0 |    161484 |   14786.3500 |
|               CAS_COUNT_WR STAT               | MBOX3C1 |     671174 |         0 |    472838 |   33558.7000 |
|               CAS_COUNT_RD STAT               | MBOX4C0 |     208471 |         0 |    160743 |   10423.5500 |
|               CAS_COUNT_WR STAT               | MBOX4C1 |     547050 |         0 |    473632 |   27352.5000 |
|               CAS_COUNT_RD STAT               | MBOX5C0 |     202749 |         0 |    160198 |   10137.4500 |
|               CAS_COUNT_WR STAT               | MBOX5C1 |     541516 |         0 |    471989 |   27075.8000 |
+-----------------------------------------------+---------+------------+-----------+-----------+--------------+
+-----------------------------------+-----------+-----------+-----------+-----------+-----------+-----------+-----------+-----------+-----------+-----------+-----------+-----------+-----------+-----------+-----------+-----------+-----------+-----------+-----------+-----------+
|               Metric              |   Core 0  |   Core 1  |   Core 2  |   Core 3  |   Core 4  |   Core 5  |   Core 6  |   Core 7  |   Core 8  |   Core 9  |  Core 10  |  Core 11  |  Core 12  |  Core 13  |  Core 14  |  Core 15  |  Core 16  |  Core 17  |  Core 18  |  Core 19  |
+-----------------------------------+-----------+-----------+-----------+-----------+-----------+-----------+-----------+-----------+-----------+-----------+-----------+-----------+-----------+-----------+-----------+-----------+-----------+-----------+-----------+-----------+
|        Runtime (RDTSC) [s]        |    0.2448 |    0.2466 |    0.2467 |    0.2467 |    0.2467 |    0.2466 |    0.2467 |    0.2466 |    0.2467 |    0.2467 |    0.2466 |    0.2467 |    0.2467 |    0.2467 |    0.2449 |    0.2466 |    0.2466 |    0.2467 |    0.2466 |    0.2466 |
|        Runtime unhalted [s]       |    0.0683 |    0.0644 |    0.0655 |    0.0649 |    0.0661 |    0.0658 |    0.0648 |    0.0652 |    0.0645 |    0.0653 |    0.0650 |    0.0654 |    0.0641 |    0.0653 |    0.0621 |    0.0641 |    0.0651 |    0.0648 |    0.0648 |    0.0638 |
|            Clock [MHz]            | 1896.0145 | 1895.3903 | 1895.3415 | 1895.3990 | 1895.3863 | 1895.4215 | 1895.4412 | 1895.3979 | 1895.4107 | 1895.4138 | 1895.4447 | 1895.4036 | 1895.3781 | 1895.4527 | 1894.8407 | 1894.7146 | 1894.9356 | 1894.8549 | 1894.8813 | 1894.9273 |
|                CPI                |    0.6722 |    1.2810 |    1.3178 |    1.3058 |    1.3437 |    1.3479 |    1.3288 |    1.3360 |    1.3277 |    1.3443 |    1.3415 |    1.3517 |    1.3331 |    1.3670 |    1.3021 |    1.3438 |    1.3694 |    1.3701 |    1.3683 |    1.3492 |
|             Energy [J]            |   10.3431 |         0 |         0 |         0 |         0 |         0 |         0 |         0 |         0 |         0 |         0 |         0 |         0 |         0 |    8.5875 |         0 |         0 |         0 |         0 |         0 |
|             Power [W]             |   42.2443 |         0 |         0 |         0 |         0 |         0 |         0 |         0 |         0 |         0 |         0 |         0 |         0 |         0 |   35.0725 |         0 |         0 |         0 |         0 |         0 |
|          Energy DRAM [J]          |    1.1311 |         0 |         0 |         0 |         0 |         0 |         0 |         0 |         0 |         0 |         0 |         0 |         0 |         0 |    0.9026 |         0 |         0 |         0 |         0 |         0 |
|           Power DRAM [W]          |    4.6198 |         0 |         0 |         0 |         0 |         0 |         0 |         0 |         0 |         0 |         0 |         0 |         0 |         0 |    3.6864 |         0 |         0 |         0 |         0 |         0 |
|            DP [MFLOP/s]           |  192.8162 |  148.2654 |  146.3746 |  146.3524 |  144.3843 |  143.2558 |  143.2997 |  143.2756 |  142.6995 |  142.5343 |  142.1546 |  142.0647 |  141.2551 |  140.1543 |  141.2674 |  140.1617 |  139.7473 |  139.1866 |  139.2801 |  138.9837 |
|          AVX DP [MFLOP/s]         |    4.8814 |         0 |         0 |         0 |         0 |         0 |         0 |         0 |         0 |         0 |         0 |         0 |         0 |         0 |         0 |         0 |         0 |         0 |         0 |         0 |
|          Packed [MUOPS/s]         |    0.7349 |         0 |         0 |         0 |         0 |         0 |         0 |         0 |         0 |         0 |         0 |         0 |         0 |         0 |         0 |         0 |         0 |         0 |         0 |         0 |
|          Scalar [MUOPS/s]         |  187.7469 |  148.2654 |  146.3746 |  146.3524 |  144.3843 |  143.2558 |  143.2997 |  143.2756 |  142.6995 |  142.5343 |  142.1546 |  142.0647 |  141.2551 |  140.1543 |  141.2674 |  140.1617 |  139.7473 |  139.1866 |  139.2801 |  138.9837 |
|  Memory read bandwidth [MBytes/s] |  295.6326 |         0 |         0 |         0 |         0 |         0 |         0 |         0 |         0 |         0 |         0 |         0 |         0 |         0 |  113.8910 |         0 |         0 |         0 |         0 |         0 |
|  Memory read data volume [GBytes] |    0.0724 |         0 |         0 |         0 |         0 |         0 |         0 |         0 |         0 |         0 |         0 |         0 |         0 |         0 |    0.0279 |         0 |         0 |         0 |         0 |         0 |
| Memory write bandwidth [MBytes/s] |  766.1266 |         0 |         0 |         0 |         0 |         0 |         0 |         0 |         0 |         0 |         0 |         0 |         0 |         0 |  164.6356 |         0 |         0 |         0 |         0 |         0 |
| Memory write data volume [GBytes] |    0.1876 |         0 |         0 |         0 |         0 |         0 |         0 |         0 |         0 |         0 |         0 |         0 |         0 |         0 |    0.0403 |         0 |         0 |         0 |         0 |         0 |
|    Memory bandwidth [MBytes/s]    | 1061.7592 |         0 |         0 |         0 |         0 |         0 |         0 |         0 |         0 |         0 |         0 |         0 |         0 |         0 |  278.5266 |         0 |         0 |         0 |         0 |         0 |
|    Memory data volume [GBytes]    |    0.2600 |         0 |         0 |         0 |         0 |         0 |         0 |         0 |         0 |         0 |         0 |         0 |         0 |         0 |    0.0682 |         0 |         0 |         0 |         0 |         0 |
|       Operational intensity       |    0.1816 |    0.1407 |    0.1389 |    0.1389 |    0.1370 |    0.1359 |    0.1360 |    0.1359 |    0.1354 |    0.1352 |    0.1349 |    0.1348 |    0.1340 |    0.1330 |    0.5072 |    0.5069 |    0.5054 |    0.5035 |    0.5037 |    0.5026 |
+-----------------------------------+-----------+-----------+-----------+-----------+-----------+-----------+-----------+-----------+-----------+-----------+-----------+-----------+-----------+-----------+-----------+-----------+-----------+-----------+-----------+-----------+
+----------------------------------------+------------+-----------+-----------+-----------+
|                 Metric                 |     Sum    |    Min    |    Max    |    Avg    |
+----------------------------------------+------------+-----------+-----------+-----------+
|        Runtime (RDTSC) [s] STAT        |     4.9295 |    0.2448 |    0.2467 |    0.2465 |
|        Runtime unhalted [s] STAT       |     1.2993 |    0.0621 |    0.0683 |    0.0650 |
|            Clock [MHz] STAT            | 37905.4502 | 1894.7146 | 1896.0145 | 1895.2725 |
|                CPI STAT                |    26.1014 |    0.6722 |    1.3701 |    1.3051 |
|             Energy [J] STAT            |    18.9306 |         0 |   10.3431 |    0.9465 |
|             Power [W] STAT             |    77.3168 |         0 |   42.2443 |    3.8658 |
|          Energy DRAM [J] STAT          |     2.0337 |         0 |    1.1311 |    0.1017 |
|           Power DRAM [W] STAT          |     8.3062 |         0 |    4.6198 |    0.4153 |
|            DP [MFLOP/s] STAT           |  2897.5133 |  138.9837 |  192.8162 |  144.8757 |
|          AVX DP [MFLOP/s] STAT         |     4.8814 |         0 |    4.8814 |    0.2441 |
|          Packed [MUOPS/s] STAT         |     0.7349 |         0 |    0.7349 |    0.0367 |
|          Scalar [MUOPS/s] STAT         |  2892.4440 |  138.9837 |  187.7469 |  144.6222 |
|  Memory read bandwidth [MBytes/s] STAT |   409.5236 |         0 |  295.6326 |   20.4762 |
|  Memory read data volume [GBytes] STAT |     0.1003 |         0 |    0.0724 |    0.0050 |
| Memory write bandwidth [MBytes/s] STAT |   930.7622 |         0 |  766.1266 |   46.5381 |
| Memory write data volume [GBytes] STAT |     0.2279 |         0 |    0.1876 |    0.0114 |
|    Memory bandwidth [MBytes/s] STAT    |  1340.2858 |         0 | 1061.7592 |   67.0143 |
|    Memory data volume [GBytes] STAT    |     0.3282 |         0 |    0.2600 |    0.0164 |
|       Operational intensity STAT       |     4.9815 |    0.1330 |    0.5072 |    0.2491 |
+----------------------------------------+------------+-----------+-----------+-----------+
--------------------------------------------------------------------------------
CPU name:	Intel(R) Xeon(R) Gold 6132 CPU @ 2.60GHz
CPU type:	Intel Skylake SP processor
CPU clock:	2.59 GHz
--------------------------------------------------------------------------------
Region Solve, Group 1: MEM_DP
+-------------------+----------+----------+----------+----------+----------+----------+----------+----------+----------+----------+----------+----------+----------+----------+----------+----------+----------+----------+----------+----------+
|    Region Info    |  Core 0  |  Core 1  |  Core 2  |  Core 3  |  Core 4  |  Core 5  |  Core 6  |  Core 7  |  Core 8  |  Core 9  |  Core 10 |  Core 11 |  Core 12 |  Core 13 |  Core 14 |  Core 15 |  Core 16 |  Core 17 |  Core 18 |  Core 19 |
+-------------------+----------+----------+----------+----------+----------+----------+----------+----------+----------+----------+----------+----------+----------+----------+----------+----------+----------+----------+----------+----------+
| RDTSC Runtime [s] | 9.740994 | 9.742075 | 9.742061 | 9.742063 | 9.742060 | 9.742067 | 9.742061 | 9.742058 | 9.742063 | 9.742069 | 9.742067 | 9.742063 | 9.742063 | 9.742064 | 9.740998 | 9.742057 | 9.742056 | 9.742057 | 9.742057 | 9.742058 |
|     call count    |        1 |        1 |        1 |        1 |        1 |        1 |        1 |        1 |        1 |        1 |        1 |        1 |        1 |        1 |        1 |        1 |        1 |        1 |        1 |        1 |
+-------------------+----------+----------+----------+----------+----------+----------+----------+----------+----------+----------+----------+----------+----------+----------+----------+----------+----------+----------+----------+----------+
+------------------------------------------+---------+-------------+-------------+-------------+-------------+-------------+-------------+-------------+-------------+-------------+-------------+-------------+-------------+-------------+-------------+-------------+-------------+-------------+-------------+-------------+-------------+
|                   Event                  | Counter |    Core 0   |    Core 1   |    Core 2   |    Core 3   |    Core 4   |    Core 5   |    Core 6   |    Core 7   |    Core 8   |    Core 9   |   Core 10   |   Core 11   |   Core 12   |   Core 13   |   Core 14   |   Core 15   |   Core 16   |   Core 17   |   Core 18   |   Core 19   |
+------------------------------------------+---------+-------------+-------------+-------------+-------------+-------------+-------------+-------------+-------------+-------------+-------------+-------------+-------------+-------------+-------------+-------------+-------------+-------------+-------------+-------------+-------------+
|             INSTR_RETIRED_ANY            |  FIXC0  | 30037330000 | 29762980000 | 29631520000 | 29648860000 | 29151930000 | 28897070000 | 28990000000 | 28932120000 | 28638560000 | 28452400000 | 28444800000 | 28477530000 | 28298080000 | 27935630000 | 27929500000 | 28026270000 | 27903210000 | 27879060000 | 27829900000 | 29499210000 |
|           CPU_CLK_UNHALTED_CORE          |  FIXC1  | 18258830000 | 18360810000 | 18356930000 | 18315650000 | 18357660000 | 18366260000 | 18273810000 | 18368970000 | 18365460000 | 18369610000 | 18369190000 | 18369530000 | 18176290000 | 18354890000 | 18353300000 | 18360840000 | 18362190000 | 18348850000 | 18361090000 | 15711630000 |
|           CPU_CLK_UNHALTED_REF           |  FIXC2  | 24985770000 | 25125330000 | 25120030000 | 25063460000 | 25121000000 | 25132790000 | 25006240000 | 25136470000 | 25131690000 | 25137370000 | 25136800000 | 25137280000 | 24872840000 | 25117240000 | 25115080000 | 25125370000 | 25127230000 | 25108950000 | 25125710000 | 21498810000 |
|              PWR_PKG_ENERGY              |   PWR0  |    567.4205 |           0 |           0 |           0 |           0 |           0 |           0 |           0 |           0 |           0 |           0 |           0 |           0 |           0 |    410.3834 |           0 |           0 |           0 |           0 |           0 |
|              PWR_DRAM_ENERGY             |   PWR3  |     54.3330 |           0 |           0 |           0 |           0 |           0 |           0 |           0 |           0 |           0 |           0 |           0 |           0 |           0 |     40.0416 |           0 |           0 |           0 |           0 |           0 |
| FP_ARITH_INST_RETIRED_128B_PACKED_DOUBLE |   PMC0  |       65560 |           0 |           0 |           0 |           0 |           0 |           0 |           0 |           0 |           0 |           0 |           0 |           0 |           0 |           0 |           0 |           0 |           0 |           0 |           0 |
|    FP_ARITH_INST_RETIRED_SCALAR_DOUBLE   |   PMC1  |  8879499000 |  8836738000 |  8819126000 |  8775653000 |  8624190000 |  8546464000 |  8544585000 |  8543040000 |  8418158000 |  8359110000 |  8356052000 |  8368384000 |  8297935000 |  8243441000 |  8239380000 |  8262567000 |  8241023000 |  8261160000 |  8219709000 |  8138890000 |
| FP_ARITH_INST_RETIRED_256B_PACKED_DOUBLE |   PMC2  |       83556 |           0 |           0 |           0 |           0 |           0 |           0 |           0 |           0 |           0 |           0 |           0 |           0 |           0 |           0 |           0 |           0 |           0 |           0 |           0 |
| FP_ARITH_INST_RETIRED_512B_PACKED_DOUBLE |   PMC3  |      417868 |           0 |           0 |           0 |           0 |           0 |           0 |           0 |           0 |           0 |           0 |           0 |           0 |           0 |           0 |           0 |           0 |           0 |           0 |           0 |
|               CAS_COUNT_RD               | MBOX0C0 |    59420600 |           0 |           0 |           0 |           0 |           0 |           0 |           0 |           0 |           0 |           0 |           0 |           0 |           0 |    16627010 |           0 |           0 |           0 |           0 |           0 |
|               CAS_COUNT_WR               | MBOX0C1 |    28578180 |           0 |           0 |           0 |           0 |           0 |           0 |           0 |           0 |           0 |           0 |           0 |           0 |           0 |     9367809 |           0 |           0 |           0 |           0 |           0 |
|               CAS_COUNT_RD               | MBOX1C0 |    59076070 |           0 |           0 |           0 |           0 |           0 |           0 |           0 |           0 |           0 |           0 |           0 |           0 |           0 |    16628990 |           0 |           0 |           0 |           0 |           0 |
|               CAS_COUNT_WR               | MBOX1C1 |    28329970 |           0 |           0 |           0 |           0 |           0 |           0 |           0 |           0 |           0 |           0 |           0 |           0 |           0 |     9377610 |           0 |           0 |           0 |           0 |           0 |
|               CAS_COUNT_RD               | MBOX2C0 |    59361180 |           0 |           0 |           0 |           0 |           0 |           0 |           0 |           0 |           0 |           0 |           0 |           0 |           0 |    16656680 |           0 |           0 |           0 |           0 |           0 |
|               CAS_COUNT_WR               | MBOX2C1 |    28508440 |           0 |           0 |           0 |           0 |           0 |           0 |           0 |           0 |           0 |           0 |           0 |           0 |           0 |     9377277 |           0 |           0 |           0 |           0 |           0 |
|               CAS_COUNT_RD               | MBOX3C0 |    58962240 |           0 |           0 |           0 |           0 |           0 |           0 |           0 |           0 |           0 |           0 |           0 |           0 |           0 |    16491090 |           0 |           0 |           0 |           0 |           0 |
|               CAS_COUNT_WR               | MBOX3C1 |    28331360 |           0 |           0 |           0 |           0 |           0 |           0 |           0 |           0 |           0 |           0 |           0 |           0 |           0 |     9293340 |           0 |           0 |           0 |           0 |           0 |
|               CAS_COUNT_RD               | MBOX4C0 |    58866860 |           0 |           0 |           0 |           0 |           0 |           0 |           0 |           0 |           0 |           0 |           0 |           0 |           0 |    16319470 |           0 |           0 |           0 |           0 |           0 |
|               CAS_COUNT_WR               | MBOX4C1 |    28248130 |           0 |           0 |           0 |           0 |           0 |           0 |           0 |           0 |           0 |           0 |           0 |           0 |           0 |     9091442 |           0 |           0 |           0 |           0 |           0 |
|               CAS_COUNT_RD               | MBOX5C0 |    58843500 |           0 |           0 |           0 |           0 |           0 |           0 |           0 |           0 |           0 |           0 |           0 |           0 |           0 |    16307710 |           0 |           0 |           0 |           0 |           0 |
|               CAS_COUNT_WR               | MBOX5C1 |    28383070 |           0 |           0 |           0 |           0 |           0 |           0 |           0 |           0 |           0 |           0 |           0 |           0 |           0 |     9090653 |           0 |           0 |           0 |           0 |           0 |
+------------------------------------------+---------+-------------+-------------+-------------+-------------+-------------+-------------+-------------+-------------+-------------+-------------+-------------+-------------+-------------+-------------+-------------+-------------+-------------+-------------+-------------+-------------+
+-----------------------------------------------+---------+--------------+-------------+-------------+--------------+
|                     Event                     | Counter |      Sum     |     Min     |     Max     |      Avg     |
+-----------------------------------------------+---------+--------------+-------------+-------------+--------------+
|             INSTR_RETIRED_ANY STAT            |  FIXC0  | 574365960000 | 27829900000 | 30037330000 |  28718298000 |
|           CPU_CLK_UNHALTED_CORE STAT          |  FIXC1  | 364161790000 | 15711630000 | 18369610000 |  18208089500 |
|           CPU_CLK_UNHALTED_REF STAT           |  FIXC2  | 498325460000 | 21498810000 | 25137370000 |  24916273000 |
|              PWR_PKG_ENERGY STAT              |   PWR0  |     977.8039 |           0 |    567.4205 |      48.8902 |
|              PWR_DRAM_ENERGY STAT             |   PWR3  |      94.3746 |           0 |     54.3330 |       4.7187 |
| FP_ARITH_INST_RETIRED_128B_PACKED_DOUBLE STAT |   PMC0  |        65560 |           0 |       65560 |         3278 |
|    FP_ARITH_INST_RETIRED_SCALAR_DOUBLE STAT   |   PMC1  | 168975104000 |  8138890000 |  8879499000 |   8448755200 |
| FP_ARITH_INST_RETIRED_256B_PACKED_DOUBLE STAT |   PMC2  |        83556 |           0 |       83556 |    4177.8000 |
| FP_ARITH_INST_RETIRED_512B_PACKED_DOUBLE STAT |   PMC3  |       417868 |           0 |      417868 |   20893.4000 |
|               CAS_COUNT_RD STAT               | MBOX0C0 |     76047610 |           0 |    59420600 | 3.802380e+06 |
|               CAS_COUNT_WR STAT               | MBOX0C1 |     37945989 |           0 |    28578180 | 1.897299e+06 |
|               CAS_COUNT_RD STAT               | MBOX1C0 |     75705060 |           0 |    59076070 |      3785253 |
|               CAS_COUNT_WR STAT               | MBOX1C1 |     37707580 |           0 |    28329970 |      1885379 |
|               CAS_COUNT_RD STAT               | MBOX2C0 |     76017860 |           0 |    59361180 |      3800893 |
|               CAS_COUNT_WR STAT               | MBOX2C1 |     37885717 |           0 |    28508440 | 1.894286e+06 |
|               CAS_COUNT_RD STAT               | MBOX3C0 |     75453330 |           0 |    58962240 | 3.772666e+06 |
|               CAS_COUNT_WR STAT               | MBOX3C1 |     37624700 |           0 |    28331360 |      1881235 |
|               CAS_COUNT_RD STAT               | MBOX4C0 |     75186330 |           0 |    58866860 | 3.759316e+06 |
|               CAS_COUNT_WR STAT               | MBOX4C1 |     37339572 |           0 |    28248130 | 1.866979e+06 |
|               CAS_COUNT_RD STAT               | MBOX5C0 |     75151210 |           0 |    58843500 | 3.757560e+06 |
|               CAS_COUNT_WR STAT               | MBOX5C1 |     37473723 |           0 |    28383070 | 1.873686e+06 |
+-----------------------------------------------+---------+--------------+-------------+-------------+--------------+
+-----------------------------------+-----------+-----------+-----------+-----------+-----------+-----------+-----------+-----------+-----------+-----------+-----------+-----------+-----------+-----------+-----------+-----------+-----------+-----------+-----------+-----------+
|               Metric              |   Core 0  |   Core 1  |   Core 2  |   Core 3  |   Core 4  |   Core 5  |   Core 6  |   Core 7  |   Core 8  |   Core 9  |  Core 10  |  Core 11  |  Core 12  |  Core 13  |  Core 14  |  Core 15  |  Core 16  |  Core 17  |  Core 18  |  Core 19  |
+-----------------------------------+-----------+-----------+-----------+-----------+-----------+-----------+-----------+-----------+-----------+-----------+-----------+-----------+-----------+-----------+-----------+-----------+-----------+-----------+-----------+-----------+
|        Runtime (RDTSC) [s]        |    9.7410 |    9.7421 |    9.7421 |    9.7421 |    9.7421 |    9.7421 |    9.7421 |    9.7421 |    9.7421 |    9.7421 |    9.7421 |    9.7421 |    9.7421 |    9.7421 |    9.7410 |    9.7421 |    9.7421 |    9.7421 |    9.7421 |    9.7421 |
|        Runtime unhalted [s]       |    7.0395 |    7.0788 |    7.0773 |    7.0614 |    7.0776 |    7.0809 |    7.0453 |    7.0820 |    7.0806 |    7.0822 |    7.0820 |    7.0822 |    7.0077 |    7.0765 |    7.0759 |    7.0788 |    7.0793 |    7.0742 |    7.0789 |    6.0574 |
|            Clock [MHz]            | 1895.4473 | 1895.4466 | 1895.4459 | 1895.4521 | 1895.4481 | 1895.4465 | 1895.4495 | 1895.4486 | 1895.4469 | 1895.4468 | 1895.4464 | 1895.4453 | 1895.4458 | 1895.4458 | 1895.4446 | 1895.4467 | 1895.4458 | 1895.4477 | 1895.4469 | 1895.5634 |
|                CPI                |    0.6079 |    0.6169 |    0.6195 |    0.6178 |    0.6297 |    0.6356 |    0.6303 |    0.6349 |    0.6413 |    0.6456 |    0.6458 |    0.6451 |    0.6423 |    0.6570 |    0.6571 |    0.6551 |    0.6581 |    0.6582 |    0.6598 |    0.5326 |
|             Energy [J]            |  567.4205 |         0 |         0 |         0 |         0 |         0 |         0 |         0 |         0 |         0 |         0 |         0 |         0 |         0 |  410.3834 |         0 |         0 |         0 |         0 |         0 |
|             Power [W]             |   58.2508 |         0 |         0 |         0 |         0 |         0 |         0 |         0 |         0 |         0 |         0 |         0 |         0 |         0 |   42.1295 |         0 |         0 |         0 |         0 |         0 |
|          Energy DRAM [J]          |   54.3330 |         0 |         0 |         0 |         0 |         0 |         0 |         0 |         0 |         0 |         0 |         0 |         0 |         0 |   40.0416 |         0 |         0 |         0 |         0 |         0 |
|           Power DRAM [W]          |    5.5778 |         0 |         0 |         0 |         0 |         0 |         0 |         0 |         0 |         0 |         0 |         0 |         0 |         0 |    4.1106 |         0 |         0 |         0 |         0 |         0 |
|            DP [MFLOP/s]           |  911.9508 |  907.0694 |  905.2629 |  900.8003 |  885.2532 |  877.2742 |  877.0819 |  876.9235 |  864.1042 |  858.0426 |  857.7289 |  858.9951 |  851.7636 |  846.1699 |  845.8456 |  848.1337 |  845.9224 |  847.9893 |  843.7344 |  835.4385 |
|          AVX DP [MFLOP/s]         |    0.3775 |         0 |         0 |         0 |         0 |         0 |         0 |         0 |         0 |         0 |         0 |         0 |         0 |         0 |         0 |         0 |         0 |         0 |         0 |         0 |
|          Packed [MUOPS/s]         |    0.0582 |         0 |         0 |         0 |         0 |         0 |         0 |         0 |         0 |         0 |         0 |         0 |         0 |         0 |         0 |         0 |         0 |         0 |         0 |         0 |
|          Scalar [MUOPS/s]         |  911.5598 |  907.0694 |  905.2629 |  900.8003 |  885.2532 |  877.2742 |  877.0819 |  876.9235 |  864.1042 |  858.0426 |  857.7289 |  858.9951 |  851.7636 |  846.1699 |  845.8456 |  848.1337 |  845.9224 |  847.9893 |  843.7344 |  835.4385 |
|  Memory read bandwidth [MBytes/s] | 2329.3258 |         0 |         0 |         0 |         0 |         0 |         0 |         0 |         0 |         0 |         0 |         0 |         0 |         0 |  650.6500 |         0 |         0 |         0 |         0 |         0 |
|  Memory read data volume [GBytes] |   22.6899 |         0 |         0 |         0 |         0 |         0 |         0 |         0 |         0 |         0 |         0 |         0 |         0 |         0 |    6.3380 |         0 |         0 |         0 |         0 |         0 |
| Memory write bandwidth [MBytes/s] | 1119.4202 |         0 |         0 |         0 |         0 |         0 |         0 |         0 |         0 |         0 |         0 |         0 |         0 |         0 |  365.2891 |         0 |         0 |         0 |         0 |         0 |
| Memory write data volume [GBytes] |   10.9043 |         0 |         0 |         0 |         0 |         0 |         0 |         0 |         0 |         0 |         0 |         0 |         0 |         0 |    3.5583 |         0 |         0 |         0 |         0 |         0 |
|    Memory bandwidth [MBytes/s]    | 3448.7460 |         0 |         0 |         0 |         0 |         0 |         0 |         0 |         0 |         0 |         0 |         0 |         0 |         0 | 1015.9391 |         0 |         0 |         0 |         0 |         0 |
|    Memory data volume [GBytes]    |   33.5942 |         0 |         0 |         0 |         0 |         0 |         0 |         0 |         0 |         0 |         0 |         0 |         0 |         0 |    9.8963 |         0 |         0 |         0 |         0 |         0 |
|       Operational intensity       |    0.2644 |    0.2630 |    0.2625 |    0.2612 |    0.2567 |    0.2544 |    0.2543 |    0.2543 |    0.2506 |    0.2488 |    0.2487 |    0.2491 |    0.2470 |    0.2454 |    0.8326 |    0.8349 |    0.8327 |    0.8348 |    0.8306 |    0.8224 |
+-----------------------------------+-----------+-----------+-----------+-----------+-----------+-----------+-----------+-----------+-----------+-----------+-----------+-----------+-----------+-----------+-----------+-----------+-----------+-----------+-----------+-----------+
+----------------------------------------+------------+-----------+-----------+-----------+
|                 Metric                 |     Sum    |    Min    |    Max    |    Avg    |
+----------------------------------------+------------+-----------+-----------+-----------+
|        Runtime (RDTSC) [s] STAT        |   194.8398 |    9.7410 |    9.7421 |    9.7420 |
|        Runtime unhalted [s] STAT       |   140.3985 |    6.0574 |    7.0822 |    7.0199 |
|            Clock [MHz] STAT            | 37909.0567 | 1895.4446 | 1895.5634 | 1895.4528 |
|                CPI STAT                |    12.6906 |    0.5326 |    0.6598 |    0.6345 |
|             Energy [J] STAT            |   977.8039 |         0 |  567.4205 |   48.8902 |
|             Power [W] STAT             |   100.3803 |         0 |   58.2508 |    5.0190 |
|          Energy DRAM [J] STAT          |    94.3746 |         0 |   54.3330 |    4.7187 |
|           Power DRAM [W] STAT          |     9.6884 |         0 |    5.5778 |    0.4844 |
|            DP [MFLOP/s] STAT           | 17345.4844 |  835.4385 |  911.9508 |  867.2742 |
|          AVX DP [MFLOP/s] STAT         |     0.3775 |         0 |    0.3775 |    0.0189 |
|          Packed [MUOPS/s] STAT         |     0.0582 |         0 |    0.0582 |    0.0029 |
|          Scalar [MUOPS/s] STAT         | 17345.0934 |  835.4385 |  911.5598 |  867.2547 |
|  Memory read bandwidth [MBytes/s] STAT |  2979.9758 |         0 | 2329.3258 |  148.9988 |
|  Memory read data volume [GBytes] STAT |    29.0279 |         0 |   22.6899 |    1.4514 |
| Memory write bandwidth [MBytes/s] STAT |  1484.7093 |         0 | 1119.4202 |   74.2355 |
| Memory write data volume [GBytes] STAT |    14.4626 |         0 |   10.9043 |    0.7231 |
|    Memory bandwidth [MBytes/s] STAT    |  4464.6851 |         0 | 3448.7460 |  223.2343 |
|    Memory data volume [GBytes] STAT    |    43.4905 |         0 |   33.5942 |    2.1745 |
|       Operational intensity STAT       |     8.5484 |    0.2454 |    0.8349 |    0.4274 |
+----------------------------------------+------------+-----------+-----------+-----------+
