--------------------------------------------------------------------------------
CPU name:	Intel(R) Xeon(R) Gold 6132 CPU @ 2.60GHz
CPU type:	Intel Skylake SP processor
CPU clock:	2.59 GHz
--------------------------------------------------------------------------------
Region Setup, Group 1: MEM_DP
+-------------------+----------+----------+----------+----------+----------+----------+----------+----------+----------+----------+----------+----------+----------+----------+----------+----------+----------+----------+----------+----------+----------+----------+----------+----------+----------+
|    Region Info    |  Core 0  |  Core 1  |  Core 2  |  Core 3  |  Core 4  |  Core 5  |  Core 6  |  Core 7  |  Core 8  |  Core 9  |  Core 10 |  Core 11 |  Core 12 |  Core 13 |  Core 14 |  Core 15 |  Core 16 |  Core 17 |  Core 18 |  Core 19 |  Core 20 |  Core 21 |  Core 22 |  Core 23 |  Core 24 |
+-------------------+----------+----------+----------+----------+----------+----------+----------+----------+----------+----------+----------+----------+----------+----------+----------+----------+----------+----------+----------+----------+----------+----------+----------+----------+----------+
| RDTSC Runtime [s] | 0.241700 | 0.243550 | 0.243588 | 0.243508 | 0.243540 | 0.243522 | 0.243533 | 0.243501 | 0.243517 | 0.243557 | 0.243505 | 0.243536 | 0.243530 | 0.243499 | 0.241742 | 0.243535 | 0.243486 | 0.243512 | 0.243558 | 0.243566 | 0.243523 | 0.243535 | 0.243573 | 0.243570 | 0.243544 |
|     call count    |        2 |        2 |        2 |        2 |        2 |        2 |        2 |        2 |        2 |        2 |        2 |        2 |        2 |        2 |        2 |        2 |        2 |        2 |        2 |        2 |        2 |        2 |        2 |        2 |        2 |
+-------------------+----------+----------+----------+----------+----------+----------+----------+----------+----------+----------+----------+----------+----------+----------+----------+----------+----------+----------+----------+----------+----------+----------+----------+----------+----------+
+------------------------------------------+---------+-----------+-----------+-----------+-----------+-----------+-----------+-----------+-----------+-----------+-----------+-----------+-----------+-----------+-----------+-----------+-----------+-----------+-----------+-----------+-----------+-----------+-----------+-----------+-----------+-----------+
|                   Event                  | Counter |   Core 0  |   Core 1  |   Core 2  |   Core 3  |   Core 4  |   Core 5  |   Core 6  |   Core 7  |   Core 8  |   Core 9  |  Core 10  |  Core 11  |  Core 12  |  Core 13  |  Core 14  |  Core 15  |  Core 16  |  Core 17  |  Core 18  |  Core 19  |  Core 20  |  Core 21  |  Core 22  |  Core 23  |  Core 24  |
+------------------------------------------+---------+-----------+-----------+-----------+-----------+-----------+-----------+-----------+-----------+-----------+-----------+-----------+-----------+-----------+-----------+-----------+-----------+-----------+-----------+-----------+-----------+-----------+-----------+-----------+-----------+-----------+
|             INSTR_RETIRED_ANY            |  FIXC0  | 238014200 | 105725800 | 105779800 | 105986800 | 105455700 | 105656800 | 105454900 | 103477800 | 103020100 | 103138400 | 102508600 | 103064800 | 102494000 | 102703400 | 100891100 | 100431700 |  99193610 |  98785270 |  98201250 |  98187850 |  97986540 |  98000990 |  97897630 |  97684640 |  97623950 |
|           CPU_CLK_UNHALTED_CORE          |  FIXC1  | 168651700 | 156085400 | 161261300 | 163913300 | 156861200 | 159672700 | 157643600 | 157858000 | 161182000 | 163503000 | 156866700 | 166830400 | 156966200 | 159859300 | 151184800 | 154204100 | 156468000 | 153310300 | 151258700 | 150896200 | 153849100 | 155012200 | 158634000 | 160697400 | 163486000 |
|           CPU_CLK_UNHALTED_REF           |  FIXC2  | 230729100 | 213592300 | 220683100 | 224303700 | 214661500 | 218499800 | 215726400 | 216020700 | 220572100 | 223744500 | 214664800 | 228298400 | 214795900 | 218758700 | 206923800 | 211047700 | 214148000 | 209857300 | 207023000 | 206524000 | 210564700 | 212155200 | 217111100 | 219929500 | 223771700 |
|              PWR_PKG_ENERGY              |   PWR0  |   10.0223 |         0 |         0 |         0 |         0 |         0 |         0 |         0 |         0 |         0 |         0 |         0 |         0 |         0 |    9.4797 |         0 |         0 |         0 |         0 |         0 |         0 |         0 |         0 |         0 |         0 |
|              PWR_DRAM_ENERGY             |   PWR3  |    1.1275 |         0 |         0 |         0 |         0 |         0 |         0 |         0 |         0 |         0 |         0 |         0 |         0 |         0 |    0.8988 |         0 |         0 |         0 |         0 |         0 |         0 |         0 |         0 |         0 |         0 |
| FP_ARITH_INST_RETIRED_128B_PACKED_DOUBLE |   PMC0  |     23000 |         0 |         0 |         0 |         0 |         0 |         0 |         0 |         0 |         0 |         0 |         0 |         0 |         0 |         0 |         0 |         0 |         0 |         0 |         0 |         0 |         0 |         0 |         0 |         0 |
|    FP_ARITH_INST_RETIRED_SCALAR_DOUBLE   |   PMC1  |  38487040 |  29318030 |  29281620 |  29294790 |  29246130 |  29253970 |  29235310 |  28623130 |  28446640 |  28432320 |  28364580 |  28370690 |  28363590 |  28369690 |  27951500 |  27742040 |  27417150 |  27336450 |  27205040 |  27193220 |  27097660 |  27072190 |  27012590 |  26906440 |  26812940 |
| FP_ARITH_INST_RETIRED_256B_PACKED_DOUBLE |   PMC2  |     15090 |         0 |         0 |         0 |         0 |         0 |         0 |         0 |         0 |         0 |         0 |         0 |         0 |         0 |         0 |         0 |         0 |         0 |         0 |         0 |         0 |         0 |         0 |         0 |         0 |
| FP_ARITH_INST_RETIRED_512B_PACKED_DOUBLE |   PMC3  |    141851 |         0 |         0 |         0 |         0 |         0 |         0 |         0 |         0 |         0 |         0 |         0 |         0 |         0 |         0 |         0 |         0 |         0 |         0 |         0 |         0 |         0 |         0 |         0 |         0 |
|               CAS_COUNT_RD               | MBOX0C0 |    218356 |         0 |         0 |         0 |         0 |         0 |         0 |         0 |         0 |         0 |         0 |         0 |         0 |         0 |     73113 |         0 |         0 |         0 |         0 |         0 |         0 |         0 |         0 |         0 |         0 |
|               CAS_COUNT_WR               | MBOX0C1 |    515719 |         0 |         0 |         0 |         0 |         0 |         0 |         0 |         0 |         0 |         0 |         0 |         0 |         0 |    127923 |         0 |         0 |         0 |         0 |         0 |         0 |         0 |         0 |         0 |         0 |
|               CAS_COUNT_RD               | MBOX1C0 |    216562 |         0 |         0 |         0 |         0 |         0 |         0 |         0 |         0 |         0 |         0 |         0 |         0 |         0 |     74136 |         0 |         0 |         0 |         0 |         0 |         0 |         0 |         0 |         0 |         0 |
|               CAS_COUNT_WR               | MBOX1C1 |    513935 |         0 |         0 |         0 |         0 |         0 |         0 |         0 |         0 |         0 |         0 |         0 |         0 |         0 |    129114 |         0 |         0 |         0 |         0 |         0 |         0 |         0 |         0 |         0 |         0 |
|               CAS_COUNT_RD               | MBOX2C0 |    224032 |         0 |         0 |         0 |         0 |         0 |         0 |         0 |         0 |         0 |         0 |         0 |         0 |         0 |     75188 |         0 |         0 |         0 |         0 |         0 |         0 |         0 |         0 |         0 |         0 |
|               CAS_COUNT_WR               | MBOX2C1 |    524963 |         0 |         0 |         0 |         0 |         0 |         0 |         0 |         0 |         0 |         0 |         0 |         0 |         0 |    130802 |         0 |         0 |         0 |         0 |         0 |         0 |         0 |         0 |         0 |         0 |
|               CAS_COUNT_RD               | MBOX3C0 |    173934 |         0 |         0 |         0 |         0 |         0 |         0 |         0 |         0 |         0 |         0 |         0 |         0 |         0 |     53567 |         0 |         0 |         0 |         0 |         0 |         0 |         0 |         0 |         0 |         0 |
|               CAS_COUNT_WR               | MBOX3C1 |    491686 |         0 |         0 |         0 |         0 |         0 |         0 |         0 |         0 |         0 |         0 |         0 |         0 |         0 |    113752 |         0 |         0 |         0 |         0 |         0 |         0 |         0 |         0 |         0 |         0 |
|               CAS_COUNT_RD               | MBOX4C0 |    162218 |         0 |         0 |         0 |         0 |         0 |         0 |         0 |         0 |         0 |         0 |         0 |         0 |         0 |     50218 |         0 |         0 |         0 |         0 |         0 |         0 |         0 |         0 |         0 |         0 |
|               CAS_COUNT_WR               | MBOX4C1 |    478455 |         0 |         0 |         0 |         0 |         0 |         0 |         0 |         0 |         0 |         0 |         0 |         0 |         0 |    110644 |         0 |         0 |         0 |         0 |         0 |         0 |         0 |         0 |         0 |         0 |
|               CAS_COUNT_RD               | MBOX5C0 |    307609 |         0 |         0 |         0 |         0 |         0 |         0 |         0 |         0 |         0 |         0 |         0 |         0 |         0 |     49562 |         0 |         0 |         0 |         0 |         0 |         0 |         0 |         0 |         0 |         0 |
|               CAS_COUNT_WR               | MBOX5C1 |    675642 |         0 |         0 |         0 |         0 |         0 |         0 |         0 |         0 |         0 |         0 |         0 |         0 |         0 |    110083 |         0 |         0 |         0 |         0 |         0 |         0 |         0 |         0 |         0 |         0 |
+------------------------------------------+---------+-----------+-----------+-----------+-----------+-----------+-----------+-----------+-----------+-----------+-----------+-----------+-----------+-----------+-----------+-----------+-----------+-----------+-----------+-----------+-----------+-----------+-----------+-----------+-----------+-----------+
+-----------------------------------------------+---------+------------+-----------+-----------+--------------+
|                     Event                     | Counter |     Sum    |    Min    |    Max    |      Avg     |
+-----------------------------------------------+---------+------------+-----------+-----------+--------------+
|             INSTR_RETIRED_ANY STAT            |  FIXC0  | 2677365630 |  97623950 | 238014200 | 1.070946e+08 |
|           CPU_CLK_UNHALTED_CORE STAT          |  FIXC1  | 3956155600 | 150896200 | 168651700 |    158246224 |
|           CPU_CLK_UNHALTED_REF STAT           |  FIXC2  | 5414107000 | 206524000 | 230729100 |    216564280 |
|              PWR_PKG_ENERGY STAT              |   PWR0  |    19.5020 |         0 |   10.0223 |       0.7801 |
|              PWR_DRAM_ENERGY STAT             |   PWR3  |     2.0263 |         0 |    1.1275 |       0.0811 |
| FP_ARITH_INST_RETIRED_128B_PACKED_DOUBLE STAT |   PMC0  |      23000 |         0 |     23000 |          920 |
|    FP_ARITH_INST_RETIRED_SCALAR_DOUBLE STAT   |   PMC1  |  712834750 |  26812940 |  38487040 |     28513390 |
| FP_ARITH_INST_RETIRED_256B_PACKED_DOUBLE STAT |   PMC2  |      15090 |         0 |     15090 |     603.6000 |
| FP_ARITH_INST_RETIRED_512B_PACKED_DOUBLE STAT |   PMC3  |     141851 |         0 |    141851 |    5674.0400 |
|               CAS_COUNT_RD STAT               | MBOX0C0 |     291469 |         0 |    218356 |   11658.7600 |
|               CAS_COUNT_WR STAT               | MBOX0C1 |     643642 |         0 |    515719 |   25745.6800 |
|               CAS_COUNT_RD STAT               | MBOX1C0 |     290698 |         0 |    216562 |   11627.9200 |
|               CAS_COUNT_WR STAT               | MBOX1C1 |     643049 |         0 |    513935 |   25721.9600 |
|               CAS_COUNT_RD STAT               | MBOX2C0 |     299220 |         0 |    224032 |   11968.8000 |
|               CAS_COUNT_WR STAT               | MBOX2C1 |     655765 |         0 |    524963 |   26230.6000 |
|               CAS_COUNT_RD STAT               | MBOX3C0 |     227501 |         0 |    173934 |    9100.0400 |
|               CAS_COUNT_WR STAT               | MBOX3C1 |     605438 |         0 |    491686 |   24217.5200 |
|               CAS_COUNT_RD STAT               | MBOX4C0 |     212436 |         0 |    162218 |    8497.4400 |
|               CAS_COUNT_WR STAT               | MBOX4C1 |     589099 |         0 |    478455 |   23563.9600 |
|               CAS_COUNT_RD STAT               | MBOX5C0 |     357171 |         0 |    307609 |   14286.8400 |
|               CAS_COUNT_WR STAT               | MBOX5C1 |     785725 |         0 |    675642 |        31429 |
+-----------------------------------------------+---------+------------+-----------+-----------+--------------+
+-----------------------------------+-----------+-----------+-----------+-----------+-----------+-----------+-----------+-----------+-----------+-----------+-----------+-----------+-----------+-----------+-----------+-----------+-----------+-----------+-----------+-----------+-----------+-----------+-----------+-----------+-----------+
|               Metric              |   Core 0  |   Core 1  |   Core 2  |   Core 3  |   Core 4  |   Core 5  |   Core 6  |   Core 7  |   Core 8  |   Core 9  |  Core 10  |  Core 11  |  Core 12  |  Core 13  |  Core 14  |  Core 15  |  Core 16  |  Core 17  |  Core 18  |  Core 19  |  Core 20  |  Core 21  |  Core 22  |  Core 23  |  Core 24  |
+-----------------------------------+-----------+-----------+-----------+-----------+-----------+-----------+-----------+-----------+-----------+-----------+-----------+-----------+-----------+-----------+-----------+-----------+-----------+-----------+-----------+-----------+-----------+-----------+-----------+-----------+-----------+
|        Runtime (RDTSC) [s]        |    0.2417 |    0.2435 |    0.2436 |    0.2435 |    0.2435 |    0.2435 |    0.2435 |    0.2435 |    0.2435 |    0.2436 |    0.2435 |    0.2435 |    0.2435 |    0.2435 |    0.2417 |    0.2435 |    0.2435 |    0.2435 |    0.2436 |    0.2436 |    0.2435 |    0.2435 |    0.2436 |    0.2436 |    0.2435 |
|        Runtime unhalted [s]       |    0.0650 |    0.0602 |    0.0622 |    0.0632 |    0.0605 |    0.0616 |    0.0608 |    0.0609 |    0.0621 |    0.0630 |    0.0605 |    0.0643 |    0.0605 |    0.0616 |    0.0583 |    0.0595 |    0.0603 |    0.0591 |    0.0583 |    0.0582 |    0.0593 |    0.0598 |    0.0612 |    0.0620 |    0.0630 |
|            Clock [MHz]            | 1895.9178 | 1895.4304 | 1895.3623 | 1895.4351 | 1895.3636 | 1895.4433 | 1895.4145 | 1895.4066 | 1895.3836 | 1895.4159 | 1895.4009 | 1895.4114 | 1895.4456 | 1895.4125 | 1895.0857 | 1895.1625 | 1895.1460 | 1894.8656 | 1895.1035 | 1895.1297 | 1895.1368 | 1895.1490 | 1895.1579 | 1895.2064 | 1894.9885 |
|                CPI                |    0.7086 |    1.4763 |    1.5245 |    1.5465 |    1.4875 |    1.5112 |    1.4949 |    1.5255 |    1.5646 |    1.5853 |    1.5303 |    1.6187 |    1.5315 |    1.5565 |    1.4985 |    1.5354 |    1.5774 |    1.5520 |    1.5403 |    1.5368 |    1.5701 |    1.5817 |    1.6204 |    1.6451 |    1.6747 |
|             Energy [J]            |   10.0223 |         0 |         0 |         0 |         0 |         0 |         0 |         0 |         0 |         0 |         0 |         0 |         0 |         0 |    9.4797 |         0 |         0 |         0 |         0 |         0 |         0 |         0 |         0 |         0 |         0 |
|             Power [W]             |   41.4661 |         0 |         0 |         0 |         0 |         0 |         0 |         0 |         0 |         0 |         0 |         0 |         0 |         0 |   39.2142 |         0 |         0 |         0 |         0 |         0 |         0 |         0 |         0 |         0 |         0 |
|          Energy DRAM [J]          |    1.1275 |         0 |         0 |         0 |         0 |         0 |         0 |         0 |         0 |         0 |         0 |         0 |         0 |         0 |    0.8988 |         0 |         0 |         0 |         0 |         0 |         0 |         0 |         0 |         0 |         0 |
|           Power DRAM [W]          |    4.6650 |         0 |         0 |         0 |         0 |         0 |         0 |         0 |         0 |         0 |         0 |         0 |         0 |         0 |    3.7179 |         0 |         0 |         0 |         0 |         0 |         0 |         0 |         0 |         0 |         0 |
|            DP [MFLOP/s]           |  164.3701 |  120.3780 |  120.2094 |  120.3032 |  120.0876 |  120.1289 |  120.0466 |  117.5485 |  116.8160 |  116.7381 |  116.4846 |  116.4947 |  116.4687 |  116.5083 |  115.6252 |  113.9141 |  112.6025 |  112.2592 |  111.6985 |  111.6463 |  111.2734 |  111.1633 |  110.9013 |  110.4670 |  110.0948 |
|          AVX DP [MFLOP/s]         |    4.9448 |         0 |         0 |         0 |         0 |         0 |         0 |         0 |         0 |         0 |         0 |         0 |         0 |         0 |         0 |         0 |         0 |         0 |         0 |         0 |         0 |         0 |         0 |         0 |         0 |
|          Packed [MUOPS/s]         |    0.7445 |         0 |         0 |         0 |         0 |         0 |         0 |         0 |         0 |         0 |         0 |         0 |         0 |         0 |         0 |         0 |         0 |         0 |         0 |         0 |         0 |         0 |         0 |         0 |         0 |
|          Scalar [MUOPS/s]         |  159.2350 |  120.3780 |  120.2094 |  120.3032 |  120.0876 |  120.1289 |  120.0466 |  117.5485 |  116.8160 |  116.7381 |  116.4846 |  116.4947 |  116.4687 |  116.5083 |  115.6252 |  113.9141 |  112.6025 |  112.2592 |  111.6985 |  111.6463 |  111.2734 |  111.1633 |  110.9013 |  110.4670 |  110.0948 |
|  Memory read bandwidth [MBytes/s] |  344.9467 |         0 |         0 |         0 |         0 |         0 |         0 |         0 |         0 |         0 |         0 |         0 |         0 |         0 |   99.4868 |         0 |         0 |         0 |         0 |         0 |         0 |         0 |         0 |         0 |         0 |
|  Memory read data volume [GBytes] |    0.0834 |         0 |         0 |         0 |         0 |         0 |         0 |         0 |         0 |         0 |         0 |         0 |         0 |         0 |    0.0241 |         0 |         0 |         0 |         0 |         0 |         0 |         0 |         0 |         0 |         0 |
| Memory write bandwidth [MBytes/s] |  847.4384 |         0 |         0 |         0 |         0 |         0 |         0 |         0 |         0 |         0 |         0 |         0 |         0 |         0 |  191.2299 |         0 |         0 |         0 |         0 |         0 |         0 |         0 |         0 |         0 |         0 |
| Memory write data volume [GBytes] |    0.2048 |         0 |         0 |         0 |         0 |         0 |         0 |         0 |         0 |         0 |         0 |         0 |         0 |         0 |    0.0462 |         0 |         0 |         0 |         0 |         0 |         0 |         0 |         0 |         0 |         0 |
|    Memory bandwidth [MBytes/s]    | 1192.3850 |         0 |         0 |         0 |         0 |         0 |         0 |         0 |         0 |         0 |         0 |         0 |         0 |         0 |  290.7167 |         0 |         0 |         0 |         0 |         0 |         0 |         0 |         0 |         0 |         0 |
|    Memory data volume [GBytes]    |    0.2882 |         0 |         0 |         0 |         0 |         0 |         0 |         0 |         0 |         0 |         0 |         0 |         0 |         0 |    0.0703 |         0 |         0 |         0 |         0 |         0 |         0 |         0 |         0 |         0 |         0 |
|       Operational intensity       |    0.1378 |    0.1017 |    0.1016 |    0.1016 |    0.1015 |    0.1015 |    0.1014 |    0.0993 |    0.0987 |    0.0987 |    0.0984 |    0.0984 |    0.0984 |    0.0984 |    0.3977 |    0.3947 |    0.3901 |    0.3890 |    0.3871 |    0.3869 |    0.3856 |    0.3852 |    0.3844 |    0.3829 |    0.3815 |
+-----------------------------------+-----------+-----------+-----------+-----------+-----------+-----------+-----------+-----------+-----------+-----------+-----------+-----------+-----------+-----------+-----------+-----------+-----------+-----------+-----------+-----------+-----------+-----------+-----------+-----------+-----------+
+----------------------------------------+------------+-----------+-----------+-----------+
|                 Metric                 |     Sum    |    Min    |    Max    |    Avg    |
+----------------------------------------+------------+-----------+-----------+-----------+
|        Runtime (RDTSC) [s] STAT        |     6.0845 |    0.2417 |    0.2436 |    0.2434 |
|        Runtime unhalted [s] STAT       |     1.5254 |    0.0582 |    0.0650 |    0.0610 |
|            Clock [MHz] STAT            | 47382.3751 | 1894.8656 | 1895.9178 | 1895.2950 |
|                CPI STAT                |    37.9943 |    0.7086 |    1.6747 |    1.5198 |
|             Energy [J] STAT            |    19.5020 |         0 |   10.0223 |    0.7801 |
|             Power [W] STAT             |    80.6803 |         0 |   41.4661 |    3.2272 |
|          Energy DRAM [J] STAT          |     2.0263 |         0 |    1.1275 |    0.0811 |
|           Power DRAM [W] STAT          |     8.3829 |         0 |    4.6650 |    0.3353 |
|            DP [MFLOP/s] STAT           |  2934.2283 |  110.0948 |  164.3701 |  117.3691 |
|          AVX DP [MFLOP/s] STAT         |     4.9448 |         0 |    4.9448 |    0.1978 |
|          Packed [MUOPS/s] STAT         |     0.7445 |         0 |    0.7445 |    0.0298 |
|          Scalar [MUOPS/s] STAT         |  2929.0932 |  110.0948 |  159.2350 |  117.1637 |
|  Memory read bandwidth [MBytes/s] STAT |   444.4335 |         0 |  344.9467 |   17.7773 |
|  Memory read data volume [GBytes] STAT |     0.1075 |         0 |    0.0834 |    0.0043 |
| Memory write bandwidth [MBytes/s] STAT |  1038.6683 |         0 |  847.4384 |   41.5467 |
| Memory write data volume [GBytes] STAT |     0.2510 |         0 |    0.2048 |    0.0100 |
|    Memory bandwidth [MBytes/s] STAT    |  1483.1017 |         0 | 1192.3850 |   59.3241 |
|    Memory data volume [GBytes] STAT    |     0.3585 |         0 |    0.2882 |    0.0143 |
|       Operational intensity STAT       |     5.7025 |    0.0984 |    0.3977 |    0.2281 |
+----------------------------------------+------------+-----------+-----------+-----------+
--------------------------------------------------------------------------------
CPU name:	Intel(R) Xeon(R) Gold 6132 CPU @ 2.60GHz
CPU type:	Intel Skylake SP processor
CPU clock:	2.59 GHz
--------------------------------------------------------------------------------
Region Solve, Group 1: MEM_DP
+-------------------+----------+----------+----------+----------+----------+----------+----------+----------+----------+----------+----------+----------+----------+----------+----------+----------+----------+----------+----------+----------+----------+----------+----------+----------+----------+
|    Region Info    |  Core 0  |  Core 1  |  Core 2  |  Core 3  |  Core 4  |  Core 5  |  Core 6  |  Core 7  |  Core 8  |  Core 9  |  Core 10 |  Core 11 |  Core 12 |  Core 13 |  Core 14 |  Core 15 |  Core 16 |  Core 17 |  Core 18 |  Core 19 |  Core 20 |  Core 21 |  Core 22 |  Core 23 |  Core 24 |
+-------------------+----------+----------+----------+----------+----------+----------+----------+----------+----------+----------+----------+----------+----------+----------+----------+----------+----------+----------+----------+----------+----------+----------+----------+----------+----------+
| RDTSC Runtime [s] | 8.250274 | 8.251321 | 8.251327 | 8.251320 | 8.251324 | 8.251332 | 8.251327 | 8.251325 | 8.251326 | 8.251330 | 8.251325 | 8.251322 | 8.251323 | 8.251320 | 8.250267 | 8.251326 | 8.251325 | 8.251321 | 8.251321 | 8.251331 | 8.251332 | 8.251327 | 8.251335 | 8.251335 | 8.251327 |
|     call count    |        1 |        1 |        1 |        1 |        1 |        1 |        1 |        1 |        1 |        1 |        1 |        1 |        1 |        1 |        1 |        1 |        1 |        1 |        1 |        1 |        1 |        1 |        1 |        1 |        1 |
+-------------------+----------+----------+----------+----------+----------+----------+----------+----------+----------+----------+----------+----------+----------+----------+----------+----------+----------+----------+----------+----------+----------+----------+----------+----------+----------+
+------------------------------------------+---------+-------------+-------------+-------------+-------------+-------------+-------------+-------------+-------------+-------------+-------------+-------------+-------------+-------------+-------------+-------------+-------------+-------------+-------------+-------------+-------------+-------------+-------------+-------------+-------------+-------------+
|                   Event                  | Counter |    Core 0   |    Core 1   |    Core 2   |    Core 3   |    Core 4   |    Core 5   |    Core 6   |    Core 7   |    Core 8   |    Core 9   |   Core 10   |   Core 11   |   Core 12   |   Core 13   |   Core 14   |   Core 15   |   Core 16   |   Core 17   |   Core 18   |   Core 19   |   Core 20   |   Core 21   |   Core 22   |   Core 23   |   Core 24   |
+------------------------------------------+---------+-------------+-------------+-------------+-------------+-------------+-------------+-------------+-------------+-------------+-------------+-------------+-------------+-------------+-------------+-------------+-------------+-------------+-------------+-------------+-------------+-------------+-------------+-------------+-------------+-------------+
|             INSTR_RETIRED_ANY            |  FIXC0  | 23969410000 | 23786910000 | 23833280000 | 23847630000 | 23729750000 | 23670450000 | 23606520000 | 23158630000 | 23125650000 | 23151410000 | 23107890000 | 23094580000 | 22960260000 | 22809740000 | 22649890000 | 22609490000 | 22432200000 | 22383950000 | 22361390000 | 22394360000 | 22436260000 | 22408520000 | 22337840000 | 22105380000 | 23489290000 |
|           CPU_CLK_UNHALTED_CORE          |  FIXC1  | 15463670000 | 15554320000 | 15559640000 | 15514950000 | 15563100000 | 15561880000 | 15467710000 | 15564030000 | 15560910000 | 15562550000 | 15556230000 | 15568020000 | 15381500000 | 15566940000 | 15536360000 | 15543760000 | 15543050000 | 15546820000 | 15547160000 | 15546560000 | 15547320000 | 15546590000 | 15548510000 | 15548180000 | 12904840000 |
|           CPU_CLK_UNHALTED_REF           |  FIXC2  | 21160840000 | 21284860000 | 21292150000 | 21230940000 | 21296880000 | 21295200000 | 21166340000 | 21298150000 | 21293880000 | 21296120000 | 21287470000 | 21303610000 | 21048350000 | 21302130000 | 21260270000 | 21270410000 | 21269450000 | 21274600000 | 21275060000 | 21274260000 | 21275290000 | 21274280000 | 21276920000 | 21276460000 | 17659080000 |
|              PWR_PKG_ENERGY              |   PWR0  |    482.2844 |           0 |           0 |           0 |           0 |           0 |           0 |           0 |           0 |           0 |           0 |           0 |           0 |           0 |    449.0248 |           0 |           0 |           0 |           0 |           0 |           0 |           0 |           0 |           0 |           0 |
|              PWR_DRAM_ENERGY             |   PWR3  |     41.7998 |           0 |           0 |           0 |           0 |           0 |           0 |           0 |           0 |           0 |           0 |           0 |           0 |           0 |     38.9751 |           0 |           0 |           0 |           0 |           0 |           0 |           0 |           0 |           0 |           0 |
| FP_ARITH_INST_RETIRED_128B_PACKED_DOUBLE |   PMC0  |       65560 |           0 |           0 |           0 |           0 |           0 |           0 |           0 |           0 |           0 |           0 |           0 |           0 |           0 |           0 |           0 |           0 |           0 |           0 |           0 |           0 |           0 |           0 |           0 |           0 |
|    FP_ARITH_INST_RETIRED_SCALAR_DOUBLE   |   PMC1  |  7066575000 |  7039504000 |  7081222000 |  7067304000 |  7030178000 |  7003096000 |  6959863000 |  6842213000 |  6825913000 |  6822501000 |  6785195000 |  6775240000 |  6696602000 |  6694342000 |  6640701000 |  6646235000 |  6596836000 |  6583532000 |  6575564000 |  6583664000 |  6605699000 |  6618322000 |  6594936000 |  6494803000 |  6345068000 |
| FP_ARITH_INST_RETIRED_256B_PACKED_DOUBLE |   PMC2  |       83556 |           0 |           0 |           0 |           0 |           0 |           0 |           0 |           0 |           0 |           0 |           0 |           0 |           0 |           0 |           0 |           0 |           0 |           0 |           0 |           0 |           0 |           0 |           0 |           0 |
| FP_ARITH_INST_RETIRED_512B_PACKED_DOUBLE |   PMC3  |      417868 |           0 |           0 |           0 |           0 |           0 |           0 |           0 |           0 |           0 |           0 |           0 |           0 |           0 |           0 |           0 |           0 |           0 |           0 |           0 |           0 |           0 |           0 |           0 |           0 |
|               CAS_COUNT_RD               | MBOX0C0 |    38954270 |           0 |           0 |           0 |           0 |           0 |           0 |           0 |           0 |           0 |           0 |           0 |           0 |           0 |    29065210 |           0 |           0 |           0 |           0 |           0 |           0 |           0 |           0 |           0 |           0 |
|               CAS_COUNT_WR               | MBOX0C1 |    19791690 |           0 |           0 |           0 |           0 |           0 |           0 |           0 |           0 |           0 |           0 |           0 |           0 |           0 |    17659470 |           0 |           0 |           0 |           0 |           0 |           0 |           0 |           0 |           0 |           0 |
|               CAS_COUNT_RD               | MBOX1C0 |    38901320 |           0 |           0 |           0 |           0 |           0 |           0 |           0 |           0 |           0 |           0 |           0 |           0 |           0 |    28849420 |           0 |           0 |           0 |           0 |           0 |           0 |           0 |           0 |           0 |           0 |
|               CAS_COUNT_WR               | MBOX1C1 |    19834630 |           0 |           0 |           0 |           0 |           0 |           0 |           0 |           0 |           0 |           0 |           0 |           0 |           0 |    17386160 |           0 |           0 |           0 |           0 |           0 |           0 |           0 |           0 |           0 |           0 |
|               CAS_COUNT_RD               | MBOX2C0 |    38970100 |           0 |           0 |           0 |           0 |           0 |           0 |           0 |           0 |           0 |           0 |           0 |           0 |           0 |    29138080 |           0 |           0 |           0 |           0 |           0 |           0 |           0 |           0 |           0 |           0 |
|               CAS_COUNT_WR               | MBOX2C1 |    19854060 |           0 |           0 |           0 |           0 |           0 |           0 |           0 |           0 |           0 |           0 |           0 |           0 |           0 |    17687420 |           0 |           0 |           0 |           0 |           0 |           0 |           0 |           0 |           0 |           0 |
|               CAS_COUNT_RD               | MBOX3C0 |    38739470 |           0 |           0 |           0 |           0 |           0 |           0 |           0 |           0 |           0 |           0 |           0 |           0 |           0 |    28698380 |           0 |           0 |           0 |           0 |           0 |           0 |           0 |           0 |           0 |           0 |
|               CAS_COUNT_WR               | MBOX3C1 |    19670300 |           0 |           0 |           0 |           0 |           0 |           0 |           0 |           0 |           0 |           0 |           0 |           0 |           0 |    17299020 |           0 |           0 |           0 |           0 |           0 |           0 |           0 |           0 |           0 |           0 |
|               CAS_COUNT_RD               | MBOX4C0 |    38711460 |           0 |           0 |           0 |           0 |           0 |           0 |           0 |           0 |           0 |           0 |           0 |           0 |           0 |    28675820 |           0 |           0 |           0 |           0 |           0 |           0 |           0 |           0 |           0 |           0 |
|               CAS_COUNT_WR               | MBOX4C1 |    19680830 |           0 |           0 |           0 |           0 |           0 |           0 |           0 |           0 |           0 |           0 |           0 |           0 |           0 |    17294200 |           0 |           0 |           0 |           0 |           0 |           0 |           0 |           0 |           0 |           0 |
|               CAS_COUNT_RD               | MBOX5C0 |    38805660 |           0 |           0 |           0 |           0 |           0 |           0 |           0 |           0 |           0 |           0 |           0 |           0 |           0 |    28467860 |           0 |           0 |           0 |           0 |           0 |           0 |           0 |           0 |           0 |           0 |
|               CAS_COUNT_WR               | MBOX5C1 |    19879760 |           0 |           0 |           0 |           0 |           0 |           0 |           0 |           0 |           0 |           0 |           0 |           0 |           0 |    17049900 |           0 |           0 |           0 |           0 |           0 |           0 |           0 |           0 |           0 |           0 |
+------------------------------------------+---------+-------------+-------------+-------------+-------------+-------------+-------------+-------------+-------------+-------------+-------------+-------------+-------------+-------------+-------------+-------------+-------------+-------------+-------------+-------------+-------------+-------------+-------------+-------------+-------------+-------------+
+-----------------------------------------------+---------+--------------+-------------+-------------+--------------+
|                     Event                     | Counter |      Sum     |     Min     |     Max     |      Avg     |
+-----------------------------------------------+---------+--------------+-------------+-------------+--------------+
|             INSTR_RETIRED_ANY STAT            |  FIXC0  | 575460680000 | 22105380000 | 23969410000 |  23018427200 |
|           CPU_CLK_UNHALTED_CORE STAT          |  FIXC1  | 385804600000 | 12904840000 | 15568020000 |  15432184000 |
|           CPU_CLK_UNHALTED_REF STAT           |  FIXC2  | 527943000000 | 17659080000 | 21303610000 |  21117720000 |
|              PWR_PKG_ENERGY STAT              |   PWR0  |     931.3092 |           0 |    482.2844 |      37.2524 |
|              PWR_DRAM_ENERGY STAT             |   PWR3  |      80.7749 |           0 |     41.7998 |       3.2310 |
| FP_ARITH_INST_RETIRED_128B_PACKED_DOUBLE STAT |   PMC0  |        65560 |           0 |       65560 |    2622.4000 |
|    FP_ARITH_INST_RETIRED_SCALAR_DOUBLE STAT   |   PMC1  | 168975108000 |  6345068000 |  7081222000 |   6759004320 |
| FP_ARITH_INST_RETIRED_256B_PACKED_DOUBLE STAT |   PMC2  |        83556 |           0 |       83556 |    3342.2400 |
| FP_ARITH_INST_RETIRED_512B_PACKED_DOUBLE STAT |   PMC3  |       417868 |           0 |      417868 |   16714.7200 |
|               CAS_COUNT_RD STAT               | MBOX0C0 |     68019480 |           0 |    38954270 | 2.720779e+06 |
|               CAS_COUNT_WR STAT               | MBOX0C1 |     37451160 |           0 |    19791690 | 1.498046e+06 |
|               CAS_COUNT_RD STAT               | MBOX1C0 |     67750740 |           0 |    38901320 | 2.710030e+06 |
|               CAS_COUNT_WR STAT               | MBOX1C1 |     37220790 |           0 |    19834630 | 1.488832e+06 |
|               CAS_COUNT_RD STAT               | MBOX2C0 |     68108180 |           0 |    38970100 | 2.724327e+06 |
|               CAS_COUNT_WR STAT               | MBOX2C1 |     37541480 |           0 |    19854060 | 1.501659e+06 |
|               CAS_COUNT_RD STAT               | MBOX3C0 |     67437850 |           0 |    38739470 |      2697514 |
|               CAS_COUNT_WR STAT               | MBOX3C1 |     36969320 |           0 |    19670300 | 1.478773e+06 |
|               CAS_COUNT_RD STAT               | MBOX4C0 |     67387280 |           0 |    38711460 | 2.695491e+06 |
|               CAS_COUNT_WR STAT               | MBOX4C1 |     36975030 |           0 |    19680830 | 1.479001e+06 |
|               CAS_COUNT_RD STAT               | MBOX5C0 |     67273520 |           0 |    38805660 | 2.690941e+06 |
|               CAS_COUNT_WR STAT               | MBOX5C1 |     36929660 |           0 |    19879760 | 1.477186e+06 |
+-----------------------------------------------+---------+--------------+-------------+-------------+--------------+
+-----------------------------------+-----------+-----------+-----------+-----------+-----------+-----------+-----------+-----------+-----------+-----------+-----------+-----------+-----------+-----------+-----------+-----------+-----------+-----------+-----------+-----------+-----------+-----------+-----------+-----------+-----------+
|               Metric              |   Core 0  |   Core 1  |   Core 2  |   Core 3  |   Core 4  |   Core 5  |   Core 6  |   Core 7  |   Core 8  |   Core 9  |  Core 10  |  Core 11  |  Core 12  |  Core 13  |  Core 14  |  Core 15  |  Core 16  |  Core 17  |  Core 18  |  Core 19  |  Core 20  |  Core 21  |  Core 22  |  Core 23  |  Core 24  |
+-----------------------------------+-----------+-----------+-----------+-----------+-----------+-----------+-----------+-----------+-----------+-----------+-----------+-----------+-----------+-----------+-----------+-----------+-----------+-----------+-----------+-----------+-----------+-----------+-----------+-----------+-----------+
|        Runtime (RDTSC) [s]        |    8.2503 |    8.2513 |    8.2513 |    8.2513 |    8.2513 |    8.2513 |    8.2513 |    8.2513 |    8.2513 |    8.2513 |    8.2513 |    8.2513 |    8.2513 |    8.2513 |    8.2503 |    8.2513 |    8.2513 |    8.2513 |    8.2513 |    8.2513 |    8.2513 |    8.2513 |    8.2513 |    8.2513 |    8.2513 |
|        Runtime unhalted [s]       |    5.9619 |    5.9968 |    5.9989 |    5.9816 |    6.0002 |    5.9997 |    5.9634 |    6.0005 |    5.9993 |    6.0000 |    5.9975 |    6.0021 |    5.9302 |    6.0017 |    5.9899 |    5.9927 |    5.9925 |    5.9939 |    5.9940 |    5.9938 |    5.9941 |    5.9938 |    5.9946 |    5.9944 |    4.9753 |
|            Clock [MHz]            | 1895.4434 | 1895.4459 | 1895.4450 | 1895.4499 | 1895.4454 | 1895.4464 | 1895.4460 | 1895.4457 | 1895.4457 | 1895.4461 | 1895.4462 | 1895.4457 | 1895.4477 | 1895.4459 | 1895.4471 | 1895.4459 | 1895.4448 | 1895.4456 | 1895.4461 | 1895.4442 | 1895.4451 | 1895.4461 | 1895.4450 | 1895.4457 | 1895.4647 |
|                CPI                |    0.6451 |    0.6539 |    0.6529 |    0.6506 |    0.6558 |    0.6574 |    0.6552 |    0.6721 |    0.6729 |    0.6722 |    0.6732 |    0.6741 |    0.6699 |    0.6825 |    0.6859 |    0.6875 |    0.6929 |    0.6946 |    0.6953 |    0.6942 |    0.6930 |    0.6938 |    0.6961 |    0.7034 |    0.5494 |
|             Energy [J]            |  482.2844 |         0 |         0 |         0 |         0 |         0 |         0 |         0 |         0 |         0 |         0 |         0 |         0 |         0 |  449.0248 |         0 |         0 |         0 |         0 |         0 |         0 |         0 |         0 |         0 |         0 |
|             Power [W]             |   58.4568 |         0 |         0 |         0 |         0 |         0 |         0 |         0 |         0 |         0 |         0 |         0 |         0 |         0 |   54.4255 |         0 |         0 |         0 |         0 |         0 |         0 |         0 |         0 |         0 |         0 |
|          Energy DRAM [J]          |   41.7998 |         0 |         0 |         0 |         0 |         0 |         0 |         0 |         0 |         0 |         0 |         0 |         0 |         0 |   38.9751 |         0 |         0 |         0 |         0 |         0 |         0 |         0 |         0 |         0 |         0 |
|           Power DRAM [W]          |    5.0665 |         0 |         0 |         0 |         0 |         0 |         0 |         0 |         0 |         0 |         0 |         0 |         0 |         0 |    4.7241 |         0 |         0 |         0 |         0 |         0 |         0 |         0 |         0 |         0 |         0 |
|            DP [MFLOP/s]           |  856.9877 |  853.1366 |  858.1919 |  856.5059 |  852.0061 |  848.7231 |  843.4841 |  829.2260 |  827.2504 |  826.8365 |  822.3158 |  821.1096 |  811.5792 |  811.3056 |  804.9074 |  805.4748 |  799.4881 |  797.8761 |  796.9105 |  797.8912 |  800.5615 |  802.0918 |  799.2568 |  787.1215 |  768.9755 |
|          AVX DP [MFLOP/s]         |    0.4457 |         0 |         0 |         0 |         0 |         0 |         0 |         0 |         0 |         0 |         0 |         0 |         0 |         0 |         0 |         0 |         0 |         0 |         0 |         0 |         0 |         0 |         0 |         0 |         0 |
|          Packed [MUOPS/s]         |    0.0687 |         0 |         0 |         0 |         0 |         0 |         0 |         0 |         0 |         0 |         0 |         0 |         0 |         0 |         0 |         0 |         0 |         0 |         0 |         0 |         0 |         0 |         0 |         0 |         0 |
|          Scalar [MUOPS/s]         |  856.5261 |  853.1366 |  858.1919 |  856.5059 |  852.0061 |  848.7231 |  843.4841 |  829.2260 |  827.2504 |  826.8365 |  822.3158 |  821.1096 |  811.5792 |  811.3056 |  804.9074 |  805.4748 |  799.4881 |  797.8761 |  796.9105 |  797.8912 |  800.5615 |  802.0918 |  799.2568 |  787.1215 |  768.9755 |
|  Memory read bandwidth [MBytes/s] | 1808.0934 |         0 |         0 |         0 |         0 |         0 |         0 |         0 |         0 |         0 |         0 |         0 |         0 |         0 | 1341.2009 |         0 |         0 |         0 |         0 |         0 |         0 |         0 |         0 |         0 |         0 |
|  Memory read data volume [GBytes] |   14.9173 |         0 |         0 |         0 |         0 |         0 |         0 |         0 |         0 |         0 |         0 |         0 |         0 |         0 |   11.0653 |         0 |         0 |         0 |         0 |         0 |         0 |         0 |         0 |         0 |         0 |
| Memory write bandwidth [MBytes/s] |  920.8811 |         0 |         0 |         0 |         0 |         0 |         0 |         0 |         0 |         0 |         0 |         0 |         0 |         0 |  809.6798 |         0 |         0 |         0 |         0 |         0 |         0 |         0 |         0 |         0 |         0 |
| Memory write data volume [GBytes] |    7.5975 |         0 |         0 |         0 |         0 |         0 |         0 |         0 |         0 |         0 |         0 |         0 |         0 |         0 |    6.6801 |         0 |         0 |         0 |         0 |         0 |         0 |         0 |         0 |         0 |         0 |
|    Memory bandwidth [MBytes/s]    | 2728.9745 |         0 |         0 |         0 |         0 |         0 |         0 |         0 |         0 |         0 |         0 |         0 |         0 |         0 | 2150.8807 |         0 |         0 |         0 |         0 |         0 |         0 |         0 |         0 |         0 |         0 |
|    Memory data volume [GBytes]    |   22.5148 |         0 |         0 |         0 |         0 |         0 |         0 |         0 |         0 |         0 |         0 |         0 |         0 |         0 |   17.7453 |         0 |         0 |         0 |         0 |         0 |         0 |         0 |         0 |         0 |         0 |
|       Operational intensity       |    0.3140 |    0.3127 |    0.3145 |    0.3139 |    0.3122 |    0.3110 |    0.3091 |    0.3039 |    0.3032 |    0.3030 |    0.3014 |    0.3009 |    0.2974 |    0.2973 |    0.3742 |    0.3745 |    0.3718 |    0.3710 |    0.3706 |    0.3710 |    0.3722 |    0.3730 |    0.3716 |    0.3660 |    0.3576 |
+-----------------------------------+-----------+-----------+-----------+-----------+-----------+-----------+-----------+-----------+-----------+-----------+-----------+-----------+-----------+-----------+-----------+-----------+-----------+-----------+-----------+-----------+-----------+-----------+-----------+-----------+-----------+
+----------------------------------------+------------+-----------+-----------+-----------+
|                 Metric                 |     Sum    |    Min    |    Max    |    Avg    |
+----------------------------------------+------------+-----------+-----------+-----------+
|        Runtime (RDTSC) [s] STAT        |   206.2805 |    8.2503 |    8.2513 |    8.2512 |
|        Runtime unhalted [s] STAT       |   148.7428 |    4.9753 |    6.0021 |    5.9497 |
|            Clock [MHz] STAT            | 47386.1653 | 1895.4434 | 1895.4647 | 1895.4466 |
|                CPI STAT                |    16.7739 |    0.5494 |    0.7034 |    0.6710 |
|             Energy [J] STAT            |   931.3092 |         0 |  482.2844 |   37.2524 |
|             Power [W] STAT             |   112.8823 |         0 |   58.4568 |    4.5153 |
|          Energy DRAM [J] STAT          |    80.7749 |         0 |   41.7998 |    3.2310 |
|           Power DRAM [W] STAT          |     9.7906 |         0 |    5.0665 |    0.3916 |
|            DP [MFLOP/s] STAT           | 20479.2137 |  768.9755 |  858.1919 |  819.1685 |
|          AVX DP [MFLOP/s] STAT         |     0.4457 |         0 |    0.4457 |    0.0178 |
|          Packed [MUOPS/s] STAT         |     0.0687 |         0 |    0.0687 |    0.0027 |
|          Scalar [MUOPS/s] STAT         | 20478.7521 |  768.9755 |  858.1919 |  819.1501 |
|  Memory read bandwidth [MBytes/s] STAT |  3149.2943 |         0 | 1808.0934 |  125.9718 |
|  Memory read data volume [GBytes] STAT |    25.9826 |         0 |   14.9173 |    1.0393 |
| Memory write bandwidth [MBytes/s] STAT |  1730.5609 |         0 |  920.8811 |   69.2224 |
| Memory write data volume [GBytes] STAT |    14.2776 |         0 |    7.5975 |    0.5711 |
|    Memory bandwidth [MBytes/s] STAT    |  4879.8552 |         0 | 2728.9745 |  195.1942 |
|    Memory data volume [GBytes] STAT    |    40.2601 |         0 |   22.5148 |    1.6104 |
|       Operational intensity STAT       |     8.3680 |    0.2973 |    0.3745 |    0.3347 |
+----------------------------------------+------------+-----------+-----------+-----------+
