--------------------------------------------------------------------------------
CPU name:	Intel(R) Xeon(R) Gold 6132 CPU @ 2.60GHz
CPU type:	Intel Skylake SP processor
CPU clock:	2.59 GHz
--------------------------------------------------------------------------------
Region Setup, Group 1: MEM_DP
+-------------------+----------+----------+----------+----------+----------+----------+----------+----------+----------+----------+----------+----------+----------+----------+
|    Region Info    |  Core 0  |  Core 1  |  Core 2  |  Core 3  |  Core 14 |  Core 15 |  Core 16 |  Core 17 |  Core 28 |  Core 29 |  Core 30 |  Core 42 |  Core 43 |  Core 44 |
+-------------------+----------+----------+----------+----------+----------+----------+----------+----------+----------+----------+----------+----------+----------+----------+
| RDTSC Runtime [s] | 0.282002 | 0.286547 | 0.286630 | 0.286621 | 0.282021 | 0.286570 | 0.286551 | 0.286556 | 0.281978 | 0.286520 | 0.286549 | 0.281951 | 0.286534 | 0.286555 |
|     call count    |        2 |        2 |        2 |        2 |        2 |        2 |        2 |        2 |        2 |        2 |        2 |        2 |        2 |        2 |
+-------------------+----------+----------+----------+----------+----------+----------+----------+----------+----------+----------+----------+----------+----------+----------+
+------------------------------------------+---------+-----------+-----------+-----------+-----------+-----------+-----------+-----------+-----------+-----------+-----------+-----------+-----------+-----------+-----------+
|                   Event                  | Counter |   Core 0  |   Core 1  |   Core 2  |   Core 3  |  Core 14  |  Core 15  |  Core 16  |  Core 17  |  Core 28  |  Core 29  |  Core 30  |  Core 42  |  Core 43  |  Core 44  |
+------------------------------------------+---------+-----------+-----------+-----------+-----------+-----------+-----------+-----------+-----------+-----------+-----------+-----------+-----------+-----------+-----------+
|             INSTR_RETIRED_ANY            |  FIXC0  | 314773200 | 182706100 | 181504200 | 181402900 | 179076600 | 178416300 | 178345900 | 178340900 | 176069000 | 175884600 | 174463000 | 173136000 | 174026700 | 173729600 |
|           CPU_CLK_UNHALTED_CORE          |  FIXC1  | 223194600 | 217535400 | 215068600 | 214568900 | 193136900 | 199080400 | 200049900 | 198778100 | 192269200 | 201657800 | 202354500 | 184995200 | 203043100 | 203973300 |
|           CPU_CLK_UNHALTED_REF           |  FIXC2  | 305583300 | 297787900 | 294409600 | 293712800 | 264424100 | 272562800 | 273886200 | 272148800 | 263260000 | 276149200 | 277058600 | 253327900 | 278056800 | 279559500 |
|              PWR_PKG_ENERGY              |   PWR0  |    9.7603 |         0 |         0 |         0 |    8.5328 |         0 |         0 |         0 |    8.7974 |         0 |         0 |    8.4919 |         0 |         0 |
|              PWR_DRAM_ENERGY             |   PWR3  |    1.2628 |         0 |         0 |         0 |    1.1133 |         0 |         0 |         0 |    0.8029 |         0 |         0 |    0.9415 |         0 |         0 |
| FP_ARITH_INST_RETIRED_128B_PACKED_DOUBLE |   PMC0  |     23000 |         0 |         0 |         0 |         0 |         0 |         0 |         0 |         0 |         0 |         0 |         0 |         0 |         0 |
|    FP_ARITH_INST_RETIRED_SCALAR_DOUBLE   |   PMC1  |  60682810 |  51472130 |  51159930 |  51129590 |  50756130 |  50451950 |  50421060 |  50436660 |  49932020 |  49728200 |  49309180 |  49166200 |  49166200 |  49022080 |
| FP_ARITH_INST_RETIRED_256B_PACKED_DOUBLE |   PMC2  |     15090 |         0 |         0 |         0 |         0 |         0 |         0 |         0 |         0 |         0 |         0 |         0 |         0 |         0 |
| FP_ARITH_INST_RETIRED_512B_PACKED_DOUBLE |   PMC3  |    141851 |         0 |         0 |         0 |         0 |         0 |         0 |         0 |         0 |         0 |         0 |         0 |         0 |         0 |
|               CAS_COUNT_RD               | MBOX0C0 |    266355 |         0 |         0 |         0 |     52172 |         0 |         0 |         0 |     45284 |         0 |         0 |     67432 |         0 |         0 |
|               CAS_COUNT_WR               | MBOX0C1 |    475664 |         0 |         0 |         0 |     77228 |         0 |         0 |         0 |     64193 |         0 |         0 |     78681 |         0 |         0 |
|               CAS_COUNT_RD               | MBOX1C0 |    279746 |         0 |         0 |         0 |     54715 |         0 |         0 |         0 |     47824 |         0 |         0 |     60505 |         0 |         0 |
|               CAS_COUNT_WR               | MBOX1C1 |    480477 |         0 |         0 |         0 |     81606 |         0 |         0 |         0 |     66676 |         0 |         0 |     74092 |         0 |         0 |
|               CAS_COUNT_RD               | MBOX2C0 |    423032 |         0 |         0 |         0 |     57812 |         0 |         0 |         0 |     52448 |         0 |         0 |     56319 |         0 |         0 |
|               CAS_COUNT_WR               | MBOX2C1 |    567226 |         0 |         0 |         0 |     86559 |         0 |         0 |         0 |     73183 |         0 |         0 |     76616 |         0 |         0 |
|               CAS_COUNT_RD               | MBOX3C0 |    454979 |         0 |         0 |         0 |     37113 |         0 |         0 |         0 |     30715 |         0 |         0 |     37688 |         0 |         0 |
|               CAS_COUNT_WR               | MBOX3C1 |    584081 |         0 |         0 |         0 |     65633 |         0 |         0 |         0 |     51809 |         0 |         0 |     58369 |         0 |         0 |
|               CAS_COUNT_RD               | MBOX4C0 |    211991 |         0 |         0 |         0 |     40495 |         0 |         0 |         0 |     32847 |         0 |         0 |     73861 |         0 |         0 |
|               CAS_COUNT_WR               | MBOX4C1 |    418974 |         0 |         0 |         0 |     68457 |         0 |         0 |         0 |     54614 |         0 |         0 |     84025 |         0 |         0 |
|               CAS_COUNT_RD               | MBOX5C0 |    219537 |         0 |         0 |         0 |     35336 |         0 |         0 |         0 |     43157 |         0 |         0 |     96793 |         0 |         0 |
|               CAS_COUNT_WR               | MBOX5C1 |    418550 |         0 |         0 |         0 |     63715 |         0 |         0 |         0 |     60155 |         0 |         0 |    110763 |         0 |         0 |
+------------------------------------------+---------+-----------+-----------+-----------+-----------+-----------+-----------+-----------+-----------+-----------+-----------+-----------+-----------+-----------+-----------+
+-----------------------------------------------+---------+------------+-----------+-----------+--------------+
|                     Event                     | Counter |     Sum    |    Min    |    Max    |      Avg     |
+-----------------------------------------------+---------+------------+-----------+-----------+--------------+
|             INSTR_RETIRED_ANY STAT            |  FIXC0  | 2621875000 | 173136000 | 314773200 | 1.872768e+08 |
|           CPU_CLK_UNHALTED_CORE STAT          |  FIXC1  | 2849705900 | 184995200 | 223194600 | 2.035504e+08 |
|           CPU_CLK_UNHALTED_REF STAT           |  FIXC2  | 3901927500 | 253327900 | 305583300 | 2.787091e+08 |
|              PWR_PKG_ENERGY STAT              |   PWR0  |    35.5824 |         0 |    9.7603 |       2.5416 |
|              PWR_DRAM_ENERGY STAT             |   PWR3  |     4.1205 |         0 |    1.2628 |       0.2943 |
| FP_ARITH_INST_RETIRED_128B_PACKED_DOUBLE STAT |   PMC0  |      23000 |         0 |     23000 |    1642.8571 |
|    FP_ARITH_INST_RETIRED_SCALAR_DOUBLE STAT   |   PMC1  |  712834140 |  49022080 |  60682810 | 5.091672e+07 |
| FP_ARITH_INST_RETIRED_256B_PACKED_DOUBLE STAT |   PMC2  |      15090 |         0 |     15090 |    1077.8571 |
| FP_ARITH_INST_RETIRED_512B_PACKED_DOUBLE STAT |   PMC3  |     141851 |         0 |    141851 |   10132.2143 |
|               CAS_COUNT_RD STAT               | MBOX0C0 |     431243 |         0 |    266355 |   30803.0714 |
|               CAS_COUNT_WR STAT               | MBOX0C1 |     695766 |         0 |    475664 |   49697.5714 |
|               CAS_COUNT_RD STAT               | MBOX1C0 |     442790 |         0 |    279746 |   31627.8571 |
|               CAS_COUNT_WR STAT               | MBOX1C1 |     702851 |         0 |    480477 |   50203.6429 |
|               CAS_COUNT_RD STAT               | MBOX2C0 |     589611 |         0 |    423032 |   42115.0714 |
|               CAS_COUNT_WR STAT               | MBOX2C1 |     803584 |         0 |    567226 |   57398.8571 |
|               CAS_COUNT_RD STAT               | MBOX3C0 |     560495 |         0 |    454979 |   40035.3571 |
|               CAS_COUNT_WR STAT               | MBOX3C1 |     759892 |         0 |    584081 |        54278 |
|               CAS_COUNT_RD STAT               | MBOX4C0 |     359194 |         0 |    211991 |   25656.7143 |
|               CAS_COUNT_WR STAT               | MBOX4C1 |     626070 |         0 |    418974 |   44719.2857 |
|               CAS_COUNT_RD STAT               | MBOX5C0 |     394823 |         0 |    219537 |   28201.6429 |
|               CAS_COUNT_WR STAT               | MBOX5C1 |     653183 |         0 |    418550 |   46655.9286 |
+-----------------------------------------------+---------+------------+-----------+-----------+--------------+
+-----------------------------------+-----------+-----------+-----------+-----------+-----------+-----------+-----------+-----------+-----------+-----------+-----------+-----------+-----------+-----------+
|               Metric              |   Core 0  |   Core 1  |   Core 2  |   Core 3  |  Core 14  |  Core 15  |  Core 16  |  Core 17  |  Core 28  |  Core 29  |  Core 30  |  Core 42  |  Core 43  |  Core 44  |
+-----------------------------------+-----------+-----------+-----------+-----------+-----------+-----------+-----------+-----------+-----------+-----------+-----------+-----------+-----------+-----------+
|        Runtime (RDTSC) [s]        |    0.2820 |    0.2865 |    0.2866 |    0.2866 |    0.2820 |    0.2866 |    0.2866 |    0.2866 |    0.2820 |    0.2865 |    0.2865 |    0.2820 |    0.2865 |    0.2866 |
|        Runtime unhalted [s]       |    0.0861 |    0.0839 |    0.0829 |    0.0827 |    0.0745 |    0.0768 |    0.0771 |    0.0766 |    0.0741 |    0.0777 |    0.0780 |    0.0713 |    0.0783 |    0.0786 |
|            Clock [MHz]            | 1894.4592 | 1894.7594 | 1894.7688 | 1894.8511 | 1894.5035 | 1894.4934 | 1894.5208 | 1894.4943 | 1894.3317 | 1894.0979 | 1894.4032 | 1894.1249 | 1894.0258 | 1892.4754 |
|                CPI                |    0.7091 |    1.1906 |    1.1849 |    1.1828 |    1.0785 |    1.1158 |    1.1217 |    1.1146 |    1.0920 |    1.1465 |    1.1599 |    1.0685 |    1.1667 |    1.1741 |
|             Energy [J]            |    9.7603 |         0 |         0 |         0 |    8.5328 |         0 |         0 |         0 |    8.7974 |         0 |         0 |    8.4919 |         0 |         0 |
|             Power [W]             |   34.6106 |         0 |         0 |         0 |   30.2558 |         0 |         0 |         0 |   31.1990 |         0 |         0 |   30.1185 |         0 |         0 |
|          Energy DRAM [J]          |    1.2628 |         0 |         0 |         0 |    1.1133 |         0 |         0 |         0 |    0.8029 |         0 |         0 |    0.9415 |         0 |         0 |
|           Power DRAM [W]          |    4.4782 |         0 |         0 |         0 |    3.9477 |         0 |         0 |         0 |    2.8473 |         0 |         0 |    3.3394 |         0 |         0 |
|            DP [MFLOP/s]           |  219.5871 |  179.6291 |  178.4878 |  178.3876 |  179.9726 |  176.0544 |  175.9582 |  176.0099 |  177.0776 |  173.5590 |  172.0795 |  174.3787 |  171.5892 |  171.0741 |
|          AVX DP [MFLOP/s]         |    4.2382 |         0 |         0 |         0 |         0 |         0 |         0 |         0 |         0 |         0 |         0 |         0 |         0 |         0 |
|          Packed [MUOPS/s]         |    0.6381 |         0 |         0 |         0 |         0 |         0 |         0 |         0 |         0 |         0 |         0 |         0 |         0 |         0 |
|          Scalar [MUOPS/s]         |  215.1858 |  179.6291 |  178.4878 |  178.3876 |  179.9726 |  176.0544 |  175.9582 |  176.0099 |  177.0776 |  173.5590 |  172.0795 |  174.3787 |  171.5892 |  171.0741 |
|  Memory read bandwidth [MBytes/s] |  421.1353 |         0 |         0 |         0 |   63.0064 |         0 |         0 |         0 |   57.2583 |         0 |         0 |   89.1158 |         0 |         0 |
|  Memory read data volume [GBytes] |    0.1188 |         0 |         0 |         0 |    0.0178 |         0 |         0 |         0 |    0.0161 |         0 |         0 |    0.0251 |         0 |         0 |
| Memory write bandwidth [MBytes/s] |  668.3579 |         0 |         0 |         0 |  100.5763 |         0 |         0 |         0 |   84.1211 |         0 |         0 |  109.5331 |         0 |         0 |
| Memory write data volume [GBytes] |    0.1885 |         0 |         0 |         0 |    0.0284 |         0 |         0 |         0 |    0.0237 |         0 |         0 |    0.0309 |         0 |         0 |
|    Memory bandwidth [MBytes/s]    | 1089.4933 |         0 |         0 |         0 |  163.5826 |         0 |         0 |         0 |  141.3794 |         0 |         0 |  198.6489 |         0 |         0 |
|    Memory data volume [GBytes]    |    0.3072 |         0 |         0 |         0 |    0.0461 |         0 |         0 |         0 |    0.0399 |         0 |         0 |    0.0560 |         0 |         0 |
|       Operational intensity       |    0.2015 |    0.1675 |    0.1665 |    0.1664 |    1.1002 |    1.0936 |    1.0929 |    1.0933 |    1.2525 |    1.2474 |    1.2369 |    0.8778 |    0.8778 |    0.8753 |
+-----------------------------------+-----------+-----------+-----------+-----------+-----------+-----------+-----------+-----------+-----------+-----------+-----------+-----------+-----------+-----------+
+----------------------------------------+------------+-----------+-----------+-----------+
|                 Metric                 |     Sum    |    Min    |    Max    |    Avg    |
+----------------------------------------+------------+-----------+-----------+-----------+
|        Runtime (RDTSC) [s] STAT        |     3.9936 |    0.2820 |    0.2866 |    0.2853 |
|        Runtime unhalted [s] STAT       |     1.0986 |    0.0713 |    0.0861 |    0.0785 |
|            Clock [MHz] STAT            | 26520.3094 | 1892.4754 | 1894.8511 | 1894.3078 |
|                CPI STAT                |    15.5057 |    0.7091 |    1.1906 |    1.1076 |
|             Energy [J] STAT            |    35.5824 |         0 |    9.7603 |    2.5416 |
|             Power [W] STAT             |   126.1839 |         0 |   34.6106 |    9.0131 |
|          Energy DRAM [J] STAT          |     4.1205 |         0 |    1.2628 |    0.2943 |
|           Power DRAM [W] STAT          |    14.6126 |         0 |    4.4782 |    1.0438 |
|            DP [MFLOP/s] STAT           |  2503.8448 |  171.0741 |  219.5871 |  178.8461 |
|          AVX DP [MFLOP/s] STAT         |     4.2382 |         0 |    4.2382 |    0.3027 |
|          Packed [MUOPS/s] STAT         |     0.6381 |         0 |    0.6381 |    0.0456 |
|          Scalar [MUOPS/s] STAT         |  2499.4435 |  171.0741 |  215.1858 |  178.5317 |
|  Memory read bandwidth [MBytes/s] STAT |   630.5158 |         0 |  421.1353 |   45.0368 |
|  Memory read data volume [GBytes] STAT |     0.1778 |         0 |    0.1188 |    0.0127 |
| Memory write bandwidth [MBytes/s] STAT |   962.5884 |         0 |  668.3579 |   68.7563 |
| Memory write data volume [GBytes] STAT |     0.2715 |         0 |    0.1885 |    0.0194 |
|    Memory bandwidth [MBytes/s] STAT    |  1593.1042 |         0 | 1089.4933 |  113.7932 |
|    Memory data volume [GBytes] STAT    |     0.4492 |         0 |    0.3072 |    0.0321 |
|       Operational intensity STAT       |    11.4496 |    0.1664 |    1.2525 |    0.8178 |
+----------------------------------------+------------+-----------+-----------+-----------+
--------------------------------------------------------------------------------
CPU name:	Intel(R) Xeon(R) Gold 6132 CPU @ 2.60GHz
CPU type:	Intel Skylake SP processor
CPU clock:	2.59 GHz
--------------------------------------------------------------------------------
Region Solve, Group 1: MEM_DP
+-------------------+-----------+-----------+-----------+-----------+-----------+-----------+-----------+-----------+-----------+-----------+-----------+-----------+-----------+-----------+
|    Region Info    |   Core 0  |   Core 1  |   Core 2  |   Core 3  |  Core 14  |  Core 15  |  Core 16  |  Core 17  |  Core 28  |  Core 29  |  Core 30  |  Core 42  |  Core 43  |  Core 44  |
+-------------------+-----------+-----------+-----------+-----------+-----------+-----------+-----------+-----------+-----------+-----------+-----------+-----------+-----------+-----------+
| RDTSC Runtime [s] | 12.502440 | 12.504910 | 12.504920 | 12.504900 | 12.502450 | 12.504910 | 12.504910 | 12.504910 | 12.502430 | 12.504900 | 12.504900 | 12.502420 | 12.504910 | 12.504910 |
|     call count    |         1 |         1 |         1 |         1 |         1 |         1 |         1 |         1 |         1 |         1 |         1 |         1 |         1 |         1 |
+-------------------+-----------+-----------+-----------+-----------+-----------+-----------+-----------+-----------+-----------+-----------+-----------+-----------+-----------+-----------+
+------------------------------------------+---------+-------------+-------------+-------------+-------------+-------------+-------------+-------------+-------------+-------------+-------------+-------------+-------------+-------------+-------------+
|                   Event                  | Counter |    Core 0   |    Core 1   |    Core 2   |    Core 3   |   Core 14   |   Core 15   |   Core 16   |   Core 17   |   Core 28   |   Core 29   |   Core 30   |   Core 42   |   Core 43   |   Core 44   |
+------------------------------------------+---------+-------------+-------------+-------------+-------------+-------------+-------------+-------------+-------------+-------------+-------------+-------------+-------------+-------------+-------------+
|             INSTR_RETIRED_ANY            |  FIXC0  | 41990870000 | 41913870000 | 41642330000 | 41565290000 | 41142250000 | 41024490000 | 40874210000 | 40617170000 | 40302440000 | 40171430000 | 39977440000 | 39977990000 | 40109200000 | 41457660000 |
|           CPU_CLK_UNHALTED_CORE          |  FIXC1  | 23498050000 | 23578490000 | 23589020000 | 23533950000 | 23492820000 | 23525060000 | 23432550000 | 23525540000 | 23510080000 | 23524970000 | 23521750000 | 23518520000 | 23335830000 | 20871090000 |
|           CPU_CLK_UNHALTED_REF           |  FIXC2  | 32155250000 | 32265300000 | 32279710000 | 32204290000 | 32148090000 | 32192220000 | 32065610000 | 32192870000 | 32171690000 | 32192080000 | 32187670000 | 32183230000 | 31933310000 | 28561630000 |
|              PWR_PKG_ENERGY              |   PWR0  |    520.5019 |           0 |           0 |           0 |    465.6075 |           0 |           0 |           0 |    464.6745 |           0 |           0 |    447.8160 |           0 |           0 |
|              PWR_DRAM_ENERGY             |   PWR3  |     51.2056 |           0 |           0 |           0 |     51.5058 |           0 |           0 |           0 |     38.0408 |           0 |           0 |     42.4603 |           0 |           0 |
| FP_ARITH_INST_RETIRED_128B_PACKED_DOUBLE |   PMC0  |       65560 |           0 |           0 |           0 |           0 |           0 |           0 |           0 |           0 |           0 |           0 |           0 |           0 |           0 |
|    FP_ARITH_INST_RETIRED_SCALAR_DOUBLE   |   PMC1  | 12436300000 | 12491130000 | 12378540000 | 12319540000 | 12209920000 | 12128260000 | 12016010000 | 11968220000 | 11901510000 | 11888670000 | 11824980000 | 11844250000 | 11867400000 | 11700370000 |
| FP_ARITH_INST_RETIRED_256B_PACKED_DOUBLE |   PMC2  |       83556 |           0 |           0 |           0 |           0 |           0 |           0 |           0 |           0 |           0 |           0 |           0 |           0 |           0 |
| FP_ARITH_INST_RETIRED_512B_PACKED_DOUBLE |   PMC3  |      417868 |           0 |           0 |           0 |           0 |           0 |           0 |           0 |           0 |           0 |           0 |           0 |           0 |           0 |
|               CAS_COUNT_RD               | MBOX0C0 |    17887480 |           0 |           0 |           0 |    17982630 |           0 |           0 |           0 |    10654750 |           0 |           0 |     9350279 |           0 |           0 |
|               CAS_COUNT_WR               | MBOX0C1 |    10725080 |           0 |           0 |           0 |    10975530 |           0 |           0 |           0 |     6664234 |           0 |           0 |     5348309 |           0 |           0 |
|               CAS_COUNT_RD               | MBOX1C0 |    18029770 |           0 |           0 |           0 |    18043010 |           0 |           0 |           0 |    10608670 |           0 |           0 |     9288293 |           0 |           0 |
|               CAS_COUNT_WR               | MBOX1C1 |    10847720 |           0 |           0 |           0 |    11087790 |           0 |           0 |           0 |     6624502 |           0 |           0 |     5294700 |           0 |           0 |
|               CAS_COUNT_RD               | MBOX2C0 |    18382850 |           0 |           0 |           0 |    18020860 |           0 |           0 |           0 |    10711090 |           0 |           0 |     9297367 |           0 |           0 |
|               CAS_COUNT_WR               | MBOX2C1 |    11075760 |           0 |           0 |           0 |    10979420 |           0 |           0 |           0 |     6762795 |           0 |           0 |     5329195 |           0 |           0 |
|               CAS_COUNT_RD               | MBOX3C0 |    18384090 |           0 |           0 |           0 |    17675120 |           0 |           0 |           0 |    10419170 |           0 |           0 |     9072005 |           0 |           0 |
|               CAS_COUNT_WR               | MBOX3C1 |    10990140 |           0 |           0 |           0 |    10665180 |           0 |           0 |           0 |     6469738 |           0 |           0 |     5115283 |           0 |           0 |
|               CAS_COUNT_RD               | MBOX4C0 |    17901850 |           0 |           0 |           0 |    17878820 |           0 |           0 |           0 |    10380700 |           0 |           0 |     9215995 |           0 |           0 |
|               CAS_COUNT_WR               | MBOX4C1 |    10691700 |           0 |           0 |           0 |    10871400 |           0 |           0 |           0 |     6428990 |           0 |           0 |     5211255 |           0 |           0 |
|               CAS_COUNT_RD               | MBOX5C0 |    18012070 |           0 |           0 |           0 |    17716480 |           0 |           0 |           0 |    10343720 |           0 |           0 |     9248922 |           0 |           0 |
|               CAS_COUNT_WR               | MBOX5C1 |    10777330 |           0 |           0 |           0 |    10789860 |           0 |           0 |           0 |     6387762 |           0 |           0 |     5254818 |           0 |           0 |
+------------------------------------------+---------+-------------+-------------+-------------+-------------+-------------+-------------+-------------+-------------+-------------+-------------+-------------+-------------+-------------+-------------+
+-----------------------------------------------+---------+--------------+-------------+-------------+--------------+
|                     Event                     | Counter |      Sum     |     Min     |     Max     |      Avg     |
+-----------------------------------------------+---------+--------------+-------------+-------------+--------------+
|             INSTR_RETIRED_ANY STAT            |  FIXC0  | 572766640000 | 39977440000 | 41990870000 | 4.091190e+10 |
|           CPU_CLK_UNHALTED_CORE STAT          |  FIXC1  | 326457720000 | 20871090000 | 23589020000 | 2.331841e+10 |
|           CPU_CLK_UNHALTED_REF STAT           |  FIXC2  | 446732950000 | 28561630000 | 32279710000 | 3.190950e+10 |
|              PWR_PKG_ENERGY STAT              |   PWR0  |    1898.5999 |           0 |    520.5019 |     135.6143 |
|              PWR_DRAM_ENERGY STAT             |   PWR3  |     183.2125 |           0 |     51.5058 |      13.0866 |
| FP_ARITH_INST_RETIRED_128B_PACKED_DOUBLE STAT |   PMC0  |        65560 |           0 |       65560 |    4682.8571 |
|    FP_ARITH_INST_RETIRED_SCALAR_DOUBLE STAT   |   PMC1  | 168975100000 | 11700370000 | 12491130000 |  12069650000 |
| FP_ARITH_INST_RETIRED_256B_PACKED_DOUBLE STAT |   PMC2  |        83556 |           0 |       83556 |    5968.2857 |
| FP_ARITH_INST_RETIRED_512B_PACKED_DOUBLE STAT |   PMC3  |       417868 |           0 |      417868 |   29847.7143 |
|               CAS_COUNT_RD STAT               | MBOX0C0 |     55875139 |           0 |    17982630 | 3.991081e+06 |
|               CAS_COUNT_WR STAT               | MBOX0C1 |     33713153 |           0 |    10975530 | 2.408082e+06 |
|               CAS_COUNT_RD STAT               | MBOX1C0 |     55969743 |           0 |    18043010 | 3.997839e+06 |
|               CAS_COUNT_WR STAT               | MBOX1C1 |     33854712 |           0 |    11087790 | 2.418194e+06 |
|               CAS_COUNT_RD STAT               | MBOX2C0 |     56412167 |           0 |    18382850 | 4.029440e+06 |
|               CAS_COUNT_WR STAT               | MBOX2C1 |     34147170 |           0 |    11075760 | 2.439084e+06 |
|               CAS_COUNT_RD STAT               | MBOX3C0 |     55550385 |           0 |    18384090 | 3.967885e+06 |
|               CAS_COUNT_WR STAT               | MBOX3C1 |     33240341 |           0 |    10990140 | 2.374310e+06 |
|               CAS_COUNT_RD STAT               | MBOX4C0 |     55377365 |           0 |    17901850 | 3.955526e+06 |
|               CAS_COUNT_WR STAT               | MBOX4C1 |     33203345 |           0 |    10871400 | 2.371668e+06 |
|               CAS_COUNT_RD STAT               | MBOX5C0 |     55321192 |           0 |    18012070 | 3.951514e+06 |
|               CAS_COUNT_WR STAT               | MBOX5C1 |     33209770 |           0 |    10789860 | 2.372126e+06 |
+-----------------------------------------------+---------+--------------+-------------+-------------+--------------+
+-----------------------------------+-----------+-----------+-----------+-----------+-----------+-----------+-----------+-----------+-----------+-----------+-----------+-----------+-----------+-----------+
|               Metric              |   Core 0  |   Core 1  |   Core 2  |   Core 3  |  Core 14  |  Core 15  |  Core 16  |  Core 17  |  Core 28  |  Core 29  |  Core 30  |  Core 42  |  Core 43  |  Core 44  |
+-----------------------------------+-----------+-----------+-----------+-----------+-----------+-----------+-----------+-----------+-----------+-----------+-----------+-----------+-----------+-----------+
|        Runtime (RDTSC) [s]        |   12.5024 |   12.5049 |   12.5049 |   12.5049 |   12.5024 |   12.5049 |   12.5049 |   12.5049 |   12.5024 |   12.5049 |   12.5049 |   12.5024 |   12.5049 |   12.5049 |
|        Runtime unhalted [s]       |    9.0594 |    9.0904 |    9.0945 |    9.0733 |    9.0574 |    9.0698 |    9.0342 |    9.0700 |    9.0641 |    9.0698 |    9.0686 |    9.0673 |    8.9969 |    8.0466 |
|            Clock [MHz]            | 1895.4447 | 1895.4462 | 1895.4462 | 1895.4498 | 1895.4449 | 1895.4442 | 1895.4452 | 1895.4446 | 1895.4460 | 1895.4452 | 1895.4454 | 1895.4466 | 1895.4420 | 1895.3670 |
|                CPI                |    0.5596 |    0.5625 |    0.5665 |    0.5662 |    0.5710 |    0.5734 |    0.5733 |    0.5792 |    0.5833 |    0.5856 |    0.5884 |    0.5883 |    0.5818 |    0.5034 |
|             Energy [J]            |  520.5019 |         0 |         0 |         0 |  465.6075 |         0 |         0 |         0 |  464.6745 |         0 |         0 |  447.8160 |         0 |         0 |
|             Power [W]             |   41.6320 |         0 |         0 |         0 |   37.2413 |         0 |         0 |         0 |   37.1667 |         0 |         0 |   35.8183 |         0 |         0 |
|          Energy DRAM [J]          |   51.2056 |         0 |         0 |         0 |   51.5058 |         0 |         0 |         0 |   38.0408 |         0 |         0 |   42.4603 |         0 |         0 |
|           Power DRAM [W]          |    4.0956 |         0 |         0 |         0 |    4.1197 |         0 |         0 |         0 |    3.0427 |         0 |         0 |    3.3962 |         0 |         0 |
|            DP [MFLOP/s]           |  995.0144 |  998.8980 |  989.8936 |  985.1770 |  976.6022 |  969.8798 |  960.9034 |  957.0817 |  951.9357 |  950.7209 |  945.6277 |  947.3566 |  949.0192 |  935.6621 |
|          AVX DP [MFLOP/s]         |    0.2941 |         0 |         0 |         0 |         0 |         0 |         0 |         0 |         0 |         0 |         0 |         0 |         0 |         0 |
|          Packed [MUOPS/s]         |    0.0453 |         0 |         0 |         0 |         0 |         0 |         0 |         0 |         0 |         0 |         0 |         0 |         0 |         0 |
|          Scalar [MUOPS/s]         |  994.7098 |  998.8980 |  989.8936 |  985.1770 |  976.6022 |  969.8798 |  960.9034 |  957.0817 |  951.9357 |  950.7209 |  945.6277 |  947.3566 |  949.0192 |  935.6621 |
|  Memory read bandwidth [MBytes/s] |  555.9138 |         0 |         0 |         0 |  549.3550 |         0 |         0 |         0 |  323.1019 |         0 |         0 |  283.9661 |         0 |         0 |
|  Memory read data volume [GBytes] |    6.9503 |         0 |         0 |         0 |    6.8683 |         0 |         0 |         0 |    4.0396 |         0 |         0 |    3.5503 |         0 |         0 |
| Memory write bandwidth [MBytes/s] |  333.2865 |         0 |         0 |         0 |  334.6246 |         0 |         0 |         0 |  201.3715 |         0 |         0 |  161.5230 |         0 |         0 |
| Memory write data volume [GBytes] |    4.1669 |         0 |         0 |         0 |    4.1836 |         0 |         0 |         0 |    2.5176 |         0 |         0 |    2.0194 |         0 |         0 |
|    Memory bandwidth [MBytes/s]    |  889.2003 |         0 |         0 |         0 |  883.9796 |         0 |         0 |         0 |  524.4734 |         0 |         0 |  445.4890 |         0 |         0 |
|    Memory data volume [GBytes]    |   11.1172 |         0 |         0 |         0 |   11.0519 |         0 |         0 |         0 |    6.5572 |         0 |         0 |    5.5697 |         0 |         0 |
|       Operational intensity       |    1.1190 |    1.1236 |    1.1135 |    1.1082 |    1.1048 |    1.0974 |    1.0872 |    1.0829 |    1.8150 |    1.8131 |    1.8034 |    2.1266 |    2.1307 |    2.1007 |
+-----------------------------------+-----------+-----------+-----------+-----------+-----------+-----------+-----------+-----------+-----------+-----------+-----------+-----------+-----------+-----------+
+----------------------------------------+------------+-----------+-----------+-----------+
|                 Metric                 |     Sum    |    Min    |    Max    |    Avg    |
+----------------------------------------+------------+-----------+-----------+-----------+
|        Runtime (RDTSC) [s] STAT        |   175.0586 |   12.5024 |   12.5049 |   12.5042 |
|        Runtime unhalted [s] STAT       |   125.8623 |    8.0466 |    9.0945 |    8.9902 |
|            Clock [MHz] STAT            | 26536.1580 | 1895.3670 | 1895.4498 | 1895.4399 |
|                CPI STAT                |     7.9825 |    0.5034 |    0.5884 |    0.5702 |
|             Energy [J] STAT            |  1898.5999 |         0 |  520.5019 |  135.6143 |
|             Power [W] STAT             |   151.8583 |         0 |   41.6320 |   10.8470 |
|          Energy DRAM [J] STAT          |   183.2125 |         0 |   51.5058 |   13.0866 |
|           Power DRAM [W] STAT          |    14.6542 |         0 |    4.1197 |    1.0467 |
|            DP [MFLOP/s] STAT           | 13513.7723 |  935.6621 |  998.8980 |  965.2695 |
|          AVX DP [MFLOP/s] STAT         |     0.2941 |         0 |    0.2941 |    0.0210 |
|          Packed [MUOPS/s] STAT         |     0.0453 |         0 |    0.0453 |    0.0032 |
|          Scalar [MUOPS/s] STAT         | 13513.4677 |  935.6621 |  998.8980 |  965.2477 |
|  Memory read bandwidth [MBytes/s] STAT |  1712.3368 |         0 |  555.9138 |  122.3098 |
|  Memory read data volume [GBytes] STAT |    21.4085 |         0 |    6.9503 |    1.5292 |
| Memory write bandwidth [MBytes/s] STAT |  1030.8056 |         0 |  334.6246 |   73.6290 |
| Memory write data volume [GBytes] STAT |    12.8875 |         0 |    4.1836 |    0.9205 |
|    Memory bandwidth [MBytes/s] STAT    |  2743.1423 |         0 |  889.2003 |  195.9387 |
|    Memory data volume [GBytes] STAT    |    34.2960 |         0 |   11.1172 |    2.4497 |
|       Operational intensity STAT       |    20.6261 |    1.0829 |    2.1307 |    1.4733 |
+----------------------------------------+------------+-----------+-----------+-----------+
