--------------------------------------------------------------------------------
CPU name:	Intel(R) Xeon(R) Gold 6132 CPU @ 2.60GHz
CPU type:	Intel Skylake SP processor
CPU clock:	2.59 GHz
--------------------------------------------------------------------------------
Region Setup, Group 1: MEM_DP
+-------------------+----------+----------+----------+----------+----------+----------+----------+----------+----------+----------+----------+----------+----------+----------+----------+----------+
|    Region Info    |  Core 0  |  Core 1  |  Core 2  |  Core 3  |  Core 14 |  Core 15 |  Core 16 |  Core 17 |  Core 28 |  Core 29 |  Core 30 |  Core 31 |  Core 42 |  Core 43 |  Core 44 |  Core 45 |
+-------------------+----------+----------+----------+----------+----------+----------+----------+----------+----------+----------+----------+----------+----------+----------+----------+----------+
| RDTSC Runtime [s] | 0.279283 | 0.283936 | 0.283985 | 0.284020 | 0.279325 | 0.284001 | 0.284011 | 0.283944 | 0.279274 | 0.283932 | 0.283926 | 0.283917 | 0.279273 | 0.283988 | 0.284028 | 0.284002 |
|     call count    |        2 |        2 |        2 |        2 |        2 |        2 |        2 |        2 |        2 |        2 |        2 |        2 |        2 |        2 |        2 |        2 |
+-------------------+----------+----------+----------+----------+----------+----------+----------+----------+----------+----------+----------+----------+----------+----------+----------+----------+
+------------------------------------------+---------+-----------+-----------+-----------+-----------+-----------+-----------+-----------+-----------+-----------+-----------+-----------+-----------+-----------+-----------+-----------+-----------+
|                   Event                  | Counter |   Core 0  |   Core 1  |   Core 2  |   Core 3  |  Core 14  |  Core 15  |  Core 16  |  Core 17  |  Core 28  |  Core 29  |  Core 30  |  Core 31  |  Core 42  |  Core 43  |  Core 44  |  Core 45  |
+------------------------------------------+---------+-----------+-----------+-----------+-----------+-----------+-----------+-----------+-----------+-----------+-----------+-----------+-----------+-----------+-----------+-----------+-----------+
|             INSTR_RETIRED_ANY            |  FIXC0  | 292412200 | 158411500 | 158546100 | 158434300 | 157008500 | 156494500 | 156586300 | 156553400 | 155942500 | 156237400 | 154457000 | 154391900 | 154045500 | 154305100 | 154539700 | 154664300 |
|           CPU_CLK_UNHALTED_CORE          |  FIXC1  | 209548800 | 199901200 | 205094200 | 202900500 | 176749000 | 185197900 | 187629900 | 186987700 | 178330200 | 185604300 | 187538600 | 186172400 | 179141800 | 184254400 | 189324200 | 192661100 |
|           CPU_CLK_UNHALTED_REF           |  FIXC2  | 287027600 | 273723700 | 280818700 | 277834800 | 241981500 | 253512300 | 256858700 | 255961500 | 244294800 | 254264200 | 256931900 | 254994900 | 245310800 | 252268100 | 259227900 | 263812000 |
|              PWR_PKG_ENERGY              |   PWR0  |    9.6924 |         0 |         0 |         0 |    8.3689 |         0 |         0 |         0 |    8.9132 |         0 |         0 |         0 |    8.5923 |         0 |         0 |         0 |
|              PWR_DRAM_ENERGY             |   PWR3  |    1.2641 |         0 |         0 |         0 |    1.0753 |         0 |         0 |         0 |    0.8043 |         0 |         0 |         0 |    0.9352 |         0 |         0 |         0 |
| FP_ARITH_INST_RETIRED_128B_PACKED_DOUBLE |   PMC0  |     23000 |         0 |         0 |         0 |         0 |         0 |         0 |         0 |         0 |         0 |         0 |         0 |         0 |         0 |         0 |         0 |
|    FP_ARITH_INST_RETIRED_SCALAR_DOUBLE   |   PMC1  |  54192900 |  44441410 |  44411770 |  44418240 |  44375800 |  44094810 |  44083880 |  44094710 |  44021280 |  44011830 |  43459300 |  43459940 |  43459970 |  43460260 |  43460260 |  43387890 |
| FP_ARITH_INST_RETIRED_256B_PACKED_DOUBLE |   PMC2  |     15090 |         0 |         0 |         0 |         0 |         0 |         0 |         0 |         0 |         0 |         0 |         0 |         0 |         0 |         0 |         0 |
| FP_ARITH_INST_RETIRED_512B_PACKED_DOUBLE |   PMC3  |    141851 |         0 |         0 |         0 |         0 |         0 |         0 |         0 |         0 |         0 |         0 |         0 |         0 |         0 |         0 |         0 |
|               CAS_COUNT_RD               | MBOX0C0 |    285012 |         0 |         0 |         0 |     44973 |         0 |         0 |         0 |     47039 |         0 |         0 |         0 |     61971 |         0 |         0 |         0 |
|               CAS_COUNT_WR               | MBOX0C1 |    463436 |         0 |         0 |         0 |     66213 |         0 |         0 |         0 |     68958 |         0 |         0 |         0 |     82210 |         0 |         0 |         0 |
|               CAS_COUNT_RD               | MBOX1C0 |    290450 |         0 |         0 |         0 |     49306 |         0 |         0 |         0 |     43043 |         0 |         0 |         0 |     74201 |         0 |         0 |         0 |
|               CAS_COUNT_WR               | MBOX1C1 |    471840 |         0 |         0 |         0 |     71356 |         0 |         0 |         0 |     65326 |         0 |         0 |         0 |     93017 |         0 |         0 |         0 |
|               CAS_COUNT_RD               | MBOX2C0 |    455162 |         0 |         0 |         0 |     49778 |         0 |         0 |         0 |     48580 |         0 |         0 |         0 |     60634 |         0 |         0 |         0 |
|               CAS_COUNT_WR               | MBOX2C1 |    577397 |         0 |         0 |         0 |     74873 |         0 |         0 |         0 |     73802 |         0 |         0 |         0 |     86940 |         0 |         0 |         0 |
|               CAS_COUNT_RD               | MBOX3C0 |    280017 |         0 |         0 |         0 |     31940 |         0 |         0 |         0 |     30245 |         0 |         0 |         0 |     47187 |         0 |         0 |         0 |
|               CAS_COUNT_WR               | MBOX3C1 |    418748 |         0 |         0 |         0 |     56333 |         0 |         0 |         0 |     54438 |         0 |         0 |         0 |     73111 |         0 |         0 |         0 |
|               CAS_COUNT_RD               | MBOX4C0 |    409712 |         0 |         0 |         0 |     31002 |         0 |         0 |         0 |     33183 |         0 |         0 |         0 |     80921 |         0 |         0 |         0 |
|               CAS_COUNT_WR               | MBOX4C1 |    528334 |         0 |         0 |         0 |     55873 |         0 |         0 |         0 |     58057 |         0 |         0 |         0 |    101462 |         0 |         0 |         0 |
|               CAS_COUNT_RD               | MBOX5C0 |    299913 |         0 |         0 |         0 |     30755 |         0 |         0 |         0 |     30730 |         0 |         0 |         0 |     93262 |         0 |         0 |         0 |
|               CAS_COUNT_WR               | MBOX5C1 |    452309 |         0 |         0 |         0 |     55381 |         0 |         0 |         0 |     55357 |         0 |         0 |         0 |    114942 |         0 |         0 |         0 |
+------------------------------------------+---------+-----------+-----------+-----------+-----------+-----------+-----------+-----------+-----------+-----------+-----------+-----------+-----------+-----------+-----------+-----------+-----------+
+-----------------------------------------------+---------+------------+-----------+-----------+--------------+
|                     Event                     | Counter |     Sum    |    Min    |    Max    |      Avg     |
+-----------------------------------------------+---------+------------+-----------+-----------+--------------+
|             INSTR_RETIRED_ANY STAT            |  FIXC0  | 2633030200 | 154045500 | 292412200 | 1.645644e+08 |
|           CPU_CLK_UNHALTED_CORE STAT          |  FIXC1  | 3037036200 | 176749000 | 209548800 | 1.898148e+08 |
|           CPU_CLK_UNHALTED_REF STAT           |  FIXC2  | 4158823400 | 241981500 | 287027600 | 2.599265e+08 |
|              PWR_PKG_ENERGY STAT              |   PWR0  |    35.5668 |         0 |    9.6924 |       2.2229 |
|              PWR_DRAM_ENERGY STAT             |   PWR3  |     4.0789 |         0 |    1.2641 |       0.2549 |
| FP_ARITH_INST_RETIRED_128B_PACKED_DOUBLE STAT |   PMC0  |      23000 |         0 |     23000 |    1437.5000 |
|    FP_ARITH_INST_RETIRED_SCALAR_DOUBLE STAT   |   PMC1  |  712834250 |  43387890 |  54192900 | 4.455214e+07 |
| FP_ARITH_INST_RETIRED_256B_PACKED_DOUBLE STAT |   PMC2  |      15090 |         0 |     15090 |     943.1250 |
| FP_ARITH_INST_RETIRED_512B_PACKED_DOUBLE STAT |   PMC3  |     141851 |         0 |    141851 |    8865.6875 |
|               CAS_COUNT_RD STAT               | MBOX0C0 |     438995 |         0 |    285012 |   27437.1875 |
|               CAS_COUNT_WR STAT               | MBOX0C1 |     680817 |         0 |    463436 |   42551.0625 |
|               CAS_COUNT_RD STAT               | MBOX1C0 |     457000 |         0 |    290450 |   28562.5000 |
|               CAS_COUNT_WR STAT               | MBOX1C1 |     701539 |         0 |    471840 |   43846.1875 |
|               CAS_COUNT_RD STAT               | MBOX2C0 |     614154 |         0 |    455162 |   38384.6250 |
|               CAS_COUNT_WR STAT               | MBOX2C1 |     813012 |         0 |    577397 |   50813.2500 |
|               CAS_COUNT_RD STAT               | MBOX3C0 |     389389 |         0 |    280017 |   24336.8125 |
|               CAS_COUNT_WR STAT               | MBOX3C1 |     602630 |         0 |    418748 |   37664.3750 |
|               CAS_COUNT_RD STAT               | MBOX4C0 |     554818 |         0 |    409712 |   34676.1250 |
|               CAS_COUNT_WR STAT               | MBOX4C1 |     743726 |         0 |    528334 |   46482.8750 |
|               CAS_COUNT_RD STAT               | MBOX5C0 |     454660 |         0 |    299913 |   28416.2500 |
|               CAS_COUNT_WR STAT               | MBOX5C1 |     677989 |         0 |    452309 |   42374.3125 |
+-----------------------------------------------+---------+------------+-----------+-----------+--------------+
+-----------------------------------+-----------+-----------+-----------+-----------+-----------+-----------+-----------+-----------+-----------+-----------+-----------+-----------+-----------+-----------+-----------+-----------+
|               Metric              |   Core 0  |   Core 1  |   Core 2  |   Core 3  |  Core 14  |  Core 15  |  Core 16  |  Core 17  |  Core 28  |  Core 29  |  Core 30  |  Core 31  |  Core 42  |  Core 43  |  Core 44  |  Core 45  |
+-----------------------------------+-----------+-----------+-----------+-----------+-----------+-----------+-----------+-----------+-----------+-----------+-----------+-----------+-----------+-----------+-----------+-----------+
|        Runtime (RDTSC) [s]        |    0.2793 |    0.2839 |    0.2840 |    0.2840 |    0.2793 |    0.2840 |    0.2840 |    0.2839 |    0.2793 |    0.2839 |    0.2839 |    0.2839 |    0.2793 |    0.2840 |    0.2840 |    0.2840 |
|        Runtime unhalted [s]       |    0.0808 |    0.0771 |    0.0791 |    0.0782 |    0.0681 |    0.0714 |    0.0723 |    0.0721 |    0.0688 |    0.0716 |    0.0723 |    0.0718 |    0.0691 |    0.0710 |    0.0730 |    0.0743 |
|            Clock [MHz]            | 1893.6218 | 1894.2388 | 1894.3450 | 1894.2103 | 1894.5520 | 1894.8234 | 1894.6958 | 1894.8294 | 1893.4001 | 1893.3659 | 1893.2343 | 1893.7190 | 1894.1396 | 1894.4679 | 1894.3321 | 1894.2235 |
|                CPI                |    0.7166 |    1.2619 |    1.2936 |    1.2807 |    1.1257 |    1.1834 |    1.1983 |    1.1944 |    1.1436 |    1.1880 |    1.2142 |    1.2058 |    1.1629 |    1.1941 |    1.2251 |    1.2457 |
|             Energy [J]            |    9.6924 |         0 |         0 |         0 |    8.3689 |         0 |         0 |         0 |    8.9132 |         0 |         0 |         0 |    8.5923 |         0 |         0 |         0 |
|             Power [W]             |   34.7048 |         0 |         0 |         0 |   29.9611 |         0 |         0 |         0 |   31.9156 |         0 |         0 |         0 |   30.7669 |         0 |         0 |         0 |
|          Energy DRAM [J]          |    1.2641 |         0 |         0 |         0 |    1.0753 |         0 |         0 |         0 |    0.8043 |         0 |         0 |         0 |    0.9352 |         0 |         0 |         0 |
|           Power DRAM [W]          |    4.5261 |         0 |         0 |         0 |    3.8496 |         0 |         0 |         0 |    2.8798 |         0 |         0 |         0 |    3.3487 |         0 |         0 |         0 |
|            DP [MFLOP/s]           |  198.4874 |  156.5193 |  156.3878 |  156.3913 |  158.8678 |  155.2629 |  155.2190 |  155.2936 |  157.6275 |  155.0083 |  153.0657 |  153.0725 |  155.6183 |  153.0356 |  153.0138 |  152.7732 |
|          AVX DP [MFLOP/s]         |    4.2794 |         0 |         0 |         0 |         0 |         0 |         0 |         0 |         0 |         0 |         0 |         0 |         0 |         0 |         0 |         0 |
|          Packed [MUOPS/s]         |    0.6443 |         0 |         0 |         0 |         0 |         0 |         0 |         0 |         0 |         0 |         0 |         0 |         0 |         0 |         0 |         0 |
|          Scalar [MUOPS/s]         |  194.0432 |  156.5193 |  156.3878 |  156.3913 |  158.8678 |  155.2629 |  155.2190 |  155.2936 |  157.6275 |  155.0083 |  153.0657 |  153.0725 |  155.6183 |  153.0356 |  153.0138 |  152.7732 |
|  Memory read bandwidth [MBytes/s] |  462.9613 |         0 |         0 |         0 |   54.4750 |         0 |         0 |         0 |   53.3543 |         0 |         0 |         0 |   95.8320 |         0 |         0 |         0 |
|  Memory read data volume [GBytes] |    0.1293 |         0 |         0 |         0 |    0.0152 |         0 |         0 |         0 |    0.0149 |         0 |         0 |         0 |    0.0268 |         0 |         0 |         0 |
| Memory write bandwidth [MBytes/s] |  667.3244 |         0 |         0 |         0 |   87.0736 |         0 |         0 |         0 |   86.1520 |         0 |         0 |         0 |  126.4271 |         0 |         0 |         0 |
| Memory write data volume [GBytes] |    0.1864 |         0 |         0 |         0 |    0.0243 |         0 |         0 |         0 |    0.0241 |         0 |         0 |         0 |    0.0353 |         0 |         0 |         0 |
|    Memory bandwidth [MBytes/s]    | 1130.2857 |         0 |         0 |         0 |  141.5486 |         0 |         0 |         0 |  139.5063 |         0 |         0 |         0 |  222.2591 |         0 |         0 |         0 |
|    Memory data volume [GBytes]    |    0.3157 |         0 |         0 |         0 |    0.0395 |         0 |         0 |         0 |    0.0390 |         0 |         0 |         0 |    0.0621 |         0 |         0 |         0 |
|       Operational intensity       |    0.1756 |    0.1408 |    0.1407 |    0.1407 |    1.1224 |    1.1152 |    1.1150 |    1.1152 |    1.1299 |    1.1297 |    1.1155 |    1.1155 |    0.7002 |    0.7002 |    0.7002 |    0.6990 |
+-----------------------------------+-----------+-----------+-----------+-----------+-----------+-----------+-----------+-----------+-----------+-----------+-----------+-----------+-----------+-----------+-----------+-----------+
+----------------------------------------+------------+-----------+-----------+-----------+
|                 Metric                 |     Sum    |    Min    |    Max    |    Avg    |
+----------------------------------------+------------+-----------+-----------+-----------+
|        Runtime (RDTSC) [s] STAT        |     4.5247 |    0.2793 |    0.2840 |    0.2828 |
|        Runtime unhalted [s] STAT       |     1.1710 |    0.0681 |    0.0808 |    0.0732 |
|            Clock [MHz] STAT            | 30306.1989 | 1893.2343 | 1894.8294 | 1894.1374 |
|                CPI STAT                |    18.8340 |    0.7166 |    1.2936 |    1.1771 |
|             Energy [J] STAT            |    35.5668 |         0 |    9.6924 |    2.2229 |
|             Power [W] STAT             |   127.3484 |         0 |   34.7048 |    7.9593 |
|          Energy DRAM [J] STAT          |     4.0789 |         0 |    1.2641 |    0.2549 |
|           Power DRAM [W] STAT          |    14.6042 |         0 |    4.5261 |    0.9128 |
|            DP [MFLOP/s] STAT           |  2525.6440 |  152.7732 |  198.4874 |  157.8528 |
|          AVX DP [MFLOP/s] STAT         |     4.2794 |         0 |    4.2794 |    0.2675 |
|          Packed [MUOPS/s] STAT         |     0.6443 |         0 |    0.6443 |    0.0403 |
|          Scalar [MUOPS/s] STAT         |  2521.1998 |  152.7732 |  194.0432 |  157.5750 |
|  Memory read bandwidth [MBytes/s] STAT |   666.6226 |         0 |  462.9613 |   41.6639 |
|  Memory read data volume [GBytes] STAT |     0.1862 |         0 |    0.1293 |    0.0116 |
| Memory write bandwidth [MBytes/s] STAT |   966.9771 |         0 |  667.3244 |   60.4361 |
| Memory write data volume [GBytes] STAT |     0.2701 |         0 |    0.1864 |    0.0169 |
|    Memory bandwidth [MBytes/s] STAT    |  1633.5997 |         0 | 1130.2857 |  102.1000 |
|    Memory data volume [GBytes] STAT    |     0.4563 |         0 |    0.3157 |    0.0285 |
|       Operational intensity STAT       |    12.3558 |    0.1407 |    1.1299 |    0.7722 |
+----------------------------------------+------------+-----------+-----------+-----------+
--------------------------------------------------------------------------------
CPU name:	Intel(R) Xeon(R) Gold 6132 CPU @ 2.60GHz
CPU type:	Intel Skylake SP processor
CPU clock:	2.59 GHz
--------------------------------------------------------------------------------
Region Solve, Group 1: MEM_DP
+-------------------+-----------+-----------+-----------+-----------+-----------+-----------+-----------+-----------+-----------+-----------+-----------+-----------+-----------+-----------+-----------+-----------+
|    Region Info    |   Core 0  |   Core 1  |   Core 2  |   Core 3  |  Core 14  |  Core 15  |  Core 16  |  Core 17  |  Core 28  |  Core 29  |  Core 30  |  Core 31  |  Core 42  |  Core 43  |  Core 44  |  Core 45  |
+-------------------+-----------+-----------+-----------+-----------+-----------+-----------+-----------+-----------+-----------+-----------+-----------+-----------+-----------+-----------+-----------+-----------+
| RDTSC Runtime [s] | 11.199220 | 11.201710 | 11.201700 | 11.201700 | 11.199230 | 11.201710 | 11.201710 | 11.201710 | 11.199230 | 11.201700 | 11.201700 | 11.201700 | 11.199220 | 11.201700 | 11.201700 | 11.201700 |
|     call count    |         1 |         1 |         1 |         1 |         1 |         1 |         1 |         1 |         1 |         1 |         1 |         1 |         1 |         1 |         1 |         1 |
+-------------------+-----------+-----------+-----------+-----------+-----------+-----------+-----------+-----------+-----------+-----------+-----------+-----------+-----------+-----------+-----------+-----------+
+------------------------------------------+---------+-------------+-------------+-------------+-------------+-------------+-------------+-------------+-------------+-------------+-------------+-------------+-------------+-------------+-------------+-------------+-------------+
|                   Event                  | Counter |    Core 0   |    Core 1   |    Core 2   |    Core 3   |   Core 14   |   Core 15   |   Core 16   |   Core 17   |   Core 28   |   Core 29   |   Core 30   |   Core 31   |   Core 42   |   Core 43   |   Core 44   |   Core 45   |
+------------------------------------------+---------+-------------+-------------+-------------+-------------+-------------+-------------+-------------+-------------+-------------+-------------+-------------+-------------+-------------+-------------+-------------+-------------+
|             INSTR_RETIRED_ANY            |  FIXC0  | 36597160000 | 36082310000 | 36083150000 | 36033990000 | 35822970000 | 35734000000 | 35819050000 | 35641250000 | 35556240000 | 35554260000 | 35354020000 | 35292920000 | 35531290000 | 35460520000 | 35464320000 | 37088820000 |
|           CPU_CLK_UNHALTED_CORE          |  FIXC1  | 21030370000 | 21095980000 | 21102960000 | 21046690000 | 21025730000 | 21026850000 | 20942870000 | 21030190000 | 21018730000 | 21036610000 | 21037890000 | 21033920000 | 20838490000 | 21035560000 | 21044840000 | 18410070000 |
|           CPU_CLK_UNHALTED_REF           |  FIXC2  | 28778390000 | 28868190000 | 28877730000 | 28800710000 | 28772090000 | 28773630000 | 28658710000 | 28778200000 | 28762460000 | 28786930000 | 28788680000 | 28783250000 | 28515760000 | 28785510000 | 28798190000 | 25192980000 |
|              PWR_PKG_ENERGY              |   PWR0  |    493.9360 |           0 |           0 |           0 |    441.0840 |           0 |           0 |           0 |    469.2228 |           0 |           0 |           0 |    448.4154 |           0 |           0 |           0 |
|              PWR_DRAM_ENERGY             |   PWR3  |     45.3227 |           0 |           0 |           0 |     45.6824 |           0 |           0 |           0 |     35.3640 |           0 |           0 |           0 |     39.8895 |           0 |           0 |           0 |
| FP_ARITH_INST_RETIRED_128B_PACKED_DOUBLE |   PMC0  |       65560 |           0 |           0 |           0 |           0 |           0 |           0 |           0 |           0 |           0 |           0 |           0 |           0 |           0 |           0 |           0 |
|    FP_ARITH_INST_RETIRED_SCALAR_DOUBLE   |   PMC1  | 10826810000 | 10726270000 | 10723330000 | 10654970000 | 10618620000 | 10583440000 | 10540410000 | 10496540000 | 10469550000 | 10486260000 | 10459880000 | 10446330000 | 10467530000 | 10527340000 | 10533020000 | 10414800000 |
| FP_ARITH_INST_RETIRED_256B_PACKED_DOUBLE |   PMC2  |       83556 |           0 |           0 |           0 |           0 |           0 |           0 |           0 |           0 |           0 |           0 |           0 |           0 |           0 |           0 |           0 |
| FP_ARITH_INST_RETIRED_512B_PACKED_DOUBLE |   PMC3  |      417868 |           0 |           0 |           0 |           0 |           0 |           0 |           0 |           0 |           0 |           0 |           0 |           0 |           0 |           0 |           0 |
|               CAS_COUNT_RD               | MBOX0C0 |    14959420 |           0 |           0 |           0 |    15260500 |           0 |           0 |           0 |    13118230 |           0 |           0 |           0 |    12187720 |           0 |           0 |           0 |
|               CAS_COUNT_WR               | MBOX0C1 |     9672211 |           0 |           0 |           0 |     9636733 |           0 |           0 |           0 |     7665076 |           0 |           0 |           0 |     6543503 |           0 |           0 |           0 |
|               CAS_COUNT_RD               | MBOX1C0 |    14993990 |           0 |           0 |           0 |    15215630 |           0 |           0 |           0 |    13069340 |           0 |           0 |           0 |    12079400 |           0 |           0 |           0 |
|               CAS_COUNT_WR               | MBOX1C1 |     9710070 |           0 |           0 |           0 |     9588724 |           0 |           0 |           0 |     7618817 |           0 |           0 |           0 |     6437596 |           0 |           0 |           0 |
|               CAS_COUNT_RD               | MBOX2C0 |    15217800 |           0 |           0 |           0 |    15320270 |           0 |           0 |           0 |    13040430 |           0 |           0 |           0 |    12003590 |           0 |           0 |           0 |
|               CAS_COUNT_WR               | MBOX2C1 |     9785678 |           0 |           0 |           0 |     9658795 |           0 |           0 |           0 |     7584963 |           0 |           0 |           0 |     6405065 |           0 |           0 |           0 |
|               CAS_COUNT_RD               | MBOX3C0 |    14948910 |           0 |           0 |           0 |    15278510 |           0 |           0 |           0 |    12764200 |           0 |           0 |           0 |    11727770 |           0 |           0 |           0 |
|               CAS_COUNT_WR               | MBOX3C1 |     9445353 |           0 |           0 |           0 |     9582765 |           0 |           0 |           0 |     7338477 |           0 |           0 |           0 |     6157595 |           0 |           0 |           0 |
|               CAS_COUNT_RD               | MBOX4C0 |    15271500 |           0 |           0 |           0 |    15011760 |           0 |           0 |           0 |    12860320 |           0 |           0 |           0 |    11973400 |           0 |           0 |           0 |
|               CAS_COUNT_WR               | MBOX4C1 |     9839188 |           0 |           0 |           0 |     9367506 |           0 |           0 |           0 |     7407551 |           0 |           0 |           0 |     6320653 |           0 |           0 |           0 |
|               CAS_COUNT_RD               | MBOX5C0 |    14963310 |           0 |           0 |           0 |    14978210 |           0 |           0 |           0 |    12820970 |           0 |           0 |           0 |    12033850 |           0 |           0 |           0 |
|               CAS_COUNT_WR               | MBOX5C1 |     9589609 |           0 |           0 |           0 |     9340973 |           0 |           0 |           0 |     7380102 |           0 |           0 |           0 |     6395356 |           0 |           0 |           0 |
+------------------------------------------+---------+-------------+-------------+-------------+-------------+-------------+-------------+-------------+-------------+-------------+-------------+-------------+-------------+-------------+-------------+-------------+-------------+
+-----------------------------------------------+---------+--------------+-------------+-------------+--------------+
|                     Event                     | Counter |      Sum     |     Min     |     Max     |      Avg     |
+-----------------------------------------------+---------+--------------+-------------+-------------+--------------+
|             INSTR_RETIRED_ANY STAT            |  FIXC0  | 573116270000 | 35292920000 | 37088820000 |  35819766875 |
|           CPU_CLK_UNHALTED_CORE STAT          |  FIXC1  | 333757750000 | 18410070000 | 21102960000 |  20859859375 |
|           CPU_CLK_UNHALTED_REF STAT           |  FIXC2  | 456721410000 | 25192980000 | 28877730000 |  28545088125 |
|              PWR_PKG_ENERGY STAT              |   PWR0  |    1852.6582 |           0 |    493.9360 |     115.7911 |
|              PWR_DRAM_ENERGY STAT             |   PWR3  |     166.2586 |           0 |     45.6824 |      10.3912 |
| FP_ARITH_INST_RETIRED_128B_PACKED_DOUBLE STAT |   PMC0  |        65560 |           0 |       65560 |    4097.5000 |
|    FP_ARITH_INST_RETIRED_SCALAR_DOUBLE STAT   |   PMC1  | 168975100000 | 10414800000 | 10826810000 |  10560943750 |
| FP_ARITH_INST_RETIRED_256B_PACKED_DOUBLE STAT |   PMC2  |        83556 |           0 |       83556 |    5222.2500 |
| FP_ARITH_INST_RETIRED_512B_PACKED_DOUBLE STAT |   PMC3  |       417868 |           0 |      417868 |   26116.7500 |
|               CAS_COUNT_RD STAT               | MBOX0C0 |     55525870 |           0 |    15260500 | 3.470367e+06 |
|               CAS_COUNT_WR STAT               | MBOX0C1 |     33517523 |           0 |     9672211 | 2.094845e+06 |
|               CAS_COUNT_RD STAT               | MBOX1C0 |     55358360 |           0 |    15215630 | 3.459898e+06 |
|               CAS_COUNT_WR STAT               | MBOX1C1 |     33355207 |           0 |     9710070 | 2.084700e+06 |
|               CAS_COUNT_RD STAT               | MBOX2C0 |     55582090 |           0 |    15320270 | 3.473881e+06 |
|               CAS_COUNT_WR STAT               | MBOX2C1 |     33434501 |           0 |     9785678 | 2.089656e+06 |
|               CAS_COUNT_RD STAT               | MBOX3C0 |     54719390 |           0 |    15278510 | 3.419962e+06 |
|               CAS_COUNT_WR STAT               | MBOX3C1 |     32524190 |           0 |     9582765 | 2.032762e+06 |
|               CAS_COUNT_RD STAT               | MBOX4C0 |     55116980 |           0 |    15271500 | 3.444811e+06 |
|               CAS_COUNT_WR STAT               | MBOX4C1 |     32934898 |           0 |     9839188 | 2.058431e+06 |
|               CAS_COUNT_RD STAT               | MBOX5C0 |     54796340 |           0 |    14978210 | 3.424771e+06 |
|               CAS_COUNT_WR STAT               | MBOX5C1 |     32706040 |           0 |     9589609 | 2.044128e+06 |
+-----------------------------------------------+---------+--------------+-------------+-------------+--------------+
+-----------------------------------+-----------+-----------+-----------+-----------+-----------+-----------+-----------+-----------+-----------+-----------+-----------+-----------+-----------+-----------+-----------+-----------+
|               Metric              |   Core 0  |   Core 1  |   Core 2  |   Core 3  |  Core 14  |  Core 15  |  Core 16  |  Core 17  |  Core 28  |  Core 29  |  Core 30  |  Core 31  |  Core 42  |  Core 43  |  Core 44  |  Core 45  |
+-----------------------------------+-----------+-----------+-----------+-----------+-----------+-----------+-----------+-----------+-----------+-----------+-----------+-----------+-----------+-----------+-----------+-----------+
|        Runtime (RDTSC) [s]        |   11.1992 |   11.2017 |   11.2017 |   11.2017 |   11.1992 |   11.2017 |   11.2017 |   11.2017 |   11.1992 |   11.2017 |   11.2017 |   11.2017 |   11.1992 |   11.2017 |   11.2017 |   11.2017 |
|        Runtime unhalted [s]       |    8.1080 |    8.1333 |    8.1360 |    8.1143 |    8.1062 |    8.1067 |    8.0743 |    8.1080 |    8.1035 |    8.1104 |    8.1109 |    8.1094 |    8.0340 |    8.1100 |    8.1136 |    7.0978 |
|            Clock [MHz]            | 1895.4492 | 1895.4480 | 1895.4488 | 1895.4500 | 1895.4459 | 1895.4454 | 1895.4454 | 1895.4455 | 1895.4493 | 1895.4491 | 1895.4492 | 1895.4491 | 1895.4530 | 1895.4480 | 1895.4493 | 1895.4295 |
|                CPI                |    0.5746 |    0.5847 |    0.5848 |    0.5841 |    0.5869 |    0.5884 |    0.5847 |    0.5901 |    0.5911 |    0.5917 |    0.5951 |    0.5960 |    0.5865 |    0.5932 |    0.5934 |    0.4964 |
|             Energy [J]            |  493.9360 |         0 |         0 |         0 |  441.0840 |         0 |         0 |         0 |  469.2228 |         0 |         0 |         0 |  448.4154 |         0 |         0 |         0 |
|             Power [W]             |   44.1045 |         0 |         0 |         0 |   39.3852 |         0 |         0 |         0 |   41.8978 |         0 |         0 |         0 |   40.0399 |         0 |         0 |         0 |
|          Energy DRAM [J]          |   45.3227 |         0 |         0 |         0 |   45.6824 |         0 |         0 |         0 |   35.3640 |         0 |         0 |         0 |   39.8895 |         0 |         0 |         0 |
|           Power DRAM [W]          |    4.0470 |         0 |         0 |         0 |    4.0791 |         0 |         0 |         0 |    3.1577 |         0 |         0 |         0 |    3.5618 |         0 |         0 |         0 |
|            DP [MFLOP/s]           |  967.0868 |  957.5565 |  957.2949 |  951.1922 |  948.1563 |  944.8057 |  940.9644 |  937.0480 |  934.8455 |  936.1311 |  933.7761 |  932.5665 |  934.6660 |  939.7984 |  940.3055 |  929.7517 |
|          AVX DP [MFLOP/s]         |    0.3283 |         0 |         0 |         0 |         0 |         0 |         0 |         0 |         0 |         0 |         0 |         0 |         0 |         0 |         0 |         0 |
|          Packed [MUOPS/s]         |    0.0506 |         0 |         0 |         0 |         0 |         0 |         0 |         0 |         0 |         0 |         0 |         0 |         0 |         0 |         0 |         0 |
|          Scalar [MUOPS/s]         |  966.7468 |  957.5565 |  957.2949 |  951.1922 |  948.1563 |  944.8057 |  940.9644 |  937.0480 |  934.8455 |  936.1311 |  933.7761 |  932.5665 |  934.6660 |  939.7984 |  940.3055 |  929.7517 |
|  Memory read bandwidth [MBytes/s] |  516.3498 |         0 |         0 |         0 |  520.4065 |         0 |         0 |         0 |  443.8790 |         0 |         0 |         0 |  411.4900 |         0 |         0 |         0 |
|  Memory read data volume [GBytes] |    5.7827 |         0 |         0 |         0 |    5.8282 |         0 |         0 |         0 |    4.9711 |         0 |         0 |         0 |    4.6084 |         0 |         0 |         0 |
| Memory write bandwidth [MBytes/s] |  331.6923 |         0 |         0 |         0 |  326.7396 |         0 |         0 |         0 |  257.1319 |         0 |         0 |         0 |  218.6425 |         0 |         0 |         0 |
| Memory write data volume [GBytes] |    3.7147 |         0 |         0 |         0 |    3.6592 |         0 |         0 |         0 |    2.8797 |         0 |         0 |         0 |    2.4486 |         0 |         0 |         0 |
|    Memory bandwidth [MBytes/s]    |  848.0421 |         0 |         0 |         0 |  847.1461 |         0 |         0 |         0 |  701.0109 |         0 |         0 |         0 |  630.1324 |         0 |         0 |         0 |
|    Memory data volume [GBytes]    |    9.4974 |         0 |         0 |         0 |    9.4874 |         0 |         0 |         0 |    7.8508 |         0 |         0 |         0 |    7.0570 |         0 |         0 |         0 |
|       Operational intensity       |    1.1404 |    1.1294 |    1.1291 |    1.1219 |    1.1192 |    1.1155 |    1.1110 |    1.1064 |    1.3336 |    1.3357 |    1.3323 |    1.3306 |    1.4833 |    1.4918 |    1.4926 |    1.4758 |
+-----------------------------------+-----------+-----------+-----------+-----------+-----------+-----------+-----------+-----------+-----------+-----------+-----------+-----------+-----------+-----------+-----------+-----------+
+----------------------------------------+------------+-----------+-----------+-----------+
|                 Metric                 |     Sum    |    Min    |    Max    |    Avg    |
+----------------------------------------+------------+-----------+-----------+-----------+
|        Runtime (RDTSC) [s] STAT        |   179.2172 |   11.1992 |   11.2017 |   11.2011 |
|        Runtime unhalted [s] STAT       |   128.6764 |    7.0978 |    8.1360 |    8.0423 |
|            Clock [MHz] STAT            | 30327.1547 | 1895.4295 | 1895.4530 | 1895.4472 |
|                CPI STAT                |     9.3217 |    0.4964 |    0.5960 |    0.5826 |
|             Energy [J] STAT            |  1852.6582 |         0 |  493.9360 |  115.7911 |
|             Power [W] STAT             |   165.4274 |         0 |   44.1045 |   10.3392 |
|          Energy DRAM [J] STAT          |   166.2586 |         0 |   45.6824 |   10.3912 |
|           Power DRAM [W] STAT          |    14.8456 |         0 |    4.0791 |    0.9279 |
|            DP [MFLOP/s] STAT           | 15085.9456 |  929.7517 |  967.0868 |  942.8716 |
|          AVX DP [MFLOP/s] STAT         |     0.3283 |         0 |    0.3283 |    0.0205 |
|          Packed [MUOPS/s] STAT         |     0.0506 |         0 |    0.0506 |    0.0032 |
|          Scalar [MUOPS/s] STAT         | 15085.6056 |  929.7517 |  966.7468 |  942.8503 |
|  Memory read bandwidth [MBytes/s] STAT |  1892.1253 |         0 |  520.4065 |  118.2578 |
|  Memory read data volume [GBytes] STAT |    21.1904 |         0 |    5.8282 |    1.3244 |
| Memory write bandwidth [MBytes/s] STAT |  1134.2063 |         0 |  331.6923 |   70.8879 |
| Memory write data volume [GBytes] STAT |    12.7022 |         0 |    3.7147 |    0.7939 |
|    Memory bandwidth [MBytes/s] STAT    |  3026.3315 |         0 |  848.0421 |  189.1457 |
|    Memory data volume [GBytes] STAT    |    33.8926 |         0 |    9.4974 |    2.1183 |
|       Operational intensity STAT       |    20.2486 |    1.1064 |    1.4926 |    1.2655 |
+----------------------------------------+------------+-----------+-----------+-----------+
