--------------------------------------------------------------------------------
CPU name:	Intel(R) Xeon(R) Gold 6132 CPU @ 2.60GHz
CPU type:	Intel Skylake SP processor
CPU clock:	2.59 GHz
--------------------------------------------------------------------------------
Region Setup, Group 1: MEM_DP
+-------------------+----------+----------+----------+----------+----------+----------+----------+----------+----------+----------+----------+----------+----------+----------+----------+----------+----------+----------+----------+----------+----------+----------+----------+----------+----------+
|    Region Info    |  Core 0  |  Core 1  |  Core 2  |  Core 3  |  Core 4  |  Core 5  |  Core 6  |  Core 14 |  Core 15 |  Core 16 |  Core 17 |  Core 18 |  Core 19 |  Core 28 |  Core 29 |  Core 30 |  Core 31 |  Core 32 |  Core 33 |  Core 42 |  Core 43 |  Core 44 |  Core 45 |  Core 46 |  Core 47 |
+-------------------+----------+----------+----------+----------+----------+----------+----------+----------+----------+----------+----------+----------+----------+----------+----------+----------+----------+----------+----------+----------+----------+----------+----------+----------+----------+
| RDTSC Runtime [s] | 0.298907 | 0.303212 | 0.270201 | 0.303276 | 0.303233 | 0.303213 | 0.303453 | 0.298982 | 0.303326 | 0.303295 | 0.270231 | 0.303275 | 0.303334 | 0.298957 | 0.303310 | 0.303321 | 0.303304 | 0.303436 | 0.303306 | 0.298976 | 0.303389 | 0.303401 | 0.303390 | 0.303256 | 0.303474 |
|     call count    |        2 |        2 |        2 |        2 |        2 |        2 |        2 |        2 |        2 |        2 |        2 |        2 |        2 |        2 |        2 |        2 |        2 |        2 |        2 |        2 |        2 |        2 |        2 |        2 |        2 |
+-------------------+----------+----------+----------+----------+----------+----------+----------+----------+----------+----------+----------+----------+----------+----------+----------+----------+----------+----------+----------+----------+----------+----------+----------+----------+----------+
+------------------------------------------+---------+-----------+-----------+-----------+-----------+-----------+-----------+-----------+-----------+-----------+-----------+-----------+-----------+-----------+-----------+-----------+-----------+-----------+-----------+-----------+-----------+-----------+-----------+-----------+-----------+-----------+
|                   Event                  | Counter |   Core 0  |   Core 1  |   Core 2  |   Core 3  |   Core 4  |   Core 5  |   Core 6  |  Core 14  |  Core 15  |  Core 16  |  Core 17  |  Core 18  |  Core 19  |  Core 28  |  Core 29  |  Core 30  |  Core 31  |  Core 32  |  Core 33  |  Core 42  |  Core 43  |  Core 44  |  Core 45  |  Core 46  |  Core 47  |
+------------------------------------------+---------+-----------+-----------+-----------+-----------+-----------+-----------+-----------+-----------+-----------+-----------+-----------+-----------+-----------+-----------+-----------+-----------+-----------+-----------+-----------+-----------+-----------+-----------+-----------+-----------+-----------+
|             INSTR_RETIRED_ANY            |  FIXC0  | 240297300 | 109056100 | 106554400 | 108492300 | 108166700 | 108656600 | 108274300 | 105329700 | 104821400 | 104909000 | 102399600 | 104878500 | 104397500 | 104260100 | 103499200 | 102461800 | 101264900 | 101320800 | 101194700 | 100406700 | 100222200 | 100363100 |  99999110 |  99674820 |  99569660 |
|           CPU_CLK_UNHALTED_CORE          |  FIXC1  | 217329900 | 226141500 | 177724000 | 216674000 | 213899500 | 222850100 | 217391700 | 198603800 | 200542700 | 202343300 | 156168000 | 206357100 | 198729800 | 194106100 | 206527700 | 197392500 | 200553500 | 207217300 | 214961400 | 198344900 | 201445800 | 205303800 | 203220900 | 203012900 | 205037900 |
|           CPU_CLK_UNHALTED_REF           |  FIXC2  | 297604100 | 309684500 | 243464100 | 296764000 | 292891900 | 305157400 | 297721100 | 272021300 | 274757900 | 277139400 | 214070300 | 282620400 | 272216600 | 265847300 | 282866700 | 270321800 | 274617200 | 283758200 | 294400200 | 271606700 | 275857900 | 281081900 | 278271400 | 277935100 | 280747100 |
|              PWR_PKG_ENERGY              |   PWR0  |   10.8975 |         0 |         0 |         0 |         0 |         0 |         0 |    9.2084 |         0 |         0 |         0 |         0 |         0 |    9.8036 |         0 |         0 |         0 |         0 |         0 |    9.4698 |         0 |         0 |         0 |         0 |         0 |
|              PWR_DRAM_ENERGY             |   PWR3  |    1.3505 |         0 |         0 |         0 |         0 |         0 |         0 |    1.1364 |         0 |         0 |         0 |         0 |         0 |    0.8477 |         0 |         0 |         0 |         0 |         0 |    0.9874 |         0 |         0 |         0 |         0 |         0 |
| FP_ARITH_INST_RETIRED_128B_PACKED_DOUBLE |   PMC0  |     23000 |         0 |         0 |         0 |         0 |         0 |         0 |         0 |         0 |         0 |         0 |         0 |         0 |         0 |         0 |         0 |         0 |         0 |         0 |         0 |         0 |         0 |         0 |         0 |         0 |
|    FP_ARITH_INST_RETIRED_SCALAR_DOUBLE   |   PMC1  |  38487040 |  29318030 |  29281620 |  29294790 |  29246130 |  29253960 |  29235310 |  28623130 |  28446640 |  28432320 |  28364580 |  28370690 |  28363590 |  28369690 |  27951500 |  27742040 |  27417150 |  27336450 |  27205040 |  27193220 |  27097660 |  27072190 |  27012590 |  26906440 |  26812940 |
| FP_ARITH_INST_RETIRED_256B_PACKED_DOUBLE |   PMC2  |     15090 |         0 |         0 |         0 |         0 |         0 |         0 |         0 |         0 |         0 |         0 |         0 |         0 |         0 |         0 |         0 |         0 |         0 |         0 |         0 |         0 |         0 |         0 |         0 |         0 |
| FP_ARITH_INST_RETIRED_512B_PACKED_DOUBLE |   PMC3  |    141851 |         0 |         0 |         0 |         0 |         0 |         0 |         0 |         0 |         0 |         0 |         0 |         0 |         0 |         0 |         0 |         0 |         0 |         0 |         0 |         0 |         0 |         0 |         0 |         0 |
|               CAS_COUNT_RD               | MBOX0C0 |    313808 |         0 |         0 |         0 |         0 |         0 |         0 |     44514 |         0 |         0 |         0 |         0 |         0 |     45033 |         0 |         0 |         0 |         0 |         0 |     59124 |         0 |         0 |         0 |         0 |         0 |
|               CAS_COUNT_WR               | MBOX0C1 |    488514 |         0 |         0 |         0 |         0 |         0 |         0 |     68826 |         0 |         0 |         0 |         0 |         0 |     70167 |         0 |         0 |         0 |         0 |         0 |     80320 |         0 |         0 |         0 |         0 |         0 |
|               CAS_COUNT_RD               | MBOX1C0 |    309306 |         0 |         0 |         0 |         0 |         0 |         0 |     38845 |         0 |         0 |         0 |         0 |         0 |     48941 |         0 |         0 |         0 |         0 |         0 |     73601 |         0 |         0 |         0 |         0 |         0 |
|               CAS_COUNT_WR               | MBOX1C1 |    490429 |         0 |         0 |         0 |         0 |         0 |         0 |     65357 |         0 |         0 |         0 |         0 |         0 |     74766 |         0 |         0 |         0 |         0 |         0 |     89973 |         0 |         0 |         0 |         0 |         0 |
|               CAS_COUNT_RD               | MBOX2C0 |    351744 |         0 |         0 |         0 |         0 |         0 |         0 |     45590 |         0 |         0 |         0 |         0 |         0 |     50704 |         0 |         0 |         0 |         0 |         0 |     59029 |         0 |         0 |         0 |         0 |         0 |
|               CAS_COUNT_WR               | MBOX2C1 |    497637 |         0 |         0 |         0 |         0 |         0 |         0 |     72489 |         0 |         0 |         0 |         0 |         0 |     79061 |         0 |         0 |         0 |         0 |         0 |     83183 |         0 |         0 |         0 |         0 |         0 |
|               CAS_COUNT_RD               | MBOX3C0 |    366934 |         0 |         0 |         0 |         0 |         0 |         0 |     26058 |         0 |         0 |         0 |         0 |         0 |     32879 |         0 |         0 |         0 |         0 |         0 |     40319 |         0 |         0 |         0 |         0 |         0 |
|               CAS_COUNT_WR               | MBOX3C1 |    460067 |         0 |         0 |         0 |         0 |         0 |         0 |     51896 |         0 |         0 |         0 |         0 |         0 |     58219 |         0 |         0 |         0 |         0 |         0 |     63390 |         0 |         0 |         0 |         0 |         0 |
|               CAS_COUNT_RD               | MBOX4C0 |    473344 |         0 |         0 |         0 |         0 |         0 |         0 |     25214 |         0 |         0 |         0 |         0 |         0 |     29207 |         0 |         0 |         0 |         0 |         0 |     81028 |         0 |         0 |         0 |         0 |         0 |
|               CAS_COUNT_WR               | MBOX4C1 |    619568 |         0 |         0 |         0 |         0 |         0 |         0 |     51152 |         0 |         0 |         0 |         0 |         0 |     56389 |         0 |         0 |         0 |         0 |         0 |    100038 |         0 |         0 |         0 |         0 |         0 |
|               CAS_COUNT_RD               | MBOX5C0 |    291365 |         0 |         0 |         0 |         0 |         0 |         0 |     23813 |         0 |         0 |         0 |         0 |         0 |     30255 |         0 |         0 |         0 |         0 |         0 |     89559 |         0 |         0 |         0 |         0 |         0 |
|               CAS_COUNT_WR               | MBOX5C1 |    443903 |         0 |         0 |         0 |         0 |         0 |         0 |     50822 |         0 |         0 |         0 |         0 |         0 |     57411 |         0 |         0 |         0 |         0 |         0 |    106481 |         0 |         0 |         0 |         0 |         0 |
+------------------------------------------+---------+-----------+-----------+-----------+-----------+-----------+-----------+-----------+-----------+-----------+-----------+-----------+-----------+-----------+-----------+-----------+-----------+-----------+-----------+-----------+-----------+-----------+-----------+-----------+-----------+-----------+
+-----------------------------------------------+---------+------------+-----------+-----------+--------------+
|                     Event                     | Counter |     Sum    |    Min    |    Max    |      Avg     |
+-----------------------------------------------+---------+------------+-----------+-----------+--------------+
|             INSTR_RETIRED_ANY STAT            |  FIXC0  | 2730470490 |  99569660 | 240297300 | 1.092188e+08 |
|           CPU_CLK_UNHALTED_CORE STAT          |  FIXC1  | 5091880100 | 156168000 | 226141500 |    203675204 |
|           CPU_CLK_UNHALTED_REF STAT           |  FIXC2  | 6973424500 | 214070300 | 309684500 |    278936980 |
|              PWR_PKG_ENERGY STAT              |   PWR0  |    39.3793 |         0 |   10.8975 |       1.5752 |
|              PWR_DRAM_ENERGY STAT             |   PWR3  |     4.3220 |         0 |    1.3505 |       0.1729 |
| FP_ARITH_INST_RETIRED_128B_PACKED_DOUBLE STAT |   PMC0  |      23000 |         0 |     23000 |          920 |
|    FP_ARITH_INST_RETIRED_SCALAR_DOUBLE STAT   |   PMC1  |  712834740 |  26812940 |  38487040 | 2.851339e+07 |
| FP_ARITH_INST_RETIRED_256B_PACKED_DOUBLE STAT |   PMC2  |      15090 |         0 |     15090 |     603.6000 |
| FP_ARITH_INST_RETIRED_512B_PACKED_DOUBLE STAT |   PMC3  |     141851 |         0 |    141851 |    5674.0400 |
|               CAS_COUNT_RD STAT               | MBOX0C0 |     462479 |         0 |    313808 |   18499.1600 |
|               CAS_COUNT_WR STAT               | MBOX0C1 |     707827 |         0 |    488514 |   28313.0800 |
|               CAS_COUNT_RD STAT               | MBOX1C0 |     470693 |         0 |    309306 |   18827.7200 |
|               CAS_COUNT_WR STAT               | MBOX1C1 |     720525 |         0 |    490429 |        28821 |
|               CAS_COUNT_RD STAT               | MBOX2C0 |     507067 |         0 |    351744 |   20282.6800 |
|               CAS_COUNT_WR STAT               | MBOX2C1 |     732370 |         0 |    497637 |   29294.8000 |
|               CAS_COUNT_RD STAT               | MBOX3C0 |     466190 |         0 |    366934 |   18647.6000 |
|               CAS_COUNT_WR STAT               | MBOX3C1 |     633572 |         0 |    460067 |   25342.8800 |
|               CAS_COUNT_RD STAT               | MBOX4C0 |     608793 |         0 |    473344 |   24351.7200 |
|               CAS_COUNT_WR STAT               | MBOX4C1 |     827147 |         0 |    619568 |   33085.8800 |
|               CAS_COUNT_RD STAT               | MBOX5C0 |     434992 |         0 |    291365 |   17399.6800 |
|               CAS_COUNT_WR STAT               | MBOX5C1 |     658617 |         0 |    443903 |   26344.6800 |
+-----------------------------------------------+---------+------------+-----------+-----------+--------------+
+-----------------------------------+-----------+-----------+-----------+-----------+-----------+-----------+-----------+-----------+-----------+-----------+-----------+-----------+-----------+-----------+-----------+-----------+-----------+-----------+-----------+-----------+-----------+-----------+-----------+-----------+-----------+
|               Metric              |   Core 0  |   Core 1  |   Core 2  |   Core 3  |   Core 4  |   Core 5  |   Core 6  |  Core 14  |  Core 15  |  Core 16  |  Core 17  |  Core 18  |  Core 19  |  Core 28  |  Core 29  |  Core 30  |  Core 31  |  Core 32  |  Core 33  |  Core 42  |  Core 43  |  Core 44  |  Core 45  |  Core 46  |  Core 47  |
+-----------------------------------+-----------+-----------+-----------+-----------+-----------+-----------+-----------+-----------+-----------+-----------+-----------+-----------+-----------+-----------+-----------+-----------+-----------+-----------+-----------+-----------+-----------+-----------+-----------+-----------+-----------+
|        Runtime (RDTSC) [s]        |    0.2989 |    0.3032 |    0.2702 |    0.3033 |    0.3032 |    0.3032 |    0.3035 |    0.2990 |    0.3033 |    0.3033 |    0.2702 |    0.3033 |    0.3033 |    0.2990 |    0.3033 |    0.3033 |    0.3033 |    0.3034 |    0.3033 |    0.2990 |    0.3034 |    0.3034 |    0.3034 |    0.3033 |    0.3035 |
|        Runtime unhalted [s]       |    0.0838 |    0.0872 |    0.0685 |    0.0835 |    0.0825 |    0.0859 |    0.0838 |    0.0766 |    0.0773 |    0.0780 |    0.0602 |    0.0796 |    0.0766 |    0.0748 |    0.0796 |    0.0761 |    0.0773 |    0.0799 |    0.0829 |    0.0765 |    0.0777 |    0.0792 |    0.0783 |    0.0783 |    0.0791 |
|            Clock [MHz]            | 1894.1407 | 1894.0545 | 1893.4019 | 1893.7701 | 1894.2359 | 1894.1771 | 1893.9347 | 1893.7224 | 1893.1644 | 1893.7481 | 1892.2011 | 1893.8587 | 1893.5643 | 1893.8195 | 1893.7740 | 1894.0055 | 1894.2364 | 1894.1277 | 1893.8869 | 1894.1406 | 1894.1068 | 1894.5051 | 1894.2246 | 1894.5754 | 1894.3077 |
|                CPI                |    0.9044 |    2.0736 |    1.6679 |    1.9971 |    1.9775 |    2.0510 |    2.0078 |    1.8855 |    1.9132 |    1.9288 |    1.5251 |    1.9676 |    1.9036 |    1.8617 |    1.9955 |    1.9265 |    1.9805 |    2.0452 |    2.1242 |    1.9754 |    2.0100 |    2.0456 |    2.0322 |    2.0368 |    2.0592 |
|             Energy [J]            |   10.8975 |         0 |         0 |         0 |         0 |         0 |         0 |    9.2084 |         0 |         0 |         0 |         0 |         0 |    9.8036 |         0 |         0 |         0 |         0 |         0 |    9.4698 |         0 |         0 |         0 |         0 |         0 |
|             Power [W]             |   36.4579 |         0 |         0 |         0 |         0 |         0 |         0 |   30.7991 |         0 |         0 |         0 |         0 |         0 |   32.7928 |         0 |         0 |         0 |         0 |         0 |   31.6743 |         0 |         0 |         0 |         0 |         0 |
|          Energy DRAM [J]          |    1.3505 |         0 |         0 |         0 |         0 |         0 |         0 |    1.1364 |         0 |         0 |         0 |         0 |         0 |    0.8477 |         0 |         0 |         0 |         0 |         0 |    0.9874 |         0 |         0 |         0 |         0 |         0 |
|           Power DRAM [W]          |    4.5180 |         0 |         0 |         0 |         0 |         0 |         0 |    3.8010 |         0 |         0 |         0 |         0 |         0 |    2.8355 |         0 |         0 |         0 |         0 |         0 |    3.3028 |         0 |         0 |         0 |         0 |         0 |
|            DP [MFLOP/s]           |  132.9116 |   96.6917 |  108.3697 |   96.5945 |   96.4477 |   96.4800 |   96.3421 |   95.7353 |   93.7823 |   93.7448 |  104.9642 |   93.5476 |   93.5060 |   94.8954 |   92.1550 |   91.4610 |   90.3951 |   90.0898 |   89.6950 |   90.9546 |   89.3167 |   89.2291 |   89.0359 |   88.7253 |   88.3535 |
|          AVX DP [MFLOP/s]         |    3.9985 |         0 |         0 |         0 |         0 |         0 |         0 |         0 |         0 |         0 |         0 |         0 |         0 |         0 |         0 |         0 |         0 |         0 |         0 |         0 |         0 |         0 |         0 |         0 |         0 |
|          Packed [MUOPS/s]         |    0.6020 |         0 |         0 |         0 |         0 |         0 |         0 |         0 |         0 |         0 |         0 |         0 |         0 |         0 |         0 |         0 |         0 |         0 |         0 |         0 |         0 |         0 |         0 |         0 |         0 |
|          Scalar [MUOPS/s]         |  128.7592 |   96.6917 |  108.3697 |   96.5945 |   96.4477 |   96.4800 |   96.3421 |   95.7353 |   93.7823 |   93.7448 |  104.9642 |   93.5476 |   93.5060 |   94.8954 |   92.1550 |   91.4610 |   90.3951 |   90.0898 |   89.6950 |   90.9546 |   89.3167 |   89.2291 |   89.0359 |   88.7253 |   88.3535 |
|  Memory read bandwidth [MBytes/s] |  451.0300 |         0 |         0 |         0 |         0 |         0 |         0 |   43.6755 |         0 |         0 |         0 |         0 |         0 |   50.7404 |         0 |         0 |         0 |         0 |         0 |   86.1951 |         0 |         0 |         0 |         0 |         0 |
|  Memory read data volume [GBytes] |    0.1348 |         0 |         0 |         0 |         0 |         0 |         0 |    0.0131 |         0 |         0 |         0 |         0 |         0 |    0.0152 |         0 |         0 |         0 |         0 |         0 |    0.0258 |         0 |         0 |         0 |         0 |         0 |
| Memory write bandwidth [MBytes/s] |  642.3653 |         0 |         0 |         0 |         0 |         0 |         0 |   77.1775 |         0 |         0 |         0 |         0 |         0 |   84.7774 |         0 |         0 |         0 |         0 |         0 |  112.0380 |         0 |         0 |         0 |         0 |         0 |
| Memory write data volume [GBytes] |    0.1920 |         0 |         0 |         0 |         0 |         0 |         0 |    0.0231 |         0 |         0 |         0 |         0 |         0 |    0.0253 |         0 |         0 |         0 |         0 |         0 |    0.0335 |         0 |         0 |         0 |         0 |         0 |
|    Memory bandwidth [MBytes/s]    | 1093.3953 |         0 |         0 |         0 |         0 |         0 |         0 |  120.8530 |         0 |         0 |         0 |         0 |         0 |  135.5178 |         0 |         0 |         0 |         0 |         0 |  198.2331 |         0 |         0 |         0 |         0 |         0 |
|    Memory data volume [GBytes]    |    0.3268 |         0 |         0 |         0 |         0 |         0 |         0 |    0.0361 |         0 |         0 |         0 |         0 |         0 |    0.0405 |         0 |         0 |         0 |         0 |         0 |    0.0593 |         0 |         0 |         0 |         0 |         0 |
|       Operational intensity       |    0.1216 |    0.0897 |    0.0896 |    0.0896 |    0.0895 |    0.0895 |    0.0895 |    0.7922 |    0.7873 |    0.7869 |    0.7850 |    0.7852 |    0.7850 |    0.7002 |    0.6899 |    0.6848 |    0.6767 |    0.6747 |    0.6715 |    0.4588 |    0.4572 |    0.4568 |    0.4558 |    0.4540 |    0.4524 |
+-----------------------------------+-----------+-----------+-----------+-----------+-----------+-----------+-----------+-----------+-----------+-----------+-----------+-----------+-----------+-----------+-----------+-----------+-----------+-----------+-----------+-----------+-----------+-----------+-----------+-----------+-----------+
+----------------------------------------+------------+-----------+-----------+-----------+
|                 Metric                 |     Sum    |    Min    |    Max    |    Avg    |
+----------------------------------------+------------+-----------+-----------+-----------+
|        Runtime (RDTSC) [s] STAT        |     7.4995 |    0.2702 |    0.3035 |    0.3000 |
|        Runtime unhalted [s] STAT       |     1.9632 |    0.0602 |    0.0872 |    0.0785 |
|            Clock [MHz] STAT            | 47347.6841 | 1892.2011 | 1894.5754 | 1893.9074 |
|                CPI STAT                |    47.8959 |    0.9044 |    2.1242 |    1.9158 |
|             Energy [J] STAT            |    39.3793 |         0 |   10.8975 |    1.5752 |
|             Power [W] STAT             |   131.7241 |         0 |   36.4579 |    5.2690 |
|          Energy DRAM [J] STAT          |     4.3220 |         0 |    1.3505 |    0.1729 |
|           Power DRAM [W] STAT          |    14.4573 |         0 |    4.5180 |    0.5783 |
|            DP [MFLOP/s] STAT           |  2383.4239 |   88.3535 |  132.9116 |   95.3370 |
|          AVX DP [MFLOP/s] STAT         |     3.9985 |         0 |    3.9985 |    0.1599 |
|          Packed [MUOPS/s] STAT         |     0.6020 |         0 |    0.6020 |    0.0241 |
|          Scalar [MUOPS/s] STAT         |  2379.2715 |   88.3535 |  128.7592 |   95.1709 |
|  Memory read bandwidth [MBytes/s] STAT |   631.6410 |         0 |  451.0300 |   25.2656 |
|  Memory read data volume [GBytes] STAT |     0.1889 |         0 |    0.1348 |    0.0076 |
| Memory write bandwidth [MBytes/s] STAT |   916.3582 |         0 |  642.3653 |   36.6543 |
| Memory write data volume [GBytes] STAT |     0.2739 |         0 |    0.1920 |    0.0110 |
|    Memory bandwidth [MBytes/s] STAT    |  1547.9992 |         0 | 1093.3953 |   61.9200 |
|    Memory data volume [GBytes] STAT    |     0.4627 |         0 |    0.3268 |    0.0185 |
|       Operational intensity STAT       |    12.2134 |    0.0895 |    0.7922 |    0.4885 |
+----------------------------------------+------------+-----------+-----------+-----------+
--------------------------------------------------------------------------------
CPU name:	Intel(R) Xeon(R) Gold 6132 CPU @ 2.60GHz
CPU type:	Intel Skylake SP processor
CPU clock:	2.59 GHz
--------------------------------------------------------------------------------
Region Solve, Group 1: MEM_DP
+-------------------+----------+----------+----------+----------+----------+----------+----------+----------+----------+----------+----------+----------+----------+----------+----------+----------+----------+----------+----------+----------+----------+----------+----------+----------+----------+
|    Region Info    |  Core 0  |  Core 1  |  Core 2  |  Core 3  |  Core 4  |  Core 5  |  Core 6  |  Core 14 |  Core 15 |  Core 16 |  Core 17 |  Core 18 |  Core 19 |  Core 28 |  Core 29 |  Core 30 |  Core 31 |  Core 32 |  Core 33 |  Core 42 |  Core 43 |  Core 44 |  Core 45 |  Core 46 |  Core 47 |
+-------------------+----------+----------+----------+----------+----------+----------+----------+----------+----------+----------+----------+----------+----------+----------+----------+----------+----------+----------+----------+----------+----------+----------+----------+----------+----------+
| RDTSC Runtime [s] | 8.140102 | 8.142563 | 8.142560 | 8.142556 | 8.142563 | 8.142558 | 8.142565 | 8.140100 | 8.142556 | 8.142559 | 8.142558 | 8.142556 | 8.142559 | 8.140105 | 8.142565 | 8.142563 | 8.142567 | 8.142571 | 8.142564 | 8.140113 | 8.142554 | 8.142558 | 8.142556 | 8.142562 | 8.142555 |
|     call count    |        1 |        1 |        1 |        1 |        1 |        1 |        1 |        1 |        1 |        1 |        1 |        1 |        1 |        1 |        1 |        1 |        1 |        1 |        1 |        1 |        1 |        1 |        1 |        1 |        1 |
+-------------------+----------+----------+----------+----------+----------+----------+----------+----------+----------+----------+----------+----------+----------+----------+----------+----------+----------+----------+----------+----------+----------+----------+----------+----------+----------+
+------------------------------------------+---------+-------------+-------------+-------------+-------------+-------------+-------------+-------------+-------------+-------------+-------------+-------------+-------------+-------------+-------------+-------------+-------------+-------------+-------------+-------------+-------------+-------------+-------------+-------------+-------------+-------------+
|                   Event                  | Counter |    Core 0   |    Core 1   |    Core 2   |    Core 3   |    Core 4   |    Core 5   |    Core 6   |   Core 14   |   Core 15   |   Core 16   |   Core 17   |   Core 18   |   Core 19   |   Core 28   |   Core 29   |   Core 30   |   Core 31   |   Core 32   |   Core 33   |   Core 42   |   Core 43   |   Core 44   |   Core 45   |   Core 46   |   Core 47   |
+------------------------------------------+---------+-------------+-------------+-------------+-------------+-------------+-------------+-------------+-------------+-------------+-------------+-------------+-------------+-------------+-------------+-------------+-------------+-------------+-------------+-------------+-------------+-------------+-------------+-------------+-------------+-------------+
|             INSTR_RETIRED_ANY            |  FIXC0  | 23967170000 | 23784290000 | 23831780000 | 23847370000 | 23727820000 | 23666430000 | 23602340000 | 23149910000 | 23118420000 | 23145990000 | 23104550000 | 23088200000 | 22956910000 | 22807830000 | 22648110000 | 22606960000 | 22426970000 | 22379090000 | 22352620000 | 22384810000 | 22430870000 | 22402090000 | 22332190000 | 22099650000 | 23484390000 |
|           CPU_CLK_UNHALTED_CORE          |  FIXC1  | 15283820000 | 15346730000 | 15345660000 | 15299800000 | 15346760000 | 15335770000 | 15249090000 | 15282230000 | 15288570000 | 15290120000 | 15289810000 | 15294260000 | 15105930000 | 15286200000 | 15286180000 | 15292250000 | 15293940000 | 15292350000 | 15292490000 | 15288410000 | 15295110000 | 15291910000 | 15295960000 | 15296840000 | 12671690000 |
|           CPU_CLK_UNHALTED_REF           |  FIXC2  | 20914680000 | 21000780000 | 20999300000 | 20936560000 | 21000810000 | 20985780000 | 20867220000 | 20912550000 | 20921240000 | 20923360000 | 20922930000 | 20929030000 | 20671380000 | 20917960000 | 20917930000 | 20926230000 | 20928530000 | 20926370000 | 20926550000 | 20920970000 | 20930140000 | 20925770000 | 20931300000 | 20932520000 | 17340160000 |
|              PWR_PKG_ENERGY              |   PWR0  |    427.2832 |           0 |           0 |           0 |           0 |           0 |           0 |    363.4850 |           0 |           0 |           0 |           0 |           0 |    388.2552 |           0 |           0 |           0 |           0 |           0 |    380.7007 |           0 |           0 |           0 |           0 |           0 |
|              PWR_DRAM_ENERGY             |   PWR3  |     35.0580 |           0 |           0 |           0 |           0 |           0 |           0 |     34.3095 |           0 |           0 |           0 |           0 |           0 |     26.4767 |           0 |           0 |           0 |           0 |           0 |     30.1531 |           0 |           0 |           0 |           0 |           0 |
| FP_ARITH_INST_RETIRED_128B_PACKED_DOUBLE |   PMC0  |       65560 |           0 |           0 |           0 |           0 |           0 |           0 |           0 |           0 |           0 |           0 |           0 |           0 |           0 |           0 |           0 |           0 |           0 |           0 |           0 |           0 |           0 |           0 |           0 |           0 |
|    FP_ARITH_INST_RETIRED_SCALAR_DOUBLE   |   PMC1  |  7066577000 |  7039506000 |  7081284000 |  7067350000 |  7030178000 |  7003136000 |  6959948000 |  6842204000 |  6825887000 |  6822461000 |  6785172000 |  6775195000 |  6696609000 |  6694313000 |  6640689000 |  6646229000 |  6596823000 |  6583515000 |  6575562000 |  6583659000 |  6605705000 |  6618316000 |  6594931000 |  6494796000 |  6345068000 |
| FP_ARITH_INST_RETIRED_256B_PACKED_DOUBLE |   PMC2  |       83556 |           0 |           0 |           0 |           0 |           0 |           0 |           0 |           0 |           0 |           0 |           0 |           0 |           0 |           0 |           0 |           0 |           0 |           0 |           0 |           0 |           0 |           0 |           0 |           0 |
| FP_ARITH_INST_RETIRED_512B_PACKED_DOUBLE |   PMC3  |      417868 |           0 |           0 |           0 |           0 |           0 |           0 |           0 |           0 |           0 |           0 |           0 |           0 |           0 |           0 |           0 |           0 |           0 |           0 |           0 |           0 |           0 |           0 |           0 |           0 |
|               CAS_COUNT_RD               | MBOX0C0 |    16531700 |           0 |           0 |           0 |           0 |           0 |           0 |    14236530 |           0 |           0 |           0 |           0 |           0 |    12083440 |           0 |           0 |           0 |           0 |           0 |    11931360 |           0 |           0 |           0 |           0 |           0 |
|               CAS_COUNT_WR               | MBOX0C1 |    10594490 |           0 |           0 |           0 |           0 |           0 |           0 |     9438034 |           0 |           0 |           0 |           0 |           0 |     7434280 |           0 |           0 |           0 |           0 |           0 |     6136900 |           0 |           0 |           0 |           0 |           0 |
|               CAS_COUNT_RD               | MBOX1C0 |    16479920 |           0 |           0 |           0 |           0 |           0 |           0 |    14088030 |           0 |           0 |           0 |           0 |           0 |    12045680 |           0 |           0 |           0 |           0 |           0 |    11941620 |           0 |           0 |           0 |           0 |           0 |
|               CAS_COUNT_WR               | MBOX1C1 |    10540100 |           0 |           0 |           0 |           0 |           0 |           0 |     9303111 |           0 |           0 |           0 |           0 |           0 |     7419110 |           0 |           0 |           0 |           0 |           0 |     6168407 |           0 |           0 |           0 |           0 |           0 |
|               CAS_COUNT_RD               | MBOX2C0 |    16577870 |           0 |           0 |           0 |           0 |           0 |           0 |    14133630 |           0 |           0 |           0 |           0 |           0 |    11993010 |           0 |           0 |           0 |           0 |           0 |    11886060 |           0 |           0 |           0 |           0 |           0 |
|               CAS_COUNT_WR               | MBOX2C1 |    10521610 |           0 |           0 |           0 |           0 |           0 |           0 |     9256917 |           0 |           0 |           0 |           0 |           0 |     7412124 |           0 |           0 |           0 |           0 |           0 |     6072294 |           0 |           0 |           0 |           0 |           0 |
|               CAS_COUNT_RD               | MBOX3C0 |    16781540 |           0 |           0 |           0 |           0 |           0 |           0 |    13881360 |           0 |           0 |           0 |           0 |           0 |    11767840 |           0 |           0 |           0 |           0 |           0 |    11638890 |           0 |           0 |           0 |           0 |           0 |
|               CAS_COUNT_WR               | MBOX3C1 |    10517840 |           0 |           0 |           0 |           0 |           0 |           0 |     8996777 |           0 |           0 |           0 |           0 |           0 |     7174122 |           0 |           0 |           0 |           0 |           0 |     5862624 |           0 |           0 |           0 |           0 |           0 |
|               CAS_COUNT_RD               | MBOX4C0 |    16699480 |           0 |           0 |           0 |           0 |           0 |           0 |    14065810 |           0 |           0 |           0 |           0 |           0 |    11822290 |           0 |           0 |           0 |           0 |           0 |    11843880 |           0 |           0 |           0 |           0 |           0 |
|               CAS_COUNT_WR               | MBOX4C1 |    10673800 |           0 |           0 |           0 |           0 |           0 |           0 |     9104997 |           0 |           0 |           0 |           0 |           0 |     7194759 |           0 |           0 |           0 |           0 |           0 |     6066925 |           0 |           0 |           0 |           0 |           0 |
|               CAS_COUNT_RD               | MBOX5C0 |    16439690 |           0 |           0 |           0 |           0 |           0 |           0 |    13872050 |           0 |           0 |           0 |           0 |           0 |    11856620 |           0 |           0 |           0 |           0 |           0 |    11803850 |           0 |           0 |           0 |           0 |           0 |
|               CAS_COUNT_WR               | MBOX5C1 |    10389710 |           0 |           0 |           0 |           0 |           0 |           0 |     9042244 |           0 |           0 |           0 |           0 |           0 |     7211336 |           0 |           0 |           0 |           0 |           0 |     6041165 |           0 |           0 |           0 |           0 |           0 |
+------------------------------------------+---------+-------------+-------------+-------------+-------------+-------------+-------------+-------------+-------------+-------------+-------------+-------------+-------------+-------------+-------------+-------------+-------------+-------------+-------------+-------------+-------------+-------------+-------------+-------------+-------------+-------------+
+-----------------------------------------------+---------+--------------+-------------+-------------+--------------+
|                     Event                     | Counter |      Sum     |     Min     |     Max     |      Avg     |
+-----------------------------------------------+---------+--------------+-------------+-------------+--------------+
|             INSTR_RETIRED_ANY STAT            |  FIXC0  | 575346760000 | 22099650000 | 23967170000 |  23013870400 |
|           CPU_CLK_UNHALTED_CORE STAT          |  FIXC1  | 379641880000 | 12671690000 | 15346760000 |  15185675200 |
|           CPU_CLK_UNHALTED_REF STAT           |  FIXC2  | 519510050000 | 17340160000 | 21000810000 |  20780402000 |
|              PWR_PKG_ENERGY STAT              |   PWR0  |    1559.7241 |           0 |    427.2832 |      62.3890 |
|              PWR_DRAM_ENERGY STAT             |   PWR3  |     125.9973 |           0 |     35.0580 |       5.0399 |
| FP_ARITH_INST_RETIRED_128B_PACKED_DOUBLE STAT |   PMC0  |        65560 |           0 |       65560 |    2622.4000 |
|    FP_ARITH_INST_RETIRED_SCALAR_DOUBLE STAT   |   PMC1  | 168975113000 |  6345068000 |  7081284000 |   6759004520 |
| FP_ARITH_INST_RETIRED_256B_PACKED_DOUBLE STAT |   PMC2  |        83556 |           0 |       83556 |    3342.2400 |
| FP_ARITH_INST_RETIRED_512B_PACKED_DOUBLE STAT |   PMC3  |       417868 |           0 |      417868 |   16714.7200 |
|               CAS_COUNT_RD STAT               | MBOX0C0 |     54783030 |           0 |    16531700 | 2.191321e+06 |
|               CAS_COUNT_WR STAT               | MBOX0C1 |     33603704 |           0 |    10594490 | 1.344148e+06 |
|               CAS_COUNT_RD STAT               | MBOX1C0 |     54555250 |           0 |    16479920 |      2182210 |
|               CAS_COUNT_WR STAT               | MBOX1C1 |     33430728 |           0 |    10540100 | 1.337229e+06 |
|               CAS_COUNT_RD STAT               | MBOX2C0 |     54590570 |           0 |    16577870 | 2.183623e+06 |
|               CAS_COUNT_WR STAT               | MBOX2C1 |     33262945 |           0 |    10521610 | 1.330518e+06 |
|               CAS_COUNT_RD STAT               | MBOX3C0 |     54069630 |           0 |    16781540 | 2.162785e+06 |
|               CAS_COUNT_WR STAT               | MBOX3C1 |     32551363 |           0 |    10517840 | 1.302055e+06 |
|               CAS_COUNT_RD STAT               | MBOX4C0 |     54431460 |           0 |    16699480 | 2.177258e+06 |
|               CAS_COUNT_WR STAT               | MBOX4C1 |     33040481 |           0 |    10673800 | 1.321619e+06 |
|               CAS_COUNT_RD STAT               | MBOX5C0 |     53972210 |           0 |    16439690 | 2.158888e+06 |
|               CAS_COUNT_WR STAT               | MBOX5C1 |     32684455 |           0 |    10389710 | 1.307378e+06 |
+-----------------------------------------------+---------+--------------+-------------+-------------+--------------+
+-----------------------------------+-----------+-----------+-----------+-----------+-----------+-----------+-----------+-----------+-----------+-----------+-----------+-----------+-----------+-----------+-----------+-----------+-----------+-----------+-----------+-----------+-----------+-----------+-----------+-----------+-----------+
|               Metric              |   Core 0  |   Core 1  |   Core 2  |   Core 3  |   Core 4  |   Core 5  |   Core 6  |  Core 14  |  Core 15  |  Core 16  |  Core 17  |  Core 18  |  Core 19  |  Core 28  |  Core 29  |  Core 30  |  Core 31  |  Core 32  |  Core 33  |  Core 42  |  Core 43  |  Core 44  |  Core 45  |  Core 46  |  Core 47  |
+-----------------------------------+-----------+-----------+-----------+-----------+-----------+-----------+-----------+-----------+-----------+-----------+-----------+-----------+-----------+-----------+-----------+-----------+-----------+-----------+-----------+-----------+-----------+-----------+-----------+-----------+-----------+
|        Runtime (RDTSC) [s]        |    8.1401 |    8.1426 |    8.1426 |    8.1426 |    8.1426 |    8.1426 |    8.1426 |    8.1401 |    8.1426 |    8.1426 |    8.1426 |    8.1426 |    8.1426 |    8.1401 |    8.1426 |    8.1426 |    8.1426 |    8.1426 |    8.1426 |    8.1401 |    8.1426 |    8.1426 |    8.1426 |    8.1426 |    8.1426 |
|        Runtime unhalted [s]       |    5.8925 |    5.9168 |    5.9164 |    5.8987 |    5.9168 |    5.9125 |    5.8791 |    5.8919 |    5.8943 |    5.8949 |    5.8948 |    5.8965 |    5.8239 |    5.8934 |    5.8934 |    5.8958 |    5.8964 |    5.8958 |    5.8959 |    5.8943 |    5.8969 |    5.8956 |    5.8972 |    5.8975 |    4.8854 |
|            Clock [MHz]            | 1895.4501 | 1895.4489 | 1895.4504 | 1895.4490 | 1895.4499 | 1895.4491 | 1895.4442 | 1895.4459 | 1895.4447 | 1895.4448 | 1895.4453 | 1895.4443 | 1895.4383 | 1895.4480 | 1895.4482 | 1895.4488 | 1895.4500 | 1895.4485 | 1895.4496 | 1895.4493 | 1895.4491 | 1895.4483 | 1895.4494 | 1895.4480 | 1895.4534 |
|                CPI                |    0.6377 |    0.6452 |    0.6439 |    0.6416 |    0.6468 |    0.6480 |    0.6461 |    0.6601 |    0.6613 |    0.6606 |    0.6618 |    0.6624 |    0.6580 |    0.6702 |    0.6749 |    0.6764 |    0.6819 |    0.6833 |    0.6841 |    0.6830 |    0.6819 |    0.6826 |    0.6849 |    0.6922 |    0.5396 |
|             Energy [J]            |  427.2832 |         0 |         0 |         0 |         0 |         0 |         0 |  363.4850 |         0 |         0 |         0 |         0 |         0 |  388.2552 |         0 |         0 |         0 |         0 |         0 |  380.7007 |         0 |         0 |         0 |         0 |         0 |
|             Power [W]             |   52.4911 |         0 |         0 |         0 |         0 |         0 |         0 |   44.6536 |         0 |         0 |         0 |         0 |         0 |   47.6966 |         0 |         0 |         0 |         0 |         0 |   46.7685 |         0 |         0 |         0 |         0 |         0 |
|          Energy DRAM [J]          |   35.0580 |         0 |         0 |         0 |         0 |         0 |         0 |   34.3095 |         0 |         0 |         0 |         0 |         0 |   26.4767 |         0 |         0 |         0 |         0 |         0 |   30.1531 |         0 |         0 |         0 |         0 |         0 |
|           Power DRAM [W]          |    4.3068 |         0 |         0 |         0 |         0 |         0 |         0 |    4.2149 |         0 |         0 |         0 |         0 |         0 |    3.2526 |         0 |         0 |         0 |         0 |         0 |    3.7043 |         0 |         0 |         0 |         0 |         0 |
|            DP [MFLOP/s]           |  868.5868 |  864.5320 |  869.6631 |  867.9523 |  863.3864 |  860.0658 |  854.7611 |  840.5553 |  838.2978 |  837.8768 |  833.2973 |  832.0723 |  822.4207 |  822.3866 |  815.5525 |  816.2330 |  810.1650 |  808.5303 |  807.5542 |  808.7921 |  811.2571 |  812.8055 |  809.9338 |  797.6354 |  779.2478 |
|          AVX DP [MFLOP/s]         |    0.4517 |         0 |         0 |         0 |         0 |         0 |         0 |         0 |         0 |         0 |         0 |         0 |         0 |         0 |         0 |         0 |         0 |         0 |         0 |         0 |         0 |         0 |         0 |         0 |         0 |
|          Packed [MUOPS/s]         |    0.0697 |         0 |         0 |         0 |         0 |         0 |         0 |         0 |         0 |         0 |         0 |         0 |         0 |         0 |         0 |         0 |         0 |         0 |         0 |         0 |         0 |         0 |         0 |         0 |         0 |
|          Scalar [MUOPS/s]         |  868.1190 |  864.5320 |  869.6631 |  867.9523 |  863.3864 |  860.0658 |  854.7611 |  840.5553 |  838.2978 |  837.8768 |  833.2973 |  832.0723 |  822.4207 |  822.3866 |  815.5525 |  816.2330 |  810.1650 |  808.5303 |  807.5542 |  808.7921 |  811.2571 |  812.8055 |  809.9338 |  797.6354 |  779.2478 |
|  Memory read bandwidth [MBytes/s] |  782.3800 |         0 |         0 |         0 |         0 |         0 |         0 |  662.6152 |         0 |         0 |         0 |         0 |         0 |  562.6965 |         0 |         0 |         0 |         0 |         0 |  558.5822 |         0 |         0 |         0 |         0 |         0 |
|  Memory read data volume [GBytes] |    6.3687 |         0 |         0 |         0 |         0 |         0 |         0 |    5.3938 |         0 |         0 |         0 |         0 |         0 |    4.5804 |         0 |         0 |         0 |         0 |         0 |    4.5469 |         0 |         0 |         0 |         0 |         0 |
| Memory write bandwidth [MBytes/s] |  497.1932 |         0 |         0 |         0 |         0 |         0 |         0 |  433.5442 |         0 |         0 |         0 |         0 |         0 |  344.7286 |         0 |         0 |         0 |         0 |         0 |  285.7813 |         0 |         0 |         0 |         0 |         0 |
| Memory write data volume [GBytes] |    4.0472 |         0 |         0 |         0 |         0 |         0 |         0 |    3.5291 |         0 |         0 |         0 |         0 |         0 |    2.8061 |         0 |         0 |         0 |         0 |         0 |    2.3263 |         0 |         0 |         0 |         0 |         0 |
|    Memory bandwidth [MBytes/s]    | 1279.5732 |         0 |         0 |         0 |         0 |         0 |         0 | 1096.1594 |         0 |         0 |         0 |         0 |         0 |  907.4250 |         0 |         0 |         0 |         0 |         0 |  844.3635 |         0 |         0 |         0 |         0 |         0 |
|    Memory data volume [GBytes]    |   10.4159 |         0 |         0 |         0 |         0 |         0 |         0 |    8.9228 |         0 |         0 |         0 |         0 |         0 |    7.3865 |         0 |         0 |         0 |         0 |         0 |    6.8732 |         0 |         0 |         0 |         0 |         0 |
|       Operational intensity       |    0.6788 |    0.6758 |    0.6799 |    0.6785 |    0.6749 |    0.6724 |    0.6682 |    0.7668 |    0.7650 |    0.7646 |    0.7604 |    0.7593 |    0.7505 |    0.9063 |    0.8990 |    0.8998 |    0.8931 |    0.8913 |    0.8902 |    0.9579 |    0.9611 |    0.9629 |    0.9595 |    0.9449 |    0.9232 |
+-----------------------------------+-----------+-----------+-----------+-----------+-----------+-----------+-----------+-----------+-----------+-----------+-----------+-----------+-----------+-----------+-----------+-----------+-----------+-----------+-----------+-----------+-----------+-----------+-----------+-----------+-----------+
+----------------------------------------+------------+-----------+-----------+-----------+
|                 Metric                 |     Sum    |    Min    |    Max    |    Avg    |
+----------------------------------------+------------+-----------+-----------+-----------+
|        Runtime (RDTSC) [s] STAT        |   203.5550 |    8.1401 |    8.1426 |    8.1422 |
|        Runtime unhalted [s] STAT       |   146.3667 |    4.8854 |    5.9168 |    5.8547 |
|            Clock [MHz] STAT            | 47386.1955 | 1895.4383 | 1895.4534 | 1895.4478 |
|                CPI STAT                |    16.5085 |    0.5396 |    0.6922 |    0.6603 |
|             Energy [J] STAT            |  1559.7241 |         0 |  427.2832 |   62.3890 |
|             Power [W] STAT             |   191.6098 |         0 |   52.4911 |    7.6644 |
|          Energy DRAM [J] STAT          |   125.9973 |         0 |   35.0580 |    5.0399 |
|           Power DRAM [W] STAT          |    15.4786 |         0 |    4.3068 |    0.6191 |
|            DP [MFLOP/s] STAT           | 20753.5610 |  779.2478 |  869.6631 |  830.1424 |
|          AVX DP [MFLOP/s] STAT         |     0.4517 |         0 |    0.4517 |    0.0181 |
|          Packed [MUOPS/s] STAT         |     0.0697 |         0 |    0.0697 |    0.0028 |
|          Scalar [MUOPS/s] STAT         | 20753.0932 |  779.2478 |  869.6631 |  830.1237 |
|  Memory read bandwidth [MBytes/s] STAT |  2566.2739 |         0 |  782.3800 |  102.6510 |
|  Memory read data volume [GBytes] STAT |    20.8898 |         0 |    6.3687 |    0.8356 |
| Memory write bandwidth [MBytes/s] STAT |  1561.2473 |         0 |  497.1932 |   62.4499 |
| Memory write data volume [GBytes] STAT |    12.7087 |         0 |    4.0472 |    0.5083 |
|    Memory bandwidth [MBytes/s] STAT    |  4127.5211 |         0 | 1279.5732 |  165.1008 |
|    Memory data volume [GBytes] STAT    |    33.5984 |         0 |   10.4159 |    1.3439 |
|       Operational intensity STAT       |    20.3843 |    0.6682 |    0.9629 |    0.8154 |
+----------------------------------------+------------+-----------+-----------+-----------+
