--------------------------------------------------------------------------------
CPU name:	Intel(R) Xeon(R) Gold 6132 CPU @ 2.60GHz
CPU type:	Intel Skylake SP processor
CPU clock:	2.59 GHz
--------------------------------------------------------------------------------
Region Setup, Group 1: MEM_DP
+-------------------+----------+----------+----------+----------+----------+----------+----------+----------+----------+----------+----------+----------+----------+----------+----------+----------+----------+
|    Region Info    |  Core 0  |  Core 1  |  Core 2  |  Core 3  |  Core 4  |  Core 14 |  Core 15 |  Core 16 |  Core 17 |  Core 28 |  Core 29 |  Core 30 |  Core 31 |  Core 42 |  Core 43 |  Core 44 |  Core 45 |
+-------------------+----------+----------+----------+----------+----------+----------+----------+----------+----------+----------+----------+----------+----------+----------+----------+----------+----------+
| RDTSC Runtime [s] | 0.272957 | 0.277654 | 0.277599 | 0.277664 | 0.277607 | 0.272977 | 0.277615 | 0.277601 | 0.277643 | 0.273021 | 0.277560 | 0.277576 | 0.277609 | 0.272967 | 0.277639 | 0.277599 | 0.277613 |
|     call count    |        2 |        2 |        2 |        2 |        2 |        2 |        2 |        2 |        2 |        2 |        2 |        2 |        2 |        2 |        2 |        2 |        2 |
+-------------------+----------+----------+----------+----------+----------+----------+----------+----------+----------+----------+----------+----------+----------+----------+----------+----------+----------+
+------------------------------------------+---------+-----------+-----------+-----------+-----------+-----------+-----------+-----------+-----------+-----------+-----------+-----------+-----------+-----------+-----------+-----------+-----------+-----------+
|                   Event                  | Counter |   Core 0  |   Core 1  |   Core 2  |   Core 3  |   Core 4  |  Core 14  |  Core 15  |  Core 16  |  Core 17  |  Core 28  |  Core 29  |  Core 30  |  Core 31  |  Core 42  |  Core 43  |  Core 44  |  Core 45  |
+------------------------------------------+---------+-----------+-----------+-----------+-----------+-----------+-----------+-----------+-----------+-----------+-----------+-----------+-----------+-----------+-----------+-----------+-----------+-----------+
|             INSTR_RETIRED_ANY            |  FIXC0  | 283842300 | 150759800 | 149443600 | 149368800 | 149020600 | 147879400 | 147782900 | 147773800 | 147255000 | 146748200 | 147068400 | 147051800 | 146752300 | 145299000 | 144858500 | 144409100 | 143225800 |
|           CPU_CLK_UNHALTED_CORE          |  FIXC1  | 207577900 | 193128800 | 196905900 | 195515700 | 195049600 | 173171500 | 181531000 | 180828600 | 182696300 | 173990500 | 182090900 | 181194400 | 181096400 | 177245900 | 182516400 | 185519000 | 185195100 |
|           CPU_CLK_UNHALTED_REF           |  FIXC2  | 284250000 | 264382600 | 269541100 | 267654500 | 266978100 | 237022800 | 248480100 | 247510100 | 250057100 | 238238700 | 249301500 | 248092100 | 247963000 | 242730000 | 249989300 | 254075700 | 253666000 |
|              PWR_PKG_ENERGY              |   PWR0  |    9.6423 |         0 |         0 |         0 |         0 |    8.1902 |         0 |         0 |         0 |    8.7302 |         0 |         0 |         0 |    8.4560 |         0 |         0 |         0 |
|              PWR_DRAM_ENERGY             |   PWR3  |    1.2422 |         0 |         0 |         0 |         0 |    1.0735 |         0 |         0 |         0 |    0.7731 |         0 |         0 |         0 |    0.9330 |         0 |         0 |         0 |
| FP_ARITH_INST_RETIRED_128B_PACKED_DOUBLE |   PMC0  |     23000 |         0 |         0 |         0 |         0 |         0 |         0 |         0 |         0 |         0 |         0 |         0 |         0 |         0 |         0 |         0 |         0 |
|    FP_ARITH_INST_RETIRED_SCALAR_DOUBLE   |   PMC1  |  51629340 |  42238350 |  41809510 |  41804120 |  41713070 |  41703010 |  41560350 |  41559800 |  41377630 |  41355670 |  41348010 |  41349230 |  41277630 |  40866400 |  40651420 |  40449760 |  40141000 |
| FP_ARITH_INST_RETIRED_256B_PACKED_DOUBLE |   PMC2  |     15090 |         0 |         0 |         0 |         0 |         0 |         0 |         0 |         0 |         0 |         0 |         0 |         0 |         0 |         0 |         0 |         0 |
| FP_ARITH_INST_RETIRED_512B_PACKED_DOUBLE |   PMC3  |    141851 |         0 |         0 |         0 |         0 |         0 |         0 |         0 |         0 |         0 |         0 |         0 |         0 |         0 |         0 |         0 |         0 |
|               CAS_COUNT_RD               | MBOX0C0 |    292293 |         0 |         0 |         0 |         0 |     41445 |         0 |         0 |         0 |     39054 |         0 |         0 |         0 |     59833 |         0 |         0 |         0 |
|               CAS_COUNT_WR               | MBOX0C1 |    490705 |         0 |         0 |         0 |         0 |     60889 |         0 |         0 |         0 |     58976 |         0 |         0 |         0 |     75927 |         0 |         0 |         0 |
|               CAS_COUNT_RD               | MBOX1C0 |    268525 |         0 |         0 |         0 |         0 |     42423 |         0 |         0 |         0 |     42363 |         0 |         0 |         0 |     62234 |         0 |         0 |         0 |
|               CAS_COUNT_WR               | MBOX1C1 |    486838 |         0 |         0 |         0 |         0 |     64509 |         0 |         0 |         0 |     63991 |         0 |         0 |         0 |     79049 |         0 |         0 |         0 |
|               CAS_COUNT_RD               | MBOX2C0 |    342061 |         0 |         0 |         0 |         0 |     48466 |         0 |         0 |         0 |     48292 |         0 |         0 |         0 |     66491 |         0 |         0 |         0 |
|               CAS_COUNT_WR               | MBOX2C1 |    487351 |         0 |         0 |         0 |         0 |     74059 |         0 |         0 |         0 |     71408 |         0 |         0 |         0 |     86160 |         0 |         0 |         0 |
|               CAS_COUNT_RD               | MBOX3C0 |    354626 |         0 |         0 |         0 |         0 |     27725 |         0 |         0 |         0 |     27682 |         0 |         0 |         0 |    106696 |         0 |         0 |         0 |
|               CAS_COUNT_WR               | MBOX3C1 |    473361 |         0 |         0 |         0 |         0 |     51656 |         0 |         0 |         0 |     49801 |         0 |         0 |         0 |    123454 |         0 |         0 |         0 |
|               CAS_COUNT_RD               | MBOX4C0 |    479379 |         0 |         0 |         0 |         0 |     28885 |         0 |         0 |         0 |     28359 |         0 |         0 |         0 |     40935 |         0 |         0 |         0 |
|               CAS_COUNT_WR               | MBOX4C1 |    639648 |         0 |         0 |         0 |         0 |     51844 |         0 |         0 |         0 |     51484 |         0 |         0 |         0 |     61162 |         0 |         0 |         0 |
|               CAS_COUNT_RD               | MBOX5C0 |    236592 |         0 |         0 |         0 |         0 |     40741 |         0 |         0 |         0 |     28553 |         0 |         0 |         0 |     75624 |         0 |         0 |         0 |
|               CAS_COUNT_WR               | MBOX5C1 |    431975 |         0 |         0 |         0 |         0 |     62976 |         0 |         0 |         0 |     52370 |         0 |         0 |         0 |     92201 |         0 |         0 |         0 |
+------------------------------------------+---------+-----------+-----------+-----------+-----------+-----------+-----------+-----------+-----------+-----------+-----------+-----------+-----------+-----------+-----------+-----------+-----------+-----------+
+-----------------------------------------------+---------+------------+-----------+-----------+--------------+
|                     Event                     | Counter |     Sum    |    Min    |    Max    |      Avg     |
+-----------------------------------------------+---------+------------+-----------+-----------+--------------+
|             INSTR_RETIRED_ANY STAT            |  FIXC0  | 2638539300 | 143225800 | 283842300 | 1.552082e+08 |
|           CPU_CLK_UNHALTED_CORE STAT          |  FIXC1  | 3155253900 | 173171500 | 207577900 | 1.856032e+08 |
|           CPU_CLK_UNHALTED_REF STAT           |  FIXC2  | 4319932700 | 237022800 | 284250000 | 2.541137e+08 |
|              PWR_PKG_ENERGY STAT              |   PWR0  |    35.0187 |         0 |    9.6423 |       2.0599 |
|              PWR_DRAM_ENERGY STAT             |   PWR3  |     4.0218 |         0 |    1.2422 |       0.2366 |
| FP_ARITH_INST_RETIRED_128B_PACKED_DOUBLE STAT |   PMC0  |      23000 |         0 |     23000 |    1352.9412 |
|    FP_ARITH_INST_RETIRED_SCALAR_DOUBLE STAT   |   PMC1  |  712834300 |  40141000 |  51629340 | 4.193143e+07 |
| FP_ARITH_INST_RETIRED_256B_PACKED_DOUBLE STAT |   PMC2  |      15090 |         0 |     15090 |     887.6471 |
| FP_ARITH_INST_RETIRED_512B_PACKED_DOUBLE STAT |   PMC3  |     141851 |         0 |    141851 |    8344.1765 |
|               CAS_COUNT_RD STAT               | MBOX0C0 |     432625 |         0 |    292293 |   25448.5294 |
|               CAS_COUNT_WR STAT               | MBOX0C1 |     686497 |         0 |    490705 |   40382.1765 |
|               CAS_COUNT_RD STAT               | MBOX1C0 |     415545 |         0 |    268525 |   24443.8235 |
|               CAS_COUNT_WR STAT               | MBOX1C1 |     694387 |         0 |    486838 |   40846.2941 |
|               CAS_COUNT_RD STAT               | MBOX2C0 |     505310 |         0 |    342061 |   29724.1176 |
|               CAS_COUNT_WR STAT               | MBOX2C1 |     718978 |         0 |    487351 |   42292.8235 |
|               CAS_COUNT_RD STAT               | MBOX3C0 |     516729 |         0 |    354626 |   30395.8235 |
|               CAS_COUNT_WR STAT               | MBOX3C1 |     698272 |         0 |    473361 |   41074.8235 |
|               CAS_COUNT_RD STAT               | MBOX4C0 |     577558 |         0 |    479379 |        33974 |
|               CAS_COUNT_WR STAT               | MBOX4C1 |     804138 |         0 |    639648 |   47302.2353 |
|               CAS_COUNT_RD STAT               | MBOX5C0 |     381510 |         0 |    236592 |   22441.7647 |
|               CAS_COUNT_WR STAT               | MBOX5C1 |     639522 |         0 |    431975 |   37618.9412 |
+-----------------------------------------------+---------+------------+-----------+-----------+--------------+
+-----------------------------------+-----------+-----------+-----------+-----------+-----------+-----------+-----------+-----------+-----------+-----------+-----------+-----------+-----------+-----------+-----------+-----------+-----------+
|               Metric              |   Core 0  |   Core 1  |   Core 2  |   Core 3  |   Core 4  |  Core 14  |  Core 15  |  Core 16  |  Core 17  |  Core 28  |  Core 29  |  Core 30  |  Core 31  |  Core 42  |  Core 43  |  Core 44  |  Core 45  |
+-----------------------------------+-----------+-----------+-----------+-----------+-----------+-----------+-----------+-----------+-----------+-----------+-----------+-----------+-----------+-----------+-----------+-----------+-----------+
|        Runtime (RDTSC) [s]        |    0.2730 |    0.2777 |    0.2776 |    0.2777 |    0.2776 |    0.2730 |    0.2776 |    0.2776 |    0.2776 |    0.2730 |    0.2776 |    0.2776 |    0.2776 |    0.2730 |    0.2776 |    0.2776 |    0.2776 |
|        Runtime unhalted [s]       |    0.0800 |    0.0745 |    0.0759 |    0.0754 |    0.0752 |    0.0668 |    0.0700 |    0.0697 |    0.0704 |    0.0671 |    0.0702 |    0.0699 |    0.0698 |    0.0683 |    0.0704 |    0.0715 |    0.0714 |
|            Clock [MHz]            | 1894.1411 | 1894.7236 | 1894.8089 | 1894.6927 | 1894.9647 | 1895.0383 | 1894.9200 | 1894.9855 | 1895.0569 | 1894.2832 | 1894.5019 | 1894.3644 | 1894.3256 | 1894.0195 | 1893.7043 | 1893.8996 | 1893.6466 |
|                CPI                |    0.7313 |    1.2810 |    1.3176 |    1.3089 |    1.3089 |    1.1710 |    1.2284 |    1.2237 |    1.2407 |    1.1856 |    1.2381 |    1.2322 |    1.2340 |    1.2199 |    1.2600 |    1.2847 |    1.2930 |
|             Energy [J]            |    9.6423 |         0 |         0 |         0 |         0 |    8.1902 |         0 |         0 |         0 |    8.7302 |         0 |         0 |         0 |    8.4560 |         0 |         0 |         0 |
|             Power [W]             |   35.3255 |         0 |         0 |         0 |         0 |   30.0032 |         0 |         0 |         0 |   31.9762 |         0 |         0 |         0 |   30.9780 |         0 |         0 |         0 |
|          Energy DRAM [J]          |    1.2422 |         0 |         0 |         0 |         0 |    1.0735 |         0 |         0 |         0 |    0.7731 |         0 |         0 |         0 |    0.9330 |         0 |         0 |         0 |
|           Power DRAM [W]          |    4.5508 |         0 |         0 |         0 |         0 |    3.9327 |         0 |         0 |         0 |    2.8317 |         0 |         0 |         0 |    3.4179 |         0 |         0 |         0 |
|            DP [MFLOP/s]           |  193.6954 |  152.1261 |  150.6113 |  150.5567 |  150.2594 |  152.7713 |  149.7050 |  149.7105 |  149.0318 |  151.4744 |  148.9697 |  148.9653 |  148.6900 |  149.7117 |  146.4182 |  145.7131 |  144.5935 |
|          AVX DP [MFLOP/s]         |    4.3786 |         0 |         0 |         0 |         0 |         0 |         0 |         0 |         0 |         0 |         0 |         0 |         0 |         0 |         0 |         0 |         0 |
|          Packed [MUOPS/s]         |    0.6592 |         0 |         0 |         0 |         0 |         0 |         0 |         0 |         0 |         0 |         0 |         0 |         0 |         0 |         0 |         0 |         0 |
|          Scalar [MUOPS/s]         |  189.1483 |  152.1261 |  150.6113 |  150.5567 |  150.2594 |  152.7713 |  149.7050 |  149.7105 |  149.0318 |  151.4744 |  148.9697 |  148.9653 |  148.6900 |  149.7117 |  146.4182 |  145.7131 |  144.5935 |
|  Memory read bandwidth [MBytes/s] |  462.7194 |         0 |         0 |         0 |         0 |   53.8502 |         0 |         0 |         0 |   50.2357 |         0 |         0 |         0 |   96.5538 |         0 |         0 |         0 |
|  Memory read data volume [GBytes] |    0.1263 |         0 |         0 |         0 |         0 |    0.0147 |         0 |         0 |         0 |    0.0137 |         0 |         0 |         0 |    0.0264 |         0 |         0 |         0 |
| Memory write bandwidth [MBytes/s] |  705.7238 |         0 |         0 |         0 |         0 |   85.7938 |         0 |         0 |         0 |   81.5832 |         0 |         0 |         0 |  121.4394 |         0 |         0 |         0 |
| Memory write data volume [GBytes] |    0.1926 |         0 |         0 |         0 |         0 |    0.0234 |         0 |         0 |         0 |    0.0223 |         0 |         0 |         0 |    0.0331 |         0 |         0 |         0 |
|    Memory bandwidth [MBytes/s]    | 1168.4433 |         0 |         0 |         0 |         0 |  139.6440 |         0 |         0 |         0 |  131.8189 |         0 |         0 |         0 |  217.9932 |         0 |         0 |         0 |
|    Memory data volume [GBytes]    |    0.3189 |         0 |         0 |         0 |         0 |    0.0381 |         0 |         0 |         0 |    0.0360 |         0 |         0 |         0 |    0.0595 |         0 |         0 |         0 |
|       Operational intensity       |    0.1658 |    0.1324 |    0.1311 |    0.1311 |    0.1308 |    1.0940 |    1.0903 |    1.0902 |    1.0855 |    1.1491 |    1.1489 |    1.1489 |    1.1469 |    0.6868 |    0.6832 |    0.6798 |    0.6746 |
+-----------------------------------+-----------+-----------+-----------+-----------+-----------+-----------+-----------+-----------+-----------+-----------+-----------+-----------+-----------+-----------+-----------+-----------+-----------+
+----------------------------------------+------------+-----------+-----------+-----------+
|                 Metric                 |     Sum    |    Min    |    Max    |    Avg    |
+----------------------------------------+------------+-----------+-----------+-----------+
|        Runtime (RDTSC) [s] STAT        |     4.7010 |    0.2730 |    0.2777 |    0.2765 |
|        Runtime unhalted [s] STAT       |     1.2165 |    0.0668 |    0.0800 |    0.0716 |
|            Clock [MHz] STAT            | 32206.0768 | 1893.6466 | 1895.0569 | 1894.4751 |
|                CPI STAT                |    20.7590 |    0.7313 |    1.3176 |    1.2211 |
|             Energy [J] STAT            |    35.0187 |         0 |    9.6423 |    2.0599 |
|             Power [W] STAT             |   128.2829 |         0 |   35.3255 |    7.5461 |
|          Energy DRAM [J] STAT          |     4.0218 |         0 |    1.2422 |    0.2366 |
|           Power DRAM [W] STAT          |    14.7331 |         0 |    4.5508 |    0.8667 |
|            DP [MFLOP/s] STAT           |  2583.0034 |  144.5935 |  193.6954 |  151.9414 |
|          AVX DP [MFLOP/s] STAT         |     4.3786 |         0 |    4.3786 |    0.2576 |
|          Packed [MUOPS/s] STAT         |     0.6592 |         0 |    0.6592 |    0.0388 |
|          Scalar [MUOPS/s] STAT         |  2578.4563 |  144.5935 |  189.1483 |  151.6739 |
|  Memory read bandwidth [MBytes/s] STAT |   663.3591 |         0 |  462.7194 |   39.0211 |
|  Memory read data volume [GBytes] STAT |     0.1811 |         0 |    0.1263 |    0.0107 |
| Memory write bandwidth [MBytes/s] STAT |   994.5402 |         0 |  705.7238 |   58.5024 |
| Memory write data volume [GBytes] STAT |     0.2714 |         0 |    0.1926 |    0.0160 |
|    Memory bandwidth [MBytes/s] STAT    |  1657.8994 |         0 | 1168.4433 |   97.5235 |
|    Memory data volume [GBytes] STAT    |     0.4525 |         0 |    0.3189 |    0.0266 |
|       Operational intensity STAT       |    12.3694 |    0.1308 |    1.1491 |    0.7276 |
+----------------------------------------+------------+-----------+-----------+-----------+
--------------------------------------------------------------------------------
CPU name:	Intel(R) Xeon(R) Gold 6132 CPU @ 2.60GHz
CPU type:	Intel Skylake SP processor
CPU clock:	2.59 GHz
--------------------------------------------------------------------------------
Region Solve, Group 1: MEM_DP
+-------------------+-----------+-----------+-----------+-----------+-----------+-----------+-----------+-----------+-----------+-----------+-----------+-----------+-----------+-----------+-----------+-----------+-----------+
|    Region Info    |   Core 0  |   Core 1  |   Core 2  |   Core 3  |   Core 4  |  Core 14  |  Core 15  |  Core 16  |  Core 17  |  Core 28  |  Core 29  |  Core 30  |  Core 31  |  Core 42  |  Core 43  |  Core 44  |  Core 45  |
+-------------------+-----------+-----------+-----------+-----------+-----------+-----------+-----------+-----------+-----------+-----------+-----------+-----------+-----------+-----------+-----------+-----------+-----------+
| RDTSC Runtime [s] | 10.777030 | 10.779450 | 10.779440 | 10.779440 | 10.779450 | 10.776980 | 10.779440 | 10.779440 | 10.779440 | 10.776980 | 10.779440 | 10.779440 | 10.779440 | 10.776970 | 10.779480 | 10.779440 | 10.779440 |
|     call count    |         1 |         1 |         1 |         1 |         1 |         1 |         1 |         1 |         1 |         1 |         1 |         1 |         1 |         1 |         1 |         1 |         1 |
+-------------------+-----------+-----------+-----------+-----------+-----------+-----------+-----------+-----------+-----------+-----------+-----------+-----------+-----------+-----------+-----------+-----------+-----------+
+------------------------------------------+---------+-------------+-------------+-------------+-------------+-------------+-------------+-------------+-------------+-------------+-------------+-------------+-------------+-------------+-------------+-------------+-------------+-------------+
|                   Event                  | Counter |    Core 0   |    Core 1   |    Core 2   |    Core 3   |    Core 4   |   Core 14   |   Core 15   |   Core 16   |   Core 17   |   Core 28   |   Core 29   |   Core 30   |   Core 31   |   Core 42   |   Core 43   |   Core 44   |   Core 45   |
+------------------------------------------+---------+-------------+-------------+-------------+-------------+-------------+-------------+-------------+-------------+-------------+-------------+-------------+-------------+-------------+-------------+-------------+-------------+-------------+
|             INSTR_RETIRED_ANY            |  FIXC0  | 34847300000 | 34502190000 | 34145340000 | 34098000000 | 33833780000 | 33805410000 | 33883960000 | 33647210000 | 33470540000 | 33459910000 | 33522760000 | 33398520000 | 33465990000 | 33179080000 | 33074910000 | 32784200000 | 34341720000 |
|           CPU_CLK_UNHALTED_CORE          |  FIXC1  | 20211700000 | 20269220000 | 20283920000 | 20235760000 | 20279720000 | 20210880000 | 20125340000 | 20226360000 | 20226380000 | 20211590000 | 20222630000 | 20221530000 | 20019700000 | 20220970000 | 20226860000 | 20228550000 | 17590050000 |
|           CPU_CLK_UNHALTED_REF           |  FIXC2  | 27658100000 | 27736800000 | 27756940000 | 27691030000 | 27751170000 | 27657030000 | 27539940000 | 27678220000 | 27678240000 | 27657960000 | 27673090000 | 27671570000 | 27395300000 | 27670770000 | 27678860000 | 27681180000 | 24070630000 |
|              PWR_PKG_ENERGY              |   PWR0  |    482.5116 |           0 |           0 |           0 |           0 |    410.2687 |           0 |           0 |           0 |    437.1398 |           0 |           0 |           0 |    414.1752 |           0 |           0 |           0 |
|              PWR_DRAM_ENERGY             |   PWR3  |     45.4278 |           0 |           0 |           0 |           0 |     43.4811 |           0 |           0 |           0 |     33.5426 |           0 |           0 |           0 |     37.5645 |           0 |           0 |           0 |
| FP_ARITH_INST_RETIRED_128B_PACKED_DOUBLE |   PMC0  |       65560 |           0 |           0 |           0 |           0 |           0 |           0 |           0 |           0 |           0 |           0 |           0 |           0 |           0 |           0 |           0 |           0 |
|    FP_ARITH_INST_RETIRED_SCALAR_DOUBLE   |   PMC1  | 10295820000 | 10249850000 | 10147340000 | 10076670000 | 10023530000 | 10017040000 |  9988491000 |  9906691000 |  9857735000 |  9851155000 |  9908007000 |  9888467000 |  9863046000 |  9813281000 |  9811360000 |  9706732000 |  9569884000 |
| FP_ARITH_INST_RETIRED_256B_PACKED_DOUBLE |   PMC2  |       83556 |           0 |           0 |           0 |           0 |           0 |           0 |           0 |           0 |           0 |           0 |           0 |           0 |           0 |           0 |           0 |           0 |
| FP_ARITH_INST_RETIRED_512B_PACKED_DOUBLE |   PMC3  |      417868 |           0 |           0 |           0 |           0 |           0 |           0 |           0 |           0 |           0 |           0 |           0 |           0 |           0 |           0 |           0 |           0 |
|               CAS_COUNT_RD               | MBOX0C0 |    19760350 |           0 |           0 |           0 |           0 |    13603130 |           0 |           0 |           0 |    11448670 |           0 |           0 |           0 |     9919874 |           0 |           0 |           0 |
|               CAS_COUNT_WR               | MBOX0C1 |    12031460 |           0 |           0 |           0 |           0 |     8742605 |           0 |           0 |           0 |     6701331 |           0 |           0 |           0 |     5077817 |           0 |           0 |           0 |
|               CAS_COUNT_RD               | MBOX1C0 |    19557340 |           0 |           0 |           0 |           0 |    13567480 |           0 |           0 |           0 |    11422710 |           0 |           0 |           0 |     9913703 |           0 |           0 |           0 |
|               CAS_COUNT_WR               | MBOX1C1 |    11896280 |           0 |           0 |           0 |           0 |     8802815 |           0 |           0 |           0 |     6705642 |           0 |           0 |           0 |     5076563 |           0 |           0 |           0 |
|               CAS_COUNT_RD               | MBOX2C0 |    19995240 |           0 |           0 |           0 |           0 |    13397560 |           0 |           0 |           0 |    11384210 |           0 |           0 |           0 |     9968689 |           0 |           0 |           0 |
|               CAS_COUNT_WR               | MBOX2C1 |    12080920 |           0 |           0 |           0 |           0 |     8665535 |           0 |           0 |           0 |     6638532 |           0 |           0 |           0 |     5125908 |           0 |           0 |           0 |
|               CAS_COUNT_RD               | MBOX3C0 |    19880040 |           0 |           0 |           0 |           0 |    13140540 |           0 |           0 |           0 |    11180650 |           0 |           0 |           0 |     9908378 |           0 |           0 |           0 |
|               CAS_COUNT_WR               | MBOX3C1 |    11888000 |           0 |           0 |           0 |           0 |     8386735 |           0 |           0 |           0 |     6420509 |           0 |           0 |           0 |     5051800 |           0 |           0 |           0 |
|               CAS_COUNT_RD               | MBOX4C0 |    20044950 |           0 |           0 |           0 |           0 |    13311900 |           0 |           0 |           0 |    11163190 |           0 |           0 |           0 |     9671369 |           0 |           0 |           0 |
|               CAS_COUNT_WR               | MBOX4C1 |    12197760 |           0 |           0 |           0 |           0 |     8453516 |           0 |           0 |           0 |     6448985 |           0 |           0 |           0 |     4844371 |           0 |           0 |           0 |
|               CAS_COUNT_RD               | MBOX5C0 |    19576280 |           0 |           0 |           0 |           0 |    13641840 |           0 |           0 |           0 |    11186240 |           0 |           0 |           0 |     9864740 |           0 |           0 |           0 |
|               CAS_COUNT_WR               | MBOX5C1 |    11828260 |           0 |           0 |           0 |           0 |     8839644 |           0 |           0 |           0 |     6454915 |           0 |           0 |           0 |     5036245 |           0 |           0 |           0 |
+------------------------------------------+---------+-------------+-------------+-------------+-------------+-------------+-------------+-------------+-------------+-------------+-------------+-------------+-------------+-------------+-------------+-------------+-------------+-------------+
+-----------------------------------------------+---------+--------------+-------------+-------------+--------------+
|                     Event                     | Counter |      Sum     |     Min     |     Max     |      Avg     |
+-----------------------------------------------+---------+--------------+-------------+-------------+--------------+
|             INSTR_RETIRED_ANY STAT            |  FIXC0  | 573460820000 | 32784200000 | 34847300000 | 3.373299e+10 |
|           CPU_CLK_UNHALTED_CORE STAT          |  FIXC1  | 341011160000 | 17590050000 | 20283920000 |  20059480000 |
|           CPU_CLK_UNHALTED_REF STAT           |  FIXC2  | 466646830000 | 24070630000 | 27756940000 | 2.744981e+10 |
|              PWR_PKG_ENERGY STAT              |   PWR0  |    1744.0953 |           0 |    482.5116 |     102.5938 |
|              PWR_DRAM_ENERGY STAT             |   PWR3  |     160.0160 |           0 |     45.4278 |       9.4127 |
| FP_ARITH_INST_RETIRED_128B_PACKED_DOUBLE STAT |   PMC0  |        65560 |           0 |       65560 |    3856.4706 |
|    FP_ARITH_INST_RETIRED_SCALAR_DOUBLE STAT   |   PMC1  | 168975099000 |  9569884000 | 10295820000 | 9.939712e+09 |
| FP_ARITH_INST_RETIRED_256B_PACKED_DOUBLE STAT |   PMC2  |        83556 |           0 |       83556 |    4915.0588 |
| FP_ARITH_INST_RETIRED_512B_PACKED_DOUBLE STAT |   PMC3  |       417868 |           0 |      417868 |   24580.4706 |
|               CAS_COUNT_RD STAT               | MBOX0C0 |     54732024 |           0 |    19760350 | 3.219531e+06 |
|               CAS_COUNT_WR STAT               | MBOX0C1 |     32553213 |           0 |    12031460 | 1.914895e+06 |
|               CAS_COUNT_RD STAT               | MBOX1C0 |     54461233 |           0 |    19557340 | 3.203602e+06 |
|               CAS_COUNT_WR STAT               | MBOX1C1 |     32481300 |           0 |    11896280 | 1.910665e+06 |
|               CAS_COUNT_RD STAT               | MBOX2C0 |     54745699 |           0 |    19995240 | 3.220335e+06 |
|               CAS_COUNT_WR STAT               | MBOX2C1 |     32510895 |           0 |    12080920 | 1.912406e+06 |
|               CAS_COUNT_RD STAT               | MBOX3C0 |     54109608 |           0 |    19880040 | 3.182918e+06 |
|               CAS_COUNT_WR STAT               | MBOX3C1 |     31747044 |           0 |    11888000 | 1.867473e+06 |
|               CAS_COUNT_RD STAT               | MBOX4C0 |     54191409 |           0 |    20044950 | 3.187730e+06 |
|               CAS_COUNT_WR STAT               | MBOX4C1 |     31944632 |           0 |    12197760 |      1879096 |
|               CAS_COUNT_RD STAT               | MBOX5C0 |     54269100 |           0 |    19576280 |      3192300 |
|               CAS_COUNT_WR STAT               | MBOX5C1 |     32159064 |           0 |    11828260 | 1.891710e+06 |
+-----------------------------------------------+---------+--------------+-------------+-------------+--------------+
+-----------------------------------+-----------+-----------+-----------+-----------+-----------+-----------+-----------+-----------+-----------+-----------+-----------+-----------+-----------+-----------+-----------+-----------+-----------+
|               Metric              |   Core 0  |   Core 1  |   Core 2  |   Core 3  |   Core 4  |  Core 14  |  Core 15  |  Core 16  |  Core 17  |  Core 28  |  Core 29  |  Core 30  |  Core 31  |  Core 42  |  Core 43  |  Core 44  |  Core 45  |
+-----------------------------------+-----------+-----------+-----------+-----------+-----------+-----------+-----------+-----------+-----------+-----------+-----------+-----------+-----------+-----------+-----------+-----------+-----------+
|        Runtime (RDTSC) [s]        |   10.7770 |   10.7795 |   10.7794 |   10.7794 |   10.7795 |   10.7770 |   10.7794 |   10.7794 |   10.7794 |   10.7770 |   10.7794 |   10.7794 |   10.7794 |   10.7770 |   10.7795 |   10.7794 |   10.7794 |
|        Runtime unhalted [s]       |    7.7924 |    7.8146 |    7.8202 |    7.8017 |    7.8186 |    7.7921 |    7.7591 |    7.7981 |    7.7981 |    7.7924 |    7.7966 |    7.7962 |    7.7184 |    7.7960 |    7.7982 |    7.7989 |    6.7817 |
|            Clock [MHz]            | 1895.4494 | 1895.4502 | 1895.4485 | 1895.4490 | 1895.4501 | 1895.4458 | 1895.4482 | 1895.4454 | 1895.4459 | 1895.4487 | 1895.4471 | 1895.4481 | 1895.4538 | 1895.4504 | 1895.4484 | 1895.4479 | 1895.4455 |
|                CPI                |    0.5800 |    0.5875 |    0.5940 |    0.5935 |    0.5994 |    0.5979 |    0.5939 |    0.6011 |    0.6043 |    0.6041 |    0.6033 |    0.6055 |    0.5982 |    0.6094 |    0.6115 |    0.6170 |    0.5122 |
|             Energy [J]            |  482.5116 |         0 |         0 |         0 |         0 |  410.2687 |         0 |         0 |         0 |  437.1398 |         0 |         0 |         0 |  414.1752 |         0 |         0 |         0 |
|             Power [W]             |   44.7722 |         0 |         0 |         0 |         0 |   38.0690 |         0 |         0 |         0 |   40.5624 |         0 |         0 |         0 |   38.4315 |         0 |         0 |         0 |
|          Energy DRAM [J]          |   45.4278 |         0 |         0 |         0 |         0 |   43.4811 |         0 |         0 |         0 |   33.5426 |         0 |         0 |         0 |   37.5645 |         0 |         0 |         0 |
|           Power DRAM [W]          |    4.2152 |         0 |         0 |         0 |         0 |    4.0346 |         0 |         0 |         0 |    3.1124 |         0 |         0 |         0 |    3.4856 |         0 |         0 |         0 |
|            DP [MFLOP/s]           |  955.7019 |  950.8695 |  941.3606 |  934.8046 |  929.8740 |  929.4849 |  926.6243 |  919.0358 |  914.4942 |  914.0924 |  919.1579 |  917.3451 |  914.9869 |  910.5789 |  910.1886 |  900.4857 |  887.7905 |
|          AVX DP [MFLOP/s]         |    0.3412 |         0 |         0 |         0 |         0 |         0 |         0 |         0 |         0 |         0 |         0 |         0 |         0 |         0 |         0 |         0 |         0 |
|          Packed [MUOPS/s]         |    0.0526 |         0 |         0 |         0 |         0 |         0 |         0 |         0 |         0 |         0 |         0 |         0 |         0 |         0 |         0 |         0 |         0 |
|          Scalar [MUOPS/s]         |  955.3486 |  950.8695 |  941.3606 |  934.8046 |  929.8740 |  929.4849 |  926.6243 |  919.0358 |  914.4942 |  914.0924 |  919.1579 |  917.3451 |  914.9869 |  910.5789 |  910.1886 |  900.4857 |  887.7905 |
|  Memory read bandwidth [MBytes/s] |  705.5848 |         0 |         0 |         0 |         0 |  479.0207 |         0 |         0 |         0 |  402.5509 |         0 |         0 |         0 |  351.8421 |         0 |         0 |         0 |
|  Memory read data volume [GBytes] |    7.6041 |         0 |         0 |         0 |         0 |    5.1624 |         0 |         0 |         0 |    4.3383 |         0 |         0 |         0 |    3.7918 |         0 |         0 |         0 |
| Memory write bandwidth [MBytes/s] |  427.1169 |         0 |         0 |         0 |         0 |  308.1582 |         0 |         0 |         0 |  233.8015 |         0 |         0 |         0 |  179.4208 |         0 |         0 |         0 |
| Memory write data volume [GBytes] |    4.6031 |         0 |         0 |         0 |         0 |    3.3210 |         0 |         0 |         0 |    2.5197 |         0 |         0 |         0 |    1.9336 |         0 |         0 |         0 |
|    Memory bandwidth [MBytes/s]    | 1132.7017 |         0 |         0 |         0 |         0 |  787.1789 |         0 |         0 |         0 |  636.3524 |         0 |         0 |         0 |  531.2630 |         0 |         0 |         0 |
|    Memory data volume [GBytes]    |   12.2072 |         0 |         0 |         0 |         0 |    8.4834 |         0 |         0 |         0 |    6.8580 |         0 |         0 |         0 |    5.7254 |         0 |         0 |         0 |
|       Operational intensity       |    0.8437 |    0.8397 |    0.8313 |    0.8255 |    0.8211 |    1.1808 |    1.1774 |    1.1678 |    1.1620 |    1.4365 |    1.4447 |    1.4419 |    1.4382 |    1.7140 |    1.7137 |    1.6954 |    1.6715 |
+-----------------------------------+-----------+-----------+-----------+-----------+-----------+-----------+-----------+-----------+-----------+-----------+-----------+-----------+-----------+-----------+-----------+-----------+-----------+
+----------------------------------------+------------+-----------+-----------+-----------+
|                 Metric                 |     Sum    |    Min    |    Max    |    Avg    |
+----------------------------------------+------------+-----------+-----------+-----------+
|        Runtime (RDTSC) [s] STAT        |   183.2405 |   10.7770 |   10.7795 |   10.7789 |
|        Runtime unhalted [s] STAT       |   131.4733 |    6.7817 |    7.8202 |    7.7337 |
|            Clock [MHz] STAT            | 32222.6224 | 1895.4454 | 1895.4538 | 1895.4484 |
|                CPI STAT                |    10.1128 |    0.5122 |    0.6170 |    0.5949 |
|             Energy [J] STAT            |  1744.0953 |         0 |  482.5116 |  102.5938 |
|             Power [W] STAT             |   161.8351 |         0 |   44.7722 |    9.5197 |
|          Energy DRAM [J] STAT          |   160.0160 |         0 |   45.4278 |    9.4127 |
|           Power DRAM [W] STAT          |    14.8478 |         0 |    4.2152 |    0.8734 |
|            DP [MFLOP/s] STAT           | 15676.8758 |  887.7905 |  955.7019 |  922.1692 |
|          AVX DP [MFLOP/s] STAT         |     0.3412 |         0 |    0.3412 |    0.0201 |
|          Packed [MUOPS/s] STAT         |     0.0526 |         0 |    0.0526 |    0.0031 |
|          Scalar [MUOPS/s] STAT         | 15676.5225 |  887.7905 |  955.3486 |  922.1484 |
|  Memory read bandwidth [MBytes/s] STAT |  1938.9985 |         0 |  705.5848 |  114.0587 |
|  Memory read data volume [GBytes] STAT |    20.8966 |         0 |    7.6041 |    1.2292 |
| Memory write bandwidth [MBytes/s] STAT |  1148.4974 |         0 |  427.1169 |   67.5587 |
| Memory write data volume [GBytes] STAT |    12.3774 |         0 |    4.6031 |    0.7281 |
|    Memory bandwidth [MBytes/s] STAT    |  3087.4960 |         0 | 1132.7017 |  181.6174 |
|    Memory data volume [GBytes] STAT    |    33.2740 |         0 |   12.2072 |    1.9573 |
|       Operational intensity STAT       |    21.4052 |    0.8211 |    1.7140 |    1.2591 |
+----------------------------------------+------------+-----------+-----------+-----------+
