--------------------------------------------------------------------------------
CPU name:	Intel(R) Xeon(R) Gold 6132 CPU @ 2.60GHz
CPU type:	Intel Skylake SP processor
CPU clock:	2.59 GHz
--------------------------------------------------------------------------------
Region Setup, Group 1: MEM_DP
+-------------------+----------+----------+----------+----------+----------+----------+----------+----------+----------+----------+----------+----------+----------+----------+----------+
|    Region Info    |  Core 0  |  Core 1  |  Core 2  |  Core 3  |  Core 14 |  Core 15 |  Core 16 |  Core 17 |  Core 28 |  Core 29 |  Core 30 |  Core 31 |  Core 42 |  Core 43 |  Core 44 |
+-------------------+----------+----------+----------+----------+----------+----------+----------+----------+----------+----------+----------+----------+----------+----------+----------+
| RDTSC Runtime [s] | 0.274130 | 0.278777 | 0.278662 | 0.278551 | 0.274271 | 0.278612 | 0.278643 | 0.278615 | 0.274234 | 0.278587 | 0.278601 | 0.278826 | 0.274221 | 0.278566 | 0.278574 |
|     call count    |        2 |        2 |        2 |        2 |        2 |        2 |        2 |        2 |        2 |        2 |        2 |        2 |        2 |        2 |        2 |
+-------------------+----------+----------+----------+----------+----------+----------+----------+----------+----------+----------+----------+----------+----------+----------+----------+
+------------------------------------------+---------+-----------+-----------+-----------+-----------+-----------+-----------+-----------+-----------+-----------+-----------+-----------+-----------+-----------+-----------+-----------+
|                   Event                  | Counter |   Core 0  |   Core 1  |   Core 2  |   Core 3  |  Core 14  |  Core 15  |  Core 16  |  Core 17  |  Core 28  |  Core 29  |  Core 30  |  Core 31  |  Core 42  |  Core 43  |  Core 44  |
+------------------------------------------+---------+-----------+-----------+-----------+-----------+-----------+-----------+-----------+-----------+-----------+-----------+-----------+-----------+-----------+-----------+-----------+
|             INSTR_RETIRED_ANY            |  FIXC0  | 303745900 | 171414400 | 170299200 | 170165400 | 167365600 | 166949700 | 166705100 | 165067500 | 163905400 | 164441800 | 163923300 | 163181600 | 162920700 | 162738100 | 162696900 |
|           CPU_CLK_UNHALTED_CORE          |  FIXC1  | 213555800 | 203748500 | 203265700 | 206006200 | 183765900 | 194640500 | 190787000 | 190878000 | 184615100 | 197254800 | 191298700 | 190272700 | 186780600 | 193328200 | 192980900 |
|           CPU_CLK_UNHALTED_REF           |  FIXC2  | 292437100 | 278918200 | 278238300 | 281963700 | 251541500 | 266443600 | 261147200 | 261277300 | 252811000 | 270091500 | 261939000 | 260516800 | 255726500 | 264682700 | 264196800 |
|              PWR_PKG_ENERGY              |   PWR0  |    9.4787 |         0 |         0 |         0 |    8.2650 |         0 |         0 |         0 |    8.8094 |         0 |         0 |         0 |    8.2119 |         0 |         0 |
|              PWR_DRAM_ENERGY             |   PWR3  |    1.2095 |         0 |         0 |         0 |    1.0790 |         0 |         0 |         0 |    0.8293 |         0 |         0 |         0 |    0.9045 |         0 |         0 |
| FP_ARITH_INST_RETIRED_128B_PACKED_DOUBLE |   PMC0  |     23000 |         0 |         0 |         0 |         0 |         0 |         0 |         0 |         0 |         0 |         0 |         0 |         0 |         0 |         0 |
|    FP_ARITH_INST_RETIRED_SCALAR_DOUBLE   |   PMC1  |  57560930 |  48282380 |  47972640 |  47875490 |  47368610 |  47054100 |  47041530 |  46557080 |  46411870 |  46379610 |  46330980 |  46103310 |  46088970 |  45933530 |  45873170 |
| FP_ARITH_INST_RETIRED_256B_PACKED_DOUBLE |   PMC2  |     15090 |         0 |         0 |         0 |         0 |         0 |         0 |         0 |         0 |         0 |         0 |         0 |         0 |         0 |         0 |
| FP_ARITH_INST_RETIRED_512B_PACKED_DOUBLE |   PMC3  |    141851 |         0 |         0 |         0 |         0 |         0 |         0 |         0 |         0 |         0 |         0 |         0 |         0 |         0 |         0 |
|               CAS_COUNT_RD               | MBOX0C0 |    233293 |         0 |         0 |         0 |     46921 |         0 |         0 |         0 |     66754 |         0 |         0 |         0 |     57516 |         0 |         0 |
|               CAS_COUNT_WR               | MBOX0C1 |    447157 |         0 |         0 |         0 |     69242 |         0 |         0 |         0 |     83843 |         0 |         0 |         0 |     66278 |         0 |         0 |
|               CAS_COUNT_RD               | MBOX1C0 |    230138 |         0 |         0 |         0 |     52005 |         0 |         0 |         0 |    284486 |         0 |         0 |         0 |     61162 |         0 |         0 |
|               CAS_COUNT_WR               | MBOX1C1 |    440511 |         0 |         0 |         0 |     75520 |         0 |         0 |         0 |    286575 |         0 |         0 |         0 |     73072 |         0 |         0 |
|               CAS_COUNT_RD               | MBOX2C0 |    249977 |         0 |         0 |         0 |     53050 |         0 |         0 |         0 |     91228 |         0 |         0 |         0 |     79488 |         0 |         0 |
|               CAS_COUNT_WR               | MBOX2C1 |    435691 |         0 |         0 |         0 |     79072 |         0 |         0 |         0 |     96888 |         0 |         0 |         0 |     90807 |         0 |         0 |
|               CAS_COUNT_RD               | MBOX3C0 |    256224 |         0 |         0 |         0 |     31606 |         0 |         0 |         0 |    119243 |         0 |         0 |         0 |     38383 |         0 |         0 |
|               CAS_COUNT_WR               | MBOX3C1 |    408013 |         0 |         0 |         0 |     57460 |         0 |         0 |         0 |    114987 |         0 |         0 |         0 |     52249 |         0 |         0 |
|               CAS_COUNT_RD               | MBOX4C0 |    196841 |         0 |         0 |         0 |     32395 |         0 |         0 |         0 |     74690 |         0 |         0 |         0 |     72643 |         0 |         0 |
|               CAS_COUNT_WR               | MBOX4C1 |    402011 |         0 |         0 |         0 |     58358 |         0 |         0 |         0 |     90561 |         0 |         0 |         0 |     80263 |         0 |         0 |
|               CAS_COUNT_RD               | MBOX5C0 |    206668 |         0 |         0 |         0 |     31900 |         0 |         0 |         0 |     61641 |         0 |         0 |         0 |     74266 |         0 |         0 |
|               CAS_COUNT_WR               | MBOX5C1 |    404461 |         0 |         0 |         0 |     57691 |         0 |         0 |         0 |     74319 |         0 |         0 |         0 |     82213 |         0 |         0 |
+------------------------------------------+---------+-----------+-----------+-----------+-----------+-----------+-----------+-----------+-----------+-----------+-----------+-----------+-----------+-----------+-----------+-----------+
+-----------------------------------------------+---------+------------+-----------+-----------+--------------+
|                     Event                     | Counter |     Sum    |    Min    |    Max    |      Avg     |
+-----------------------------------------------+---------+------------+-----------+-----------+--------------+
|             INSTR_RETIRED_ANY STAT            |  FIXC0  | 2625520600 | 162696900 | 303745900 | 1.750347e+08 |
|           CPU_CLK_UNHALTED_CORE STAT          |  FIXC1  | 2923178600 | 183765900 | 213555800 | 1.948786e+08 |
|           CPU_CLK_UNHALTED_REF STAT           |  FIXC2  | 4001931200 | 251541500 | 292437100 | 2.667954e+08 |
|              PWR_PKG_ENERGY STAT              |   PWR0  |    34.7650 |         0 |    9.4787 |       2.3177 |
|              PWR_DRAM_ENERGY STAT             |   PWR3  |     4.0223 |         0 |    1.2095 |       0.2682 |
| FP_ARITH_INST_RETIRED_128B_PACKED_DOUBLE STAT |   PMC0  |      23000 |         0 |     23000 |    1533.3333 |
|    FP_ARITH_INST_RETIRED_SCALAR_DOUBLE STAT   |   PMC1  |  712834200 |  45873170 |  57560930 |     47522280 |
| FP_ARITH_INST_RETIRED_256B_PACKED_DOUBLE STAT |   PMC2  |      15090 |         0 |     15090 |         1006 |
| FP_ARITH_INST_RETIRED_512B_PACKED_DOUBLE STAT |   PMC3  |     141851 |         0 |    141851 |    9456.7333 |
|               CAS_COUNT_RD STAT               | MBOX0C0 |     404484 |         0 |    233293 |   26965.6000 |
|               CAS_COUNT_WR STAT               | MBOX0C1 |     666520 |         0 |    447157 |   44434.6667 |
|               CAS_COUNT_RD STAT               | MBOX1C0 |     627791 |         0 |    284486 |   41852.7333 |
|               CAS_COUNT_WR STAT               | MBOX1C1 |     875678 |         0 |    440511 |   58378.5333 |
|               CAS_COUNT_RD STAT               | MBOX2C0 |     473743 |         0 |    249977 |   31582.8667 |
|               CAS_COUNT_WR STAT               | MBOX2C1 |     702458 |         0 |    435691 |   46830.5333 |
|               CAS_COUNT_RD STAT               | MBOX3C0 |     445456 |         0 |    256224 |   29697.0667 |
|               CAS_COUNT_WR STAT               | MBOX3C1 |     632709 |         0 |    408013 |   42180.6000 |
|               CAS_COUNT_RD STAT               | MBOX4C0 |     376569 |         0 |    196841 |   25104.6000 |
|               CAS_COUNT_WR STAT               | MBOX4C1 |     631193 |         0 |    402011 |   42079.5333 |
|               CAS_COUNT_RD STAT               | MBOX5C0 |     374475 |         0 |    206668 |        24965 |
|               CAS_COUNT_WR STAT               | MBOX5C1 |     618684 |         0 |    404461 |   41245.6000 |
+-----------------------------------------------+---------+------------+-----------+-----------+--------------+
+-----------------------------------+-----------+-----------+-----------+-----------+-----------+-----------+-----------+-----------+-----------+-----------+-----------+-----------+-----------+-----------+-----------+
|               Metric              |   Core 0  |   Core 1  |   Core 2  |   Core 3  |  Core 14  |  Core 15  |  Core 16  |  Core 17  |  Core 28  |  Core 29  |  Core 30  |  Core 31  |  Core 42  |  Core 43  |  Core 44  |
+-----------------------------------+-----------+-----------+-----------+-----------+-----------+-----------+-----------+-----------+-----------+-----------+-----------+-----------+-----------+-----------+-----------+
|        Runtime (RDTSC) [s]        |    0.2741 |    0.2788 |    0.2787 |    0.2786 |    0.2743 |    0.2786 |    0.2786 |    0.2786 |    0.2742 |    0.2786 |    0.2786 |    0.2788 |    0.2742 |    0.2786 |    0.2786 |
|        Runtime unhalted [s]       |    0.0823 |    0.0786 |    0.0784 |    0.0794 |    0.0708 |    0.0750 |    0.0736 |    0.0736 |    0.0712 |    0.0760 |    0.0738 |    0.0734 |    0.0720 |    0.0745 |    0.0744 |
|            Clock [MHz]            | 1894.1311 | 1894.7360 | 1894.8652 | 1895.0393 | 1894.9005 | 1894.7811 | 1894.9360 | 1894.8958 | 1894.0977 | 1894.2958 | 1894.2748 | 1894.4008 | 1894.4675 | 1894.5269 | 1894.6016 |
|                CPI                |    0.7031 |    1.1886 |    1.1936 |    1.2106 |    1.0980 |    1.1659 |    1.1445 |    1.1564 |    1.1264 |    1.1995 |    1.1670 |    1.1660 |    1.1465 |    1.1880 |    1.1861 |
|             Energy [J]            |    9.4787 |         0 |         0 |         0 |    8.2650 |         0 |         0 |         0 |    8.8094 |         0 |         0 |         0 |    8.2119 |         0 |         0 |
|             Power [W]             |   34.5774 |         0 |         0 |         0 |   30.1343 |         0 |         0 |         0 |   32.1238 |         0 |         0 |         0 |   29.9462 |         0 |         0 |
|          Energy DRAM [J]          |    1.2095 |         0 |         0 |         0 |    1.0790 |         0 |         0 |         0 |    0.8293 |         0 |         0 |         0 |    0.9045 |         0 |         0 |
|           Power DRAM [W]          |    4.4120 |         0 |         0 |         0 |    3.9342 |         0 |         0 |         0 |    3.0241 |         0 |         0 |         0 |    3.2986 |         0 |         0 |
|            DP [MFLOP/s]           |  214.5047 |  173.1934 |  172.1532 |  171.8735 |  172.7073 |  168.8876 |  168.8237 |  167.1020 |  169.2419 |  166.4818 |  166.2986 |  165.3481 |  168.0726 |  164.8926 |  164.6716 |
|          AVX DP [MFLOP/s]         |    4.3599 |         0 |         0 |         0 |         0 |         0 |         0 |         0 |         0 |         0 |         0 |         0 |         0 |         0 |         0 |
|          Packed [MUOPS/s]         |    0.6564 |         0 |         0 |         0 |         0 |         0 |         0 |         0 |         0 |         0 |         0 |         0 |         0 |         0 |         0 |
|          Scalar [MUOPS/s]         |  209.9771 |  173.1934 |  172.1532 |  171.8735 |  172.7073 |  168.8876 |  168.8237 |  167.1020 |  169.2419 |  166.4818 |  166.2986 |  165.3481 |  168.0726 |  164.8926 |  164.6716 |
|  Memory read bandwidth [MBytes/s] |  320.5820 |         0 |         0 |         0 |   57.8411 |         0 |         0 |         0 |  162.9072 |         0 |         0 |         0 |   89.4948 |         0 |         0 |
|  Memory read data volume [GBytes] |    0.0879 |         0 |         0 |         0 |    0.0159 |         0 |         0 |         0 |    0.0447 |         0 |         0 |         0 |    0.0245 |         0 |         0 |
| Memory write bandwidth [MBytes/s] |  592.5008 |         0 |         0 |         0 |   92.7183 |         0 |         0 |         0 |  174.3732 |         0 |         0 |         0 |  103.8304 |         0 |         0 |
| Memory write data volume [GBytes] |    0.1624 |         0 |         0 |         0 |    0.0254 |         0 |         0 |         0 |    0.0478 |         0 |         0 |         0 |    0.0285 |         0 |         0 |
|    Memory bandwidth [MBytes/s]    |  913.0829 |         0 |         0 |         0 |  150.5594 |         0 |         0 |         0 |  337.2804 |         0 |         0 |         0 |  193.3252 |         0 |         0 |
|    Memory data volume [GBytes]    |    0.2503 |         0 |         0 |         0 |    0.0413 |         0 |         0 |         0 |    0.0925 |         0 |         0 |         0 |    0.0530 |         0 |         0 |
|       Operational intensity       |    0.2349 |    0.1929 |    0.1917 |    0.1913 |    1.1471 |    1.1395 |    1.1392 |    1.1275 |    0.5018 |    0.5014 |    0.5009 |    0.4984 |    0.8694 |    0.8664 |    0.8653 |
+-----------------------------------+-----------+-----------+-----------+-----------+-----------+-----------+-----------+-----------+-----------+-----------+-----------+-----------+-----------+-----------+-----------+
+----------------------------------------+------------+-----------+-----------+-----------+
|                 Metric                 |     Sum    |    Min    |    Max    |    Avg    |
+----------------------------------------+------------+-----------+-----------+-----------+
|        Runtime (RDTSC) [s] STAT        |     4.1619 |    0.2741 |    0.2788 |    0.2775 |
|        Runtime unhalted [s] STAT       |     1.1270 |    0.0708 |    0.0823 |    0.0751 |
|            Clock [MHz] STAT            | 28418.9501 | 1894.0977 | 1895.0393 | 1894.5967 |
|                CPI STAT                |    17.0402 |    0.7031 |    1.2106 |    1.1360 |
|             Energy [J] STAT            |    34.7650 |         0 |    9.4787 |    2.3177 |
|             Power [W] STAT             |   126.7817 |         0 |   34.5774 |    8.4521 |
|          Energy DRAM [J] STAT          |     4.0223 |         0 |    1.2095 |    0.2682 |
|           Power DRAM [W] STAT          |    14.6689 |         0 |    4.4120 |    0.9779 |
|            DP [MFLOP/s] STAT           |  2574.2526 |  164.6716 |  214.5047 |  171.6168 |
|          AVX DP [MFLOP/s] STAT         |     4.3599 |         0 |    4.3599 |    0.2907 |
|          Packed [MUOPS/s] STAT         |     0.6564 |         0 |    0.6564 |    0.0438 |
|          Scalar [MUOPS/s] STAT         |  2569.7250 |  164.6716 |  209.9771 |  171.3150 |
|  Memory read bandwidth [MBytes/s] STAT |   630.8251 |         0 |  320.5820 |   42.0550 |
|  Memory read data volume [GBytes] STAT |     0.1730 |         0 |    0.0879 |    0.0115 |
| Memory write bandwidth [MBytes/s] STAT |   963.4227 |         0 |  592.5008 |   64.2282 |
| Memory write data volume [GBytes] STAT |     0.2641 |         0 |    0.1624 |    0.0176 |
|    Memory bandwidth [MBytes/s] STAT    |  1594.2479 |         0 |  913.0829 |  106.2832 |
|    Memory data volume [GBytes] STAT    |     0.4371 |         0 |    0.2503 |    0.0291 |
|       Operational intensity STAT       |     9.9677 |    0.1913 |    1.1471 |    0.6645 |
+----------------------------------------+------------+-----------+-----------+-----------+
--------------------------------------------------------------------------------
CPU name:	Intel(R) Xeon(R) Gold 6132 CPU @ 2.60GHz
CPU type:	Intel Skylake SP processor
CPU clock:	2.59 GHz
--------------------------------------------------------------------------------
Region Solve, Group 1: MEM_DP
+-------------------+-----------+-----------+-----------+-----------+-----------+-----------+-----------+-----------+-----------+-----------+-----------+-----------+-----------+-----------+-----------+
|    Region Info    |   Core 0  |   Core 1  |   Core 2  |   Core 3  |  Core 14  |  Core 15  |  Core 16  |  Core 17  |  Core 28  |  Core 29  |  Core 30  |  Core 31  |  Core 42  |  Core 43  |  Core 44  |
+-------------------+-----------+-----------+-----------+-----------+-----------+-----------+-----------+-----------+-----------+-----------+-----------+-----------+-----------+-----------+-----------+
| RDTSC Runtime [s] | 11.901070 | 11.903540 | 11.903550 | 11.903550 | 11.901080 | 11.903540 | 11.903540 | 11.903550 | 11.901070 | 11.903540 | 11.903550 | 11.903550 | 11.901090 | 11.903560 | 11.903550 |
|     call count    |         1 |         1 |         1 |         1 |         1 |         1 |         1 |         1 |         1 |         1 |         1 |         1 |         1 |         1 |         1 |
+-------------------+-----------+-----------+-----------+-----------+-----------+-----------+-----------+-----------+-----------+-----------+-----------+-----------+-----------+-----------+-----------+
+------------------------------------------+---------+-------------+-------------+-------------+-------------+-------------+-------------+-------------+-------------+-------------+-------------+-------------+-------------+-------------+-------------+-------------+
|                   Event                  | Counter |    Core 0   |    Core 1   |    Core 2   |    Core 3   |   Core 14   |   Core 15   |   Core 16   |   Core 17   |   Core 28   |   Core 29   |   Core 30   |   Core 31   |   Core 42   |   Core 43   |   Core 44   |
+------------------------------------------+---------+-------------+-------------+-------------+-------------+-------------+-------------+-------------+-------------+-------------+-------------+-------------+-------------+-------------+-------------+-------------+
|             INSTR_RETIRED_ANY            |  FIXC0  | 39601750000 | 39387790000 | 39017700000 | 38745330000 | 38129030000 | 38125200000 | 38085330000 | 37682840000 | 37635250000 | 37618240000 | 37445420000 | 37417030000 | 37661450000 | 37446400000 | 39059240000 |
|           CPU_CLK_UNHALTED_CORE          |  FIXC1  | 22344990000 | 22409130000 | 22425500000 | 22371740000 | 22347890000 | 22359970000 | 22269300000 | 22362810000 | 22356490000 | 22367460000 | 22367930000 | 22368330000 | 22158490000 | 22371200000 | 19715090000 |
|           CPU_CLK_UNHALTED_REF           |  FIXC2  | 30577360000 | 30665110000 | 30687510000 | 30613940000 | 30581350000 | 30597890000 | 30473820000 | 30601780000 | 30593080000 | 30608110000 | 30608740000 | 30609280000 | 30322030000 | 30613210000 | 26979410000 |
|              PWR_PKG_ENERGY              |   PWR0  |    502.8627 |           0 |           0 |           0 |    452.8853 |           0 |           0 |           0 |    478.0773 |           0 |           0 |           0 |    432.0892 |           0 |           0 |
|              PWR_DRAM_ENERGY             |   PWR3  |     48.0976 |           0 |           0 |           0 |     49.4656 |           0 |           0 |           0 |     37.7033 |           0 |           0 |           0 |     39.8580 |           0 |           0 |
| FP_ARITH_INST_RETIRED_128B_PACKED_DOUBLE |   PMC0  |       65560 |           0 |           0 |           0 |           0 |           0 |           0 |           0 |           0 |           0 |           0 |           0 |           0 |           0 |           0 |
|    FP_ARITH_INST_RETIRED_SCALAR_DOUBLE   |   PMC1  | 11729180000 | 11738260000 | 11603370000 | 11470370000 | 11303980000 | 11281020000 | 11185190000 | 11092090000 | 11075620000 | 11120470000 | 11079870000 | 11065150000 | 11121410000 | 11118690000 | 10990440000 |
| FP_ARITH_INST_RETIRED_256B_PACKED_DOUBLE |   PMC2  |       83556 |           0 |           0 |           0 |           0 |           0 |           0 |           0 |           0 |           0 |           0 |           0 |           0 |           0 |           0 |
| FP_ARITH_INST_RETIRED_512B_PACKED_DOUBLE |   PMC3  |      417868 |           0 |           0 |           0 |           0 |           0 |           0 |           0 |           0 |           0 |           0 |           0 |           0 |           0 |           0 |
|               CAS_COUNT_RD               | MBOX0C0 |    14786650 |           0 |           0 |           0 |    18016020 |           0 |           0 |           0 |    14306600 |           0 |           0 |           0 |     7907532 |           0 |           0 |
|               CAS_COUNT_WR               | MBOX0C1 |     8818425 |           0 |           0 |           0 |    11765780 |           0 |           0 |           0 |     8341701 |           0 |           0 |           0 |     4301850 |           0 |           0 |
|               CAS_COUNT_RD               | MBOX1C0 |    15002800 |           0 |           0 |           0 |    18105420 |           0 |           0 |           0 |    14574840 |           0 |           0 |           0 |     7937720 |           0 |           0 |
|               CAS_COUNT_WR               | MBOX1C1 |     8965418 |           0 |           0 |           0 |    11880850 |           0 |           0 |           0 |     8580063 |           0 |           0 |           0 |     4361767 |           0 |           0 |
|               CAS_COUNT_RD               | MBOX2C0 |    14968500 |           0 |           0 |           0 |    18119160 |           0 |           0 |           0 |    14274530 |           0 |           0 |           0 |     7909320 |           0 |           0 |
|               CAS_COUNT_WR               | MBOX2C1 |     8895824 |           0 |           0 |           0 |    11857890 |           0 |           0 |           0 |     8325475 |           0 |           0 |           0 |     4322560 |           0 |           0 |
|               CAS_COUNT_RD               | MBOX3C0 |    14978540 |           0 |           0 |           0 |    17684160 |           0 |           0 |           0 |    14107710 |           0 |           0 |           0 |     7701838 |           0 |           0 |
|               CAS_COUNT_WR               | MBOX3C1 |     8736724 |           0 |           0 |           0 |    11414850 |           0 |           0 |           0 |     8159568 |           0 |           0 |           0 |     4144019 |           0 |           0 |
|               CAS_COUNT_RD               | MBOX4C0 |    14837690 |           0 |           0 |           0 |    17708380 |           0 |           0 |           0 |    14023230 |           0 |           0 |           0 |     7873008 |           0 |           0 |
|               CAS_COUNT_WR               | MBOX4C1 |     8812736 |           0 |           0 |           0 |    11451520 |           0 |           0 |           0 |     8097375 |           0 |           0 |           0 |     4275747 |           0 |           0 |
|               CAS_COUNT_RD               | MBOX5C0 |    14768280 |           0 |           0 |           0 |    17773420 |           0 |           0 |           0 |    13973580 |           0 |           0 |           0 |     7847025 |           0 |           0 |
|               CAS_COUNT_WR               | MBOX5C1 |     8693004 |           0 |           0 |           0 |    11544810 |           0 |           0 |           0 |     8015504 |           0 |           0 |           0 |     4268418 |           0 |           0 |
+------------------------------------------+---------+-------------+-------------+-------------+-------------+-------------+-------------+-------------+-------------+-------------+-------------+-------------+-------------+-------------+-------------+-------------+
+-----------------------------------------------+---------+--------------+-------------+-------------+--------------+
|                     Event                     | Counter |      Sum     |     Min     |     Max     |      Avg     |
+-----------------------------------------------+---------+--------------+-------------+-------------+--------------+
|             INSTR_RETIRED_ANY STAT            |  FIXC0  | 573058000000 | 37417030000 | 39601750000 | 3.820387e+10 |
|           CPU_CLK_UNHALTED_CORE STAT          |  FIXC1  | 332596320000 | 19715090000 | 22425500000 |  22173088000 |
|           CPU_CLK_UNHALTED_REF STAT           |  FIXC2  | 455132620000 | 26979410000 | 30687510000 | 3.034217e+10 |
|              PWR_PKG_ENERGY STAT              |   PWR0  |    1865.9145 |           0 |    502.8627 |     124.3943 |
|              PWR_DRAM_ENERGY STAT             |   PWR3  |     175.1245 |           0 |     49.4656 |      11.6750 |
| FP_ARITH_INST_RETIRED_128B_PACKED_DOUBLE STAT |   PMC0  |        65560 |           0 |       65560 |    4370.6667 |
|    FP_ARITH_INST_RETIRED_SCALAR_DOUBLE STAT   |   PMC1  | 168975110000 | 10990440000 | 11738260000 | 1.126501e+10 |
| FP_ARITH_INST_RETIRED_256B_PACKED_DOUBLE STAT |   PMC2  |        83556 |           0 |       83556 |    5570.4000 |
| FP_ARITH_INST_RETIRED_512B_PACKED_DOUBLE STAT |   PMC3  |       417868 |           0 |      417868 |   27857.8667 |
|               CAS_COUNT_RD STAT               | MBOX0C0 |     55016802 |           0 |    18016020 | 3.667787e+06 |
|               CAS_COUNT_WR STAT               | MBOX0C1 |     33227756 |           0 |    11765780 | 2.215184e+06 |
|               CAS_COUNT_RD STAT               | MBOX1C0 |     55620780 |           0 |    18105420 |      3708052 |
|               CAS_COUNT_WR STAT               | MBOX1C1 |     33788098 |           0 |    11880850 | 2.252540e+06 |
|               CAS_COUNT_RD STAT               | MBOX2C0 |     55271510 |           0 |    18119160 | 3.684767e+06 |
|               CAS_COUNT_WR STAT               | MBOX2C1 |     33401749 |           0 |    11857890 | 2.226783e+06 |
|               CAS_COUNT_RD STAT               | MBOX3C0 |     54472248 |           0 |    17684160 | 3.631483e+06 |
|               CAS_COUNT_WR STAT               | MBOX3C1 |     32455161 |           0 |    11414850 | 2.163677e+06 |
|               CAS_COUNT_RD STAT               | MBOX4C0 |     54442308 |           0 |    17708380 | 3.629487e+06 |
|               CAS_COUNT_WR STAT               | MBOX4C1 |     32637378 |           0 |    11451520 | 2.175825e+06 |
|               CAS_COUNT_RD STAT               | MBOX5C0 |     54362305 |           0 |    17773420 | 3.624154e+06 |
|               CAS_COUNT_WR STAT               | MBOX5C1 |     32521736 |           0 |    11544810 | 2.168116e+06 |
+-----------------------------------------------+---------+--------------+-------------+-------------+--------------+
+-----------------------------------+-----------+-----------+-----------+-----------+-----------+-----------+-----------+-----------+-----------+-----------+-----------+-----------+-----------+-----------+-----------+
|               Metric              |   Core 0  |   Core 1  |   Core 2  |   Core 3  |  Core 14  |  Core 15  |  Core 16  |  Core 17  |  Core 28  |  Core 29  |  Core 30  |  Core 31  |  Core 42  |  Core 43  |  Core 44  |
+-----------------------------------+-----------+-----------+-----------+-----------+-----------+-----------+-----------+-----------+-----------+-----------+-----------+-----------+-----------+-----------+-----------+
|        Runtime (RDTSC) [s]        |   11.9011 |   11.9035 |   11.9035 |   11.9035 |   11.9011 |   11.9035 |   11.9035 |   11.9035 |   11.9011 |   11.9035 |   11.9035 |   11.9035 |   11.9011 |   11.9036 |   11.9035 |
|        Runtime unhalted [s]       |    8.6149 |    8.6396 |    8.6459 |    8.6252 |    8.6160 |    8.6207 |    8.5857 |    8.6217 |    8.6193 |    8.6235 |    8.6237 |    8.6239 |    8.5430 |    8.6250 |    7.6009 |
|            Clock [MHz]            | 1895.4455 | 1895.4468 | 1895.4469 | 1895.4471 | 1895.4442 | 1895.4436 | 1895.4433 | 1895.4434 | 1895.4466 | 1895.4454 | 1895.4463 | 1895.4467 | 1895.4530 | 1895.4466 | 1895.3850 |
|                CPI                |    0.5642 |    0.5689 |    0.5748 |    0.5774 |    0.5861 |    0.5865 |    0.5847 |    0.5934 |    0.5940 |    0.5946 |    0.5973 |    0.5978 |    0.5884 |    0.5974 |    0.5047 |
|             Energy [J]            |  502.8627 |         0 |         0 |         0 |  452.8853 |         0 |         0 |         0 |  478.0773 |         0 |         0 |         0 |  432.0892 |         0 |         0 |
|             Power [W]             |   42.2536 |         0 |         0 |         0 |   38.0541 |         0 |         0 |         0 |   40.1710 |         0 |         0 |         0 |   36.3067 |         0 |         0 |
|          Energy DRAM [J]          |   48.0976 |         0 |         0 |         0 |   49.4656 |         0 |         0 |         0 |   37.7033 |         0 |         0 |         0 |   39.8580 |         0 |         0 |
|           Power DRAM [W]          |    4.0414 |         0 |         0 |         0 |    4.1564 |         0 |         0 |         0 |    3.1681 |         0 |         0 |         0 |    3.3491 |         0 |         0 |
|            DP [MFLOP/s]           |  985.8768 |  986.1151 |  974.7823 |  963.6092 |  949.8281 |  947.7030 |  939.6524 |  931.8304 |  930.6407 |  934.2154 |  930.8038 |  929.5672 |  934.4867 |  934.0643 |  923.2910 |
|          AVX DP [MFLOP/s]         |    0.3090 |         0 |         0 |         0 |         0 |         0 |         0 |         0 |         0 |         0 |         0 |         0 |         0 |         0 |         0 |
|          Packed [MUOPS/s]         |    0.0476 |         0 |         0 |         0 |         0 |         0 |         0 |         0 |         0 |         0 |         0 |         0 |         0 |         0 |         0 |
|          Scalar [MUOPS/s]         |  985.5568 |  986.1151 |  974.7823 |  963.6092 |  949.8281 |  947.7030 |  939.6524 |  931.8304 |  930.6407 |  934.2154 |  930.8038 |  929.5672 |  934.4867 |  934.0643 |  923.2910 |
|  Memory read bandwidth [MBytes/s] |  480.4541 |         0 |         0 |         0 |  577.5963 |         0 |         0 |         0 |  458.5026 |         0 |         0 |         0 |  253.6988 |         0 |         0 |
|  Memory read data volume [GBytes] |    5.7179 |         0 |         0 |         0 |    6.8740 |         0 |         0 |         0 |    5.4567 |         0 |         0 |         0 |    3.0193 |         0 |         0 |
| Memory write bandwidth [MBytes/s] |  284.5976 |         0 |         0 |         0 |  375.9831 |         0 |         0 |         0 |  266.3004 |         0 |         0 |         0 |  138.0680 |         0 |         0 |
| Memory write data volume [GBytes] |    3.3870 |         0 |         0 |         0 |    4.4746 |         0 |         0 |         0 |    3.1693 |         0 |         0 |         0 |    1.6432 |         0 |         0 |
|    Memory bandwidth [MBytes/s]    |  765.0517 |         0 |         0 |         0 |  953.5794 |         0 |         0 |         0 |  724.8030 |         0 |         0 |         0 |  391.7668 |         0 |         0 |
|    Memory data volume [GBytes]    |    9.1049 |         0 |         0 |         0 |   11.3486 |         0 |         0 |         0 |    8.6259 |         0 |         0 |         0 |    4.6625 |         0 |         0 |
|       Operational intensity       |    1.2886 |    1.2892 |    1.2744 |    1.2598 |    0.9961 |    0.9940 |    0.9856 |    0.9774 |    1.2840 |    1.2892 |    1.2845 |    1.2828 |    2.3853 |    2.3847 |    2.3572 |
+-----------------------------------+-----------+-----------+-----------+-----------+-----------+-----------+-----------+-----------+-----------+-----------+-----------+-----------+-----------+-----------+-----------+
+----------------------------------------+------------+-----------+-----------+-----------+
|                 Metric                 |     Sum    |    Min    |    Max    |    Avg    |
+----------------------------------------+------------+-----------+-----------+-----------+
|        Runtime (RDTSC) [s] STAT        |   178.5430 |   11.9011 |   11.9036 |   11.9029 |
|        Runtime unhalted [s] STAT       |   128.2290 |    7.6009 |    8.6459 |    8.5486 |
|            Clock [MHz] STAT            | 28431.6304 | 1895.3850 | 1895.4530 | 1895.4420 |
|                CPI STAT                |     8.7102 |    0.5047 |    0.5978 |    0.5807 |
|             Energy [J] STAT            |  1865.9145 |         0 |  502.8627 |  124.3943 |
|             Power [W] STAT             |   156.7854 |         0 |   42.2536 |   10.4524 |
|          Energy DRAM [J] STAT          |   175.1245 |         0 |   49.4656 |   11.6750 |
|           Power DRAM [W] STAT          |    14.7150 |         0 |    4.1564 |    0.9810 |
|            DP [MFLOP/s] STAT           | 14196.4664 |  923.2910 |  986.1151 |  946.4311 |
|          AVX DP [MFLOP/s] STAT         |     0.3090 |         0 |    0.3090 |    0.0206 |
|          Packed [MUOPS/s] STAT         |     0.0476 |         0 |    0.0476 |    0.0032 |
|          Scalar [MUOPS/s] STAT         | 14196.1464 |  923.2910 |  986.1151 |  946.4098 |
|  Memory read bandwidth [MBytes/s] STAT |  1770.2518 |         0 |  577.5963 |  118.0168 |
|  Memory read data volume [GBytes] STAT |    21.0679 |         0 |    6.8740 |    1.4045 |
| Memory write bandwidth [MBytes/s] STAT |  1064.9491 |         0 |  375.9831 |   70.9966 |
| Memory write data volume [GBytes] STAT |    12.6741 |         0 |    4.4746 |    0.8449 |
|    Memory bandwidth [MBytes/s] STAT    |  2835.2009 |         0 |  953.5794 |  189.0134 |
|    Memory data volume [GBytes] STAT    |    33.7419 |         0 |   11.3486 |    2.2495 |
|       Operational intensity STAT       |    21.3328 |    0.9774 |    2.3853 |    1.4222 |
+----------------------------------------+------------+-----------+-----------+-----------+
