--------------------------------------------------------------------------------
CPU name:	Intel(R) Xeon(R) Gold 6132 CPU @ 2.60GHz
CPU type:	Intel Skylake SP processor
CPU clock:	2.59 GHz
--------------------------------------------------------------------------------
Region Setup, Group 1: MEM_DP
+-------------------+----------+----------+----------+----------+----------+----------+----------+----------+----------+----------+----------+----------+----------+----------+----------+----------+----------+----------+----------+----------+----------+----------+----------+----------+----------+----------+
|    Region Info    |  Core 0  |  Core 1  |  Core 2  |  Core 3  |  Core 4  |  Core 5  |  Core 6  |  Core 14 |  Core 15 |  Core 16 |  Core 17 |  Core 18 |  Core 19 |  Core 20 |  Core 28 |  Core 29 |  Core 30 |  Core 31 |  Core 32 |  Core 33 |  Core 42 |  Core 43 |  Core 44 |  Core 45 |  Core 46 |  Core 47 |
+-------------------+----------+----------+----------+----------+----------+----------+----------+----------+----------+----------+----------+----------+----------+----------+----------+----------+----------+----------+----------+----------+----------+----------+----------+----------+----------+----------+
| RDTSC Runtime [s] | 0.307060 | 0.311630 | 0.311638 | 0.311646 | 0.311592 | 0.311647 | 0.311569 | 0.306939 | 0.273164 | 0.273159 | 0.273132 | 0.273127 | 0.273131 | 0.273164 | 0.306969 | 0.273230 | 0.273291 | 0.311633 | 0.311610 | 0.311622 | 0.306933 | 0.273097 | 0.273086 | 0.273097 | 0.273110 | 0.273153 |
|     call count    |        2 |        2 |        2 |        2 |        2 |        2 |        2 |        2 |        2 |        2 |        2 |        2 |        2 |        2 |        2 |        2 |        2 |        2 |        2 |        2 |        2 |        2 |        2 |        2 |        2 |        2 |
+-------------------+----------+----------+----------+----------+----------+----------+----------+----------+----------+----------+----------+----------+----------+----------+----------+----------+----------+----------+----------+----------+----------+----------+----------+----------+----------+----------+
+------------------------------------------+---------+-----------+-----------+-----------+-----------+-----------+-----------+-----------+-----------+-----------+-----------+-----------+-----------+-----------+-----------+-----------+-----------+-----------+-----------+-----------+-----------+-----------+-----------+-----------+-----------+-----------+-----------+
|                   Event                  | Counter |   Core 0  |   Core 1  |   Core 2  |   Core 3  |   Core 4  |   Core 5  |   Core 6  |  Core 14  |  Core 15  |  Core 16  |  Core 17  |  Core 18  |  Core 19  |  Core 20  |  Core 28  |  Core 29  |  Core 30  |  Core 31  |  Core 32  |  Core 33  |  Core 42  |  Core 43  |  Core 44  |  Core 45  |  Core 46  |  Core 47  |
+------------------------------------------+---------+-----------+-----------+-----------+-----------+-----------+-----------+-----------+-----------+-----------+-----------+-----------+-----------+-----------+-----------+-----------+-----------+-----------+-----------+-----------+-----------+-----------+-----------+-----------+-----------+-----------+-----------+
|             INSTR_RETIRED_ANY            |  FIXC0  | 237814000 | 106249100 | 106544600 | 105404500 | 105428500 | 105216300 | 103095000 | 101351400 |  99637020 |  99285320 |  99186880 |  98580910 |  97209950 |  96455320 |  98558210 |  96382940 |  95409150 |  97734640 |  97964110 |  97603240 |  96775720 |  95212350 |  94938700 |  95082000 |  94790010 |  94738860 |
|           CPU_CLK_UNHALTED_CORE          |  FIXC1  | 218464000 | 219430000 | 230391900 | 218575000 | 223865100 | 217295500 | 219257500 | 192529400 | 162591600 | 154338500 | 159535400 | 154881300 | 155225100 | 152180000 | 203594000 | 157719400 | 153276800 | 205443800 | 210244900 | 208688700 | 197331800 | 165626400 | 159572800 | 163060200 | 156635000 | 156500200 |
|           CPU_CLK_UNHALTED_REF           |  FIXC2  | 299489500 | 300820900 | 315839300 | 299667300 | 306935800 | 297946900 | 300584200 | 263751300 | 222828000 | 211547900 | 218591600 | 212248800 | 212651000 | 208584200 | 278753400 | 215933400 | 209850200 | 281343900 | 287783100 | 285695400 | 270392500 | 226894000 | 218648100 | 223373800 | 214646400 | 214486100 |
|              PWR_PKG_ENERGY              |   PWR0  |   11.1550 |         0 |         0 |         0 |         0 |         0 |         0 |    9.5257 |         0 |         0 |         0 |         0 |         0 |         0 |   10.0176 |         0 |         0 |         0 |         0 |         0 |    9.4976 |         0 |         0 |         0 |         0 |         0 |
|              PWR_DRAM_ENERGY             |   PWR3  |    1.3777 |         0 |         0 |         0 |         0 |         0 |         0 |    1.1766 |         0 |         0 |         0 |         0 |         0 |         0 |    0.8703 |         0 |         0 |         0 |         0 |         0 |    1.0209 |         0 |         0 |         0 |         0 |         0 |
| FP_ARITH_INST_RETIRED_128B_PACKED_DOUBLE |   PMC0  |     23000 |         0 |         0 |         0 |         0 |         0 |         0 |         0 |         0 |         0 |         0 |         0 |         0 |         0 |         0 |         0 |         0 |         0 |         0 |         0 |         0 |         0 |         0 |         0 |         0 |         0 |
|    FP_ARITH_INST_RETIRED_SCALAR_DOUBLE   |   PMC1  |  37746460 |  28589530 |  28541040 |  28350500 |  28289800 |  28309820 |  27660620 |  27515470 |  27436470 |  27433890 |  27361430 |  27236140 |  26805610 |  26608880 |  26500600 |  26499640 |  26351110 |  26309590 |  26309910 |  26237920 |  26144310 |  26130920 |  26130920 |  26130920 |  26130920 |  26072310 |
| FP_ARITH_INST_RETIRED_256B_PACKED_DOUBLE |   PMC2  |     15090 |         0 |         0 |         0 |         0 |         0 |         0 |         0 |         0 |         0 |         0 |         0 |         0 |         0 |         0 |         0 |         0 |         0 |         0 |         0 |         0 |         0 |         0 |         0 |         0 |         0 |
| FP_ARITH_INST_RETIRED_512B_PACKED_DOUBLE |   PMC3  |    141851 |         0 |         0 |         0 |         0 |         0 |         0 |         0 |         0 |         0 |         0 |         0 |         0 |         0 |         0 |         0 |         0 |         0 |         0 |         0 |         0 |         0 |         0 |         0 |         0 |         0 |
|               CAS_COUNT_RD               | MBOX0C0 |    277729 |         0 |         0 |         0 |         0 |         0 |         0 |     51412 |         0 |         0 |         0 |         0 |         0 |         0 |     42691 |         0 |         0 |         0 |         0 |         0 |     54453 |         0 |         0 |         0 |         0 |         0 |
|               CAS_COUNT_WR               | MBOX0C1 |    479083 |         0 |         0 |         0 |         0 |         0 |         0 |     77706 |         0 |         0 |         0 |         0 |         0 |         0 |     68837 |         0 |         0 |         0 |         0 |         0 |     75496 |         0 |         0 |         0 |         0 |         0 |
|               CAS_COUNT_RD               | MBOX1C0 |    560671 |         0 |         0 |         0 |         0 |         0 |         0 |     53376 |         0 |         0 |         0 |         0 |         0 |         0 |     50065 |         0 |         0 |         0 |         0 |         0 |     76826 |         0 |         0 |         0 |         0 |         0 |
|               CAS_COUNT_WR               | MBOX1C1 |    699434 |         0 |         0 |         0 |         0 |         0 |         0 |     81584 |         0 |         0 |         0 |         0 |         0 |         0 |     76358 |         0 |         0 |         0 |         0 |         0 |     98088 |         0 |         0 |         0 |         0 |         0 |
|               CAS_COUNT_RD               | MBOX2C0 |    342094 |         0 |         0 |         0 |         0 |         0 |         0 |     52362 |         0 |         0 |         0 |         0 |         0 |         0 |     62113 |         0 |         0 |         0 |         0 |         0 |     69777 |         0 |         0 |         0 |         0 |         0 |
|               CAS_COUNT_WR               | MBOX2C1 |    485369 |         0 |         0 |         0 |         0 |         0 |         0 |     82545 |         0 |         0 |         0 |         0 |         0 |         0 |     86100 |         0 |         0 |         0 |         0 |         0 |     90547 |         0 |         0 |         0 |         0 |         0 |
|               CAS_COUNT_RD               | MBOX3C0 |    347565 |         0 |         0 |         0 |         0 |         0 |         0 |     30285 |         0 |         0 |         0 |         0 |         0 |         0 |     78896 |         0 |         0 |         0 |         0 |         0 |     87178 |         0 |         0 |         0 |         0 |         0 |
|               CAS_COUNT_WR               | MBOX3C1 |    447973 |         0 |         0 |         0 |         0 |         0 |         0 |     60571 |         0 |         0 |         0 |         0 |         0 |         0 |     98654 |         0 |         0 |         0 |         0 |         0 |    101297 |         0 |         0 |         0 |         0 |         0 |
|               CAS_COUNT_RD               | MBOX4C0 |    280724 |         0 |         0 |         0 |         0 |         0 |         0 |     34950 |         0 |         0 |         0 |         0 |         0 |         0 |     35194 |         0 |         0 |         0 |         0 |         0 |     33945 |         0 |         0 |         0 |         0 |         0 |
|               CAS_COUNT_WR               | MBOX4C1 |    456669 |         0 |         0 |         0 |         0 |         0 |         0 |     64164 |         0 |         0 |         0 |         0 |         0 |         0 |     64711 |         0 |         0 |         0 |         0 |         0 |     57709 |         0 |         0 |         0 |         0 |         0 |
|               CAS_COUNT_RD               | MBOX5C0 |    267136 |         0 |         0 |         0 |         0 |         0 |         0 |     30302 |         0 |         0 |         0 |         0 |         0 |         0 |     32773 |         0 |         0 |         0 |         0 |         0 |     63678 |         0 |         0 |         0 |         0 |         0 |
|               CAS_COUNT_WR               | MBOX5C1 |    434413 |         0 |         0 |         0 |         0 |         0 |         0 |     60432 |         0 |         0 |         0 |         0 |         0 |         0 |     60533 |         0 |         0 |         0 |         0 |         0 |     85303 |         0 |         0 |         0 |         0 |         0 |
+------------------------------------------+---------+-----------+-----------+-----------+-----------+-----------+-----------+-----------+-----------+-----------+-----------+-----------+-----------+-----------+-----------+-----------+-----------+-----------+-----------+-----------+-----------+-----------+-----------+-----------+-----------+-----------+-----------+
+-----------------------------------------------+---------+------------+-----------+-----------+--------------+
|                     Event                     | Counter |     Sum    |    Min    |    Max    |      Avg     |
+-----------------------------------------------+---------+------------+-----------+-----------+--------------+
|             INSTR_RETIRED_ANY STAT            |  FIXC0  | 2716648730 |  94738860 | 237814000 | 1.044865e+08 |
|           CPU_CLK_UNHALTED_CORE STAT          |  FIXC1  | 4816254300 | 152180000 | 230391900 |    185240550 |
|           CPU_CLK_UNHALTED_REF STAT           |  FIXC2  | 6599287000 | 208584200 | 315839300 | 2.538187e+08 |
|              PWR_PKG_ENERGY STAT              |   PWR0  |    40.1959 |         0 |   11.1550 |       1.5460 |
|              PWR_DRAM_ENERGY STAT             |   PWR3  |     4.4455 |         0 |    1.3777 |       0.1710 |
| FP_ARITH_INST_RETIRED_128B_PACKED_DOUBLE STAT |   PMC0  |      23000 |         0 |     23000 |     884.6154 |
|    FP_ARITH_INST_RETIRED_SCALAR_DOUBLE STAT   |   PMC1  |  712834730 |  26072310 |  37746460 | 2.741672e+07 |
| FP_ARITH_INST_RETIRED_256B_PACKED_DOUBLE STAT |   PMC2  |      15090 |         0 |     15090 |     580.3846 |
| FP_ARITH_INST_RETIRED_512B_PACKED_DOUBLE STAT |   PMC3  |     141851 |         0 |    141851 |    5455.8077 |
|               CAS_COUNT_RD STAT               | MBOX0C0 |     426285 |         0 |    277729 |   16395.5769 |
|               CAS_COUNT_WR STAT               | MBOX0C1 |     701122 |         0 |    479083 |   26966.2308 |
|               CAS_COUNT_RD STAT               | MBOX1C0 |     740938 |         0 |    560671 |   28497.6154 |
|               CAS_COUNT_WR STAT               | MBOX1C1 |     955464 |         0 |    699434 |   36748.6154 |
|               CAS_COUNT_RD STAT               | MBOX2C0 |     526346 |         0 |    342094 |   20244.0769 |
|               CAS_COUNT_WR STAT               | MBOX2C1 |     744561 |         0 |    485369 |   28636.9615 |
|               CAS_COUNT_RD STAT               | MBOX3C0 |     543924 |         0 |    347565 |   20920.1538 |
|               CAS_COUNT_WR STAT               | MBOX3C1 |     708495 |         0 |    447973 |   27249.8077 |
|               CAS_COUNT_RD STAT               | MBOX4C0 |     384813 |         0 |    280724 |   14800.5000 |
|               CAS_COUNT_WR STAT               | MBOX4C1 |     643253 |         0 |    456669 |   24740.5000 |
|               CAS_COUNT_RD STAT               | MBOX5C0 |     393889 |         0 |    267136 |   15149.5769 |
|               CAS_COUNT_WR STAT               | MBOX5C1 |     640681 |         0 |    434413 |   24641.5769 |
+-----------------------------------------------+---------+------------+-----------+-----------+--------------+
+-----------------------------------+-----------+-----------+-----------+-----------+-----------+-----------+-----------+-----------+-----------+-----------+-----------+-----------+-----------+-----------+-----------+-----------+-----------+-----------+-----------+-----------+-----------+-----------+-----------+-----------+-----------+-----------+
|               Metric              |   Core 0  |   Core 1  |   Core 2  |   Core 3  |   Core 4  |   Core 5  |   Core 6  |  Core 14  |  Core 15  |  Core 16  |  Core 17  |  Core 18  |  Core 19  |  Core 20  |  Core 28  |  Core 29  |  Core 30  |  Core 31  |  Core 32  |  Core 33  |  Core 42  |  Core 43  |  Core 44  |  Core 45  |  Core 46  |  Core 47  |
+-----------------------------------+-----------+-----------+-----------+-----------+-----------+-----------+-----------+-----------+-----------+-----------+-----------+-----------+-----------+-----------+-----------+-----------+-----------+-----------+-----------+-----------+-----------+-----------+-----------+-----------+-----------+-----------+
|        Runtime (RDTSC) [s]        |    0.3071 |    0.3116 |    0.3116 |    0.3116 |    0.3116 |    0.3116 |    0.3116 |    0.3069 |    0.2732 |    0.2732 |    0.2731 |    0.2731 |    0.2731 |    0.2732 |    0.3070 |    0.2732 |    0.2733 |    0.3116 |    0.3116 |    0.3116 |    0.3069 |    0.2731 |    0.2731 |    0.2731 |    0.2731 |    0.2732 |
|        Runtime unhalted [s]       |    0.0842 |    0.0846 |    0.0888 |    0.0843 |    0.0863 |    0.0838 |    0.0845 |    0.0742 |    0.0627 |    0.0595 |    0.0615 |    0.0597 |    0.0598 |    0.0587 |    0.0785 |    0.0608 |    0.0591 |    0.0792 |    0.0811 |    0.0805 |    0.0761 |    0.0639 |    0.0615 |    0.0629 |    0.0604 |    0.0603 |
|            Clock [MHz]            | 1892.0396 | 1891.9948 | 1892.0516 | 1891.8778 | 1891.7807 | 1891.6632 | 1891.9962 | 1893.3652 | 1892.6063 | 1892.3327 | 1893.0215 | 1892.7170 | 1893.3307 | 1892.3790 | 1894.4221 | 1894.5115 | 1894.5191 | 1894.0327 | 1894.9255 | 1894.6441 | 1892.9293 | 1893.3831 | 1892.9760 | 1893.4232 | 1892.7670 | 1892.5514 |
|                CPI                |    0.9186 |    2.0652 |    2.1624 |    2.0737 |    2.1234 |    2.0652 |    2.1268 |    1.8996 |    1.6318 |    1.5545 |    1.6084 |    1.5711 |    1.5968 |    1.5777 |    2.0657 |    1.6364 |    1.6065 |    2.1021 |    2.1461 |    2.1381 |    2.0391 |    1.7395 |    1.6808 |    1.7149 |    1.6524 |    1.6519 |
|             Energy [J]            |   11.1550 |         0 |         0 |         0 |         0 |         0 |         0 |    9.5257 |         0 |         0 |         0 |         0 |         0 |         0 |   10.0176 |         0 |         0 |         0 |         0 |         0 |    9.4976 |         0 |         0 |         0 |         0 |         0 |
|             Power [W]             |   36.3283 |         0 |         0 |         0 |         0 |         0 |         0 |   31.0345 |         0 |         0 |         0 |         0 |         0 |         0 |   32.6340 |         0 |         0 |         0 |         0 |         0 |   30.9436 |         0 |         0 |         0 |         0 |         0 |
|          Energy DRAM [J]          |    1.3777 |         0 |         0 |         0 |         0 |         0 |         0 |    1.1766 |         0 |         0 |         0 |         0 |         0 |         0 |    0.8703 |         0 |         0 |         0 |         0 |         0 |    1.0209 |         0 |         0 |         0 |         0 |         0 |
|           Power DRAM [W]          |    4.4866 |         0 |         0 |         0 |         0 |         0 |         0 |    3.8332 |         0 |         0 |         0 |         0 |         0 |         0 |    2.8350 |         0 |         0 |         0 |         0 |         0 |    3.3262 |         0 |         0 |         0 |         0 |         0 |
|            DP [MFLOP/s]           |  126.9706 |   91.7421 |   91.5841 |   90.9702 |   90.7912 |   90.8395 |   88.7784 |   89.6448 |  100.4394 |  100.4319 |  100.1767 |   99.7198 |   98.1421 |   97.4098 |   86.3298 |   96.9864 |   96.4216 |   84.4250 |   84.4321 |   84.1979 |   85.1792 |   95.6838 |   95.6876 |   95.6837 |   95.6792 |   95.4493 |
|          AVX DP [MFLOP/s]         |    3.8923 |         0 |         0 |         0 |         0 |         0 |         0 |         0 |         0 |         0 |         0 |         0 |         0 |         0 |         0 |         0 |         0 |         0 |         0 |         0 |         0 |         0 |         0 |         0 |         0 |         0 |
|          Packed [MUOPS/s]         |    0.5860 |         0 |         0 |         0 |         0 |         0 |         0 |         0 |         0 |         0 |         0 |         0 |         0 |         0 |         0 |         0 |         0 |         0 |         0 |         0 |         0 |         0 |         0 |         0 |         0 |         0 |
|          Scalar [MUOPS/s]         |  122.9285 |   91.7421 |   91.5841 |   90.9702 |   90.7912 |   90.8395 |   88.7784 |   89.6448 |  100.4394 |  100.4319 |  100.1767 |   99.7198 |   98.1421 |   97.4098 |   86.3298 |   96.9864 |   96.4216 |   84.4250 |   84.4321 |   84.1979 |   85.1792 |   95.6838 |   95.6876 |   95.6837 |   95.6792 |   95.4493 |
|  Memory read bandwidth [MBytes/s] |  432.6800 |         0 |         0 |         0 |         0 |         0 |         0 |   52.6879 |         0 |         0 |         0 |         0 |         0 |         0 |   62.9081 |         0 |         0 |         0 |         0 |         0 |   80.4568 |         0 |         0 |         0 |         0 |         0 |
|  Memory read data volume [GBytes] |    0.1329 |         0 |         0 |         0 |         0 |         0 |         0 |    0.0162 |         0 |         0 |         0 |         0 |         0 |         0 |    0.0193 |         0 |         0 |         0 |         0 |         0 |    0.0247 |         0 |         0 |         0 |         0 |         0 |
| Memory write bandwidth [MBytes/s] |  625.8975 |         0 |         0 |         0 |         0 |         0 |         0 |   89.0345 |         0 |         0 |         0 |         0 |         0 |         0 |   94.9032 |         0 |         0 |         0 |         0 |         0 |  106.0171 |         0 |         0 |         0 |         0 |         0 |
| Memory write data volume [GBytes] |    0.1922 |         0 |         0 |         0 |         0 |         0 |         0 |    0.0273 |         0 |         0 |         0 |         0 |         0 |         0 |    0.0291 |         0 |         0 |         0 |         0 |         0 |    0.0325 |         0 |         0 |         0 |         0 |         0 |
|    Memory bandwidth [MBytes/s]    | 1058.5776 |         0 |         0 |         0 |         0 |         0 |         0 |  141.7224 |         0 |         0 |         0 |         0 |         0 |         0 |  157.8113 |         0 |         0 |         0 |         0 |         0 |  186.4739 |         0 |         0 |         0 |         0 |         0 |
|    Memory data volume [GBytes]    |    0.3250 |         0 |         0 |         0 |         0 |         0 |         0 |    0.0435 |         0 |         0 |         0 |         0 |         0 |         0 |    0.0484 |         0 |         0 |         0 |         0 |         0 |    0.0572 |         0 |         0 |         0 |         0 |         0 |
|       Operational intensity       |    0.1199 |    0.0880 |    0.0878 |    0.0872 |    0.0870 |    0.0871 |    0.0851 |    0.6325 |    0.6307 |    0.6307 |    0.6290 |    0.6261 |    0.6162 |    0.6117 |    0.5470 |    0.5470 |    0.5440 |    0.5431 |    0.5431 |    0.5416 |    0.4568 |    0.4566 |    0.4566 |    0.4566 |    0.4566 |    0.4555 |
+-----------------------------------+-----------+-----------+-----------+-----------+-----------+-----------+-----------+-----------+-----------+-----------+-----------+-----------+-----------+-----------+-----------+-----------+-----------+-----------+-----------+-----------+-----------+-----------+-----------+-----------+-----------+-----------+
+----------------------------------------+------------+-----------+-----------+-----------+
|                 Metric                 |     Sum    |    Min    |    Max    |    Avg    |
+----------------------------------------+------------+-----------+-----------+-----------+
|        Runtime (RDTSC) [s] STAT        |     7.5833 |    0.2731 |    0.3116 |    0.2917 |
|        Runtime unhalted [s] STAT       |     1.8569 |    0.0587 |    0.0888 |    0.0714 |
|            Clock [MHz] STAT            | 49218.2413 | 1891.6632 | 1894.9255 | 1893.0093 |
|                CPI STAT                |    47.1487 |    0.9186 |    2.1624 |    1.8134 |
|             Energy [J] STAT            |    40.1959 |         0 |   11.1550 |    1.5460 |
|             Power [W] STAT             |   130.9404 |         0 |   36.3283 |    5.0362 |
|          Energy DRAM [J] STAT          |     4.4455 |         0 |    1.3777 |    0.1710 |
|           Power DRAM [W] STAT          |    14.4810 |         0 |    4.4866 |    0.5570 |
|            DP [MFLOP/s] STAT           |  2453.7962 |   84.1979 |  126.9706 |   94.3768 |
|          AVX DP [MFLOP/s] STAT         |     3.8923 |         0 |    3.8923 |    0.1497 |
|          Packed [MUOPS/s] STAT         |     0.5860 |         0 |    0.5860 |    0.0225 |
|          Scalar [MUOPS/s] STAT         |  2449.7541 |   84.1979 |  122.9285 |   94.2213 |
|  Memory read bandwidth [MBytes/s] STAT |   628.7328 |         0 |  432.6800 |   24.1820 |
|  Memory read data volume [GBytes] STAT |     0.1931 |         0 |    0.1329 |    0.0074 |
| Memory write bandwidth [MBytes/s] STAT |   915.8523 |         0 |  625.8975 |   35.2251 |
| Memory write data volume [GBytes] STAT |     0.2811 |         0 |    0.1922 |    0.0108 |
|    Memory bandwidth [MBytes/s] STAT    |  1544.5852 |         0 | 1058.5776 |   59.4071 |
|    Memory data volume [GBytes] STAT    |     0.4741 |         0 |    0.3250 |    0.0182 |
|       Operational intensity STAT       |    11.0235 |    0.0851 |    0.6325 |    0.4240 |
+----------------------------------------+------------+-----------+-----------+-----------+
--------------------------------------------------------------------------------
CPU name:	Intel(R) Xeon(R) Gold 6132 CPU @ 2.60GHz
CPU type:	Intel Skylake SP processor
CPU clock:	2.59 GHz
--------------------------------------------------------------------------------
Region Solve, Group 1: MEM_DP
+-------------------+----------+----------+----------+----------+----------+----------+----------+----------+----------+----------+----------+----------+----------+----------+----------+----------+----------+----------+----------+----------+----------+----------+----------+----------+----------+----------+
|    Region Info    |  Core 0  |  Core 1  |  Core 2  |  Core 3  |  Core 4  |  Core 5  |  Core 6  |  Core 14 |  Core 15 |  Core 16 |  Core 17 |  Core 18 |  Core 19 |  Core 20 |  Core 28 |  Core 29 |  Core 30 |  Core 31 |  Core 32 |  Core 33 |  Core 42 |  Core 43 |  Core 44 |  Core 45 |  Core 46 |  Core 47 |
+-------------------+----------+----------+----------+----------+----------+----------+----------+----------+----------+----------+----------+----------+----------+----------+----------+----------+----------+----------+----------+----------+----------+----------+----------+----------+----------+----------+
| RDTSC Runtime [s] | 7.995131 | 7.997600 | 7.997593 | 7.997604 | 7.997595 | 7.997591 | 7.997594 | 7.995115 | 7.997592 | 7.997592 | 7.997595 | 7.997602 | 7.997599 | 7.997596 | 7.995118 | 7.997597 | 7.997594 | 7.997597 | 7.997587 | 7.997596 | 7.995121 | 7.997586 | 7.997586 | 7.997586 | 7.997586 | 7.997587 |
|     call count    |        1 |        1 |        1 |        1 |        1 |        1 |        1 |        1 |        1 |        1 |        1 |        1 |        1 |        1 |        1 |        1 |        1 |        1 |        1 |        1 |        1 |        1 |        1 |        1 |        1 |        1 |
+-------------------+----------+----------+----------+----------+----------+----------+----------+----------+----------+----------+----------+----------+----------+----------+----------+----------+----------+----------+----------+----------+----------+----------+----------+----------+----------+----------+
+------------------------------------------+---------+-------------+-------------+-------------+-------------+-------------+-------------+-------------+-------------+-------------+-------------+-------------+-------------+-------------+-------------+-------------+-------------+-------------+-------------+-------------+-------------+-------------+-------------+-------------+-------------+-------------+-------------+
|                   Event                  | Counter |    Core 0   |    Core 1   |    Core 2   |    Core 3   |    Core 4   |    Core 5   |    Core 6   |   Core 14   |   Core 15   |   Core 16   |   Core 17   |   Core 18   |   Core 19   |   Core 20   |   Core 28   |   Core 29   |   Core 30   |   Core 31   |   Core 32   |   Core 33   |   Core 42   |   Core 43   |   Core 44   |   Core 45   |   Core 46   |   Core 47   |
+------------------------------------------+---------+-------------+-------------+-------------+-------------+-------------+-------------+-------------+-------------+-------------+-------------+-------------+-------------+-------------+-------------+-------------+-------------+-------------+-------------+-------------+-------------+-------------+-------------+-------------+-------------+-------------+-------------+
|             INSTR_RETIRED_ANY            |  FIXC0  | 23192770000 | 23002450000 | 23049130000 | 22994830000 | 22883610000 | 22813180000 | 22586880000 | 22336900000 | 22348960000 | 22389460000 | 22280470000 | 22198850000 | 22103430000 | 21851030000 | 21842400000 | 21876760000 | 21858970000 | 21813040000 | 21519760000 | 21520440000 | 21480500000 | 21553140000 | 21330110000 | 21175150000 | 21266290000 | 22344650000 |
|           CPU_CLK_UNHALTED_CORE          |  FIXC1  | 15005070000 | 15065850000 | 15065450000 | 15009370000 | 15064470000 | 15064810000 | 14968100000 | 15001920000 | 15008140000 | 15009410000 | 15012560000 | 15017880000 | 14828370000 | 15015810000 | 15005320000 | 15010930000 | 15006360000 | 15011040000 | 15011790000 | 15008880000 | 15010980000 | 15016270000 | 15015290000 | 15017390000 | 14642460000 | 12768850000 |
|           CPU_CLK_UNHALTED_REF           |  FIXC2  | 20533220000 | 20616410000 | 20615860000 | 20539130000 | 20614510000 | 20614980000 | 20482710000 | 20528970000 | 20537490000 | 20539220000 | 20543550000 | 20550820000 | 20291510000 | 20547990000 | 20533570000 | 20541260000 | 20535000000 | 20541410000 | 20542440000 | 20538460000 | 20541330000 | 20548560000 | 20547240000 | 20550100000 | 20037020000 | 17473190000 |
|              PWR_PKG_ENERGY              |   PWR0  |    424.6019 |           0 |           0 |           0 |           0 |           0 |           0 |    375.4225 |           0 |           0 |           0 |           0 |           0 |           0 |    382.3985 |           0 |           0 |           0 |           0 |           0 |    365.2661 |           0 |           0 |           0 |           0 |           0 |
|              PWR_DRAM_ENERGY             |   PWR3  |     34.5683 |           0 |           0 |           0 |           0 |           0 |           0 |     33.9805 |           0 |           0 |           0 |           0 |           0 |           0 |     25.6029 |           0 |           0 |           0 |           0 |           0 |     28.2292 |           0 |           0 |           0 |           0 |           0 |
| FP_ARITH_INST_RETIRED_128B_PACKED_DOUBLE |   PMC0  |       65560 |           0 |           0 |           0 |           0 |           0 |           0 |           0 |           0 |           0 |           0 |           0 |           0 |           0 |           0 |           0 |           0 |           0 |           0 |           0 |           0 |           0 |           0 |           0 |           0 |           0 |
|    FP_ARITH_INST_RETIRED_SCALAR_DOUBLE   |   PMC1  |  6840852000 |  6810552000 |  6850380000 |  6815024000 |  6782361000 |  6749657000 |  6642282000 |  6594790000 |  6596081000 |  6602558000 |  6551300000 |  6511075000 |  6430037000 |  6395675000 |  6389460000 |  6413955000 |  6426673000 |  6416283000 |  6331552000 |  6330924000 |  6317721000 |  6351345000 |  6304779000 |  6249912000 |  6170126000 |  6099756000 |
| FP_ARITH_INST_RETIRED_256B_PACKED_DOUBLE |   PMC2  |       83556 |           0 |           0 |           0 |           0 |           0 |           0 |           0 |           0 |           0 |           0 |           0 |           0 |           0 |           0 |           0 |           0 |           0 |           0 |           0 |           0 |           0 |           0 |           0 |           0 |           0 |
| FP_ARITH_INST_RETIRED_512B_PACKED_DOUBLE |   PMC3  |      417868 |           0 |           0 |           0 |           0 |           0 |           0 |           0 |           0 |           0 |           0 |           0 |           0 |           0 |           0 |           0 |           0 |           0 |           0 |           0 |           0 |           0 |           0 |           0 |           0 |           0 |
|               CAS_COUNT_RD               | MBOX0C0 |    17266650 |           0 |           0 |           0 |           0 |           0 |           0 |    15015860 |           0 |           0 |           0 |           0 |           0 |           0 |    10621570 |           0 |           0 |           0 |           0 |           0 |     8684770 |           0 |           0 |           0 |           0 |           0 |
|               CAS_COUNT_WR               | MBOX0C1 |    11248530 |           0 |           0 |           0 |           0 |           0 |           0 |     9608774 |           0 |           0 |           0 |           0 |           0 |           0 |     6388197 |           0 |           0 |           0 |           0 |           0 |     4475022 |           0 |           0 |           0 |           0 |           0 |
|               CAS_COUNT_RD               | MBOX1C0 |    17391340 |           0 |           0 |           0 |           0 |           0 |           0 |    14658340 |           0 |           0 |           0 |           0 |           0 |           0 |    10651400 |           0 |           0 |           0 |           0 |           0 |     8780017 |           0 |           0 |           0 |           0 |           0 |
|               CAS_COUNT_WR               | MBOX1C1 |    11313480 |           0 |           0 |           0 |           0 |           0 |           0 |     9294733 |           0 |           0 |           0 |           0 |           0 |           0 |     6424605 |           0 |           0 |           0 |           0 |           0 |     4548804 |           0 |           0 |           0 |           0 |           0 |
|               CAS_COUNT_RD               | MBOX2C0 |    17207000 |           0 |           0 |           0 |           0 |           0 |           0 |    14732770 |           0 |           0 |           0 |           0 |           0 |           0 |    10645470 |           0 |           0 |           0 |           0 |           0 |     8757762 |           0 |           0 |           0 |           0 |           0 |
|               CAS_COUNT_WR               | MBOX2C1 |    11033140 |           0 |           0 |           0 |           0 |           0 |           0 |     9322905 |           0 |           0 |           0 |           0 |           0 |           0 |     6437634 |           0 |           0 |           0 |           0 |           0 |     4566005 |           0 |           0 |           0 |           0 |           0 |
|               CAS_COUNT_RD               | MBOX3C0 |    17297680 |           0 |           0 |           0 |           0 |           0 |           0 |    14444370 |           0 |           0 |           0 |           0 |           0 |           0 |    10564430 |           0 |           0 |           0 |           0 |           0 |     8716420 |           0 |           0 |           0 |           0 |           0 |
|               CAS_COUNT_WR               | MBOX3C1 |    10970170 |           0 |           0 |           0 |           0 |           0 |           0 |     9027188 |           0 |           0 |           0 |           0 |           0 |           0 |     6343681 |           0 |           0 |           0 |           0 |           0 |     4498070 |           0 |           0 |           0 |           0 |           0 |
|               CAS_COUNT_RD               | MBOX4C0 |    17197370 |           0 |           0 |           0 |           0 |           0 |           0 |    14421530 |           0 |           0 |           0 |           0 |           0 |           0 |    10417340 |           0 |           0 |           0 |           0 |           0 |     8477081 |           0 |           0 |           0 |           0 |           0 |
|               CAS_COUNT_WR               | MBOX4C1 |    11012540 |           0 |           0 |           0 |           0 |           0 |           0 |     8986300 |           0 |           0 |           0 |           0 |           0 |           0 |     6186002 |           0 |           0 |           0 |           0 |           0 |     4269019 |           0 |           0 |           0 |           0 |           0 |
|               CAS_COUNT_RD               | MBOX5C0 |    17044780 |           0 |           0 |           0 |           0 |           0 |           0 |    14420370 |           0 |           0 |           0 |           0 |           0 |           0 |    10429080 |           0 |           0 |           0 |           0 |           0 |     8565455 |           0 |           0 |           0 |           0 |           0 |
|               CAS_COUNT_WR               | MBOX5C1 |    10928830 |           0 |           0 |           0 |           0 |           0 |           0 |     9027260 |           0 |           0 |           0 |           0 |           0 |           0 |     6186233 |           0 |           0 |           0 |           0 |           0 |     4345839 |           0 |           0 |           0 |           0 |           0 |
+------------------------------------------+---------+-------------+-------------+-------------+-------------+-------------+-------------+-------------+-------------+-------------+-------------+-------------+-------------+-------------+-------------+-------------+-------------+-------------+-------------+-------------+-------------+-------------+-------------+-------------+-------------+-------------+-------------+
+-----------------------------------------------+---------+--------------+-------------+-------------+--------------+
|                     Event                     | Counter |      Sum     |     Min     |     Max     |      Avg     |
+-----------------------------------------------+---------+--------------+-------------+-------------+--------------+
|             INSTR_RETIRED_ANY STAT            |  FIXC0  | 575613160000 | 21175150000 | 23192770000 | 2.213897e+10 |
|           CPU_CLK_UNHALTED_CORE STAT          |  FIXC1  | 387662770000 | 12768850000 | 15065850000 | 1.491011e+10 |
|           CPU_CLK_UNHALTED_REF STAT           |  FIXC2  | 530485950000 | 17473190000 | 20616410000 | 2.040331e+10 |
|              PWR_PKG_ENERGY STAT              |   PWR0  |    1547.6890 |           0 |    424.6019 |      59.5265 |
|              PWR_DRAM_ENERGY STAT             |   PWR3  |     122.3809 |           0 |     34.5683 |       4.7070 |
| FP_ARITH_INST_RETIRED_128B_PACKED_DOUBLE STAT |   PMC0  |        65560 |           0 |       65560 |    2521.5385 |
|    FP_ARITH_INST_RETIRED_SCALAR_DOUBLE STAT   |   PMC1  | 168975110000 |  6099756000 |  6850380000 | 6.499043e+09 |
| FP_ARITH_INST_RETIRED_256B_PACKED_DOUBLE STAT |   PMC2  |        83556 |           0 |       83556 |    3213.6923 |
| FP_ARITH_INST_RETIRED_512B_PACKED_DOUBLE STAT |   PMC3  |       417868 |           0 |      417868 |   16071.8462 |
|               CAS_COUNT_RD STAT               | MBOX0C0 |     51588850 |           0 |    17266650 | 1.984187e+06 |
|               CAS_COUNT_WR STAT               | MBOX0C1 |     31720523 |           0 |    11248530 | 1.220020e+06 |
|               CAS_COUNT_RD STAT               | MBOX1C0 |     51481097 |           0 |    17391340 | 1.980042e+06 |
|               CAS_COUNT_WR STAT               | MBOX1C1 |     31581622 |           0 |    11313480 | 1.214678e+06 |
|               CAS_COUNT_RD STAT               | MBOX2C0 |     51343002 |           0 |    17207000 | 1.974731e+06 |
|               CAS_COUNT_WR STAT               | MBOX2C1 |     31359684 |           0 |    11033140 | 1.206142e+06 |
|               CAS_COUNT_RD STAT               | MBOX3C0 |     51022900 |           0 |    17297680 | 1.962419e+06 |
|               CAS_COUNT_WR STAT               | MBOX3C1 |     30839109 |           0 |    10970170 | 1.186120e+06 |
|               CAS_COUNT_RD STAT               | MBOX4C0 |     50513321 |           0 |    17197370 | 1.942820e+06 |
|               CAS_COUNT_WR STAT               | MBOX4C1 |     30453861 |           0 |    11012540 | 1.171302e+06 |
|               CAS_COUNT_RD STAT               | MBOX5C0 |     50459685 |           0 |    17044780 | 1.940757e+06 |
|               CAS_COUNT_WR STAT               | MBOX5C1 |     30488162 |           0 |    10928830 | 1.172622e+06 |
+-----------------------------------------------+---------+--------------+-------------+-------------+--------------+
+-----------------------------------+-----------+-----------+-----------+-----------+-----------+-----------+-----------+-----------+-----------+-----------+-----------+-----------+-----------+-----------+-----------+-----------+-----------+-----------+-----------+-----------+-----------+-----------+-----------+-----------+-----------+-----------+
|               Metric              |   Core 0  |   Core 1  |   Core 2  |   Core 3  |   Core 4  |   Core 5  |   Core 6  |  Core 14  |  Core 15  |  Core 16  |  Core 17  |  Core 18  |  Core 19  |  Core 20  |  Core 28  |  Core 29  |  Core 30  |  Core 31  |  Core 32  |  Core 33  |  Core 42  |  Core 43  |  Core 44  |  Core 45  |  Core 46  |  Core 47  |
+-----------------------------------+-----------+-----------+-----------+-----------+-----------+-----------+-----------+-----------+-----------+-----------+-----------+-----------+-----------+-----------+-----------+-----------+-----------+-----------+-----------+-----------+-----------+-----------+-----------+-----------+-----------+-----------+
|        Runtime (RDTSC) [s]        |    7.9951 |    7.9976 |    7.9976 |    7.9976 |    7.9976 |    7.9976 |    7.9976 |    7.9951 |    7.9976 |    7.9976 |    7.9976 |    7.9976 |    7.9976 |    7.9976 |    7.9951 |    7.9976 |    7.9976 |    7.9976 |    7.9976 |    7.9976 |    7.9951 |    7.9976 |    7.9976 |    7.9976 |    7.9976 |    7.9976 |
|        Runtime unhalted [s]       |    5.7850 |    5.8085 |    5.8083 |    5.7867 |    5.8079 |    5.8081 |    5.7708 |    5.7838 |    5.7862 |    5.7867 |    5.7879 |    5.7900 |    5.7169 |    5.7892 |    5.7851 |    5.7873 |    5.7855 |    5.7873 |    5.7876 |    5.7865 |    5.7873 |    5.7894 |    5.7890 |    5.7898 |    5.6452 |    4.9229 |
|            Clock [MHz]            | 1895.4525 | 1895.4509 | 1895.4512 | 1895.4501 | 1895.4520 | 1895.4515 | 1895.4451 | 1895.4469 | 1895.4462 | 1895.4469 | 1895.4451 | 1895.4460 | 1895.4442 | 1895.4458 | 1895.4518 | 1895.4506 | 1895.4512 | 1895.4506 | 1895.4503 | 1895.4501 | 1895.4504 | 1895.4513 | 1895.4493 | 1895.4506 | 1895.4523 | 1895.4465 |
|                CPI                |    0.6470 |    0.6550 |    0.6536 |    0.6527 |    0.6583 |    0.6604 |    0.6627 |    0.6716 |    0.6715 |    0.6704 |    0.6738 |    0.6765 |    0.6709 |    0.6872 |    0.6870 |    0.6862 |    0.6865 |    0.6882 |    0.6976 |    0.6974 |    0.6988 |    0.6967 |    0.7039 |    0.7092 |    0.6885 |    0.5714 |
|             Energy [J]            |  424.6019 |         0 |         0 |         0 |         0 |         0 |         0 |  375.4225 |         0 |         0 |         0 |         0 |         0 |         0 |  382.3985 |         0 |         0 |         0 |         0 |         0 |  365.2661 |         0 |         0 |         0 |         0 |         0 |
|             Power [W]             |   53.1076 |         0 |         0 |         0 |         0 |         0 |         0 |   46.9565 |         0 |         0 |         0 |         0 |         0 |         0 |   47.8290 |         0 |         0 |         0 |         0 |         0 |   45.6861 |         0 |         0 |         0 |         0 |         0 |
|          Energy DRAM [J]          |   34.5683 |         0 |         0 |         0 |         0 |         0 |         0 |   33.9805 |         0 |         0 |         0 |         0 |         0 |         0 |   25.6029 |         0 |         0 |         0 |         0 |         0 |   28.2292 |         0 |         0 |         0 |         0 |         0 |
|           Power DRAM [W]          |    4.3237 |         0 |         0 |         0 |         0 |         0 |         0 |    4.2502 |         0 |         0 |         0 |         0 |         0 |         0 |    3.2023 |         0 |         0 |         0 |         0 |         0 |    3.5308 |         0 |         0 |         0 |         0 |         0 |
|            DP [MFLOP/s]           |  856.1036 |  851.5745 |  856.5552 |  852.1332 |  848.0501 |  843.9613 |  830.5350 |  824.8524 |  824.7584 |  825.5682 |  819.1588 |  814.1284 |  803.9959 |  799.6997 |  799.1702 |  801.9853 |  803.5758 |  802.2764 |  791.6828 |  791.6034 |  790.1970 |  794.1578 |  788.3353 |  781.4748 |  771.4985 |  762.6995 |
|          AVX DP [MFLOP/s]         |    0.4599 |         0 |         0 |         0 |         0 |         0 |         0 |         0 |         0 |         0 |         0 |         0 |         0 |         0 |         0 |         0 |         0 |         0 |         0 |         0 |         0 |         0 |         0 |         0 |         0 |         0 |
|          Packed [MUOPS/s]         |    0.0709 |         0 |         0 |         0 |         0 |         0 |         0 |         0 |         0 |         0 |         0 |         0 |         0 |         0 |         0 |         0 |         0 |         0 |         0 |         0 |         0 |         0 |         0 |         0 |         0 |         0 |
|          Scalar [MUOPS/s]         |  855.6273 |  851.5745 |  856.5552 |  852.1332 |  848.0501 |  843.9613 |  830.5350 |  824.8524 |  824.7584 |  825.5682 |  819.1588 |  814.1284 |  803.9959 |  799.6997 |  799.1702 |  801.9853 |  803.5758 |  802.2764 |  791.6828 |  791.6034 |  790.1970 |  794.1578 |  788.3353 |  781.4748 |  771.4985 |  762.6995 |
|  Memory read bandwidth [MBytes/s] |  827.7423 |         0 |         0 |         0 |         0 |         0 |         0 |  701.9746 |         0 |         0 |         0 |         0 |         0 |         0 |  506.9437 |         0 |         0 |         0 |         0 |         0 |  416.1058 |         0 |         0 |         0 |         0 |         0 |
|  Memory read data volume [GBytes] |    6.6179 |         0 |         0 |         0 |         0 |         0 |         0 |    5.6124 |         0 |         0 |         0 |         0 |         0 |         0 |    4.0531 |         0 |         0 |         0 |         0 |         0 |    3.3268 |         0 |         0 |         0 |         0 |         0 |
| Memory write bandwidth [MBytes/s] |  532.3775 |         0 |         0 |         0 |         0 |         0 |         0 |  442.4074 |         0 |         0 |         0 |         0 |         0 |         0 |  303.9163 |         0 |         0 |         0 |         0 |         0 |  213.7524 |         0 |         0 |         0 |         0 |         0 |
| Memory write data volume [GBytes] |    4.2564 |         0 |         0 |         0 |         0 |         0 |         0 |    3.5371 |         0 |         0 |         0 |         0 |         0 |         0 |    2.4298 |         0 |         0 |         0 |         0 |         0 |    1.7090 |         0 |         0 |         0 |         0 |         0 |
|    Memory bandwidth [MBytes/s]    | 1360.1199 |         0 |         0 |         0 |         0 |         0 |         0 | 1144.3820 |         0 |         0 |         0 |         0 |         0 |         0 |  810.8600 |         0 |         0 |         0 |         0 |         0 |  629.8582 |         0 |         0 |         0 |         0 |         0 |
|    Memory data volume [GBytes]    |   10.8743 |         0 |         0 |         0 |         0 |         0 |         0 |    9.1495 |         0 |         0 |         0 |         0 |         0 |         0 |    6.4829 |         0 |         0 |         0 |         0 |         0 |    5.0358 |         0 |         0 |         0 |         0 |         0 |
|       Operational intensity       |    0.6294 |    0.6263 |    0.6300 |    0.6267 |    0.6237 |    0.6207 |    0.6108 |    0.7208 |    0.7209 |    0.7216 |    0.7160 |    0.7116 |    0.7028 |    0.6990 |    0.9856 |    0.9894 |    0.9913 |    0.9897 |    0.9767 |    0.9766 |    1.2546 |    1.2612 |    1.2520 |    1.2411 |    1.2253 |    1.2113 |
+-----------------------------------+-----------+-----------+-----------+-----------+-----------+-----------+-----------+-----------+-----------+-----------+-----------+-----------+-----------+-----------+-----------+-----------+-----------+-----------+-----------+-----------+-----------+-----------+-----------+-----------+-----------+-----------+
+----------------------------------------+------------+-----------+-----------+-----------+
|                 Metric                 |     Sum    |    Min    |    Max    |    Avg    |
+----------------------------------------+------------+-----------+-----------+-----------+
|        Runtime (RDTSC) [s] STAT        |   207.9276 |    7.9951 |    7.9976 |    7.9972 |
|        Runtime unhalted [s] STAT       |   149.4589 |    4.9229 |    5.8085 |    5.7484 |
|            Clock [MHz] STAT            | 49281.6794 | 1895.4442 | 1895.4525 | 1895.4492 |
|                CPI STAT                |    17.5230 |    0.5714 |    0.7092 |    0.6740 |
|             Energy [J] STAT            |  1547.6890 |         0 |  424.6019 |   59.5265 |
|             Power [W] STAT             |   193.5792 |         0 |   53.1076 |    7.4454 |
|          Energy DRAM [J] STAT          |   122.3809 |         0 |   34.5683 |    4.7070 |
|           Power DRAM [W] STAT          |    15.3070 |         0 |    4.3237 |    0.5887 |
|            DP [MFLOP/s] STAT           | 21129.7315 |  762.6995 |  856.5552 |  812.6820 |
|          AVX DP [MFLOP/s] STAT         |     0.4599 |         0 |    0.4599 |    0.0177 |
|          Packed [MUOPS/s] STAT         |     0.0709 |         0 |    0.0709 |    0.0027 |
|          Scalar [MUOPS/s] STAT         | 21129.2552 |  762.6995 |  856.5552 |  812.6637 |
|  Memory read bandwidth [MBytes/s] STAT |  2452.7664 |         0 |  827.7423 |   94.3372 |
|  Memory read data volume [GBytes] STAT |    19.6102 |         0 |    6.6179 |    0.7542 |
| Memory write bandwidth [MBytes/s] STAT |  1492.4536 |         0 |  532.3775 |   57.4021 |
| Memory write data volume [GBytes] STAT |    11.9323 |         0 |    4.2564 |    0.4589 |
|    Memory bandwidth [MBytes/s] STAT    |  3945.2201 |         0 | 1360.1199 |  151.7392 |
|    Memory data volume [GBytes] STAT    |    31.5425 |         0 |   10.8743 |    1.2132 |
|       Operational intensity STAT       |    22.7151 |    0.6108 |    1.2612 |    0.8737 |
+----------------------------------------+------------+-----------+-----------+-----------+
