--------------------------------------------------------------------------------
CPU name:	Intel(R) Xeon(R) Gold 6132 CPU @ 2.60GHz
CPU type:	Intel Skylake SP processor
CPU clock:	2.59 GHz
--------------------------------------------------------------------------------
Region Setup, Group 1: MEM_DP
+-------------------+----------+----------+----------+----------+----------+----------+----------+----------+----------+----------+----------+----------+----------+----------+----------+----------+----------+----------+----------+----------+----------+----------+----------+----------+----------+----------+----------+----------+----------+----------+
|    Region Info    |  Core 0  |  Core 1  |  Core 2  |  Core 3  |  Core 4  |  Core 5  |  Core 6  |  Core 7  |  Core 14 |  Core 15 |  Core 16 |  Core 17 |  Core 18 |  Core 19 |  Core 20 |  Core 21 |  Core 28 |  Core 29 |  Core 30 |  Core 31 |  Core 32 |  Core 33 |  Core 34 |  Core 42 |  Core 43 |  Core 44 |  Core 45 |  Core 46 |  Core 47 |  Core 48 |
+-------------------+----------+----------+----------+----------+----------+----------+----------+----------+----------+----------+----------+----------+----------+----------+----------+----------+----------+----------+----------+----------+----------+----------+----------+----------+----------+----------+----------+----------+----------+----------+
| RDTSC Runtime [s] | 0.280979 | 0.285570 | 0.285580 | 0.285489 | 0.285502 | 0.285584 | 0.285478 | 0.285453 | 0.281021 | 0.285503 | 0.285474 | 0.285509 | 0.285534 | 0.285560 | 0.285618 | 0.285600 | 0.281015 | 0.285534 | 0.285505 | 0.285492 | 0.285578 | 0.285499 | 0.285441 | 0.280982 | 0.285536 | 0.285457 | 0.285489 | 0.285469 | 0.285581 | 0.285511 |
|     call count    |        2 |        2 |        2 |        2 |        2 |        2 |        2 |        2 |        2 |        2 |        2 |        2 |        2 |        2 |        2 |        2 |        2 |        2 |        2 |        2 |        2 |        2 |        2 |        2 |        2 |        2 |        2 |        2 |        2 |        2 |
+-------------------+----------+----------+----------+----------+----------+----------+----------+----------+----------+----------+----------+----------+----------+----------+----------+----------+----------+----------+----------+----------+----------+----------+----------+----------+----------+----------+----------+----------+----------+----------+
+------------------------------------------+---------+-----------+-----------+-----------+-----------+-----------+-----------+-----------+-----------+-----------+-----------+-----------+-----------+-----------+-----------+-----------+-----------+-----------+-----------+-----------+-----------+-----------+-----------+-----------+-----------+-----------+-----------+-----------+-----------+-----------+-----------+
|                   Event                  | Counter |   Core 0  |   Core 1  |   Core 2  |   Core 3  |   Core 4  |   Core 5  |   Core 6  |   Core 7  |  Core 14  |  Core 15  |  Core 16  |  Core 17  |  Core 18  |  Core 19  |  Core 20  |  Core 21  |  Core 28  |  Core 29  |  Core 30  |  Core 31  |  Core 32  |  Core 33  |  Core 34  |  Core 42  |  Core 43  |  Core 44  |  Core 45  |  Core 46  |  Core 47  |  Core 48  |
+------------------------------------------+---------+-----------+-----------+-----------+-----------+-----------+-----------+-----------+-----------+-----------+-----------+-----------+-----------+-----------+-----------+-----------+-----------+-----------+-----------+-----------+-----------+-----------+-----------+-----------+-----------+-----------+-----------+-----------+-----------+-----------+-----------+
|             INSTR_RETIRED_ANY            |  FIXC0  | 223196700 |  92367120 |  91253410 |  91879440 |  89682980 |  89441840 |  89961850 |  88731170 |  87359450 |  87617890 |  86837880 |  86301070 |  86035560 |  86291880 |  86838130 |  85586020 |  85689370 |  84913730 |  85338250 |  86033160 |  84465420 |  84999750 |  83829360 |  82894870 |  83954500 |  83761950 |  84113060 |  83263550 |  84858830 |  83748010 |
|           CPU_CLK_UNHALTED_CORE          |  FIXC1  | 161800200 | 176418700 | 173065700 | 190782400 | 180150200 | 187270400 | 199118300 | 178497200 | 162099100 | 168216200 | 153875200 | 156166700 | 153284000 | 168645100 | 180375400 | 154043800 | 170870400 | 157259600 | 166608300 | 180947200 | 155702600 | 167351100 | 172203300 | 152248300 | 174249400 | 173885200 | 181316200 | 163484400 | 197047700 | 174214100 |
|           CPU_CLK_UNHALTED_REF           |  FIXC2  | 221587000 | 241622000 | 237014300 | 261250300 | 246653700 | 256448000 | 272613500 | 244414400 | 222047400 | 230330600 | 210679200 | 213841300 | 209860800 | 230964800 | 246996000 | 210978800 | 234080100 | 215525500 | 228384200 | 247908100 | 213364800 | 229304000 | 235892000 | 208558500 | 238661000 | 238200800 | 248300400 | 223811300 | 269844800 | 238570900 |
|              PWR_PKG_ENERGY              |   PWR0  |   10.4097 |         0 |         0 |         0 |         0 |         0 |         0 |         0 |    9.0513 |         0 |         0 |         0 |         0 |         0 |         0 |         0 |    9.4299 |         0 |         0 |         0 |         0 |         0 |         0 |    9.1323 |         0 |         0 |         0 |         0 |         0 |         0 |
|              PWR_DRAM_ENERGY             |   PWR3  |    1.2936 |         0 |         0 |         0 |         0 |         0 |         0 |         0 |    1.0860 |         0 |         0 |         0 |         0 |         0 |         0 |         0 |    0.7951 |         0 |         0 |         0 |         0 |         0 |         0 |    0.9525 |         0 |         0 |         0 |         0 |         0 |         0 |
| FP_ARITH_INST_RETIRED_128B_PACKED_DOUBLE |   PMC0  |     23000 |         0 |         0 |         0 |         0 |         0 |         0 |         0 |         0 |         0 |         0 |         0 |         0 |         0 |         0 |         0 |         0 |         0 |         0 |         0 |         0 |         0 |         0 |         0 |         0 |         0 |         0 |         0 |         0 |         0 |
|    FP_ARITH_INST_RETIRED_SCALAR_DOUBLE   |   PMC1  |  34213260 |  25056330 |  24788700 |  24704190 |  24184970 |  23989980 |  23977850 |  23917140 |  23750830 |  23741900 |  23721830 |  23518750 |  23479960 |  23348420 |  23336070 |  23347140 |  23212430 |  23182520 |  23170440 |  23183340 |  23063500 |  23062520 |  22650990 |  22651360 |  22651400 |  22597560 |  22597560 |  22597560 |  22597560 |  22538950 |
| FP_ARITH_INST_RETIRED_256B_PACKED_DOUBLE |   PMC2  |     15090 |         0 |         0 |         0 |         0 |         0 |         0 |         0 |         0 |         0 |         0 |         0 |         0 |         0 |         0 |         0 |         0 |         0 |         0 |         0 |         0 |         0 |         0 |         0 |         0 |         0 |         0 |         0 |         0 |         0 |
| FP_ARITH_INST_RETIRED_512B_PACKED_DOUBLE |   PMC3  |    141851 |         0 |         0 |         0 |         0 |         0 |         0 |         0 |         0 |         0 |         0 |         0 |         0 |         0 |         0 |         0 |         0 |         0 |         0 |         0 |         0 |         0 |         0 |         0 |         0 |         0 |         0 |         0 |         0 |         0 |
|               CAS_COUNT_RD               | MBOX0C0 |    357919 |         0 |         0 |         0 |         0 |         0 |         0 |         0 |     38577 |         0 |         0 |         0 |         0 |         0 |         0 |         0 |     36560 |         0 |         0 |         0 |         0 |         0 |         0 |     49312 |         0 |         0 |         0 |         0 |         0 |         0 |
|               CAS_COUNT_WR               | MBOX0C1 |    538973 |         0 |         0 |         0 |         0 |         0 |         0 |         0 |     65853 |         0 |         0 |         0 |         0 |         0 |         0 |         0 |     65430 |         0 |         0 |         0 |         0 |         0 |         0 |     72425 |         0 |         0 |         0 |         0 |         0 |         0 |
|               CAS_COUNT_RD               | MBOX1C0 |    329740 |         0 |         0 |         0 |         0 |         0 |         0 |         0 |     39289 |         0 |         0 |         0 |         0 |         0 |         0 |         0 |     35064 |         0 |         0 |         0 |         0 |         0 |         0 |     63089 |         0 |         0 |         0 |         0 |         0 |         0 |
|               CAS_COUNT_WR               | MBOX1C1 |    490761 |         0 |         0 |         0 |         0 |         0 |         0 |         0 |     67027 |         0 |         0 |         0 |         0 |         0 |         0 |         0 |     65813 |         0 |         0 |         0 |         0 |         0 |         0 |     83188 |         0 |         0 |         0 |         0 |         0 |         0 |
|               CAS_COUNT_RD               | MBOX2C0 |    322201 |         0 |         0 |         0 |         0 |         0 |         0 |         0 |     42123 |         0 |         0 |         0 |         0 |         0 |         0 |         0 |     41873 |         0 |         0 |         0 |         0 |         0 |         0 |     92578 |         0 |         0 |         0 |         0 |         0 |         0 |
|               CAS_COUNT_WR               | MBOX2C1 |    450693 |         0 |         0 |         0 |         0 |         0 |         0 |         0 |     72702 |         0 |         0 |         0 |         0 |         0 |         0 |         0 |     74194 |         0 |         0 |         0 |         0 |         0 |         0 |    120540 |         0 |         0 |         0 |         0 |         0 |         0 |
|               CAS_COUNT_RD               | MBOX3C0 |    391653 |         0 |         0 |         0 |         0 |         0 |         0 |         0 |     23435 |         0 |         0 |         0 |         0 |         0 |         0 |         0 |     26741 |         0 |         0 |         0 |         0 |         0 |         0 |     90370 |         0 |         0 |         0 |         0 |         0 |         0 |
|               CAS_COUNT_WR               | MBOX3C1 |    465510 |         0 |         0 |         0 |         0 |         0 |         0 |         0 |     54597 |         0 |         0 |         0 |         0 |         0 |         0 |         0 |     58337 |         0 |         0 |         0 |         0 |         0 |         0 |    111585 |         0 |         0 |         0 |         0 |         0 |         0 |
|               CAS_COUNT_RD               | MBOX4C0 |    400159 |         0 |         0 |         0 |         0 |         0 |         0 |         0 |     24545 |         0 |         0 |         0 |         0 |         0 |         0 |         0 |     22716 |         0 |         0 |         0 |         0 |         0 |         0 |     44377 |         0 |         0 |         0 |         0 |         0 |         0 |
|               CAS_COUNT_WR               | MBOX4C1 |    531278 |         0 |         0 |         0 |         0 |         0 |         0 |         0 |     55671 |         0 |         0 |         0 |         0 |         0 |         0 |         0 |     55601 |         0 |         0 |         0 |         0 |         0 |         0 |     69901 |         0 |         0 |         0 |         0 |         0 |         0 |
|               CAS_COUNT_RD               | MBOX5C0 |    274098 |         0 |         0 |         0 |         0 |         0 |         0 |         0 |     23405 |         0 |         0 |         0 |         0 |         0 |         0 |         0 |     25433 |         0 |         0 |         0 |         0 |         0 |         0 |    101205 |         0 |         0 |         0 |         0 |         0 |         0 |
|               CAS_COUNT_WR               | MBOX5C1 |    421908 |         0 |         0 |         0 |         0 |         0 |         0 |         0 |     54317 |         0 |         0 |         0 |         0 |         0 |         0 |         0 |     58065 |         0 |         0 |         0 |         0 |         0 |         0 |    117474 |         0 |         0 |         0 |         0 |         0 |         0 |
+------------------------------------------+---------+-----------+-----------+-----------+-----------+-----------+-----------+-----------+-----------+-----------+-----------+-----------+-----------+-----------+-----------+-----------+-----------+-----------+-----------+-----------+-----------+-----------+-----------+-----------+-----------+-----------+-----------+-----------+-----------+-----------+-----------+
+-----------------------------------------------+---------+------------+-----------+-----------+------------+
|                     Event                     | Counter |     Sum    |    Min    |    Max    |     Avg    |
+-----------------------------------------------+---------+------------+-----------+-----------+------------+
|             INSTR_RETIRED_ANY STAT            |  FIXC0  | 2731246200 |  82894870 | 223196700 |   91041540 |
|           CPU_CLK_UNHALTED_CORE STAT          |  FIXC1  | 5131196400 | 152248300 | 199118300 |  171039880 |
|           CPU_CLK_UNHALTED_REF STAT           |  FIXC2  | 7027708500 | 208558500 | 272613500 |  234256950 |
|              PWR_PKG_ENERGY STAT              |   PWR0  |    38.0232 |         0 |   10.4097 |     1.2674 |
|              PWR_DRAM_ENERGY STAT             |   PWR3  |     4.1272 |         0 |    1.2936 |     0.1376 |
| FP_ARITH_INST_RETIRED_128B_PACKED_DOUBLE STAT |   PMC0  |      23000 |         0 |     23000 |   766.6667 |
|    FP_ARITH_INST_RETIRED_SCALAR_DOUBLE STAT   |   PMC1  |  712835010 |  22538950 |  34213260 |   23761167 |
| FP_ARITH_INST_RETIRED_256B_PACKED_DOUBLE STAT |   PMC2  |      15090 |         0 |     15090 |        503 |
| FP_ARITH_INST_RETIRED_512B_PACKED_DOUBLE STAT |   PMC3  |     141851 |         0 |    141851 |  4728.3667 |
|               CAS_COUNT_RD STAT               | MBOX0C0 |     482368 |         0 |    357919 | 16078.9333 |
|               CAS_COUNT_WR STAT               | MBOX0C1 |     742681 |         0 |    538973 | 24756.0333 |
|               CAS_COUNT_RD STAT               | MBOX1C0 |     467182 |         0 |    329740 | 15572.7333 |
|               CAS_COUNT_WR STAT               | MBOX1C1 |     706789 |         0 |    490761 | 23559.6333 |
|               CAS_COUNT_RD STAT               | MBOX2C0 |     498775 |         0 |    322201 | 16625.8333 |
|               CAS_COUNT_WR STAT               | MBOX2C1 |     718129 |         0 |    450693 | 23937.6333 |
|               CAS_COUNT_RD STAT               | MBOX3C0 |     532199 |         0 |    391653 | 17739.9667 |
|               CAS_COUNT_WR STAT               | MBOX3C1 |     690029 |         0 |    465510 | 23000.9667 |
|               CAS_COUNT_RD STAT               | MBOX4C0 |     491797 |         0 |    400159 | 16393.2333 |
|               CAS_COUNT_WR STAT               | MBOX4C1 |     712451 |         0 |    531278 | 23748.3667 |
|               CAS_COUNT_RD STAT               | MBOX5C0 |     424141 |         0 |    274098 | 14138.0333 |
|               CAS_COUNT_WR STAT               | MBOX5C1 |     651764 |         0 |    421908 | 21725.4667 |
+-----------------------------------------------+---------+------------+-----------+-----------+------------+
+-----------------------------------+-----------+-----------+-----------+-----------+-----------+-----------+-----------+-----------+-----------+-----------+-----------+-----------+-----------+-----------+-----------+-----------+-----------+-----------+-----------+-----------+-----------+-----------+-----------+-----------+-----------+-----------+-----------+-----------+-----------+-----------+
|               Metric              |   Core 0  |   Core 1  |   Core 2  |   Core 3  |   Core 4  |   Core 5  |   Core 6  |   Core 7  |  Core 14  |  Core 15  |  Core 16  |  Core 17  |  Core 18  |  Core 19  |  Core 20  |  Core 21  |  Core 28  |  Core 29  |  Core 30  |  Core 31  |  Core 32  |  Core 33  |  Core 34  |  Core 42  |  Core 43  |  Core 44  |  Core 45  |  Core 46  |  Core 47  |  Core 48  |
+-----------------------------------+-----------+-----------+-----------+-----------+-----------+-----------+-----------+-----------+-----------+-----------+-----------+-----------+-----------+-----------+-----------+-----------+-----------+-----------+-----------+-----------+-----------+-----------+-----------+-----------+-----------+-----------+-----------+-----------+-----------+-----------+
|        Runtime (RDTSC) [s]        |    0.2810 |    0.2856 |    0.2856 |    0.2855 |    0.2855 |    0.2856 |    0.2855 |    0.2855 |    0.2810 |    0.2855 |    0.2855 |    0.2855 |    0.2855 |    0.2856 |    0.2856 |    0.2856 |    0.2810 |    0.2855 |    0.2855 |    0.2855 |    0.2856 |    0.2855 |    0.2854 |    0.2810 |    0.2855 |    0.2855 |    0.2855 |    0.2855 |    0.2856 |    0.2855 |
|        Runtime unhalted [s]       |    0.0624 |    0.0680 |    0.0667 |    0.0736 |    0.0695 |    0.0722 |    0.0768 |    0.0688 |    0.0625 |    0.0649 |    0.0593 |    0.0602 |    0.0591 |    0.0650 |    0.0695 |    0.0594 |    0.0659 |    0.0606 |    0.0642 |    0.0698 |    0.0600 |    0.0645 |    0.0664 |    0.0587 |    0.0672 |    0.0670 |    0.0699 |    0.0630 |    0.0760 |    0.0672 |
|            Clock [MHz]            | 1893.9418 | 1893.8256 | 1893.9491 | 1894.1456 | 1894.4317 | 1894.0946 | 1894.5046 | 1894.2464 | 1893.5063 | 1894.2968 | 1894.4311 | 1894.2125 | 1894.5119 | 1893.9119 | 1894.1712 | 1893.8137 | 1893.3643 | 1892.5630 | 1892.1799 | 1893.1847 | 1892.8009 | 1892.9920 | 1893.4773 | 1893.4612 | 1893.7458 | 1893.4387 | 1894.0482 | 1894.6376 | 1894.0401 | 1894.0772 |
|                CPI                |    0.7249 |    1.9100 |    1.8965 |    2.0764 |    2.0087 |    2.0938 |    2.2134 |    2.0117 |    1.8555 |    1.9199 |    1.7720 |    1.8096 |    1.7816 |    1.9544 |    2.0771 |    1.7999 |    1.9941 |    1.8520 |    1.9523 |    2.1032 |    1.8434 |    1.9688 |    2.0542 |    1.8366 |    2.0755 |    2.0759 |    2.1556 |    1.9635 |    2.3221 |    2.0802 |
|             Energy [J]            |   10.4097 |         0 |         0 |         0 |         0 |         0 |         0 |         0 |    9.0513 |         0 |         0 |         0 |         0 |         0 |         0 |         0 |    9.4299 |         0 |         0 |         0 |         0 |         0 |         0 |    9.1323 |         0 |         0 |         0 |         0 |         0 |         0 |
|             Power [W]             |   37.0479 |         0 |         0 |         0 |         0 |         0 |         0 |         0 |   32.2087 |         0 |         0 |         0 |         0 |         0 |         0 |         0 |   33.5565 |         0 |         0 |         0 |         0 |         0 |         0 |   32.5015 |         0 |         0 |         0 |         0 |         0 |         0 |
|          Energy DRAM [J]          |    1.2936 |         0 |         0 |         0 |         0 |         0 |         0 |         0 |    1.0860 |         0 |         0 |         0 |         0 |         0 |         0 |         0 |    0.7951 |         0 |         0 |         0 |         0 |         0 |         0 |    0.9525 |         0 |         0 |         0 |         0 |         0 |         0 |
|           Power DRAM [W]          |    4.6038 |         0 |         0 |         0 |         0 |         0 |         0 |         0 |    3.8646 |         0 |         0 |         0 |         0 |         0 |         0 |         0 |    2.8293 |         0 |         0 |         0 |         0 |         0 |         0 |    3.3898 |         0 |         0 |         0 |         0 |         0 |         0 |
|            DP [MFLOP/s]           |  126.1820 |   87.7416 |   86.8012 |   86.5330 |   84.7102 |   84.0033 |   83.9921 |   83.7865 |   84.5161 |   83.1583 |   83.0964 |   82.3749 |   82.2318 |   81.7636 |   81.7037 |   81.7478 |   82.6021 |   81.1900 |   81.1560 |   81.2050 |   80.7608 |   80.7797 |   79.3543 |   80.6150 |   79.3294 |   79.1628 |   79.1540 |   79.1595 |   79.1285 |   78.9425 |
|          AVX DP [MFLOP/s]         |    4.2536 |         0 |         0 |         0 |         0 |         0 |         0 |         0 |         0 |         0 |         0 |         0 |         0 |         0 |         0 |         0 |         0 |         0 |         0 |         0 |         0 |         0 |         0 |         0 |         0 |         0 |         0 |         0 |         0 |         0 |
|          Packed [MUOPS/s]         |    0.6404 |         0 |         0 |         0 |         0 |         0 |         0 |         0 |         0 |         0 |         0 |         0 |         0 |         0 |         0 |         0 |         0 |         0 |         0 |         0 |         0 |         0 |         0 |         0 |         0 |         0 |         0 |         0 |         0 |         0 |
|          Scalar [MUOPS/s]         |  121.7646 |   87.7416 |   86.8012 |   86.5330 |   84.7102 |   84.0033 |   83.9921 |   83.7865 |   84.5161 |   83.1583 |   83.0964 |   82.3749 |   82.2318 |   81.7636 |   81.7037 |   81.7478 |   82.6021 |   81.1900 |   81.1560 |   81.2050 |   80.7608 |   80.7797 |   79.3543 |   80.6150 |   79.3294 |   79.1628 |   79.1540 |   79.1595 |   79.1285 |   78.9425 |
|  Memory read bandwidth [MBytes/s] |  472.8092 |         0 |         0 |         0 |         0 |         0 |         0 |         0 |   43.5836 |         0 |         0 |         0 |         0 |         0 |         0 |         0 |   42.9043 |         0 |         0 |         0 |         0 |         0 |         0 |  100.4320 |         0 |         0 |         0 |         0 |         0 |         0 |
|  Memory read data volume [GBytes] |    0.1328 |         0 |         0 |         0 |         0 |         0 |         0 |         0 |    0.0122 |         0 |         0 |         0 |         0 |         0 |         0 |         0 |    0.0121 |         0 |         0 |         0 |         0 |         0 |         0 |    0.0282 |         0 |         0 |         0 |         0 |         0 |         0 |
| Memory write bandwidth [MBytes/s] |  660.3488 |         0 |         0 |         0 |         0 |         0 |         0 |         0 |   84.3020 |         0 |         0 |         0 |         0 |         0 |         0 |         0 |   85.9604 |         0 |         0 |         0 |         0 |         0 |         0 |  130.9950 |         0 |         0 |         0 |         0 |         0 |         0 |
| Memory write data volume [GBytes] |    0.1855 |         0 |         0 |         0 |         0 |         0 |         0 |         0 |    0.0237 |         0 |         0 |         0 |         0 |         0 |         0 |         0 |    0.0242 |         0 |         0 |         0 |         0 |         0 |         0 |    0.0368 |         0 |         0 |         0 |         0 |         0 |         0 |
|    Memory bandwidth [MBytes/s]    | 1133.1580 |         0 |         0 |         0 |         0 |         0 |         0 |         0 |  127.8857 |         0 |         0 |         0 |         0 |         0 |         0 |         0 |  128.8647 |         0 |         0 |         0 |         0 |         0 |         0 |  231.4270 |         0 |         0 |         0 |         0 |         0 |         0 |
|    Memory data volume [GBytes]    |    0.3184 |         0 |         0 |         0 |         0 |         0 |         0 |         0 |    0.0359 |         0 |         0 |         0 |         0 |         0 |         0 |         0 |    0.0362 |         0 |         0 |         0 |         0 |         0 |         0 |    0.0650 |         0 |         0 |         0 |         0 |         0 |         0 |
|       Operational intensity       |    0.1114 |    0.0787 |    0.0779 |    0.0776 |    0.0760 |    0.0753 |    0.0753 |    0.0751 |    0.6609 |    0.6606 |    0.6601 |    0.6544 |    0.6533 |    0.6497 |    0.6493 |    0.6496 |    0.6410 |    0.6402 |    0.6398 |    0.6402 |    0.6369 |    0.6369 |    0.6255 |    0.3483 |    0.3483 |    0.3475 |    0.3475 |    0.3475 |    0.3475 |    0.3466 |
+-----------------------------------+-----------+-----------+-----------+-----------+-----------+-----------+-----------+-----------+-----------+-----------+-----------+-----------+-----------+-----------+-----------+-----------+-----------+-----------+-----------+-----------+-----------+-----------+-----------+-----------+-----------+-----------+-----------+-----------+-----------+-----------+
+----------------------------------------+------------+-----------+-----------+-----------+
|                 Metric                 |     Sum    |    Min    |    Max    |    Avg    |
+----------------------------------------+------------+-----------+-----------+-----------+
|        Runtime (RDTSC) [s] STAT        |     8.5477 |    0.2810 |    0.2856 |    0.2849 |
|        Runtime unhalted [s] STAT       |     1.9783 |    0.0587 |    0.0768 |    0.0659 |
|            Clock [MHz] STAT            | 56814.0057 | 1892.1799 | 1894.6376 | 1893.8002 |
|                CPI STAT                |    58.1828 |    0.7249 |    2.3221 |    1.9394 |
|             Energy [J] STAT            |    38.0232 |         0 |   10.4097 |    1.2674 |
|             Power [W] STAT             |   135.3146 |         0 |   37.0479 |    4.5105 |
|          Energy DRAM [J] STAT          |     4.1272 |         0 |    1.2936 |    0.1376 |
|           Power DRAM [W] STAT          |    14.6875 |         0 |    4.6038 |    0.4896 |
|            DP [MFLOP/s] STAT           |  2506.8821 |   78.9425 |  126.1820 |   83.5627 |
|          AVX DP [MFLOP/s] STAT         |     4.2536 |         0 |    4.2536 |    0.1418 |
|          Packed [MUOPS/s] STAT         |     0.6404 |         0 |    0.6404 |    0.0213 |
|          Scalar [MUOPS/s] STAT         |  2502.4647 |   78.9425 |  121.7646 |   83.4155 |
|  Memory read bandwidth [MBytes/s] STAT |   659.7291 |         0 |  472.8092 |   21.9910 |
|  Memory read data volume [GBytes] STAT |     0.1853 |         0 |    0.1328 |    0.0062 |
| Memory write bandwidth [MBytes/s] STAT |   961.6062 |         0 |  660.3488 |   32.0535 |
| Memory write data volume [GBytes] STAT |     0.2702 |         0 |    0.1855 |    0.0090 |
|    Memory bandwidth [MBytes/s] STAT    |  1621.3354 |         0 | 1133.1580 |   54.0445 |
|    Memory data volume [GBytes] STAT    |     0.4555 |         0 |    0.3184 |    0.0152 |
|       Operational intensity STAT       |    12.7789 |    0.0751 |    0.6609 |    0.4260 |
+----------------------------------------+------------+-----------+-----------+-----------+
--------------------------------------------------------------------------------
CPU name:	Intel(R) Xeon(R) Gold 6132 CPU @ 2.60GHz
CPU type:	Intel Skylake SP processor
CPU clock:	2.59 GHz
--------------------------------------------------------------------------------
Region Solve, Group 1: MEM_DP
+-------------------+----------+----------+----------+----------+----------+----------+----------+----------+----------+----------+----------+----------+----------+----------+----------+----------+----------+----------+----------+----------+----------+----------+----------+----------+----------+----------+----------+----------+----------+----------+
|    Region Info    |  Core 0  |  Core 1  |  Core 2  |  Core 3  |  Core 4  |  Core 5  |  Core 6  |  Core 7  |  Core 14 |  Core 15 |  Core 16 |  Core 17 |  Core 18 |  Core 19 |  Core 20 |  Core 21 |  Core 28 |  Core 29 |  Core 30 |  Core 31 |  Core 32 |  Core 33 |  Core 34 |  Core 42 |  Core 43 |  Core 44 |  Core 45 |  Core 46 |  Core 47 |  Core 48 |
+-------------------+----------+----------+----------+----------+----------+----------+----------+----------+----------+----------+----------+----------+----------+----------+----------+----------+----------+----------+----------+----------+----------+----------+----------+----------+----------+----------+----------+----------+----------+----------+
| RDTSC Runtime [s] | 7.343183 | 7.345657 | 7.345656 | 7.345653 | 7.345663 | 7.345661 | 7.345653 | 7.345659 | 7.343181 | 7.345656 | 7.345664 | 7.345662 | 7.345659 | 7.345646 | 7.345657 | 7.345662 | 7.343179 | 7.345649 | 7.345660 | 7.345651 | 7.345660 | 7.345661 | 7.345647 | 7.343195 | 7.345655 | 7.345663 | 7.345656 | 7.345661 | 7.345664 | 7.345667 |
|     call count    |        1 |        1 |        1 |        1 |        1 |        1 |        1 |        1 |        1 |        1 |        1 |        1 |        1 |        1 |        1 |        1 |        1 |        1 |        1 |        1 |        1 |        1 |        1 |        1 |        1 |        1 |        1 |        1 |        1 |        1 |
+-------------------+----------+----------+----------+----------+----------+----------+----------+----------+----------+----------+----------+----------+----------+----------+----------+----------+----------+----------+----------+----------+----------+----------+----------+----------+----------+----------+----------+----------+----------+----------+
+------------------------------------------+---------+-------------+-------------+-------------+-------------+-------------+-------------+-------------+-------------+-------------+-------------+-------------+-------------+-------------+-------------+-------------+-------------+-------------+-------------+-------------+-------------+-------------+-------------+-------------+-------------+-------------+-------------+-------------+-------------+-------------+-------------+
|                   Event                  | Counter |    Core 0   |    Core 1   |    Core 2   |    Core 3   |    Core 4   |    Core 5   |    Core 6   |    Core 7   |   Core 14   |   Core 15   |   Core 16   |   Core 17   |   Core 18   |   Core 19   |   Core 20   |   Core 21   |   Core 28   |   Core 29   |   Core 30   |   Core 31   |   Core 32   |   Core 33   |   Core 34   |   Core 42   |   Core 43   |   Core 44   |   Core 45   |   Core 46   |   Core 47   |   Core 48   |
+------------------------------------------+---------+-------------+-------------+-------------+-------------+-------------+-------------+-------------+-------------+-------------+-------------+-------------+-------------+-------------+-------------+-------------+-------------+-------------+-------------+-------------+-------------+-------------+-------------+-------------+-------------+-------------+-------------+-------------+-------------+-------------+-------------+
|             INSTR_RETIRED_ANY            |  FIXC0  | 20686570000 | 20485300000 | 20186000000 | 20214930000 | 19848300000 | 19741850000 | 19703910000 | 19521380000 | 19358140000 | 19368940000 | 19402150000 | 19289720000 | 19374850000 | 19114410000 | 19086370000 | 19098900000 | 18978990000 | 18989340000 | 18873430000 | 18713210000 | 18661040000 | 18645390000 | 18534080000 | 18526940000 | 18780200000 | 18458230000 | 18471120000 | 18446270000 | 18410870000 | 19834570000 |
|           CPU_CLK_UNHALTED_CORE          |  FIXC1  | 13781650000 | 13843790000 | 13845950000 | 13784840000 | 13845690000 | 13844370000 | 13751560000 | 13844030000 | 13781340000 | 13786490000 | 13788860000 | 13789710000 | 13607670000 | 13795380000 | 13794800000 | 13794870000 | 13784810000 | 13789690000 | 13790740000 | 13790210000 | 13790810000 | 13790140000 | 13789850000 | 13789590000 | 13415570000 | 13793410000 | 13796390000 | 13791280000 | 13793500000 | 11535770000 |
|           CPU_CLK_UNHALTED_REF           |  FIXC2  | 18859080000 | 18944120000 | 18947070000 | 18863450000 | 18946720000 | 18944920000 | 18817940000 | 18944450000 | 18858700000 | 18865750000 | 18869000000 | 18870160000 | 18621040000 | 18877930000 | 18877130000 | 18877220000 | 18863390000 | 18870080000 | 18871520000 | 18870790000 | 18871620000 | 18870700000 | 18870300000 | 18869940000 | 18358060000 | 18875170000 | 18879260000 | 18872270000 | 18875300000 | 15785760000 |
|              PWR_PKG_ENERGY              |   PWR0  |    410.9557 |           0 |           0 |           0 |           0 |           0 |           0 |           0 |    364.0934 |           0 |           0 |           0 |           0 |           0 |           0 |           0 |    374.0377 |           0 |           0 |           0 |           0 |           0 |           0 |    357.0975 |           0 |           0 |           0 |           0 |           0 |           0 |
|              PWR_DRAM_ENERGY             |   PWR3  |     31.3872 |           0 |           0 |           0 |           0 |           0 |           0 |           0 |     31.3987 |           0 |           0 |           0 |           0 |           0 |           0 |           0 |     23.6709 |           0 |           0 |           0 |           0 |           0 |           0 |     26.4060 |           0 |           0 |           0 |           0 |           0 |           0 |
| FP_ARITH_INST_RETIRED_128B_PACKED_DOUBLE |   PMC0  |       65560 |           0 |           0 |           0 |           0 |           0 |           0 |           0 |           0 |           0 |           0 |           0 |           0 |           0 |           0 |           0 |           0 |           0 |           0 |           0 |           0 |           0 |           0 |           0 |           0 |           0 |           0 |           0 |           0 |           0 |
|    FP_ARITH_INST_RETIRED_SCALAR_DOUBLE   |   PMC1  |  6096264000 |  6057615000 |  5981926000 |  5979704000 |  5873441000 |  5820648000 |  5773087000 |  5750056000 |  5703194000 |  5704992000 |  5713339000 |  5664335000 |  5625344000 |  5586950000 |  5583546000 |  5587968000 |  5547151000 |  5557415000 |  5537967000 |  5497238000 |  5482150000 |  5478340000 |  5438947000 |  5436018000 |  5435622000 |  5436478000 |  5447995000 |  5426554000 |  5397244000 |  5353584000 |
| FP_ARITH_INST_RETIRED_256B_PACKED_DOUBLE |   PMC2  |       83556 |           0 |           0 |           0 |           0 |           0 |           0 |           0 |           0 |           0 |           0 |           0 |           0 |           0 |           0 |           0 |           0 |           0 |           0 |           0 |           0 |           0 |           0 |           0 |           0 |           0 |           0 |           0 |           0 |           0 |
| FP_ARITH_INST_RETIRED_512B_PACKED_DOUBLE |   PMC3  |      417868 |           0 |           0 |           0 |           0 |           0 |           0 |           0 |           0 |           0 |           0 |           0 |           0 |           0 |           0 |           0 |           0 |           0 |           0 |           0 |           0 |           0 |           0 |           0 |           0 |           0 |           0 |           0 |           0 |           0 |
|               CAS_COUNT_RD               | MBOX0C0 |    15177580 |           0 |           0 |           0 |           0 |           0 |           0 |           0 |    14725240 |           0 |           0 |           0 |           0 |           0 |           0 |           0 |    10759680 |           0 |           0 |           0 |           0 |           0 |           0 |     9456391 |           0 |           0 |           0 |           0 |           0 |           0 |
|               CAS_COUNT_WR               | MBOX0C1 |     9755478 |           0 |           0 |           0 |           0 |           0 |           0 |           0 |     9491543 |           0 |           0 |           0 |           0 |           0 |           0 |           0 |     6717924 |           0 |           0 |           0 |           0 |           0 |           0 |     5354578 |           0 |           0 |           0 |           0 |           0 |           0 |
|               CAS_COUNT_RD               | MBOX1C0 |    15193070 |           0 |           0 |           0 |           0 |           0 |           0 |           0 |    14998730 |           0 |           0 |           0 |           0 |           0 |           0 |           0 |    10914020 |           0 |           0 |           0 |           0 |           0 |           0 |     9512232 |           0 |           0 |           0 |           0 |           0 |           0 |
|               CAS_COUNT_WR               | MBOX1C1 |     9680705 |           0 |           0 |           0 |           0 |           0 |           0 |           0 |     9713153 |           0 |           0 |           0 |           0 |           0 |           0 |           0 |     6882614 |           0 |           0 |           0 |           0 |           0 |           0 |     5432735 |           0 |           0 |           0 |           0 |           0 |           0 |
|               CAS_COUNT_RD               | MBOX2C0 |    15325490 |           0 |           0 |           0 |           0 |           0 |           0 |           0 |    14757590 |           0 |           0 |           0 |           0 |           0 |           0 |           0 |    10715230 |           0 |           0 |           0 |           0 |           0 |           0 |     9509227 |           0 |           0 |           0 |           0 |           0 |           0 |
|               CAS_COUNT_WR               | MBOX2C1 |     9774394 |           0 |           0 |           0 |           0 |           0 |           0 |           0 |     9455066 |           0 |           0 |           0 |           0 |           0 |           0 |           0 |     6648449 |           0 |           0 |           0 |           0 |           0 |           0 |     5434933 |           0 |           0 |           0 |           0 |           0 |           0 |
|               CAS_COUNT_RD               | MBOX3C0 |    15370670 |           0 |           0 |           0 |           0 |           0 |           0 |           0 |    14543530 |           0 |           0 |           0 |           0 |           0 |           0 |           0 |    10503280 |           0 |           0 |           0 |           0 |           0 |           0 |     9395115 |           0 |           0 |           0 |           0 |           0 |           0 |
|               CAS_COUNT_WR               | MBOX3C1 |     9661500 |           0 |           0 |           0 |           0 |           0 |           0 |           0 |     9220230 |           0 |           0 |           0 |           0 |           0 |           0 |           0 |     6428440 |           0 |           0 |           0 |           0 |           0 |           0 |     5280538 |           0 |           0 |           0 |           0 |           0 |           0 |
|               CAS_COUNT_RD               | MBOX4C0 |    15304420 |           0 |           0 |           0 |           0 |           0 |           0 |           0 |    14449180 |           0 |           0 |           0 |           0 |           0 |           0 |           0 |    10535840 |           0 |           0 |           0 |           0 |           0 |           0 |     9392923 |           0 |           0 |           0 |           0 |           0 |           0 |
|               CAS_COUNT_WR               | MBOX4C1 |     9726262 |           0 |           0 |           0 |           0 |           0 |           0 |           0 |     9170578 |           0 |           0 |           0 |           0 |           0 |           0 |           0 |     6493214 |           0 |           0 |           0 |           0 |           0 |           0 |     5285240 |           0 |           0 |           0 |           0 |           0 |           0 |
|               CAS_COUNT_RD               | MBOX5C0 |    15128120 |           0 |           0 |           0 |           0 |           0 |           0 |           0 |    14452340 |           0 |           0 |           0 |           0 |           0 |           0 |           0 |    10662490 |           0 |           0 |           0 |           0 |           0 |           0 |     9428180 |           0 |           0 |           0 |           0 |           0 |           0 |
|               CAS_COUNT_WR               | MBOX5C1 |     9539089 |           0 |           0 |           0 |           0 |           0 |           0 |           0 |     9173035 |           0 |           0 |           0 |           0 |           0 |           0 |           0 |     6600224 |           0 |           0 |           0 |           0 |           0 |           0 |     5325404 |           0 |           0 |           0 |           0 |           0 |           0 |
+------------------------------------------+---------+-------------+-------------+-------------+-------------+-------------+-------------+-------------+-------------+-------------+-------------+-------------+-------------+-------------+-------------+-------------+-------------+-------------+-------------+-------------+-------------+-------------+-------------+-------------+-------------+-------------+-------------+-------------+-------------+-------------+-------------+
+-----------------------------------------------+---------+--------------+-------------+-------------+--------------+
|                     Event                     | Counter |      Sum     |     Min     |     Max     |      Avg     |
+-----------------------------------------------+---------+--------------+-------------+-------------+--------------+
|             INSTR_RETIRED_ANY STAT            |  FIXC0  | 576805400000 | 18410870000 | 20686570000 | 1.922685e+10 |
|           CPU_CLK_UNHALTED_CORE STAT          |  FIXC1  | 411122760000 | 11535770000 | 13845950000 |  13704092000 |
|           CPU_CLK_UNHALTED_REF STAT           |  FIXC2  | 562588840000 | 15785760000 | 18947070000 | 1.875296e+10 |
|              PWR_PKG_ENERGY STAT              |   PWR0  |    1506.1843 |           0 |    410.9557 |      50.2061 |
|              PWR_DRAM_ENERGY STAT             |   PWR3  |     112.8628 |           0 |     31.3987 |       3.7621 |
| FP_ARITH_INST_RETIRED_128B_PACKED_DOUBLE STAT |   PMC0  |        65560 |           0 |       65560 |    2185.3333 |
|    FP_ARITH_INST_RETIRED_SCALAR_DOUBLE STAT   |   PMC1  | 168975112000 |  5353584000 |  6096264000 | 5.632504e+09 |
| FP_ARITH_INST_RETIRED_256B_PACKED_DOUBLE STAT |   PMC2  |        83556 |           0 |       83556 |    2785.2000 |
| FP_ARITH_INST_RETIRED_512B_PACKED_DOUBLE STAT |   PMC3  |       417868 |           0 |      417868 |   13928.9333 |
|               CAS_COUNT_RD STAT               | MBOX0C0 |     50118891 |           0 |    15177580 | 1.670630e+06 |
|               CAS_COUNT_WR STAT               | MBOX0C1 |     31319523 |           0 |     9755478 | 1.043984e+06 |
|               CAS_COUNT_RD STAT               | MBOX1C0 |     50618052 |           0 |    15193070 | 1.687268e+06 |
|               CAS_COUNT_WR STAT               | MBOX1C1 |     31709207 |           0 |     9713153 | 1.056974e+06 |
|               CAS_COUNT_RD STAT               | MBOX2C0 |     50307537 |           0 |    15325490 | 1.676918e+06 |
|               CAS_COUNT_WR STAT               | MBOX2C1 |     31312842 |           0 |     9774394 | 1.043761e+06 |
|               CAS_COUNT_RD STAT               | MBOX3C0 |     49812595 |           0 |    15370670 | 1.660420e+06 |
|               CAS_COUNT_WR STAT               | MBOX3C1 |     30590708 |           0 |     9661500 | 1.019690e+06 |
|               CAS_COUNT_RD STAT               | MBOX4C0 |     49682363 |           0 |    15304420 | 1.656079e+06 |
|               CAS_COUNT_WR STAT               | MBOX4C1 |     30675294 |           0 |     9726262 | 1.022510e+06 |
|               CAS_COUNT_RD STAT               | MBOX5C0 |     49671130 |           0 |    15128120 | 1.655704e+06 |
|               CAS_COUNT_WR STAT               | MBOX5C1 |     30637752 |           0 |     9539089 | 1.021258e+06 |
+-----------------------------------------------+---------+--------------+-------------+-------------+--------------+
+-----------------------------------+-----------+-----------+-----------+-----------+-----------+-----------+-----------+-----------+-----------+-----------+-----------+-----------+-----------+-----------+-----------+-----------+-----------+-----------+-----------+-----------+-----------+-----------+-----------+-----------+-----------+-----------+-----------+-----------+-----------+-----------+
|               Metric              |   Core 0  |   Core 1  |   Core 2  |   Core 3  |   Core 4  |   Core 5  |   Core 6  |   Core 7  |  Core 14  |  Core 15  |  Core 16  |  Core 17  |  Core 18  |  Core 19  |  Core 20  |  Core 21  |  Core 28  |  Core 29  |  Core 30  |  Core 31  |  Core 32  |  Core 33  |  Core 34  |  Core 42  |  Core 43  |  Core 44  |  Core 45  |  Core 46  |  Core 47  |  Core 48  |
+-----------------------------------+-----------+-----------+-----------+-----------+-----------+-----------+-----------+-----------+-----------+-----------+-----------+-----------+-----------+-----------+-----------+-----------+-----------+-----------+-----------+-----------+-----------+-----------+-----------+-----------+-----------+-----------+-----------+-----------+-----------+-----------+
|        Runtime (RDTSC) [s]        |    7.3432 |    7.3457 |    7.3457 |    7.3457 |    7.3457 |    7.3457 |    7.3457 |    7.3457 |    7.3432 |    7.3457 |    7.3457 |    7.3457 |    7.3457 |    7.3456 |    7.3457 |    7.3457 |    7.3432 |    7.3456 |    7.3457 |    7.3457 |    7.3457 |    7.3457 |    7.3456 |    7.3432 |    7.3457 |    7.3457 |    7.3457 |    7.3457 |    7.3457 |    7.3457 |
|        Runtime unhalted [s]       |    5.3134 |    5.3373 |    5.3382 |    5.3146 |    5.3381 |    5.3375 |    5.3018 |    5.3374 |    5.3132 |    5.3152 |    5.3161 |    5.3165 |    5.2463 |    5.3187 |    5.3184 |    5.3185 |    5.3146 |    5.3165 |    5.3169 |    5.3167 |    5.3169 |    5.3166 |    5.3165 |    5.3164 |    5.1722 |    5.3179 |    5.3190 |    5.3171 |    5.3179 |    4.4475 |
|            Clock [MHz]            | 1895.4510 | 1895.4503 | 1895.4509 | 1895.4505 | 1895.4503 | 1895.4497 | 1895.4474 | 1895.4502 | 1895.4465 | 1895.4463 | 1895.4456 | 1895.4459 | 1895.4472 | 1895.4448 | 1895.4454 | 1895.4460 | 1895.4524 | 1895.4512 | 1895.4509 | 1895.4514 | 1895.4505 | 1895.4508 | 1895.4511 | 1895.4515 | 1895.4581 | 1895.4513 | 1895.4500 | 1895.4498 | 1895.4506 | 1895.4526 |
|                CPI                |    0.6662 |    0.6758 |    0.6859 |    0.6819 |    0.6976 |    0.7013 |    0.6979 |    0.7092 |    0.7119 |    0.7118 |    0.7107 |    0.7149 |    0.7023 |    0.7217 |    0.7228 |    0.7223 |    0.7263 |    0.7262 |    0.7307 |    0.7369 |    0.7390 |    0.7396 |    0.7440 |    0.7443 |    0.7143 |    0.7473 |    0.7469 |    0.7476 |    0.7492 |    0.5816 |
|             Energy [J]            |  410.9557 |         0 |         0 |         0 |         0 |         0 |         0 |         0 |  364.0934 |         0 |         0 |         0 |         0 |         0 |         0 |         0 |  374.0377 |         0 |         0 |         0 |         0 |         0 |         0 |  357.0975 |         0 |         0 |         0 |         0 |         0 |         0 |
|             Power [W]             |   55.9642 |         0 |         0 |         0 |         0 |         0 |         0 |         0 |   49.5825 |         0 |         0 |         0 |         0 |         0 |         0 |         0 |   50.9368 |         0 |         0 |         0 |         0 |         0 |         0 |   48.6297 |         0 |         0 |         0 |         0 |         0 |         0 |
|          Energy DRAM [J]          |   31.3872 |         0 |         0 |         0 |         0 |         0 |         0 |         0 |   31.3987 |         0 |         0 |         0 |         0 |         0 |         0 |         0 |   23.6709 |         0 |         0 |         0 |         0 |         0 |         0 |   26.4060 |         0 |         0 |         0 |         0 |         0 |         0 |
|           Power DRAM [W]          |    4.2743 |         0 |         0 |         0 |         0 |         0 |         0 |         0 |    4.2759 |         0 |         0 |         0 |         0 |         0 |         0 |         0 |    3.2235 |         0 |         0 |         0 |         0 |         0 |         0 |    3.5960 |         0 |         0 |         0 |         0 |         0 |         0 |
|            DP [MFLOP/s]           |  830.7123 |  824.6526 |  814.3488 |  814.0466 |  799.5794 |  792.3927 |  785.9188 |  782.7829 |  776.6653 |  776.6484 |  777.7839 |  771.1129 |  765.8052 |  760.5798 |  760.1153 |  760.7167 |  755.4155 |  756.5587 |  753.9101 |  748.3663 |  746.3114 |  745.7927 |  740.4313 |  740.2797 |  739.9779 |  740.0936 |  741.6621 |  738.7428 |  734.7524 |  728.8084 |
|          AVX DP [MFLOP/s]         |    0.5008 |         0 |         0 |         0 |         0 |         0 |         0 |         0 |         0 |         0 |         0 |         0 |         0 |         0 |         0 |         0 |         0 |         0 |         0 |         0 |         0 |         0 |         0 |         0 |         0 |         0 |         0 |         0 |         0 |         0 |
|          Packed [MUOPS/s]         |    0.0772 |         0 |         0 |         0 |         0 |         0 |         0 |         0 |         0 |         0 |         0 |         0 |         0 |         0 |         0 |         0 |         0 |         0 |         0 |         0 |         0 |         0 |         0 |         0 |         0 |         0 |         0 |         0 |         0 |         0 |
|          Scalar [MUOPS/s]         |  830.1937 |  824.6526 |  814.3488 |  814.0466 |  799.5794 |  792.3927 |  785.9188 |  782.7829 |  776.6653 |  776.6484 |  777.7839 |  771.1129 |  765.8052 |  760.5798 |  760.1153 |  760.7167 |  755.4155 |  756.5587 |  753.9101 |  748.3663 |  746.3114 |  745.7927 |  740.4313 |  740.2797 |  739.9779 |  740.0936 |  741.6621 |  738.7428 |  734.7524 |  728.8084 |
|  Memory read bandwidth [MBytes/s] |  797.4687 |         0 |         0 |         0 |         0 |         0 |         0 |         0 |  766.3304 |         0 |         0 |         0 |         0 |         0 |         0 |         0 |  558.5857 |         0 |         0 |         0 |         0 |         0 |         0 |  494.1201 |         0 |         0 |         0 |         0 |         0 |         0 |
|  Memory read data volume [GBytes] |    5.8560 |         0 |         0 |         0 |         0 |         0 |         0 |         0 |    5.6273 |         0 |         0 |         0 |         0 |         0 |         0 |         0 |    4.1018 |         0 |         0 |         0 |         0 |         0 |         0 |    3.6284 |         0 |         0 |         0 |         0 |         0 |         0 |
| Memory write bandwidth [MBytes/s] |  506.7006 |         0 |         0 |         0 |         0 |         0 |         0 |         0 |  490.0207 |         0 |         0 |         0 |         0 |         0 |         0 |         0 |  346.6258 |         0 |         0 |         0 |         0 |         0 |         0 |  279.8863 |         0 |         0 |         0 |         0 |         0 |         0 |
| Memory write data volume [GBytes] |    3.7208 |         0 |         0 |         0 |         0 |         0 |         0 |         0 |    3.5983 |         0 |         0 |         0 |         0 |         0 |         0 |         0 |    2.5453 |         0 |         0 |         0 |         0 |         0 |         0 |    2.0553 |         0 |         0 |         0 |         0 |         0 |         0 |
|    Memory bandwidth [MBytes/s]    | 1304.1693 |         0 |         0 |         0 |         0 |         0 |         0 |         0 | 1256.3511 |         0 |         0 |         0 |         0 |         0 |         0 |         0 |  905.2115 |         0 |         0 |         0 |         0 |         0 |         0 |  774.0064 |         0 |         0 |         0 |         0 |         0 |         0 |
|    Memory data volume [GBytes]    |    9.5768 |         0 |         0 |         0 |         0 |         0 |         0 |         0 |    9.2256 |         0 |         0 |         0 |         0 |         0 |         0 |         0 |    6.6471 |         0 |         0 |         0 |         0 |         0 |         0 |    5.6837 |         0 |         0 |         0 |         0 |         0 |         0 |
|       Operational intensity       |    0.6370 |    0.6325 |    0.6246 |    0.6244 |    0.6133 |    0.6078 |    0.6028 |    0.6004 |    0.6182 |    0.6184 |    0.6193 |    0.6140 |    0.6098 |    0.6056 |    0.6052 |    0.6057 |    0.8345 |    0.8361 |    0.8331 |    0.8270 |    0.8247 |    0.8242 |    0.8182 |    0.9564 |    0.9564 |    0.9565 |    0.9585 |    0.9548 |    0.9496 |    0.9419 |
+-----------------------------------+-----------+-----------+-----------+-----------+-----------+-----------+-----------+-----------+-----------+-----------+-----------+-----------+-----------+-----------+-----------+-----------+-----------+-----------+-----------+-----------+-----------+-----------+-----------+-----------+-----------+-----------+-----------+-----------+-----------+-----------+
+----------------------------------------+------------+-----------+-----------+-----------+
|                 Metric                 |     Sum    |    Min    |    Max    |    Avg    |
+----------------------------------------+------------+-----------+-----------+-----------+
|        Runtime (RDTSC) [s] STAT        |   220.3607 |    7.3432 |    7.3457 |    7.3454 |
|        Runtime unhalted [s] STAT       |   158.5039 |    4.4475 |    5.3382 |    5.2835 |
|            Clock [MHz] STAT            | 56863.4902 | 1895.4448 | 1895.4581 | 1895.4497 |
|                CPI STAT                |    21.4081 |    0.5816 |    0.7492 |    0.7136 |
|             Energy [J] STAT            |  1506.1843 |         0 |  410.9557 |   50.2061 |
|             Power [W] STAT             |   205.1132 |         0 |   55.9642 |    6.8371 |
|          Energy DRAM [J] STAT          |   112.8628 |         0 |   31.3987 |    3.7621 |
|           Power DRAM [W] STAT          |    15.3697 |         0 |    4.2759 |    0.5123 |
|            DP [MFLOP/s] STAT           | 23004.9645 |  728.8084 |  830.7123 |  766.8322 |
|          AVX DP [MFLOP/s] STAT         |     0.5008 |         0 |    0.5008 |    0.0167 |
|          Packed [MUOPS/s] STAT         |     0.0772 |         0 |    0.0772 |    0.0026 |
|          Scalar [MUOPS/s] STAT         | 23004.4459 |  728.8084 |  830.1937 |  766.8149 |
|  Memory read bandwidth [MBytes/s] STAT |  2616.5049 |         0 |  797.4687 |   87.2168 |
|  Memory read data volume [GBytes] STAT |    19.2135 |         0 |    5.8560 |    0.6404 |
| Memory write bandwidth [MBytes/s] STAT |  1623.2334 |         0 |  506.7006 |   54.1078 |
| Memory write data volume [GBytes] STAT |    11.9197 |         0 |    3.7208 |    0.3973 |
|    Memory bandwidth [MBytes/s] STAT    |  4239.7383 |         0 | 1304.1693 |  141.3246 |
|    Memory data volume [GBytes] STAT    |    31.1332 |         0 |    9.5768 |    1.0378 |
|       Operational intensity STAT       |    22.3109 |    0.6004 |    0.9585 |    0.7437 |
+----------------------------------------+------------+-----------+-----------+-----------+
