--------------------------------------------------------------------------------
CPU name:	Intel(R) Xeon(R) Gold 6132 CPU @ 2.60GHz
CPU type:	Intel Skylake SP processor
CPU clock:	2.59 GHz
--------------------------------------------------------------------------------
Region Setup, Group 1: MEM_DP
+-------------------+----------+----------+----------+----------+----------+----------+----------+----------+----------+----------+----------+----------+----------+----------+----------+----------+----------+----------+----------+----------+----------+----------+----------+----------+----------+----------+----------+----------+----------+
|    Region Info    |  Core 0  |  Core 1  |  Core 2  |  Core 3  |  Core 4  |  Core 5  |  Core 6  |  Core 7  |  Core 14 |  Core 15 |  Core 16 |  Core 17 |  Core 18 |  Core 19 |  Core 20 |  Core 28 |  Core 29 |  Core 30 |  Core 31 |  Core 32 |  Core 33 |  Core 34 |  Core 42 |  Core 43 |  Core 44 |  Core 45 |  Core 46 |  Core 47 |  Core 48 |
+-------------------+----------+----------+----------+----------+----------+----------+----------+----------+----------+----------+----------+----------+----------+----------+----------+----------+----------+----------+----------+----------+----------+----------+----------+----------+----------+----------+----------+----------+----------+
| RDTSC Runtime [s] | 0.275853 | 0.280496 | 0.280492 | 0.280535 | 0.280510 | 0.280345 | 0.280414 | 0.280534 | 0.275953 | 0.280477 | 0.280439 | 0.280454 | 0.280450 | 0.280447 | 0.280470 | 0.275897 | 0.280485 | 0.280475 | 0.280466 | 0.280423 | 0.280503 | 0.280500 | 0.275876 | 0.280444 | 0.280442 | 0.280415 | 0.280409 | 0.280409 | 0.280463 |
|     call count    |        2 |        2 |        2 |        2 |        2 |        2 |        2 |        2 |        2 |        2 |        2 |        2 |        2 |        2 |        2 |        2 |        2 |        2 |        2 |        2 |        2 |        2 |        2 |        2 |        2 |        2 |        2 |        2 |        2 |
+-------------------+----------+----------+----------+----------+----------+----------+----------+----------+----------+----------+----------+----------+----------+----------+----------+----------+----------+----------+----------+----------+----------+----------+----------+----------+----------+----------+----------+----------+----------+
+------------------------------------------+---------+-----------+-----------+-----------+-----------+-----------+-----------+-----------+-----------+-----------+-----------+-----------+-----------+-----------+-----------+-----------+-----------+-----------+-----------+-----------+-----------+-----------+-----------+-----------+-----------+-----------+-----------+-----------+-----------+-----------+
|                   Event                  | Counter |   Core 0  |   Core 1  |   Core 2  |   Core 3  |   Core 4  |   Core 5  |   Core 6  |   Core 7  |  Core 14  |  Core 15  |  Core 16  |  Core 17  |  Core 18  |  Core 19  |  Core 20  |  Core 28  |  Core 29  |  Core 30  |  Core 31  |  Core 32  |  Core 33  |  Core 34  |  Core 42  |  Core 43  |  Core 44  |  Core 45  |  Core 46  |  Core 47  |  Core 48  |
+------------------------------------------+---------+-----------+-----------+-----------+-----------+-----------+-----------+-----------+-----------+-----------+-----------+-----------+-----------+-----------+-----------+-----------+-----------+-----------+-----------+-----------+-----------+-----------+-----------+-----------+-----------+-----------+-----------+-----------+-----------+-----------+
|             INSTR_RETIRED_ANY            |  FIXC0  | 225399700 |  94589410 |  94205170 |  93513720 |  93107800 |  93153480 |  91596890 |  91493090 |  91041580 |  89873870 |  89463900 |  90664910 |  90362910 |  89927970 |  89216060 |  87711040 |  88005480 |  87205810 |  87399470 |  86250350 |  87454520 |  86518020 |  85913420 |  86285980 |  85851120 |  85489790 |  85723340 |  86465450 |  85462250 |
|           CPU_CLK_UNHALTED_CORE          |  FIXC1  | 162876600 | 177837300 | 174468600 | 172250400 | 175758800 | 174818100 | 171623300 | 180992900 | 177824400 | 157858900 | 156823600 | 181278900 | 175845700 | 167892100 | 153945500 | 150628600 | 171186200 | 157444000 | 168059300 | 154466900 | 179681400 | 161475300 | 162700100 | 170739800 | 161170800 | 161345100 | 165910200 | 185337700 | 164452200 |
|           CPU_CLK_UNHALTED_REF           |  FIXC2  | 223164600 | 243550900 | 238977800 | 235871200 | 240669700 | 239480800 | 235088000 | 247823700 | 243474300 | 216234300 | 214781600 | 248207400 | 241142900 | 229904500 | 210798100 | 206295900 | 234402100 | 215639700 | 230178800 | 211509200 | 246122700 | 221175900 | 222917000 | 233852600 | 220718100 | 220979600 | 227709700 | 254260700 | 225231400 |
|              PWR_PKG_ENERGY              |   PWR0  |   10.2181 |         0 |         0 |         0 |         0 |         0 |         0 |         0 |    8.7155 |         0 |         0 |         0 |         0 |         0 |         0 |    9.2919 |         0 |         0 |         0 |         0 |         0 |         0 |    8.9841 |         0 |         0 |         0 |         0 |         0 |         0 |
|              PWR_DRAM_ENERGY             |   PWR3  |    1.2826 |         0 |         0 |         0 |         0 |         0 |         0 |         0 |    1.1041 |         0 |         0 |         0 |         0 |         0 |         0 |    0.7964 |         0 |         0 |         0 |         0 |         0 |         0 |    0.9268 |         0 |         0 |         0 |         0 |         0 |         0 |
| FP_ARITH_INST_RETIRED_128B_PACKED_DOUBLE |   PMC0  |     23000 |         0 |         0 |         0 |         0 |         0 |         0 |         0 |         0 |         0 |         0 |         0 |         0 |         0 |         0 |         0 |         0 |         0 |         0 |         0 |         0 |         0 |         0 |         0 |         0 |         0 |         0 |         0 |         0 |
|    FP_ARITH_INST_RETIRED_SCALAR_DOUBLE   |   PMC1  |  34859660 |  25690650 |  25654240 |  25448090 |  25290000 |  25297960 |  24867750 |  24670310 |  24610080 |  24542090 |  24462420 |  24463210 |  24462930 |  24435860 |  24435500 |  24023270 |  23912860 |  23858800 |  23777310 |  23622220 |  23634560 |  23608880 |  23405590 |  23393630 |  23405710 |  23285870 |  23297950 |  23232040 |  23185500 |
| FP_ARITH_INST_RETIRED_256B_PACKED_DOUBLE |   PMC2  |     15090 |         0 |         0 |         0 |         0 |         0 |         0 |         0 |         0 |         0 |         0 |         0 |         0 |         0 |         0 |         0 |         0 |         0 |         0 |         0 |         0 |         0 |         0 |         0 |         0 |         0 |         0 |         0 |         0 |
| FP_ARITH_INST_RETIRED_512B_PACKED_DOUBLE |   PMC3  |    141851 |         0 |         0 |         0 |         0 |         0 |         0 |         0 |         0 |         0 |         0 |         0 |         0 |         0 |         0 |         0 |         0 |         0 |         0 |         0 |         0 |         0 |         0 |         0 |         0 |         0 |         0 |         0 |         0 |
|               CAS_COUNT_RD               | MBOX0C0 |    319209 |         0 |         0 |         0 |         0 |         0 |         0 |         0 |     42150 |         0 |         0 |         0 |         0 |         0 |         0 |     37862 |         0 |         0 |         0 |         0 |         0 |         0 |     47127 |         0 |         0 |         0 |         0 |         0 |         0 |
|               CAS_COUNT_WR               | MBOX0C1 |    501170 |         0 |         0 |         0 |         0 |         0 |         0 |         0 |     65689 |         0 |         0 |         0 |         0 |         0 |         0 |     71319 |         0 |         0 |         0 |         0 |         0 |         0 |     71849 |         0 |         0 |         0 |         0 |         0 |         0 |
|               CAS_COUNT_RD               | MBOX1C0 |    252883 |         0 |         0 |         0 |         0 |         0 |         0 |         0 |     42396 |         0 |         0 |         0 |         0 |         0 |         0 |     46564 |         0 |         0 |         0 |         0 |         0 |         0 |     63405 |         0 |         0 |         0 |         0 |         0 |         0 |
|               CAS_COUNT_WR               | MBOX1C1 |    468223 |         0 |         0 |         0 |         0 |         0 |         0 |         0 |     67247 |         0 |         0 |         0 |         0 |         0 |         0 |     79440 |         0 |         0 |         0 |         0 |         0 |         0 |     85800 |         0 |         0 |         0 |         0 |         0 |         0 |
|               CAS_COUNT_RD               | MBOX2C0 |    501081 |         0 |         0 |         0 |         0 |         0 |         0 |         0 |     42952 |         0 |         0 |         0 |         0 |         0 |         0 |     47019 |         0 |         0 |         0 |         0 |         0 |         0 |     69979 |         0 |         0 |         0 |         0 |         0 |         0 |
|               CAS_COUNT_WR               | MBOX2C1 |    629231 |         0 |         0 |         0 |         0 |         0 |         0 |         0 |     70561 |         0 |         0 |         0 |         0 |         0 |         0 |     81990 |         0 |         0 |         0 |         0 |         0 |         0 |     94267 |         0 |         0 |         0 |         0 |         0 |         0 |
|               CAS_COUNT_RD               | MBOX3C0 |    375339 |         0 |         0 |         0 |         0 |         0 |         0 |         0 |     26002 |         0 |         0 |         0 |         0 |         0 |         0 |     28647 |         0 |         0 |         0 |         0 |         0 |         0 |    113629 |         0 |         0 |         0 |         0 |         0 |         0 |
|               CAS_COUNT_WR               | MBOX3C1 |    466862 |         0 |         0 |         0 |         0 |         0 |         0 |         0 |     53236 |         0 |         0 |         0 |         0 |         0 |         0 |     64408 |         0 |         0 |         0 |         0 |         0 |         0 |    136635 |         0 |         0 |         0 |         0 |         0 |         0 |
|               CAS_COUNT_RD               | MBOX4C0 |    245725 |         0 |         0 |         0 |         0 |         0 |         0 |         0 |     32223 |         0 |         0 |         0 |         0 |         0 |         0 |     30465 |         0 |         0 |         0 |         0 |         0 |         0 |     42949 |         0 |         0 |         0 |         0 |         0 |         0 |
|               CAS_COUNT_WR               | MBOX4C1 |    420632 |         0 |         0 |         0 |         0 |         0 |         0 |         0 |     57072 |         0 |         0 |         0 |         0 |         0 |         0 |     65248 |         0 |         0 |         0 |         0 |         0 |         0 |     70170 |         0 |         0 |         0 |         0 |         0 |         0 |
|               CAS_COUNT_RD               | MBOX5C0 |    302206 |         0 |         0 |         0 |         0 |         0 |         0 |         0 |     24497 |         0 |         0 |         0 |         0 |         0 |         0 |     27543 |         0 |         0 |         0 |         0 |         0 |         0 |     87756 |         0 |         0 |         0 |         0 |         0 |         0 |
|               CAS_COUNT_WR               | MBOX5C1 |    462839 |         0 |         0 |         0 |         0 |         0 |         0 |         0 |     50948 |         0 |         0 |         0 |         0 |         0 |         0 |     62518 |         0 |         0 |         0 |         0 |         0 |         0 |    110478 |         0 |         0 |         0 |         0 |         0 |         0 |
+------------------------------------------+---------+-----------+-----------+-----------+-----------+-----------+-----------+-----------+-----------+-----------+-----------+-----------+-----------+-----------+-----------+-----------+-----------+-----------+-----------+-----------+-----------+-----------+-----------+-----------+-----------+-----------+-----------+-----------+-----------+-----------+
+-----------------------------------------------+---------+------------+-----------+-----------+--------------+
|                     Event                     | Counter |     Sum    |    Min    |    Max    |      Avg     |
+-----------------------------------------------+---------+------------+-----------+-----------+--------------+
|             INSTR_RETIRED_ANY STAT            |  FIXC0  | 2719346500 |  85462250 | 225399700 | 9.377057e+07 |
|           CPU_CLK_UNHALTED_CORE STAT          |  FIXC1  | 4876692700 | 150628600 | 185337700 | 1.681618e+08 |
|           CPU_CLK_UNHALTED_REF STAT           |  FIXC2  | 6680163200 | 206295900 | 254260700 | 2.303505e+08 |
|              PWR_PKG_ENERGY STAT              |   PWR0  |    37.2096 |         0 |   10.2181 |       1.2831 |
|              PWR_DRAM_ENERGY STAT             |   PWR3  |     4.1099 |         0 |    1.2826 |       0.1417 |
| FP_ARITH_INST_RETIRED_128B_PACKED_DOUBLE STAT |   PMC0  |      23000 |         0 |     23000 |     793.1034 |
|    FP_ARITH_INST_RETIRED_SCALAR_DOUBLE STAT   |   PMC1  |  712834940 |  23185500 |  34859660 | 2.458052e+07 |
| FP_ARITH_INST_RETIRED_256B_PACKED_DOUBLE STAT |   PMC2  |      15090 |         0 |     15090 |     520.3448 |
| FP_ARITH_INST_RETIRED_512B_PACKED_DOUBLE STAT |   PMC3  |     141851 |         0 |    141851 |    4891.4138 |
|               CAS_COUNT_RD STAT               | MBOX0C0 |     446348 |         0 |    319209 |   15391.3103 |
|               CAS_COUNT_WR STAT               | MBOX0C1 |     710027 |         0 |    501170 |   24483.6897 |
|               CAS_COUNT_RD STAT               | MBOX1C0 |     405248 |         0 |    252883 |   13974.0690 |
|               CAS_COUNT_WR STAT               | MBOX1C1 |     700710 |         0 |    468223 |   24162.4138 |
|               CAS_COUNT_RD STAT               | MBOX2C0 |     661031 |         0 |    501081 |   22794.1724 |
|               CAS_COUNT_WR STAT               | MBOX2C1 |     876049 |         0 |    629231 |   30208.5862 |
|               CAS_COUNT_RD STAT               | MBOX3C0 |     543617 |         0 |    375339 |   18745.4138 |
|               CAS_COUNT_WR STAT               | MBOX3C1 |     721141 |         0 |    466862 |   24866.9310 |
|               CAS_COUNT_RD STAT               | MBOX4C0 |     351362 |         0 |    245725 |   12115.9310 |
|               CAS_COUNT_WR STAT               | MBOX4C1 |     613122 |         0 |    420632 |   21142.1379 |
|               CAS_COUNT_RD STAT               | MBOX5C0 |     442002 |         0 |    302206 |   15241.4483 |
|               CAS_COUNT_WR STAT               | MBOX5C1 |     686783 |         0 |    462839 |   23682.1724 |
+-----------------------------------------------+---------+------------+-----------+-----------+--------------+
+-----------------------------------+-----------+-----------+-----------+-----------+-----------+-----------+-----------+-----------+-----------+-----------+-----------+-----------+-----------+-----------+-----------+-----------+-----------+-----------+-----------+-----------+-----------+-----------+-----------+-----------+-----------+-----------+-----------+-----------+-----------+
|               Metric              |   Core 0  |   Core 1  |   Core 2  |   Core 3  |   Core 4  |   Core 5  |   Core 6  |   Core 7  |  Core 14  |  Core 15  |  Core 16  |  Core 17  |  Core 18  |  Core 19  |  Core 20  |  Core 28  |  Core 29  |  Core 30  |  Core 31  |  Core 32  |  Core 33  |  Core 34  |  Core 42  |  Core 43  |  Core 44  |  Core 45  |  Core 46  |  Core 47  |  Core 48  |
+-----------------------------------+-----------+-----------+-----------+-----------+-----------+-----------+-----------+-----------+-----------+-----------+-----------+-----------+-----------+-----------+-----------+-----------+-----------+-----------+-----------+-----------+-----------+-----------+-----------+-----------+-----------+-----------+-----------+-----------+-----------+
|        Runtime (RDTSC) [s]        |    0.2759 |    0.2805 |    0.2805 |    0.2805 |    0.2805 |    0.2803 |    0.2804 |    0.2805 |    0.2760 |    0.2805 |    0.2804 |    0.2805 |    0.2804 |    0.2804 |    0.2805 |    0.2759 |    0.2805 |    0.2805 |    0.2805 |    0.2804 |    0.2805 |    0.2805 |    0.2759 |    0.2804 |    0.2804 |    0.2804 |    0.2804 |    0.2804 |    0.2805 |
|        Runtime unhalted [s]       |    0.0628 |    0.0686 |    0.0673 |    0.0664 |    0.0678 |    0.0674 |    0.0662 |    0.0698 |    0.0686 |    0.0609 |    0.0605 |    0.0699 |    0.0678 |    0.0647 |    0.0594 |    0.0581 |    0.0660 |    0.0607 |    0.0648 |    0.0596 |    0.0693 |    0.0623 |    0.0627 |    0.0658 |    0.0621 |    0.0622 |    0.0640 |    0.0715 |    0.0634 |
|            Clock [MHz]            | 1893.0483 | 1893.9191 | 1893.5990 | 1894.1467 | 1894.1918 | 1893.4071 | 1893.5383 | 1894.2923 | 1894.3775 | 1893.5326 | 1893.8372 | 1894.3526 | 1891.4095 | 1894.1357 | 1894.2121 | 1893.8481 | 1894.2424 | 1893.7633 | 1893.7626 | 1894.2377 | 1893.5630 | 1893.6364 | 1893.0973 | 1893.7422 | 1893.9858 | 1893.7903 | 1889.8174 | 1890.6574 | 1893.8215 |
|                CPI                |    0.7226 |    1.8801 |    1.8520 |    1.8420 |    1.8877 |    1.8767 |    1.8737 |    1.9782 |    1.9532 |    1.7564 |    1.7529 |    1.9994 |    1.9460 |    1.8670 |    1.7255 |    1.7173 |    1.9452 |    1.8054 |    1.9229 |    1.7909 |    2.0546 |    1.8664 |    1.8938 |    1.9788 |    1.8773 |    1.8873 |    1.9354 |    2.1435 |    1.9243 |
|             Energy [J]            |   10.2181 |         0 |         0 |         0 |         0 |         0 |         0 |         0 |    8.7155 |         0 |         0 |         0 |         0 |         0 |         0 |    9.2919 |         0 |         0 |         0 |         0 |         0 |         0 |    8.9841 |         0 |         0 |         0 |         0 |         0 |         0 |
|             Power [W]             |   37.0417 |         0 |         0 |         0 |         0 |         0 |         0 |         0 |   31.5833 |         0 |         0 |         0 |         0 |         0 |         0 |   33.6787 |         0 |         0 |         0 |         0 |         0 |         0 |   32.5658 |         0 |         0 |         0 |         0 |         0 |         0 |
|          Energy DRAM [J]          |    1.2826 |         0 |         0 |         0 |         0 |         0 |         0 |         0 |    1.1041 |         0 |         0 |         0 |         0 |         0 |         0 |    0.7964 |         0 |         0 |         0 |         0 |         0 |         0 |    0.9268 |         0 |         0 |         0 |         0 |         0 |         0 |
|           Power DRAM [W]          |    4.6494 |         0 |         0 |         0 |         0 |         0 |         0 |         0 |    4.0011 |         0 |         0 |         0 |         0 |         0 |         0 |    2.8865 |         0 |         0 |         0 |         0 |         0 |         0 |    3.3595 |         0 |         0 |         0 |         0 |         0 |         0 |
|            DP [MFLOP/s]           |  130.8698 |   91.5901 |   91.4616 |   90.7128 |   90.1573 |   90.2386 |   88.6823 |   87.9405 |   89.1821 |   87.5013 |   87.2290 |   87.2271 |   87.2274 |   87.1319 |   87.1234 |   87.0732 |   85.2552 |   85.0658 |   84.7777 |   84.2379 |   84.2579 |   84.1670 |   84.8409 |   83.4164 |   83.4602 |   83.0406 |   83.0855 |   82.8507 |   82.6688 |
|          AVX DP [MFLOP/s]         |    4.3326 |         0 |         0 |         0 |         0 |         0 |         0 |         0 |         0 |         0 |         0 |         0 |         0 |         0 |         0 |         0 |         0 |         0 |         0 |         0 |         0 |         0 |         0 |         0 |         0 |         0 |         0 |         0 |         0 |
|          Packed [MUOPS/s]         |    0.6523 |         0 |         0 |         0 |         0 |         0 |         0 |         0 |         0 |         0 |         0 |         0 |         0 |         0 |         0 |         0 |         0 |         0 |         0 |         0 |         0 |         0 |         0 |         0 |         0 |         0 |         0 |         0 |         0 |
|          Scalar [MUOPS/s]         |  126.3704 |   91.5901 |   91.4616 |   90.7128 |   90.1573 |   90.2386 |   88.6823 |   87.9405 |   89.1821 |   87.5013 |   87.2290 |   87.2271 |   87.2274 |   87.1319 |   87.1234 |   87.0732 |   85.2552 |   85.0658 |   84.7777 |   84.2379 |   84.2579 |   84.1670 |   84.8409 |   83.4164 |   83.4602 |   83.0406 |   83.0855 |   82.8507 |   82.6688 |
|  Memory read bandwidth [MBytes/s] |  463.1898 |         0 |         0 |         0 |         0 |         0 |         0 |         0 |   48.7549 |         0 |         0 |         0 |         0 |         0 |         0 |   50.5927 |         0 |         0 |         0 |         0 |         0 |         0 |   98.5590 |         0 |         0 |         0 |         0 |         0 |         0 |
|  Memory read data volume [GBytes] |    0.1278 |         0 |         0 |         0 |         0 |         0 |         0 |         0 |    0.0135 |         0 |         0 |         0 |         0 |         0 |         0 |    0.0140 |         0 |         0 |         0 |         0 |         0 |         0 |    0.0272 |         0 |         0 |         0 |         0 |         0 |         0 |
| Memory write bandwidth [MBytes/s] |  684.1803 |         0 |         0 |         0 |         0 |         0 |         0 |         0 |   84.5948 |         0 |         0 |         0 |         0 |         0 |         0 |   98.5695 |         0 |         0 |         0 |         0 |         0 |         0 |  132.0474 |         0 |         0 |         0 |         0 |         0 |         0 |
| Memory write data volume [GBytes] |    0.1887 |         0 |         0 |         0 |         0 |         0 |         0 |         0 |    0.0233 |         0 |         0 |         0 |         0 |         0 |         0 |    0.0272 |         0 |         0 |         0 |         0 |         0 |         0 |    0.0364 |         0 |         0 |         0 |         0 |         0 |         0 |
|    Memory bandwidth [MBytes/s]    | 1147.3701 |         0 |         0 |         0 |         0 |         0 |         0 |         0 |  133.3497 |         0 |         0 |         0 |         0 |         0 |         0 |  149.1623 |         0 |         0 |         0 |         0 |         0 |         0 |  230.6064 |         0 |         0 |         0 |         0 |         0 |         0 |
|    Memory data volume [GBytes]    |    0.3165 |         0 |         0 |         0 |         0 |         0 |         0 |         0 |    0.0368 |         0 |         0 |         0 |         0 |         0 |         0 |    0.0412 |         0 |         0 |         0 |         0 |         0 |         0 |    0.0636 |         0 |         0 |         0 |         0 |         0 |         0 |
|       Operational intensity       |    0.1141 |    0.0812 |    0.0811 |    0.0804 |    0.0799 |    0.0799 |    0.0786 |    0.0779 |    0.6688 |    0.6669 |    0.6648 |    0.6648 |    0.6648 |    0.6640 |    0.6640 |    0.5837 |    0.5811 |    0.5798 |    0.5778 |    0.5740 |    0.5743 |    0.5737 |    0.3679 |    0.3677 |    0.3679 |    0.3660 |    0.3662 |    0.3652 |    0.3644 |
+-----------------------------------+-----------+-----------+-----------+-----------+-----------+-----------+-----------+-----------+-----------+-----------+-----------+-----------+-----------+-----------+-----------+-----------+-----------+-----------+-----------+-----------+-----------+-----------+-----------+-----------+-----------+-----------+-----------+-----------+-----------+
+----------------------------------------+------------+-----------+-----------+-----------+
|                 Metric                 |     Sum    |    Min    |    Max    |    Avg    |
+----------------------------------------+------------+-----------+-----------+-----------+
|        Runtime (RDTSC) [s] STAT        |     8.1150 |    0.2759 |    0.2805 |    0.2798 |
|        Runtime unhalted [s] STAT       |     1.8806 |    0.0581 |    0.0715 |    0.0648 |
|            Clock [MHz] STAT            | 54911.9652 | 1889.8174 | 1894.3775 | 1893.5160 |
|                CPI STAT                |    53.6565 |    0.7226 |    2.1435 |    1.8502 |
|             Energy [J] STAT            |    37.2096 |         0 |   10.2181 |    1.2831 |
|             Power [W] STAT             |   134.8695 |         0 |   37.0417 |    4.6507 |
|          Energy DRAM [J] STAT          |     4.1099 |         0 |    1.2826 |    0.1417 |
|           Power DRAM [W] STAT          |    14.8965 |         0 |    4.6494 |    0.5137 |
|            DP [MFLOP/s] STAT           |  2552.4730 |   82.6688 |  130.8698 |   88.0163 |
|          AVX DP [MFLOP/s] STAT         |     4.3326 |         0 |    4.3326 |    0.1494 |
|          Packed [MUOPS/s] STAT         |     0.6523 |         0 |    0.6523 |    0.0225 |
|          Scalar [MUOPS/s] STAT         |  2547.9736 |   82.6688 |  126.3704 |   87.8612 |
|  Memory read bandwidth [MBytes/s] STAT |   661.0964 |         0 |  463.1898 |   22.7964 |
|  Memory read data volume [GBytes] STAT |     0.1825 |         0 |    0.1278 |    0.0063 |
| Memory write bandwidth [MBytes/s] STAT |   999.3920 |         0 |  684.1803 |   34.4618 |
| Memory write data volume [GBytes] STAT |     0.2756 |         0 |    0.1887 |    0.0095 |
|    Memory bandwidth [MBytes/s] STAT    |  1660.4885 |         0 | 1147.3701 |   57.2582 |
|    Memory data volume [GBytes] STAT    |     0.4581 |         0 |    0.3165 |    0.0158 |
|       Operational intensity STAT       |    11.9409 |    0.0779 |    0.6688 |    0.4118 |
+----------------------------------------+------------+-----------+-----------+-----------+
--------------------------------------------------------------------------------
CPU name:	Intel(R) Xeon(R) Gold 6132 CPU @ 2.60GHz
CPU type:	Intel Skylake SP processor
CPU clock:	2.59 GHz
--------------------------------------------------------------------------------
Region Solve, Group 1: MEM_DP
+-------------------+----------+----------+----------+----------+----------+----------+----------+----------+----------+----------+----------+----------+----------+----------+----------+----------+----------+----------+----------+----------+----------+----------+----------+----------+----------+----------+----------+----------+----------+
|    Region Info    |  Core 0  |  Core 1  |  Core 2  |  Core 3  |  Core 4  |  Core 5  |  Core 6  |  Core 7  |  Core 14 |  Core 15 |  Core 16 |  Core 17 |  Core 18 |  Core 19 |  Core 20 |  Core 28 |  Core 29 |  Core 30 |  Core 31 |  Core 32 |  Core 33 |  Core 34 |  Core 42 |  Core 43 |  Core 44 |  Core 45 |  Core 46 |  Core 47 |  Core 48 |
+-------------------+----------+----------+----------+----------+----------+----------+----------+----------+----------+----------+----------+----------+----------+----------+----------+----------+----------+----------+----------+----------+----------+----------+----------+----------+----------+----------+----------+----------+----------+
| RDTSC Runtime [s] | 7.464935 | 7.467375 | 7.467378 | 7.467388 | 7.467378 | 7.467383 | 7.467375 | 7.467375 | 7.464915 | 7.467373 | 7.467371 | 7.467368 | 7.467370 | 7.467365 | 7.467370 | 7.464922 | 7.467384 | 7.467379 | 7.467380 | 7.467376 | 7.467381 | 7.467368 | 7.464934 | 7.467377 | 7.467370 | 7.467377 | 7.467387 | 7.467370 | 7.467378 |
|     call count    |        1 |        1 |        1 |        1 |        1 |        1 |        1 |        1 |        1 |        1 |        1 |        1 |        1 |        1 |        1 |        1 |        1 |        1 |        1 |        1 |        1 |        1 |        1 |        1 |        1 |        1 |        1 |        1 |        1 |
+-------------------+----------+----------+----------+----------+----------+----------+----------+----------+----------+----------+----------+----------+----------+----------+----------+----------+----------+----------+----------+----------+----------+----------+----------+----------+----------+----------+----------+----------+----------+
+------------------------------------------+---------+-------------+-------------+-------------+-------------+-------------+-------------+-------------+-------------+-------------+-------------+-------------+-------------+-------------+-------------+-------------+-------------+-------------+-------------+-------------+-------------+-------------+-------------+-------------+-------------+-------------+-------------+-------------+-------------+-------------+
|                   Event                  | Counter |    Core 0   |    Core 1   |    Core 2   |    Core 3   |    Core 4   |    Core 5   |    Core 6   |    Core 7   |   Core 14   |   Core 15   |   Core 16   |   Core 17   |   Core 18   |   Core 19   |   Core 20   |   Core 28   |   Core 29   |   Core 30   |   Core 31   |   Core 32   |   Core 33   |   Core 34   |   Core 42   |   Core 43   |   Core 44   |   Core 45   |   Core 46   |   Core 47   |   Core 48   |
+------------------------------------------+---------+-------------+-------------+-------------+-------------+-------------+-------------+-------------+-------------+-------------+-------------+-------------+-------------+-------------+-------------+-------------+-------------+-------------+-------------+-------------+-------------+-------------+-------------+-------------+-------------+-------------+-------------+-------------+-------------+-------------+
|             INSTR_RETIRED_ANY            |  FIXC0  | 21050660000 | 20849940000 | 20886970000 | 20843770000 | 20690630000 | 20650640000 | 20516140000 | 20291490000 | 20242090000 | 20103310000 | 20073760000 | 20068920000 | 20105390000 | 19904510000 | 19865520000 | 19733380000 | 19718380000 | 19741360000 | 19704090000 | 19260650000 | 19094730000 | 19129440000 | 19023650000 | 19069820000 | 19189670000 | 18847000000 | 18825080000 | 18774740000 | 20197850000 |
|           CPU_CLK_UNHALTED_CORE          |  FIXC1  | 14009330000 | 14072310000 | 14070460000 | 14023030000 | 14072540000 | 14064080000 | 13977120000 | 14070450000 | 14009380000 | 14015870000 | 14017820000 | 14019770000 | 13836940000 | 14025420000 | 14022030000 | 14012250000 | 14017700000 | 14018120000 | 14017990000 | 14020540000 | 14019440000 | 14012760000 | 14017370000 | 14022310000 | 13643250000 | 14024210000 | 14023910000 | 14024060000 | 11768610000 |
|           CPU_CLK_UNHALTED_REF           |  FIXC2  | 19170640000 | 19256820000 | 19254300000 | 19189410000 | 19257150000 | 19245580000 | 19126630000 | 19254270000 | 19170760000 | 19179630000 | 19182310000 | 19184980000 | 18934760000 | 19192720000 | 19188060000 | 19174920000 | 19182110000 | 19182690000 | 19182520000 | 19185990000 | 19184480000 | 19175350000 | 19181880000 | 19188530000 | 18669730000 | 19191040000 | 19190640000 | 19190840000 | 16104430000 |
|              PWR_PKG_ENERGY              |   PWR0  |    419.0468 |           0 |           0 |           0 |           0 |           0 |           0 |           0 |    356.2466 |           0 |           0 |           0 |           0 |           0 |           0 |    381.9523 |           0 |           0 |           0 |           0 |           0 |           0 |    362.2016 |           0 |           0 |           0 |           0 |           0 |           0 |
|              PWR_DRAM_ENERGY             |   PWR3  |     32.4966 |           0 |           0 |           0 |           0 |           0 |           0 |           0 |     31.5855 |           0 |           0 |           0 |           0 |           0 |           0 |     24.2895 |           0 |           0 |           0 |           0 |           0 |           0 |     26.8719 |           0 |           0 |           0 |           0 |           0 |           0 |
| FP_ARITH_INST_RETIRED_128B_PACKED_DOUBLE |   PMC0  |       65560 |           0 |           0 |           0 |           0 |           0 |           0 |           0 |           0 |           0 |           0 |           0 |           0 |           0 |           0 |           0 |           0 |           0 |           0 |           0 |           0 |           0 |           0 |           0 |           0 |           0 |           0 |           0 |           0 |
|    FP_ARITH_INST_RETIRED_SCALAR_DOUBLE   |   PMC1  |  6204685000 |  6167153000 |  6198964000 |  6169937000 |  6128462000 |  6101492000 |  6017328000 |  5977077000 |  5963390000 |  5921746000 |  5909031000 |  5890798000 |  5840156000 |  5828129000 |  5818415000 |  5770959000 |  5765329000 |  5788388000 |  5790173000 |  5660627000 |  5610419000 |  5621081000 |  5583666000 |  5602000000 |  5573081000 |  5561873000 |  5541996000 |  5506747000 |  5462012000 |
| FP_ARITH_INST_RETIRED_256B_PACKED_DOUBLE |   PMC2  |       83556 |           0 |           0 |           0 |           0 |           0 |           0 |           0 |           0 |           0 |           0 |           0 |           0 |           0 |           0 |           0 |           0 |           0 |           0 |           0 |           0 |           0 |           0 |           0 |           0 |           0 |           0 |           0 |           0 |
| FP_ARITH_INST_RETIRED_512B_PACKED_DOUBLE |   PMC3  |      417868 |           0 |           0 |           0 |           0 |           0 |           0 |           0 |           0 |           0 |           0 |           0 |           0 |           0 |           0 |           0 |           0 |           0 |           0 |           0 |           0 |           0 |           0 |           0 |           0 |           0 |           0 |           0 |           0 |
|               CAS_COUNT_RD               | MBOX0C0 |    17329010 |           0 |           0 |           0 |           0 |           0 |           0 |           0 |    12825250 |           0 |           0 |           0 |           0 |           0 |           0 |    11462000 |           0 |           0 |           0 |           0 |           0 |           0 |     9698389 |           0 |           0 |           0 |           0 |           0 |           0 |
|               CAS_COUNT_WR               | MBOX0C1 |    11103560 |           0 |           0 |           0 |           0 |           0 |           0 |           0 |     8608592 |           0 |           0 |           0 |           0 |           0 |           0 |     7099721 |           0 |           0 |           0 |           0 |           0 |           0 |     5163034 |           0 |           0 |           0 |           0 |           0 |           0 |
|               CAS_COUNT_RD               | MBOX1C0 |    17244920 |           0 |           0 |           0 |           0 |           0 |           0 |           0 |    12714550 |           0 |           0 |           0 |           0 |           0 |           0 |    11450570 |           0 |           0 |           0 |           0 |           0 |           0 |     9820427 |           0 |           0 |           0 |           0 |           0 |           0 |
|               CAS_COUNT_WR               | MBOX1C1 |    10997440 |           0 |           0 |           0 |           0 |           0 |           0 |           0 |     8538099 |           0 |           0 |           0 |           0 |           0 |           0 |     7120479 |           0 |           0 |           0 |           0 |           0 |           0 |     5284524 |           0 |           0 |           0 |           0 |           0 |           0 |
|               CAS_COUNT_RD               | MBOX2C0 |    17531160 |           0 |           0 |           0 |           0 |           0 |           0 |           0 |    12806090 |           0 |           0 |           0 |           0 |           0 |           0 |    11515480 |           0 |           0 |           0 |           0 |           0 |           0 |     9937012 |           0 |           0 |           0 |           0 |           0 |           0 |
|               CAS_COUNT_WR               | MBOX2C1 |    11113270 |           0 |           0 |           0 |           0 |           0 |           0 |           0 |     8593399 |           0 |           0 |           0 |           0 |           0 |           0 |     7183475 |           0 |           0 |           0 |           0 |           0 |           0 |     5326889 |           0 |           0 |           0 |           0 |           0 |           0 |
|               CAS_COUNT_RD               | MBOX3C0 |    17436970 |           0 |           0 |           0 |           0 |           0 |           0 |           0 |    12589510 |           0 |           0 |           0 |           0 |           0 |           0 |    11261130 |           0 |           0 |           0 |           0 |           0 |           0 |     9638287 |           0 |           0 |           0 |           0 |           0 |           0 |
|               CAS_COUNT_WR               | MBOX3C1 |    10892540 |           0 |           0 |           0 |           0 |           0 |           0 |           0 |     8334374 |           0 |           0 |           0 |           0 |           0 |           0 |     6913393 |           0 |           0 |           0 |           0 |           0 |           0 |     5082399 |           0 |           0 |           0 |           0 |           0 |           0 |
|               CAS_COUNT_RD               | MBOX4C0 |    17213620 |           0 |           0 |           0 |           0 |           0 |           0 |           0 |    12630220 |           0 |           0 |           0 |           0 |           0 |           0 |    11213380 |           0 |           0 |           0 |           0 |           0 |           0 |     9565286 |           0 |           0 |           0 |           0 |           0 |           0 |
|               CAS_COUNT_WR               | MBOX4C1 |    10842130 |           0 |           0 |           0 |           0 |           0 |           0 |           0 |     8384524 |           0 |           0 |           0 |           0 |           0 |           0 |     6841179 |           0 |           0 |           0 |           0 |           0 |           0 |     5018354 |           0 |           0 |           0 |           0 |           0 |           0 |
|               CAS_COUNT_RD               | MBOX5C0 |    17199530 |           0 |           0 |           0 |           0 |           0 |           0 |           0 |    12508790 |           0 |           0 |           0 |           0 |           0 |           0 |    11198730 |           0 |           0 |           0 |           0 |           0 |           0 |     9657622 |           0 |           0 |           0 |           0 |           0 |           0 |
|               CAS_COUNT_WR               | MBOX5C1 |    10842950 |           0 |           0 |           0 |           0 |           0 |           0 |           0 |     8313734 |           0 |           0 |           0 |           0 |           0 |           0 |     6831808 |           0 |           0 |           0 |           0 |           0 |           0 |     5110512 |           0 |           0 |           0 |           0 |           0 |           0 |
+------------------------------------------+---------+-------------+-------------+-------------+-------------+-------------+-------------+-------------+-------------+-------------+-------------+-------------+-------------+-------------+-------------+-------------+-------------+-------------+-------------+-------------+-------------+-------------+-------------+-------------+-------------+-------------+-------------+-------------+-------------+-------------+
+-----------------------------------------------+---------+--------------+-------------+-------------+--------------+
|                     Event                     | Counter |      Sum     |     Min     |     Max     |      Avg     |
+-----------------------------------------------+---------+--------------+-------------+-------------+--------------+
|             INSTR_RETIRED_ANY STAT            |  FIXC0  | 576453580000 | 18774740000 | 21050660000 | 1.987771e+10 |
|           CPU_CLK_UNHALTED_CORE STAT          |  FIXC1  | 403949070000 | 11768610000 | 14072540000 | 1.392928e+10 |
|           CPU_CLK_UNHALTED_REF STAT           |  FIXC2  | 552773170000 | 16104430000 | 19257150000 | 1.906114e+10 |
|              PWR_PKG_ENERGY STAT              |   PWR0  |    1519.4473 |           0 |    419.0468 |      52.3947 |
|              PWR_DRAM_ENERGY STAT             |   PWR3  |     115.2435 |           0 |     32.4966 |       3.9739 |
| FP_ARITH_INST_RETIRED_128B_PACKED_DOUBLE STAT |   PMC0  |        65560 |           0 |       65560 |    2260.6897 |
|    FP_ARITH_INST_RETIRED_SCALAR_DOUBLE STAT   |   PMC1  | 168975114000 |  5462012000 |  6204685000 | 5.826728e+09 |
| FP_ARITH_INST_RETIRED_256B_PACKED_DOUBLE STAT |   PMC2  |        83556 |           0 |       83556 |    2881.2414 |
| FP_ARITH_INST_RETIRED_512B_PACKED_DOUBLE STAT |   PMC3  |       417868 |           0 |      417868 |   14409.2414 |
|               CAS_COUNT_RD STAT               | MBOX0C0 |     51314649 |           0 |    17329010 | 1.769471e+06 |
|               CAS_COUNT_WR STAT               | MBOX0C1 |     31974907 |           0 |    11103560 |      1102583 |
|               CAS_COUNT_RD STAT               | MBOX1C0 |     51230467 |           0 |    17244920 | 1.766568e+06 |
|               CAS_COUNT_WR STAT               | MBOX1C1 |     31940542 |           0 |    10997440 |      1101398 |
|               CAS_COUNT_RD STAT               | MBOX2C0 |     51789742 |           0 |    17531160 | 1.785853e+06 |
|               CAS_COUNT_WR STAT               | MBOX2C1 |     32217033 |           0 |    11113270 | 1.110932e+06 |
|               CAS_COUNT_RD STAT               | MBOX3C0 |     50925897 |           0 |    17436970 | 1.756065e+06 |
|               CAS_COUNT_WR STAT               | MBOX3C1 |     31222706 |           0 |    10892540 | 1.076645e+06 |
|               CAS_COUNT_RD STAT               | MBOX4C0 |     50622506 |           0 |    17213620 | 1.745604e+06 |
|               CAS_COUNT_WR STAT               | MBOX4C1 |     31086187 |           0 |    10842130 | 1.071937e+06 |
|               CAS_COUNT_RD STAT               | MBOX5C0 |     50564672 |           0 |    17199530 | 1.743609e+06 |
|               CAS_COUNT_WR STAT               | MBOX5C1 |     31099004 |           0 |    10842950 | 1.072379e+06 |
+-----------------------------------------------+---------+--------------+-------------+-------------+--------------+
+-----------------------------------+-----------+-----------+-----------+-----------+-----------+-----------+-----------+-----------+-----------+-----------+-----------+-----------+-----------+-----------+-----------+-----------+-----------+-----------+-----------+-----------+-----------+-----------+-----------+-----------+-----------+-----------+-----------+-----------+-----------+
|               Metric              |   Core 0  |   Core 1  |   Core 2  |   Core 3  |   Core 4  |   Core 5  |   Core 6  |   Core 7  |  Core 14  |  Core 15  |  Core 16  |  Core 17  |  Core 18  |  Core 19  |  Core 20  |  Core 28  |  Core 29  |  Core 30  |  Core 31  |  Core 32  |  Core 33  |  Core 34  |  Core 42  |  Core 43  |  Core 44  |  Core 45  |  Core 46  |  Core 47  |  Core 48  |
+-----------------------------------+-----------+-----------+-----------+-----------+-----------+-----------+-----------+-----------+-----------+-----------+-----------+-----------+-----------+-----------+-----------+-----------+-----------+-----------+-----------+-----------+-----------+-----------+-----------+-----------+-----------+-----------+-----------+-----------+-----------+
|        Runtime (RDTSC) [s]        |    7.4649 |    7.4674 |    7.4674 |    7.4674 |    7.4674 |    7.4674 |    7.4674 |    7.4674 |    7.4649 |    7.4674 |    7.4674 |    7.4674 |    7.4674 |    7.4674 |    7.4674 |    7.4649 |    7.4674 |    7.4674 |    7.4674 |    7.4674 |    7.4674 |    7.4674 |    7.4649 |    7.4674 |    7.4674 |    7.4674 |    7.4674 |    7.4674 |    7.4674 |
|        Runtime unhalted [s]       |    5.4012 |    5.4255 |    5.4248 |    5.4065 |    5.4256 |    5.4223 |    5.3888 |    5.4247 |    5.4012 |    5.4037 |    5.4045 |    5.4052 |    5.3347 |    5.4074 |    5.4061 |    5.4023 |    5.4044 |    5.4046 |    5.4045 |    5.4055 |    5.4051 |    5.4025 |    5.4043 |    5.4062 |    5.2600 |    5.4069 |    5.4068 |    5.4069 |    4.5373 |
|            Clock [MHz]            | 1895.4357 | 1895.4360 | 1895.4348 | 1895.4334 | 1895.4345 | 1895.4338 | 1895.4291 | 1895.4364 | 1895.4306 | 1895.4317 | 1895.4305 | 1895.4304 | 1895.4335 | 1895.4295 | 1895.4316 | 1895.4076 | 1895.4341 | 1895.4335 | 1895.4328 | 1895.4347 | 1895.4352 | 1895.4341 | 1895.4122 | 1895.4230 | 1895.4315 | 1895.4319 | 1895.4309 | 1895.4314 | 1895.4316 |
|                CPI                |    0.6655 |    0.6749 |    0.6736 |    0.6728 |    0.6801 |    0.6810 |    0.6813 |    0.6934 |    0.6921 |    0.6972 |    0.6983 |    0.6986 |    0.6882 |    0.7046 |    0.7058 |    0.7101 |    0.7109 |    0.7101 |    0.7114 |    0.7279 |    0.7342 |    0.7325 |    0.7368 |    0.7353 |    0.7110 |    0.7441 |    0.7450 |    0.7470 |    0.5827 |
|             Energy [J]            |  419.0468 |         0 |         0 |         0 |         0 |         0 |         0 |         0 |  356.2466 |         0 |         0 |         0 |         0 |         0 |         0 |  381.9523 |         0 |         0 |         0 |         0 |         0 |         0 |  362.2016 |         0 |         0 |         0 |         0 |         0 |         0 |
|             Power [W]             |   56.1354 |         0 |         0 |         0 |         0 |         0 |         0 |         0 |   47.7228 |         0 |         0 |         0 |         0 |         0 |         0 |   51.1663 |         0 |         0 |         0 |         0 |         0 |         0 |   48.5204 |         0 |         0 |         0 |         0 |         0 |         0 |
|          Energy DRAM [J]          |   32.4966 |         0 |         0 |         0 |         0 |         0 |         0 |         0 |   31.5855 |         0 |         0 |         0 |         0 |         0 |         0 |   24.2895 |         0 |         0 |         0 |         0 |         0 |         0 |   26.8719 |         0 |         0 |         0 |         0 |         0 |         0 |
|           Power DRAM [W]          |    4.3532 |         0 |         0 |         0 |         0 |         0 |         0 |         0 |    4.2312 |         0 |         0 |         0 |         0 |         0 |         0 |    3.2538 |         0 |         0 |         0 |         0 |         0 |         0 |    3.5998 |         0 |         0 |         0 |         0 |         0 |         0 |
|            DP [MFLOP/s]           |  831.6875 |  825.8796 |  830.1393 |  826.2510 |  820.6980 |  817.0857 |  805.8157 |  800.4255 |  798.8557 |  793.0160 |  791.3134 |  788.8721 |  782.0901 |  780.4800 |  779.1786 |  773.0769 |  772.0681 |  775.1566 |  775.3955 |  758.0477 |  751.3235 |  752.7526 |  747.9860 |  750.1965 |  746.3245 |  744.8228 |  742.1600 |  737.4413 |  731.4498 |
|          AVX DP [MFLOP/s]         |    0.4926 |         0 |         0 |         0 |         0 |         0 |         0 |         0 |         0 |         0 |         0 |         0 |         0 |         0 |         0 |         0 |         0 |         0 |         0 |         0 |         0 |         0 |         0 |         0 |         0 |         0 |         0 |         0 |         0 |
|          Packed [MUOPS/s]         |    0.0760 |         0 |         0 |         0 |         0 |         0 |         0 |         0 |         0 |         0 |         0 |         0 |         0 |         0 |         0 |         0 |         0 |         0 |         0 |         0 |         0 |         0 |         0 |         0 |         0 |         0 |         0 |         0 |         0 |
|          Scalar [MUOPS/s]         |  831.1774 |  825.8796 |  830.1393 |  826.2510 |  820.6980 |  817.0857 |  805.8157 |  800.4255 |  798.8557 |  793.0160 |  791.3134 |  788.8721 |  782.0901 |  780.4800 |  779.1786 |  773.0769 |  772.0681 |  775.1566 |  775.3955 |  758.0477 |  751.3235 |  752.7526 |  747.9860 |  750.1965 |  746.3245 |  744.8228 |  742.1600 |  737.4413 |  731.4498 |
|  Memory read bandwidth [MBytes/s] |  891.2514 |         0 |         0 |         0 |         0 |         0 |         0 |         0 |  652.2194 |         0 |         0 |         0 |         0 |         0 |         0 |  583.8618 |         0 |         0 |         0 |         0 |         0 |         0 |  499.9762 |         0 |         0 |         0 |         0 |         0 |         0 |
|  Memory read data volume [GBytes] |    6.6531 |         0 |         0 |         0 |         0 |         0 |         0 |         0 |    4.8688 |         0 |         0 |         0 |         0 |         0 |         0 |    4.3585 |         0 |         0 |         0 |         0 |         0 |         0 |    3.7323 |         0 |         0 |         0 |         0 |         0 |         0 |
| Memory write bandwidth [MBytes/s] |  564.0613 |         0 |         0 |         0 |         0 |         0 |         0 |         0 |  435.2969 |         0 |         0 |         0 |         0 |         0 |         0 |  359.9989 |         0 |         0 |         0 |         0 |         0 |         0 |  265.6535 |         0 |         0 |         0 |         0 |         0 |         0 |
| Memory write data volume [GBytes] |    4.2107 |         0 |         0 |         0 |         0 |         0 |         0 |         0 |    3.2495 |         0 |         0 |         0 |         0 |         0 |         0 |    2.6874 |         0 |         0 |         0 |         0 |         0 |         0 |    1.9831 |         0 |         0 |         0 |         0 |         0 |         0 |
|    Memory bandwidth [MBytes/s]    | 1455.3127 |         0 |         0 |         0 |         0 |         0 |         0 |         0 | 1087.5163 |         0 |         0 |         0 |         0 |         0 |         0 |  943.8606 |         0 |         0 |         0 |         0 |         0 |         0 |  765.6297 |         0 |         0 |         0 |         0 |         0 |         0 |
|    Memory data volume [GBytes]    |   10.8638 |         0 |         0 |         0 |         0 |         0 |         0 |         0 |    8.1182 |         0 |         0 |         0 |         0 |         0 |         0 |    7.0458 |         0 |         0 |         0 |         0 |         0 |         0 |    5.7154 |         0 |         0 |         0 |         0 |         0 |         0 |
|       Operational intensity       |    0.5715 |    0.5677 |    0.5706 |    0.5679 |    0.5641 |    0.5616 |    0.5539 |    0.5502 |    0.7346 |    0.7294 |    0.7279 |    0.7256 |    0.7194 |    0.7179 |    0.7167 |    0.8191 |    0.8183 |    0.8215 |    0.8218 |    0.8034 |    0.7963 |    0.7978 |    0.9770 |    0.9802 |    0.9751 |    0.9731 |    0.9697 |    0.9635 |    0.9557 |
+-----------------------------------+-----------+-----------+-----------+-----------+-----------+-----------+-----------+-----------+-----------+-----------+-----------+-----------+-----------+-----------+-----------+-----------+-----------+-----------+-----------+-----------+-----------+-----------+-----------+-----------+-----------+-----------+-----------+-----------+-----------+
+----------------------------------------+------------+-----------+-----------+-----------+
|                 Metric                 |     Sum    |    Min    |    Max    |    Avg    |
+----------------------------------------+------------+-----------+-----------+-----------+
|        Runtime (RDTSC) [s] STAT        |   216.5446 |    7.4649 |    7.4674 |    7.4671 |
|        Runtime unhalted [s] STAT       |   155.7395 |    4.5373 |    5.4256 |    5.3703 |
|            Clock [MHz] STAT            | 54967.4960 | 1895.4076 | 1895.4364 | 1895.4309 |
|                CPI STAT                |    20.3464 |    0.5827 |    0.7470 |    0.7016 |
|             Energy [J] STAT            |  1519.4473 |         0 |  419.0468 |   52.3947 |
|             Power [W] STAT             |   203.5449 |         0 |   56.1354 |    7.0188 |
|          Energy DRAM [J] STAT          |   115.2435 |         0 |   32.4966 |    3.9739 |
|           Power DRAM [W] STAT          |    15.4380 |         0 |    4.3532 |    0.5323 |
|            DP [MFLOP/s] STAT           | 22629.9900 |  731.4498 |  831.6875 |  780.3445 |
|          AVX DP [MFLOP/s] STAT         |     0.4926 |         0 |    0.4926 |    0.0170 |
|          Packed [MUOPS/s] STAT         |     0.0760 |         0 |    0.0760 |    0.0026 |
|          Scalar [MUOPS/s] STAT         | 22629.4799 |  731.4498 |  831.1774 |  780.3269 |
|  Memory read bandwidth [MBytes/s] STAT |  2627.3088 |         0 |  891.2514 |   90.5969 |
|  Memory read data volume [GBytes] STAT |    19.6127 |         0 |    6.6531 |    0.6763 |
| Memory write bandwidth [MBytes/s] STAT |  1625.0106 |         0 |  564.0613 |   56.0348 |
| Memory write data volume [GBytes] STAT |    12.1307 |         0 |    4.2107 |    0.4183 |
|    Memory bandwidth [MBytes/s] STAT    |  4252.3193 |         0 | 1455.3127 |  146.6317 |
|    Memory data volume [GBytes] STAT    |    31.7432 |         0 |   10.8638 |    1.0946 |
|       Operational intensity STAT       |    22.0515 |    0.5502 |    0.9802 |    0.7604 |
+----------------------------------------+------------+-----------+-----------+-----------+
