--------------------------------------------------------------------------------
CPU name:	Intel(R) Xeon(R) Gold 6132 CPU @ 2.60GHz
CPU type:	Intel Skylake SP processor
CPU clock:	2.59 GHz
--------------------------------------------------------------------------------
Region Setup, Group 1: MEM_DP
+-------------------+----------+----------+----------+----------+----------+----------+----------+----------+----------+----------+----------+----------+----------+----------+----------+----------+----------+----------+----------+----------+----------+----------+----------+----------+----------+----------+----------+----------+----------+----------+----------+----------+----------+----------+
|    Region Info    |  Core 0  |  Core 1  |  Core 2  |  Core 3  |  Core 4  |  Core 5  |  Core 6  |  Core 7  |  Core 8  |  Core 14 |  Core 15 |  Core 16 |  Core 17 |  Core 18 |  Core 19 |  Core 20 |  Core 21 |  Core 22 |  Core 28 |  Core 29 |  Core 30 |  Core 31 |  Core 32 |  Core 33 |  Core 34 |  Core 35 |  Core 42 |  Core 43 |  Core 44 |  Core 45 |  Core 46 |  Core 47 |  Core 48 |  Core 49 |
+-------------------+----------+----------+----------+----------+----------+----------+----------+----------+----------+----------+----------+----------+----------+----------+----------+----------+----------+----------+----------+----------+----------+----------+----------+----------+----------+----------+----------+----------+----------+----------+----------+----------+----------+----------+
| RDTSC Runtime [s] | 0.284292 | 0.288615 | 0.288735 | 0.288665 | 0.288629 | 0.288710 | 0.288672 | 0.288554 | 0.288634 | 0.284411 | 0.288646 | 0.288746 | 0.288570 | 0.288641 | 0.288727 | 0.288757 | 0.288623 | 0.288667 | 0.284416 | 0.288703 | 0.288661 | 0.288654 | 0.288654 | 0.288702 | 0.288650 | 0.288627 | 0.284335 | 0.288649 | 0.288691 | 0.288630 | 0.288638 | 0.288662 | 0.288585 | 0.288598 |
|     call count    |        2 |        2 |        2 |        2 |        2 |        2 |        2 |        2 |        2 |        2 |        2 |        2 |        2 |        2 |        2 |        2 |        2 |        2 |        2 |        2 |        2 |        2 |        2 |        2 |        2 |        2 |        2 |        2 |        2 |        2 |        2 |        2 |        2 |        2 |
+-------------------+----------+----------+----------+----------+----------+----------+----------+----------+----------+----------+----------+----------+----------+----------+----------+----------+----------+----------+----------+----------+----------+----------+----------+----------+----------+----------+----------+----------+----------+----------+----------+----------+----------+----------+
+------------------------------------------+---------+-----------+-----------+-----------+-----------+-----------+-----------+-----------+-----------+-----------+-----------+-----------+-----------+-----------+-----------+-----------+-----------+-----------+-----------+-----------+-----------+-----------+-----------+-----------+-----------+-----------+-----------+-----------+-----------+-----------+-----------+-----------+-----------+-----------+-----------+
|                   Event                  | Counter |   Core 0  |   Core 1  |   Core 2  |   Core 3  |   Core 4  |   Core 5  |   Core 6  |   Core 7  |   Core 8  |  Core 14  |  Core 15  |  Core 16  |  Core 17  |  Core 18  |  Core 19  |  Core 20  |  Core 21  |  Core 22  |  Core 28  |  Core 29  |  Core 30  |  Core 31  |  Core 32  |  Core 33  |  Core 34  |  Core 35  |  Core 42  |  Core 43  |  Core 44  |  Core 45  |  Core 46  |  Core 47  |  Core 48  |  Core 49  |
+------------------------------------------+---------+-----------+-----------+-----------+-----------+-----------+-----------+-----------+-----------+-----------+-----------+-----------+-----------+-----------+-----------+-----------+-----------+-----------+-----------+-----------+-----------+-----------+-----------+-----------+-----------+-----------+-----------+-----------+-----------+-----------+-----------+-----------+-----------+-----------+-----------+
|             INSTR_RETIRED_ANY            |  FIXC0  | 212569300 |  81191240 |  80431550 |  79162670 |  79231790 |  79736720 |  79491830 |  79131840 |  79428310 |  77338990 |  77244400 |  77046170 |  77399080 |  77208110 |  77027890 |  77391630 |  76553710 |  76905650 |  76908650 |  76024770 |  76579530 |  76087470 |  76683370 |  75982590 |  76391810 |  76358860 |  76817080 |  76323230 |  76757380 |  76791060 |  74791350 |  73937330 |  73513950 |  73323450 |
|           CPU_CLK_UNHALTED_CORE          |  FIXC1  | 159720400 | 181830600 | 197231900 | 170705500 | 177999000 | 189142700 | 184138500 | 176589800 | 195305000 | 154218300 | 153477600 | 149167400 | 156708500 | 152742400 | 148866300 | 156816600 | 153435600 | 167916300 | 168265700 | 149545000 | 161229100 | 151632400 | 164078600 | 160027000 | 168233600 | 168109800 | 177331500 | 167174900 | 175999900 | 182645800 | 167112800 | 164192300 | 168249900 | 172741400 |
|           CPU_CLK_UNHALTED_REF           |  FIXC2  | 218736400 | 249018800 | 270047100 | 233728700 | 243719300 | 259073000 | 252090700 | 241812800 | 267876100 | 211213400 | 210277100 | 204249700 | 214631700 | 209198900 | 203896800 | 214956600 | 210141300 | 230015400 | 230544800 | 204892900 | 220773700 | 207601300 | 224744100 | 219128800 | 230471500 | 230292600 | 242996500 | 228940600 | 241098900 | 250120900 | 228818500 | 224869300 | 230430500 | 236536800 |
|              PWR_PKG_ENERGY              |   PWR0  |   10.6816 |         0 |         0 |         0 |         0 |         0 |         0 |         0 |         0 |    9.2453 |         0 |         0 |         0 |         0 |         0 |         0 |         0 |         0 |    9.7267 |         0 |         0 |         0 |         0 |         0 |         0 |         0 |    9.3624 |         0 |         0 |         0 |         0 |         0 |         0 |         0 |
|              PWR_DRAM_ENERGY             |   PWR3  |    1.2982 |         0 |         0 |         0 |         0 |         0 |         0 |         0 |         0 |    1.1081 |         0 |         0 |         0 |         0 |         0 |         0 |         0 |         0 |    0.7998 |         0 |         0 |         0 |         0 |         0 |         0 |         0 |    0.9659 |         0 |         0 |         0 |         0 |         0 |         0 |         0 |
| FP_ARITH_INST_RETIRED_128B_PACKED_DOUBLE |   PMC0  |     23000 |         0 |         0 |         0 |         0 |         0 |         0 |         0 |         0 |         0 |         0 |         0 |         0 |         0 |         0 |         0 |         0 |         0 |         0 |         0 |         0 |         0 |         0 |         0 |         0 |         0 |         0 |         0 |         0 |         0 |         0 |         0 |         0 |         0 |
|    FP_ARITH_INST_RETIRED_SCALAR_DOUBLE   |   PMC1  |  30986510 |  21595530 |  21166350 |  21160890 |  21083670 |  21073340 |  21073360 |  21072490 |  20890730 |  20870040 |  20862080 |  20862140 |  20861990 |  20862720 |  20862560 |  20861440 |  20739030 |  20643250 |  20642760 |  20642760 |  20642760 |  20629700 |  20630090 |  20486780 |  20487010 |  20486730 |  20487030 |  20487090 |  20487090 |  20415410 |  20003760 |  19786670 |  19562420 |  19429050 |
| FP_ARITH_INST_RETIRED_256B_PACKED_DOUBLE |   PMC2  |     15090 |         0 |         0 |         0 |         0 |         0 |         0 |         0 |         0 |         0 |         0 |         0 |         0 |         0 |         0 |         0 |         0 |         0 |         0 |         0 |         0 |         0 |         0 |         0 |         0 |         0 |         0 |         0 |         0 |         0 |         0 |         0 |         0 |         0 |
| FP_ARITH_INST_RETIRED_512B_PACKED_DOUBLE |   PMC3  |    141851 |         0 |         0 |         0 |         0 |         0 |         0 |         0 |         0 |         0 |         0 |         0 |         0 |         0 |         0 |         0 |         0 |         0 |         0 |         0 |         0 |         0 |         0 |         0 |         0 |         0 |         0 |         0 |         0 |         0 |         0 |         0 |         0 |         0 |
|               CAS_COUNT_RD               | MBOX0C0 |    314292 |         0 |         0 |         0 |         0 |         0 |         0 |         0 |         0 |     43228 |         0 |         0 |         0 |         0 |         0 |         0 |         0 |         0 |     35014 |         0 |         0 |         0 |         0 |         0 |         0 |         0 |     82633 |         0 |         0 |         0 |         0 |         0 |         0 |         0 |
|               CAS_COUNT_WR               | MBOX0C1 |    481498 |         0 |         0 |         0 |         0 |         0 |         0 |         0 |         0 |     70485 |         0 |         0 |         0 |         0 |         0 |         0 |         0 |         0 |     64574 |         0 |         0 |         0 |         0 |         0 |         0 |         0 |     96547 |         0 |         0 |         0 |         0 |         0 |         0 |         0 |
|               CAS_COUNT_RD               | MBOX1C0 |    323292 |         0 |         0 |         0 |         0 |         0 |         0 |         0 |         0 |     43065 |         0 |         0 |         0 |         0 |         0 |         0 |         0 |         0 |     35643 |         0 |         0 |         0 |         0 |         0 |         0 |         0 |     42062 |         0 |         0 |         0 |         0 |         0 |         0 |         0 |
|               CAS_COUNT_WR               | MBOX1C1 |    482217 |         0 |         0 |         0 |         0 |         0 |         0 |         0 |         0 |     70936 |         0 |         0 |         0 |         0 |         0 |         0 |         0 |         0 |     64396 |         0 |         0 |         0 |         0 |         0 |         0 |         0 |     66273 |         0 |         0 |         0 |         0 |         0 |         0 |         0 |
|               CAS_COUNT_RD               | MBOX2C0 |    300282 |         0 |         0 |         0 |         0 |         0 |         0 |         0 |         0 |     43722 |         0 |         0 |         0 |         0 |         0 |         0 |         0 |         0 |     40592 |         0 |         0 |         0 |         0 |         0 |         0 |         0 |     45145 |         0 |         0 |         0 |         0 |         0 |         0 |         0 |
|               CAS_COUNT_WR               | MBOX2C1 |    449286 |         0 |         0 |         0 |         0 |         0 |         0 |         0 |         0 |     73573 |         0 |         0 |         0 |         0 |         0 |         0 |         0 |         0 |     71859 |         0 |         0 |         0 |         0 |         0 |         0 |         0 |     71709 |         0 |         0 |         0 |         0 |         0 |         0 |         0 |
|               CAS_COUNT_RD               | MBOX3C0 |    525590 |         0 |         0 |         0 |         0 |         0 |         0 |         0 |         0 |     25795 |         0 |         0 |         0 |         0 |         0 |         0 |         0 |         0 |     22897 |         0 |         0 |         0 |         0 |         0 |         0 |         0 |     38026 |         0 |         0 |         0 |         0 |         0 |         0 |         0 |
|               CAS_COUNT_WR               | MBOX3C1 |    578002 |         0 |         0 |         0 |         0 |         0 |         0 |         0 |         0 |     57258 |         0 |         0 |         0 |         0 |         0 |         0 |         0 |         0 |     55458 |         0 |         0 |         0 |         0 |         0 |         0 |         0 |     64904 |         0 |         0 |         0 |         0 |         0 |         0 |         0 |
|               CAS_COUNT_RD               | MBOX4C0 |    298712 |         0 |         0 |         0 |         0 |         0 |         0 |         0 |         0 |     31782 |         0 |         0 |         0 |         0 |         0 |         0 |         0 |         0 |     21562 |         0 |         0 |         0 |         0 |         0 |         0 |         0 |    150825 |         0 |         0 |         0 |         0 |         0 |         0 |         0 |
|               CAS_COUNT_WR               | MBOX4C1 |    428852 |         0 |         0 |         0 |         0 |         0 |         0 |         0 |         0 |     61942 |         0 |         0 |         0 |         0 |         0 |         0 |         0 |         0 |     54700 |         0 |         0 |         0 |         0 |         0 |         0 |         0 |    162733 |         0 |         0 |         0 |         0 |         0 |         0 |         0 |
|               CAS_COUNT_RD               | MBOX5C0 |    301077 |         0 |         0 |         0 |         0 |         0 |         0 |         0 |         0 |     26818 |         0 |         0 |         0 |         0 |         0 |         0 |         0 |         0 |     25104 |         0 |         0 |         0 |         0 |         0 |         0 |         0 |     28834 |         0 |         0 |         0 |         0 |         0 |         0 |         0 |
|               CAS_COUNT_WR               | MBOX5C1 |    431940 |         0 |         0 |         0 |         0 |         0 |         0 |         0 |         0 |     57923 |         0 |         0 |         0 |         0 |         0 |         0 |         0 |         0 |     57268 |         0 |         0 |         0 |         0 |         0 |         0 |         0 |     56749 |         0 |         0 |         0 |         0 |         0 |         0 |         0 |
+------------------------------------------+---------+-----------+-----------+-----------+-----------+-----------+-----------+-----------+-----------+-----------+-----------+-----------+-----------+-----------+-----------+-----------+-----------+-----------+-----------+-----------+-----------+-----------+-----------+-----------+-----------+-----------+-----------+-----------+-----------+-----------+-----------+-----------+-----------+-----------+-----------+
+-----------------------------------------------+---------+------------+-----------+-----------+--------------+
|                     Event                     | Counter |     Sum    |    Min    |    Max    |      Avg     |
+-----------------------------------------------+---------+------------+-----------+-----------+--------------+
|             INSTR_RETIRED_ANY STAT            |  FIXC0  | 2757762760 |  73323450 | 212569300 | 8.111067e+07 |
|           CPU_CLK_UNHALTED_CORE STAT          |  FIXC1  | 5692582100 | 148866300 | 197231900 | 1.674289e+08 |
|           CPU_CLK_UNHALTED_REF STAT           |  FIXC2  | 7796945500 | 203896800 | 270047100 | 2.293219e+08 |
|              PWR_PKG_ENERGY STAT              |   PWR0  |    39.0160 |         0 |   10.6816 |       1.1475 |
|              PWR_DRAM_ENERGY STAT             |   PWR3  |     4.1720 |         0 |    1.2982 |       0.1227 |
| FP_ARITH_INST_RETIRED_128B_PACKED_DOUBLE STAT |   PMC0  |      23000 |         0 |     23000 |     676.4706 |
|    FP_ARITH_INST_RETIRED_SCALAR_DOUBLE STAT   |   PMC1  |  712835230 |  19429050 |  30986510 | 2.096574e+07 |
| FP_ARITH_INST_RETIRED_256B_PACKED_DOUBLE STAT |   PMC2  |      15090 |         0 |     15090 |     443.8235 |
| FP_ARITH_INST_RETIRED_512B_PACKED_DOUBLE STAT |   PMC3  |     141851 |         0 |    141851 |    4172.0882 |
|               CAS_COUNT_RD STAT               | MBOX0C0 |     475167 |         0 |    314292 |   13975.5000 |
|               CAS_COUNT_WR STAT               | MBOX0C1 |     713104 |         0 |    481498 |   20973.6471 |
|               CAS_COUNT_RD STAT               | MBOX1C0 |     444062 |         0 |    323292 |   13060.6471 |
|               CAS_COUNT_WR STAT               | MBOX1C1 |     683822 |         0 |    482217 |   20112.4118 |
|               CAS_COUNT_RD STAT               | MBOX2C0 |     429741 |         0 |    300282 |   12639.4412 |
|               CAS_COUNT_WR STAT               | MBOX2C1 |     666427 |         0 |    449286 |   19600.7941 |
|               CAS_COUNT_RD STAT               | MBOX3C0 |     612308 |         0 |    525590 |   18009.0588 |
|               CAS_COUNT_WR STAT               | MBOX3C1 |     755622 |         0 |    578002 |   22224.1765 |
|               CAS_COUNT_RD STAT               | MBOX4C0 |     502881 |         0 |    298712 |   14790.6176 |
|               CAS_COUNT_WR STAT               | MBOX4C1 |     708227 |         0 |    428852 |   20830.2059 |
|               CAS_COUNT_RD STAT               | MBOX5C0 |     381833 |         0 |    301077 |   11230.3824 |
|               CAS_COUNT_WR STAT               | MBOX5C1 |     603880 |         0 |    431940 |   17761.1765 |
+-----------------------------------------------+---------+------------+-----------+-----------+--------------+
+-----------------------------------+-----------+-----------+-----------+-----------+-----------+-----------+-----------+-----------+-----------+-----------+-----------+-----------+-----------+-----------+-----------+-----------+-----------+-----------+-----------+-----------+-----------+-----------+-----------+-----------+-----------+-----------+-----------+-----------+-----------+-----------+-----------+-----------+-----------+-----------+
|               Metric              |   Core 0  |   Core 1  |   Core 2  |   Core 3  |   Core 4  |   Core 5  |   Core 6  |   Core 7  |   Core 8  |  Core 14  |  Core 15  |  Core 16  |  Core 17  |  Core 18  |  Core 19  |  Core 20  |  Core 21  |  Core 22  |  Core 28  |  Core 29  |  Core 30  |  Core 31  |  Core 32  |  Core 33  |  Core 34  |  Core 35  |  Core 42  |  Core 43  |  Core 44  |  Core 45  |  Core 46  |  Core 47  |  Core 48  |  Core 49  |
+-----------------------------------+-----------+-----------+-----------+-----------+-----------+-----------+-----------+-----------+-----------+-----------+-----------+-----------+-----------+-----------+-----------+-----------+-----------+-----------+-----------+-----------+-----------+-----------+-----------+-----------+-----------+-----------+-----------+-----------+-----------+-----------+-----------+-----------+-----------+-----------+
|        Runtime (RDTSC) [s]        |    0.2843 |    0.2886 |    0.2887 |    0.2887 |    0.2886 |    0.2887 |    0.2887 |    0.2886 |    0.2886 |    0.2844 |    0.2886 |    0.2887 |    0.2886 |    0.2886 |    0.2887 |    0.2888 |    0.2886 |    0.2887 |    0.2844 |    0.2887 |    0.2887 |    0.2887 |    0.2887 |    0.2887 |    0.2887 |    0.2886 |    0.2843 |    0.2886 |    0.2887 |    0.2886 |    0.2886 |    0.2887 |    0.2886 |    0.2886 |
|        Runtime unhalted [s]       |    0.0616 |    0.0701 |    0.0760 |    0.0658 |    0.0686 |    0.0729 |    0.0710 |    0.0681 |    0.0753 |    0.0595 |    0.0592 |    0.0575 |    0.0604 |    0.0589 |    0.0574 |    0.0605 |    0.0592 |    0.0647 |    0.0649 |    0.0577 |    0.0622 |    0.0585 |    0.0633 |    0.0617 |    0.0649 |    0.0648 |    0.0684 |    0.0645 |    0.0679 |    0.0704 |    0.0644 |    0.0633 |    0.0649 |    0.0666 |
|            Clock [MHz]            | 1893.9630 | 1893.9435 | 1894.3918 | 1894.3824 | 1894.3482 | 1893.6495 | 1894.6105 | 1894.1680 | 1891.0873 | 1893.8545 | 1893.1507 | 1894.2821 | 1893.7858 | 1893.7925 | 1893.7304 | 1892.2278 | 1893.8557 | 1893.5122 | 1893.0951 | 1893.1157 | 1894.2106 | 1894.4978 | 1893.6330 | 1894.2006 | 1893.3360 | 1893.4124 | 1892.8580 | 1894.0020 | 1893.4305 | 1894.0519 | 1894.3087 | 1893.8902 | 1893.8563 | 1894.2177 |
|                CPI                |    0.7514 |    2.2395 |    2.4522 |    2.1564 |    2.2466 |    2.3721 |    2.3164 |    2.2316 |    2.4589 |    1.9941 |    1.9869 |    1.9361 |    2.0247 |    1.9783 |    1.9326 |    2.0263 |    2.0043 |    2.1834 |    2.1879 |    1.9671 |    2.1054 |    1.9929 |    2.1397 |    2.1061 |    2.2022 |    2.2016 |    2.3085 |    2.1904 |    2.2929 |    2.3785 |    2.2344 |    2.2207 |    2.2887 |    2.3559 |
|             Energy [J]            |   10.6816 |         0 |         0 |         0 |         0 |         0 |         0 |         0 |         0 |    9.2453 |         0 |         0 |         0 |         0 |         0 |         0 |         0 |         0 |    9.7267 |         0 |         0 |         0 |         0 |         0 |         0 |         0 |    9.3624 |         0 |         0 |         0 |         0 |         0 |         0 |         0 |
|             Power [W]             |   37.5726 |         0 |         0 |         0 |         0 |         0 |         0 |         0 |         0 |   32.5068 |         0 |         0 |         0 |         0 |         0 |         0 |         0 |         0 |   34.1990 |         0 |         0 |         0 |         0 |         0 |         0 |         0 |   32.9274 |         0 |         0 |         0 |         0 |         0 |         0 |         0 |
|          Energy DRAM [J]          |    1.2982 |         0 |         0 |         0 |         0 |         0 |         0 |         0 |         0 |    1.1081 |         0 |         0 |         0 |         0 |         0 |         0 |         0 |         0 |    0.7998 |         0 |         0 |         0 |         0 |         0 |         0 |         0 |    0.9659 |         0 |         0 |         0 |         0 |         0 |         0 |         0 |
|           Power DRAM [W]          |    4.5665 |         0 |         0 |         0 |         0 |         0 |         0 |         0 |         0 |    3.8960 |         0 |         0 |         0 |         0 |         0 |         0 |         0 |         0 |    2.8121 |         0 |         0 |         0 |         0 |         0 |         0 |         0 |    3.3969 |         0 |         0 |         0 |         0 |         0 |         0 |         0 |
|            DP [MFLOP/s]           |  113.3612 |   74.8247 |   73.3071 |   73.3060 |   73.0476 |   72.9915 |   73.0011 |   73.0278 |   72.3780 |   73.3798 |   72.2757 |   72.2509 |   72.2945 |   72.2791 |   72.2569 |   72.2456 |   71.8552 |   71.5124 |   72.5794 |   71.5017 |   71.5122 |   71.4685 |   71.4699 |   70.9616 |   70.9752 |   70.9798 |   72.0524 |   70.9757 |   70.9656 |   70.7321 |   69.3041 |   68.5460 |   67.7873 |   67.3221 |
|          AVX DP [MFLOP/s]         |    4.2040 |         0 |         0 |         0 |         0 |         0 |         0 |         0 |         0 |         0 |         0 |         0 |         0 |         0 |         0 |         0 |         0 |         0 |         0 |         0 |         0 |         0 |         0 |         0 |         0 |         0 |         0 |         0 |         0 |         0 |         0 |         0 |         0 |         0 |
|          Packed [MUOPS/s]         |    0.6329 |         0 |         0 |         0 |         0 |         0 |         0 |         0 |         0 |         0 |         0 |         0 |         0 |         0 |         0 |         0 |         0 |         0 |         0 |         0 |         0 |         0 |         0 |         0 |         0 |         0 |         0 |         0 |         0 |         0 |         0 |         0 |         0 |         0 |
|          Scalar [MUOPS/s]         |  108.9954 |   74.8247 |   73.3071 |   73.3060 |   73.0476 |   72.9915 |   73.0011 |   73.0278 |   72.3780 |   73.3798 |   72.2757 |   72.2509 |   72.2945 |   72.2791 |   72.2569 |   72.2456 |   71.8552 |   71.5124 |   72.5794 |   71.5017 |   71.5122 |   71.4685 |   71.4699 |   70.9616 |   70.9752 |   70.9798 |   72.0524 |   70.9757 |   70.9656 |   70.7321 |   69.3041 |   68.5460 |   67.7873 |   67.3221 |
|  Memory read bandwidth [MBytes/s] |  464.4792 |         0 |         0 |         0 |         0 |         0 |         0 |         0 |         0 |   48.2479 |         0 |         0 |         0 |         0 |         0 |         0 |         0 |         0 |   40.6867 |         0 |         0 |         0 |         0 |         0 |         0 |         0 |   87.2267 |         0 |         0 |         0 |         0 |         0 |         0 |         0 |
|  Memory read data volume [GBytes] |    0.1320 |         0 |         0 |         0 |         0 |         0 |         0 |         0 |         0 |    0.0137 |         0 |         0 |         0 |         0 |         0 |         0 |         0 |         0 |    0.0116 |         0 |         0 |         0 |         0 |         0 |         0 |         0 |    0.0248 |         0 |         0 |         0 |         0 |         0 |         0 |         0 |
| Memory write bandwidth [MBytes/s] |  641.9982 |         0 |         0 |         0 |         0 |         0 |         0 |         0 |         0 |   88.2366 |         0 |         0 |         0 |         0 |         0 |         0 |         0 |         0 |   82.8655 |         0 |         0 |         0 |         0 |         0 |         0 |         0 |  116.8008 |         0 |         0 |         0 |         0 |         0 |         0 |         0 |
| Memory write data volume [GBytes] |    0.1825 |         0 |         0 |         0 |         0 |         0 |         0 |         0 |         0 |    0.0251 |         0 |         0 |         0 |         0 |         0 |         0 |         0 |         0 |    0.0236 |         0 |         0 |         0 |         0 |         0 |         0 |         0 |    0.0332 |         0 |         0 |         0 |         0 |         0 |         0 |         0 |
|    Memory bandwidth [MBytes/s]    | 1106.4774 |         0 |         0 |         0 |         0 |         0 |         0 |         0 |         0 |  136.4844 |         0 |         0 |         0 |         0 |         0 |         0 |         0 |         0 |  123.5523 |         0 |         0 |         0 |         0 |         0 |         0 |         0 |  204.0274 |         0 |         0 |         0 |         0 |         0 |         0 |         0 |
|    Memory data volume [GBytes]    |    0.3146 |         0 |         0 |         0 |         0 |         0 |         0 |         0 |         0 |    0.0388 |         0 |         0 |         0 |         0 |         0 |         0 |         0 |         0 |    0.0351 |         0 |         0 |         0 |         0 |         0 |         0 |         0 |    0.0580 |         0 |         0 |         0 |         0 |         0 |         0 |         0 |
|       Operational intensity       |    0.1025 |    0.0687 |    0.0673 |    0.0673 |    0.0670 |    0.0670 |    0.0670 |    0.0670 |    0.0664 |    0.5376 |    0.5374 |    0.5374 |    0.5374 |    0.5375 |    0.5374 |    0.5374 |    0.5343 |    0.5318 |    0.5874 |    0.5874 |    0.5874 |    0.5871 |    0.5871 |    0.5830 |    0.5830 |    0.5830 |    0.3532 |    0.3532 |    0.3532 |    0.3519 |    0.3448 |    0.3411 |    0.3372 |    0.3349 |
+-----------------------------------+-----------+-----------+-----------+-----------+-----------+-----------+-----------+-----------+-----------+-----------+-----------+-----------+-----------+-----------+-----------+-----------+-----------+-----------+-----------+-----------+-----------+-----------+-----------+-----------+-----------+-----------+-----------+-----------+-----------+-----------+-----------+-----------+-----------+-----------+
+----------------------------------------+------------+-----------+-----------+-----------+
|                 Metric                 |     Sum    |    Min    |    Max    |    Avg    |
+----------------------------------------+------------+-----------+-----------+-----------+
|        Runtime (RDTSC) [s] STAT        |     9.7971 |    0.2843 |    0.2888 |    0.2882 |
|        Runtime unhalted [s] STAT       |     2.1951 |    0.0574 |    0.0760 |    0.0646 |
|            Clock [MHz] STAT            | 64386.8524 | 1891.0873 | 1894.6105 | 1893.7310 |
|                CPI STAT                |    72.4647 |    0.7514 |    2.4589 |    2.1313 |
|             Energy [J] STAT            |    39.0160 |         0 |   10.6816 |    1.1475 |
|             Power [W] STAT             |   137.2058 |         0 |   37.5726 |    4.0355 |
|          Energy DRAM [J] STAT          |     4.1720 |         0 |    1.2982 |    0.1227 |
|           Power DRAM [W] STAT          |    14.6715 |         0 |    4.5665 |    0.4315 |
|            DP [MFLOP/s] STAT           |  2478.7287 |   67.3221 |  113.3612 |   72.9038 |
|          AVX DP [MFLOP/s] STAT         |     4.2040 |         0 |    4.2040 |    0.1236 |
|          Packed [MUOPS/s] STAT         |     0.6329 |         0 |    0.6329 |    0.0186 |
|          Scalar [MUOPS/s] STAT         |  2474.3629 |   67.3221 |  108.9954 |   72.7754 |
|  Memory read bandwidth [MBytes/s] STAT |   640.6405 |         0 |  464.4792 |   18.8424 |
|  Memory read data volume [GBytes] STAT |     0.1821 |         0 |    0.1320 |    0.0054 |
| Memory write bandwidth [MBytes/s] STAT |   929.9011 |         0 |  641.9982 |   27.3500 |
| Memory write data volume [GBytes] STAT |     0.2644 |         0 |    0.1825 |    0.0078 |
|    Memory bandwidth [MBytes/s] STAT    |  1570.5415 |         0 | 1106.4774 |   46.1924 |
|    Memory data volume [GBytes] STAT    |     0.4465 |         0 |    0.3146 |    0.0131 |
|       Operational intensity STAT       |    12.9233 |    0.0664 |    0.5874 |    0.3801 |
+----------------------------------------+------------+-----------+-----------+-----------+
--------------------------------------------------------------------------------
CPU name:	Intel(R) Xeon(R) Gold 6132 CPU @ 2.60GHz
CPU type:	Intel Skylake SP processor
CPU clock:	2.59 GHz
--------------------------------------------------------------------------------
Region Solve, Group 1: MEM_DP
+-------------------+----------+----------+----------+----------+----------+----------+----------+----------+----------+----------+----------+----------+----------+----------+----------+----------+----------+----------+----------+----------+----------+----------+----------+----------+----------+----------+----------+----------+----------+----------+----------+----------+----------+----------+
|    Region Info    |  Core 0  |  Core 1  |  Core 2  |  Core 3  |  Core 4  |  Core 5  |  Core 6  |  Core 7  |  Core 8  |  Core 14 |  Core 15 |  Core 16 |  Core 17 |  Core 18 |  Core 19 |  Core 20 |  Core 21 |  Core 22 |  Core 28 |  Core 29 |  Core 30 |  Core 31 |  Core 32 |  Core 33 |  Core 34 |  Core 35 |  Core 42 |  Core 43 |  Core 44 |  Core 45 |  Core 46 |  Core 47 |  Core 48 |  Core 49 |
+-------------------+----------+----------+----------+----------+----------+----------+----------+----------+----------+----------+----------+----------+----------+----------+----------+----------+----------+----------+----------+----------+----------+----------+----------+----------+----------+----------+----------+----------+----------+----------+----------+----------+----------+----------+
| RDTSC Runtime [s] | 6.828008 | 6.830474 | 6.830478 | 6.830475 | 6.830485 | 6.830467 | 6.830469 | 6.830479 | 6.830467 | 6.828001 | 6.830473 | 6.830471 | 6.830482 | 6.830470 | 6.830489 | 6.830478 | 6.830488 | 6.830473 | 6.828009 | 6.830473 | 6.830470 | 6.830467 | 6.830464 | 6.830465 | 6.830470 | 6.830466 | 6.828004 | 6.830465 | 6.830485 | 6.830469 | 6.830490 | 6.830465 | 6.830463 | 6.830476 |
|     call count    |        1 |        1 |        1 |        1 |        1 |        1 |        1 |        1 |        1 |        1 |        1 |        1 |        1 |        1 |        1 |        1 |        1 |        1 |        1 |        1 |        1 |        1 |        1 |        1 |        1 |        1 |        1 |        1 |        1 |        1 |        1 |        1 |        1 |        1 |
+-------------------+----------+----------+----------+----------+----------+----------+----------+----------+----------+----------+----------+----------+----------+----------+----------+----------+----------+----------+----------+----------+----------+----------+----------+----------+----------+----------+----------+----------+----------+----------+----------+----------+----------+----------+
+------------------------------------------+---------+-------------+-------------+-------------+-------------+-------------+-------------+-------------+-------------+-------------+-------------+-------------+-------------+-------------+-------------+-------------+-------------+-------------+-------------+-------------+-------------+-------------+-------------+-------------+-------------+-------------+-------------+-------------+-------------+-------------+-------------+-------------+-------------+-------------+-------------+
|                   Event                  | Counter |    Core 0   |    Core 1   |    Core 2   |    Core 3   |    Core 4   |    Core 5   |    Core 6   |    Core 7   |    Core 8   |   Core 14   |   Core 15   |   Core 16   |   Core 17   |   Core 18   |   Core 19   |   Core 20   |   Core 21   |   Core 22   |   Core 28   |   Core 29   |   Core 30   |   Core 31   |   Core 32   |   Core 33   |   Core 34   |   Core 35   |   Core 42   |   Core 43   |   Core 44   |   Core 45   |   Core 46   |   Core 47   |   Core 48   |   Core 49   |
+------------------------------------------+---------+-------------+-------------+-------------+-------------+-------------+-------------+-------------+-------------+-------------+-------------+-------------+-------------+-------------+-------------+-------------+-------------+-------------+-------------+-------------+-------------+-------------+-------------+-------------+-------------+-------------+-------------+-------------+-------------+-------------+-------------+-------------+-------------+-------------+-------------+
|             INSTR_RETIRED_ANY            |  FIXC0  | 18225300000 | 17893550000 | 17539440000 | 17630330000 | 17456860000 | 17438320000 | 17481510000 | 17343770000 | 17279970000 | 17225560000 | 17229570000 | 17254650000 | 17390890000 | 17196380000 | 17033520000 | 16879300000 | 16825370000 | 16822940000 | 16727040000 | 16738860000 | 16759680000 | 16766770000 | 16741350000 | 16662800000 | 16847100000 | 16563500000 | 16500820000 | 16544430000 | 16506400000 | 16460370000 | 16276330000 | 16169430000 | 16003380000 | 17417330000 |
|           CPU_CLK_UNHALTED_CORE          |  FIXC1  | 12798900000 | 12868760000 | 12867160000 | 12817600000 | 12868590000 | 12866880000 | 12772510000 | 12868070000 | 12866460000 | 12803780000 | 12810390000 | 12810310000 | 12622160000 | 12812570000 | 12819720000 | 12818730000 | 12819960000 | 12816650000 | 12808800000 | 12813530000 | 12813600000 | 12814900000 | 12802610000 | 12813530000 | 12435390000 | 12814480000 | 12813630000 | 12821030000 | 12819500000 | 12822140000 | 12821120000 | 12822450000 | 12822290000 | 10566750000 |
|           CPU_CLK_UNHALTED_REF           |  FIXC2  | 17514260000 | 17609870000 | 17607680000 | 17539870000 | 17609630000 | 17607290000 | 17478160000 | 17608930000 | 17606720000 | 17521000000 | 17530050000 | 17529930000 | 17272410000 | 17533020000 | 17542820000 | 17541460000 | 17543130000 | 17538600000 | 17527810000 | 17534290000 | 17534380000 | 17536170000 | 17519350000 | 17534280000 | 17016790000 | 17535590000 | 17534430000 | 17544560000 | 17542450000 | 17546070000 | 17544690000 | 17546500000 | 17546270000 | 14459580000 |
|              PWR_PKG_ENERGY              |   PWR0  |    398.8218 |           0 |           0 |           0 |           0 |           0 |           0 |           0 |           0 |    357.7579 |           0 |           0 |           0 |           0 |           0 |           0 |           0 |           0 |    367.3371 |           0 |           0 |           0 |           0 |           0 |           0 |           0 |    351.9183 |           0 |           0 |           0 |           0 |           0 |           0 |           0 |
|              PWR_DRAM_ENERGY             |   PWR3  |     29.1091 |           0 |           0 |           0 |           0 |           0 |           0 |           0 |           0 |     30.0235 |           0 |           0 |           0 |           0 |           0 |           0 |           0 |           0 |     22.2376 |           0 |           0 |           0 |           0 |           0 |           0 |           0 |     24.4890 |           0 |           0 |           0 |           0 |           0 |           0 |           0 |
| FP_ARITH_INST_RETIRED_128B_PACKED_DOUBLE |   PMC0  |       65560 |           0 |           0 |           0 |           0 |           0 |           0 |           0 |           0 |           0 |           0 |           0 |           0 |           0 |           0 |           0 |           0 |           0 |           0 |           0 |           0 |           0 |           0 |           0 |           0 |           0 |           0 |           0 |           0 |           0 |           0 |           0 |           0 |           0 |
|    FP_ARITH_INST_RETIRED_SCALAR_DOUBLE   |   PMC1  |  5346083000 |  5260584000 |  5165736000 |  5187188000 |  5159871000 |  5143060000 |  5116318000 |  5101322000 |  5082091000 |  5068644000 |  5069419000 |  5076068000 |  5065198000 |  5040483000 |  4978249000 |  4928561000 |  4914349000 |  4913902000 |  4882323000 |  4889196000 |  4907065000 |  4920664000 |  4916369000 |  4892933000 |  4866694000 |  4862671000 |  4844116000 |  4859804000 |  4858407000 |  4855601000 |  4787548000 |  4734875000 |  4661291000 |  4618431000 |
| FP_ARITH_INST_RETIRED_256B_PACKED_DOUBLE |   PMC2  |       83556 |           0 |           0 |           0 |           0 |           0 |           0 |           0 |           0 |           0 |           0 |           0 |           0 |           0 |           0 |           0 |           0 |           0 |           0 |           0 |           0 |           0 |           0 |           0 |           0 |           0 |           0 |           0 |           0 |           0 |           0 |           0 |           0 |           0 |
| FP_ARITH_INST_RETIRED_512B_PACKED_DOUBLE |   PMC3  |      417868 |           0 |           0 |           0 |           0 |           0 |           0 |           0 |           0 |           0 |           0 |           0 |           0 |           0 |           0 |           0 |           0 |           0 |           0 |           0 |           0 |           0 |           0 |           0 |           0 |           0 |           0 |           0 |           0 |           0 |           0 |           0 |           0 |           0 |
|               CAS_COUNT_RD               | MBOX0C0 |    14149360 |           0 |           0 |           0 |           0 |           0 |           0 |           0 |           0 |    15331670 |           0 |           0 |           0 |           0 |           0 |           0 |           0 |           0 |    10985080 |           0 |           0 |           0 |           0 |           0 |           0 |           0 |     8634059 |           0 |           0 |           0 |           0 |           0 |           0 |           0 |
|               CAS_COUNT_WR               | MBOX0C1 |     8904911 |           0 |           0 |           0 |           0 |           0 |           0 |           0 |           0 |    10734280 |           0 |           0 |           0 |           0 |           0 |           0 |           0 |           0 |     6693262 |           0 |           0 |           0 |           0 |           0 |           0 |           0 |     4510837 |           0 |           0 |           0 |           0 |           0 |           0 |           0 |
|               CAS_COUNT_RD               | MBOX1C0 |    14278120 |           0 |           0 |           0 |           0 |           0 |           0 |           0 |           0 |    15560150 |           0 |           0 |           0 |           0 |           0 |           0 |           0 |           0 |    10893440 |           0 |           0 |           0 |           0 |           0 |           0 |           0 |     8518827 |           0 |           0 |           0 |           0 |           0 |           0 |           0 |
|               CAS_COUNT_WR               | MBOX1C1 |     8894886 |           0 |           0 |           0 |           0 |           0 |           0 |           0 |           0 |    10834170 |           0 |           0 |           0 |           0 |           0 |           0 |           0 |           0 |     6571520 |           0 |           0 |           0 |           0 |           0 |           0 |           0 |     4447590 |           0 |           0 |           0 |           0 |           0 |           0 |           0 |
|               CAS_COUNT_RD               | MBOX2C0 |    14302030 |           0 |           0 |           0 |           0 |           0 |           0 |           0 |           0 |    15240410 |           0 |           0 |           0 |           0 |           0 |           0 |           0 |           0 |    10946420 |           0 |           0 |           0 |           0 |           0 |           0 |           0 |     8502380 |           0 |           0 |           0 |           0 |           0 |           0 |           0 |
|               CAS_COUNT_WR               | MBOX2C1 |     8952147 |           0 |           0 |           0 |           0 |           0 |           0 |           0 |           0 |    10617200 |           0 |           0 |           0 |           0 |           0 |           0 |           0 |           0 |     6629606 |           0 |           0 |           0 |           0 |           0 |           0 |           0 |     4440834 |           0 |           0 |           0 |           0 |           0 |           0 |           0 |
|               CAS_COUNT_RD               | MBOX3C0 |    14665380 |           0 |           0 |           0 |           0 |           0 |           0 |           0 |           0 |    15105200 |           0 |           0 |           0 |           0 |           0 |           0 |           0 |           0 |    10706600 |           0 |           0 |           0 |           0 |           0 |           0 |           0 |     8314279 |           0 |           0 |           0 |           0 |           0 |           0 |           0 |
|               CAS_COUNT_WR               | MBOX3C1 |     9051398 |           0 |           0 |           0 |           0 |           0 |           0 |           0 |           0 |    10482820 |           0 |           0 |           0 |           0 |           0 |           0 |           0 |           0 |     6340874 |           0 |           0 |           0 |           0 |           0 |           0 |           0 |     4238887 |           0 |           0 |           0 |           0 |           0 |           0 |           0 |
|               CAS_COUNT_RD               | MBOX4C0 |    14201590 |           0 |           0 |           0 |           0 |           0 |           0 |           0 |           0 |    15067930 |           0 |           0 |           0 |           0 |           0 |           0 |           0 |           0 |    10745740 |           0 |           0 |           0 |           0 |           0 |           0 |           0 |     8718926 |           0 |           0 |           0 |           0 |           0 |           0 |           0 |
|               CAS_COUNT_WR               | MBOX4C1 |     8816756 |           0 |           0 |           0 |           0 |           0 |           0 |           0 |           0 |    10446150 |           0 |           0 |           0 |           0 |           0 |           0 |           0 |           0 |     6438554 |           0 |           0 |           0 |           0 |           0 |           0 |           0 |     4566532 |           0 |           0 |           0 |           0 |           0 |           0 |           0 |
|               CAS_COUNT_RD               | MBOX5C0 |    14051060 |           0 |           0 |           0 |           0 |           0 |           0 |           0 |           0 |    15112030 |           0 |           0 |           0 |           0 |           0 |           0 |           0 |           0 |    10659600 |           0 |           0 |           0 |           0 |           0 |           0 |           0 |     8306570 |           0 |           0 |           0 |           0 |           0 |           0 |           0 |
|               CAS_COUNT_WR               | MBOX5C1 |     8676663 |           0 |           0 |           0 |           0 |           0 |           0 |           0 |           0 |    10467950 |           0 |           0 |           0 |           0 |           0 |           0 |           0 |           0 |     6324296 |           0 |           0 |           0 |           0 |           0 |           0 |           0 |     4233009 |           0 |           0 |           0 |           0 |           0 |           0 |           0 |
+------------------------------------------+---------+-------------+-------------+-------------+-------------+-------------+-------------+-------------+-------------+-------------+-------------+-------------+-------------+-------------+-------------+-------------+-------------+-------------+-------------+-------------+-------------+-------------+-------------+-------------+-------------+-------------+-------------+-------------+-------------+-------------+-------------+-------------+-------------+-------------+-------------+
+-----------------------------------------------+---------+--------------+-------------+-------------+--------------+
|                     Event                     | Counter |      Sum     |     Min     |     Max     |      Avg     |
+-----------------------------------------------+---------+--------------+-------------+-------------+--------------+
|             INSTR_RETIRED_ANY STAT            |  FIXC0  | 577832820000 | 16003380000 | 18225300000 | 1.699508e+10 |
|           CPU_CLK_UNHALTED_CORE STAT          |  FIXC1  | 433154950000 | 10566750000 | 12868760000 | 1.273985e+10 |
|           CPU_CLK_UNHALTED_REF STAT           |  FIXC2  | 592738040000 | 14459580000 | 17609870000 | 1.743347e+10 |
|              PWR_PKG_ENERGY STAT              |   PWR0  |    1475.8351 |           0 |    398.8218 |      43.4069 |
|              PWR_DRAM_ENERGY STAT             |   PWR3  |     105.8592 |           0 |     30.0235 |       3.1135 |
| FP_ARITH_INST_RETIRED_128B_PACKED_DOUBLE STAT |   PMC0  |        65560 |           0 |       65560 |    1928.2353 |
|    FP_ARITH_INST_RETIRED_SCALAR_DOUBLE STAT   |   PMC1  | 168975114000 |  4618431000 |  5346083000 | 4.969856e+09 |
| FP_ARITH_INST_RETIRED_256B_PACKED_DOUBLE STAT |   PMC2  |        83556 |           0 |       83556 |    2457.5294 |
| FP_ARITH_INST_RETIRED_512B_PACKED_DOUBLE STAT |   PMC3  |       417868 |           0 |      417868 |   12290.2353 |
|               CAS_COUNT_RD STAT               | MBOX0C0 |     49100169 |           0 |    15331670 | 1.444123e+06 |
|               CAS_COUNT_WR STAT               | MBOX0C1 |     30843290 |           0 |    10734280 |  907155.5882 |
|               CAS_COUNT_RD STAT               | MBOX1C0 |     49250537 |           0 |    15560150 | 1.448545e+06 |
|               CAS_COUNT_WR STAT               | MBOX1C1 |     30748166 |           0 |    10834170 |  904357.8235 |
|               CAS_COUNT_RD STAT               | MBOX2C0 |     48991240 |           0 |    15240410 | 1.440919e+06 |
|               CAS_COUNT_WR STAT               | MBOX2C1 |     30639787 |           0 |    10617200 |  901170.2059 |
|               CAS_COUNT_RD STAT               | MBOX3C0 |     48791459 |           0 |    15105200 | 1.435043e+06 |
|               CAS_COUNT_WR STAT               | MBOX3C1 |     30113979 |           0 |    10482820 |  885705.2647 |
|               CAS_COUNT_RD STAT               | MBOX4C0 |     48734186 |           0 |    15067930 | 1.433358e+06 |
|               CAS_COUNT_WR STAT               | MBOX4C1 |     30267992 |           0 |    10446150 |  890235.0588 |
|               CAS_COUNT_RD STAT               | MBOX5C0 |     48129260 |           0 |    15112030 | 1.415566e+06 |
|               CAS_COUNT_WR STAT               | MBOX5C1 |     29701918 |           0 |    10467950 |  873585.8235 |
+-----------------------------------------------+---------+--------------+-------------+-------------+--------------+
+-----------------------------------+-----------+-----------+-----------+-----------+-----------+-----------+-----------+-----------+-----------+-----------+-----------+-----------+-----------+-----------+-----------+-----------+-----------+-----------+-----------+-----------+-----------+-----------+-----------+-----------+-----------+-----------+-----------+-----------+-----------+-----------+-----------+-----------+-----------+-----------+
|               Metric              |   Core 0  |   Core 1  |   Core 2  |   Core 3  |   Core 4  |   Core 5  |   Core 6  |   Core 7  |   Core 8  |  Core 14  |  Core 15  |  Core 16  |  Core 17  |  Core 18  |  Core 19  |  Core 20  |  Core 21  |  Core 22  |  Core 28  |  Core 29  |  Core 30  |  Core 31  |  Core 32  |  Core 33  |  Core 34  |  Core 35  |  Core 42  |  Core 43  |  Core 44  |  Core 45  |  Core 46  |  Core 47  |  Core 48  |  Core 49  |
+-----------------------------------+-----------+-----------+-----------+-----------+-----------+-----------+-----------+-----------+-----------+-----------+-----------+-----------+-----------+-----------+-----------+-----------+-----------+-----------+-----------+-----------+-----------+-----------+-----------+-----------+-----------+-----------+-----------+-----------+-----------+-----------+-----------+-----------+-----------+-----------+
|        Runtime (RDTSC) [s]        |    6.8280 |    6.8305 |    6.8305 |    6.8305 |    6.8305 |    6.8305 |    6.8305 |    6.8305 |    6.8305 |    6.8280 |    6.8305 |    6.8305 |    6.8305 |    6.8305 |    6.8305 |    6.8305 |    6.8305 |    6.8305 |    6.8280 |    6.8305 |    6.8305 |    6.8305 |    6.8305 |    6.8305 |    6.8305 |    6.8305 |    6.8280 |    6.8305 |    6.8305 |    6.8305 |    6.8305 |    6.8305 |    6.8305 |    6.8305 |
|        Runtime unhalted [s]       |    4.9345 |    4.9614 |    4.9608 |    4.9417 |    4.9613 |    4.9607 |    4.9243 |    4.9611 |    4.9605 |    4.9364 |    4.9389 |    4.9389 |    4.8663 |    4.9397 |    4.9425 |    4.9421 |    4.9426 |    4.9413 |    4.9383 |    4.9401 |    4.9401 |    4.9406 |    4.9359 |    4.9401 |    4.7943 |    4.9405 |    4.9401 |    4.9430 |    4.9424 |    4.9434 |    4.9430 |    4.9435 |    4.9435 |    4.0739 |
|            Clock [MHz]            | 1895.4530 | 1895.4517 | 1895.4518 | 1895.4508 | 1895.4525 | 1895.4525 | 1895.4517 | 1895.4513 | 1895.4520 | 1895.4463 | 1895.4458 | 1895.4469 | 1895.4525 | 1895.4472 | 1895.4455 | 1895.4461 | 1895.4475 | 1895.4476 | 1895.4527 | 1895.4519 | 1895.4526 | 1895.4514 | 1895.4516 | 1895.4530 | 1895.4570 | 1895.4519 | 1895.4516 | 1895.4512 | 1895.4530 | 1895.4522 | 1895.4505 | 1895.4515 | 1895.4527 | 1895.4744 |
|                CPI                |    0.7023 |    0.7192 |    0.7336 |    0.7270 |    0.7372 |    0.7379 |    0.7306 |    0.7419 |    0.7446 |    0.7433 |    0.7435 |    0.7424 |    0.7258 |    0.7451 |    0.7526 |    0.7594 |    0.7619 |    0.7619 |    0.7658 |    0.7655 |    0.7645 |    0.7643 |    0.7647 |    0.7690 |    0.7381 |    0.7737 |    0.7765 |    0.7749 |    0.7766 |    0.7790 |    0.7877 |    0.7930 |    0.8012 |    0.6067 |
|             Energy [J]            |  398.8218 |         0 |         0 |         0 |         0 |         0 |         0 |         0 |         0 |  357.7579 |         0 |         0 |         0 |         0 |         0 |         0 |         0 |         0 |  367.3371 |         0 |         0 |         0 |         0 |         0 |         0 |         0 |  351.9183 |         0 |         0 |         0 |         0 |         0 |         0 |         0 |
|             Power [W]             |   58.4097 |         0 |         0 |         0 |         0 |         0 |         0 |         0 |         0 |   52.3957 |         0 |         0 |         0 |         0 |         0 |         0 |         0 |         0 |   53.7986 |         0 |         0 |         0 |         0 |         0 |         0 |         0 |   51.5404 |         0 |         0 |         0 |         0 |         0 |         0 |         0 |
|          Energy DRAM [J]          |   29.1091 |         0 |         0 |         0 |         0 |         0 |         0 |         0 |         0 |   30.0235 |         0 |         0 |         0 |         0 |         0 |         0 |         0 |         0 |   22.2376 |         0 |         0 |         0 |         0 |         0 |         0 |         0 |   24.4890 |         0 |         0 |         0 |         0 |         0 |         0 |         0 |
|           Power DRAM [W]          |    4.2632 |         0 |         0 |         0 |         0 |         0 |         0 |         0 |         0 |    4.3971 |         0 |         0 |         0 |         0 |         0 |         0 |         0 |         0 |    3.2568 |         0 |         0 |         0 |         0 |         0 |         0 |         0 |    3.5866 |         0 |         0 |         0 |         0 |         0 |         0 |         0 |
|            DP [MFLOP/s]           |  783.5215 |  770.1638 |  756.2774 |  759.4183 |  755.4180 |  752.9588 |  749.0434 |  746.8469 |  744.0327 |  742.3321 |  742.1769 |  743.1505 |  741.5579 |  737.9409 |  728.8276 |  721.5543 |  719.4726 |  719.4087 |  715.0434 |  715.7917 |  718.4081 |  720.3994 |  719.7709 |  716.3397 |  712.4977 |  711.9091 |  709.4483 |  711.4895 |  711.2829 |  710.8737 |  700.9084 |  693.1995 |  682.4268 |  676.1507 |
|          AVX DP [MFLOP/s]         |    0.5385 |         0 |         0 |         0 |         0 |         0 |         0 |         0 |         0 |         0 |         0 |         0 |         0 |         0 |         0 |         0 |         0 |         0 |         0 |         0 |         0 |         0 |         0 |         0 |         0 |         0 |         0 |         0 |         0 |         0 |         0 |         0 |         0 |         0 |
|          Packed [MUOPS/s]         |    0.0830 |         0 |         0 |         0 |         0 |         0 |         0 |         0 |         0 |         0 |         0 |         0 |         0 |         0 |         0 |         0 |         0 |         0 |         0 |         0 |         0 |         0 |         0 |         0 |         0 |         0 |         0 |         0 |         0 |         0 |         0 |         0 |         0 |         0 |
|          Scalar [MUOPS/s]         |  782.9638 |  770.1638 |  756.2774 |  759.4183 |  755.4180 |  752.9588 |  749.0434 |  746.8469 |  744.0327 |  742.3321 |  742.1769 |  743.1505 |  741.5579 |  737.9409 |  728.8276 |  721.5543 |  719.4726 |  719.4087 |  715.0434 |  715.7917 |  718.4081 |  720.3994 |  719.7709 |  716.3397 |  712.4977 |  711.9091 |  709.4483 |  711.4895 |  711.2829 |  710.8737 |  700.9084 |  693.1995 |  682.4268 |  676.1507 |
|  Memory read bandwidth [MBytes/s] |  802.7880 |         0 |         0 |         0 |         0 |         0 |         0 |         0 |         0 |  856.8705 |         0 |         0 |         0 |         0 |         0 |         0 |         0 |         0 |  608.6636 |         0 |         0 |         0 |         0 |         0 |         0 |         0 |  477.9849 |         0 |         0 |         0 |         0 |         0 |         0 |         0 |
|  Memory read data volume [GBytes] |    5.4814 |         0 |         0 |         0 |         0 |         0 |         0 |         0 |         0 |    5.8507 |         0 |         0 |         0 |         0 |         0 |         0 |         0 |         0 |    4.1560 |         0 |         0 |         0 |         0 |         0 |         0 |         0 |    3.2637 |         0 |         0 |         0 |         0 |         0 |         0 |         0 |
| Memory write bandwidth [MBytes/s] |  499.5590 |         0 |         0 |         0 |         0 |         0 |         0 |         0 |         0 |  595.9701 |         0 |         0 |         0 |         0 |         0 |         0 |         0 |         0 |  365.5354 |         0 |         0 |         0 |         0 |         0 |         0 |         0 |  247.8048 |         0 |         0 |         0 |         0 |         0 |         0 |         0 |
| Memory write data volume [GBytes] |    3.4110 |         0 |         0 |         0 |         0 |         0 |         0 |         0 |         0 |    4.0693 |         0 |         0 |         0 |         0 |         0 |         0 |         0 |         0 |    2.4959 |         0 |         0 |         0 |         0 |         0 |         0 |         0 |    1.6920 |         0 |         0 |         0 |         0 |         0 |         0 |         0 |
|    Memory bandwidth [MBytes/s]    | 1302.3469 |         0 |         0 |         0 |         0 |         0 |         0 |         0 |         0 | 1452.8407 |         0 |         0 |         0 |         0 |         0 |         0 |         0 |         0 |  974.1990 |         0 |         0 |         0 |         0 |         0 |         0 |         0 |  725.7897 |         0 |         0 |         0 |         0 |         0 |         0 |         0 |
|    Memory data volume [GBytes]    |    8.8924 |         0 |         0 |         0 |         0 |         0 |         0 |         0 |         0 |    9.9200 |         0 |         0 |         0 |         0 |         0 |         0 |         0 |         0 |    6.6518 |         0 |         0 |         0 |         0 |         0 |         0 |         0 |    4.9557 |         0 |         0 |         0 |         0 |         0 |         0 |         0 |
|       Operational intensity       |    0.6016 |    0.5916 |    0.5809 |    0.5833 |    0.5803 |    0.5784 |    0.5754 |    0.5737 |    0.5715 |    0.5110 |    0.5110 |    0.5117 |    0.5106 |    0.5081 |    0.5018 |    0.4968 |    0.4954 |    0.4954 |    0.7340 |    0.7350 |    0.7377 |    0.7397 |    0.7391 |    0.7356 |    0.7316 |    0.7310 |    0.9775 |    0.9807 |    0.9804 |    0.9798 |    0.9661 |    0.9554 |    0.9406 |    0.9319 |
+-----------------------------------+-----------+-----------+-----------+-----------+-----------+-----------+-----------+-----------+-----------+-----------+-----------+-----------+-----------+-----------+-----------+-----------+-----------+-----------+-----------+-----------+-----------+-----------+-----------+-----------+-----------+-----------+-----------+-----------+-----------+-----------+-----------+-----------+-----------+-----------+
+----------------------------------------+------------+-----------+-----------+-----------+
|                 Metric                 |     Sum    |    Min    |    Max    |    Avg    |
+----------------------------------------+------------+-----------+-----------+-----------+
|        Runtime (RDTSC) [s] STAT        |   232.2270 |    6.8280 |    6.8305 |    6.8302 |
|        Runtime unhalted [s] STAT       |   166.9977 |    4.0739 |    4.9614 |    4.9117 |
|            Clock [MHz] STAT            | 64445.3519 | 1895.4455 | 1895.4744 | 1895.4515 |
|                CPI STAT                |    25.5114 |    0.6067 |    0.8012 |    0.7503 |
|             Energy [J] STAT            |  1475.8351 |         0 |  398.8218 |   43.4069 |
|             Power [W] STAT             |   216.1444 |         0 |   58.4097 |    6.3572 |
|          Energy DRAM [J] STAT          |   105.8592 |         0 |   30.0235 |    3.1135 |
|           Power DRAM [W] STAT          |    15.5037 |         0 |    4.3971 |    0.4560 |
|            DP [MFLOP/s] STAT           | 24740.0421 |  676.1507 |  783.5215 |  727.6483 |
|          AVX DP [MFLOP/s] STAT         |     0.5385 |         0 |    0.5385 |    0.0158 |
|          Packed [MUOPS/s] STAT         |     0.0830 |         0 |    0.0830 |    0.0024 |
|          Scalar [MUOPS/s] STAT         | 24739.4844 |  676.1507 |  782.9638 |  727.6319 |
|  Memory read bandwidth [MBytes/s] STAT |  2746.3070 |         0 |  856.8705 |   80.7737 |
|  Memory read data volume [GBytes] STAT |    18.7518 |         0 |    5.8507 |    0.5515 |
| Memory write bandwidth [MBytes/s] STAT |  1708.8693 |         0 |  595.9701 |   50.2609 |
| Memory write data volume [GBytes] STAT |    11.6682 |         0 |    4.0693 |    0.3432 |
|    Memory bandwidth [MBytes/s] STAT    |  4455.1763 |         0 | 1452.8407 |  131.0346 |
|    Memory data volume [GBytes] STAT    |    30.4199 |         0 |    9.9200 |    0.8947 |
|       Operational intensity STAT       |    23.3746 |    0.4954 |    0.9807 |    0.6875 |
+----------------------------------------+------------+-----------+-----------+-----------+
