--------------------------------------------------------------------------------
CPU name:	Intel(R) Xeon(R) Gold 6132 CPU @ 2.60GHz
CPU type:	Intel Skylake SP processor
CPU clock:	2.59 GHz
--------------------------------------------------------------------------------
Region Setup, Group 1: MEM_DP
+-------------------+----------+----------+----------+----------+----------+----------+----------+----------+----------+----------+----------+----------+----------+----------+----------+----------+----------+----------+----------+----------+----------+----------+----------+----------+----------+----------+
|    Region Info    |  Core 0  |  Core 1  |  Core 2  |  Core 3  |  Core 4  |  Core 5  |  Core 6  |  Core 7  |  Core 8  |  Core 9  |  Core 10 |  Core 11 |  Core 12 |  Core 13 |  Core 14 |  Core 15 |  Core 16 |  Core 17 |  Core 18 |  Core 19 |  Core 20 |  Core 21 |  Core 22 |  Core 23 |  Core 24 |  Core 25 |
+-------------------+----------+----------+----------+----------+----------+----------+----------+----------+----------+----------+----------+----------+----------+----------+----------+----------+----------+----------+----------+----------+----------+----------+----------+----------+----------+----------+
| RDTSC Runtime [s] | 3.135830 | 3.137533 | 3.137592 | 3.137506 | 3.137551 | 3.137549 | 3.137564 | 3.137536 | 3.137536 | 3.137612 | 3.137531 | 3.137590 | 3.137605 | 3.137584 | 3.135815 | 3.137620 | 3.137566 | 3.137599 | 3.137601 | 3.137563 | 3.137602 | 3.137574 | 3.137638 | 3.137579 | 3.137585 | 3.137609 |
|     call count    |        2 |        2 |        2 |        2 |        2 |        2 |        2 |        2 |        2 |        2 |        2 |        2 |        2 |        2 |        2 |        2 |        2 |        2 |        2 |        2 |        2 |        2 |        2 |        2 |        2 |        2 |
+-------------------+----------+----------+----------+----------+----------+----------+----------+----------+----------+----------+----------+----------+----------+----------+----------+----------+----------+----------+----------+----------+----------+----------+----------+----------+----------+----------+
+------------------------------------------+---------+------------+------------+------------+------------+------------+------------+------------+------------+------------+------------+------------+------------+------------+------------+------------+------------+------------+------------+------------+------------+------------+------------+------------+------------+------------+------------+
|                   Event                  | Counter |   Core 0   |   Core 1   |   Core 2   |   Core 3   |   Core 4   |   Core 5   |   Core 6   |   Core 7   |   Core 8   |   Core 9   |   Core 10  |   Core 11  |   Core 12  |   Core 13  |   Core 14  |   Core 15  |   Core 16  |   Core 17  |   Core 18  |   Core 19  |   Core 20  |   Core 21  |   Core 22  |   Core 23  |   Core 24  |   Core 25  |
+------------------------------------------+---------+------------+------------+------------+------------+------------+------------+------------+------------+------------+------------+------------+------------+------------+------------+------------+------------+------------+------------+------------+------------+------------+------------+------------+------------+------------+------------+
|             INSTR_RETIRED_ANY            |  FIXC0  | 3334380000 | 1511520000 | 1509939000 | 1508365000 | 1508340000 | 1507914000 | 1505789000 | 1505477000 | 1505502000 | 1505553000 | 1505349000 | 1505649000 | 1503488000 | 1500307000 | 1498375000 | 1496652000 | 1492036000 | 1492457000 | 1492288000 | 1492679000 | 1492480000 | 1491404000 | 1486374000 | 1483450000 | 1481260000 | 1478429000 |
|           CPU_CLK_UNHALTED_CORE          |  FIXC1  | 1928106000 | 1076920000 | 1085234000 | 1065555000 | 1075222000 | 1065052000 | 1066852000 | 1067980000 | 1074963000 | 1075097000 | 1073627000 | 1078958000 | 1065120000 | 1068482000 | 1055902000 | 1058100000 | 1046727000 | 1057770000 | 1055274000 | 1062816000 | 1060202000 | 1059243000 | 1062037000 | 1057311000 | 1063219000 | 1045857000 |
|           CPU_CLK_UNHALTED_REF           |  FIXC2  | 2637342000 | 1473945000 | 1485357000 | 1458389000 | 1471563000 | 1457637000 | 1460168000 | 1461699000 | 1471241000 | 1471426000 | 1469435000 | 1476765000 | 1457812000 | 1462378000 | 1446483000 | 1449507000 | 1434000000 | 1449121000 | 1445697000 | 1456121000 | 1452446000 | 1451101000 | 1454910000 | 1448418000 | 1456479000 | 1432639000 |
|              PWR_PKG_ENERGY              |   PWR0  |   120.4564 |          0 |          0 |          0 |          0 |          0 |          0 |          0 |          0 |          0 |          0 |          0 |          0 |          0 |   116.4836 |          0 |          0 |          0 |          0 |          0 |          0 |          0 |          0 |          0 |          0 |          0 |
|              PWR_DRAM_ENERGY             |   PWR3  |    16.1230 |          0 |          0 |          0 |          0 |          0 |          0 |          0 |          0 |          0 |          0 |          0 |          0 |          0 |    12.9299 |          0 |          0 |          0 |          0 |          0 |          0 |          0 |          0 |          0 |          0 |          0 |
| FP_ARITH_INST_RETIRED_128B_PACKED_DOUBLE |   PMC0  |     761098 |          0 |          0 |          0 |          0 |          0 |          0 |          0 |          0 |          0 |          0 |          0 |          0 |          0 |          0 |          0 |          0 |          0 |          0 |          0 |          0 |          0 |          0 |          0 |          0 |          0 |
|    FP_ARITH_INST_RETIRED_SCALAR_DOUBLE   |   PMC1  |  580121800 |  436015400 |  435588600 |  435413700 |  435325500 |  435362500 |  434661600 |  434548200 |  434439400 |  434466300 |  434421400 |  434468400 |  433980700 |  432946300 |  432599800 |  432074000 |  431864200 |  431872500 |  431825400 |  431872500 |  431825900 |  431587600 |  429892700 |  429080900 |  428229700 |  427448700 |
| FP_ARITH_INST_RETIRED_256B_PACKED_DOUBLE |   PMC2  |     402100 |          0 |          0 |          0 |          0 |          0 |          0 |          0 |          0 |          0 |          0 |          0 |          0 |          0 |          0 |          0 |          0 |          0 |          0 |          0 |          0 |          0 |          0 |          0 |          0 |          0 |
| FP_ARITH_INST_RETIRED_512B_PACKED_DOUBLE |   PMC3  |    8148557 |          0 |          0 |          0 |          0 |          0 |          0 |          0 |          0 |          0 |          0 |          0 |          0 |          0 |          0 |          0 |          0 |          0 |          0 |          0 |          0 |          0 |          0 |          0 |          0 |          0 |
|               CAS_COUNT_RD               | MBOX0C0 |    6277170 |          0 |          0 |          0 |          0 |          0 |          0 |          0 |          0 |          0 |          0 |          0 |          0 |          0 |    3392181 |          0 |          0 |          0 |          0 |          0 |          0 |          0 |          0 |          0 |          0 |          0 |
|               CAS_COUNT_WR               | MBOX0C1 |   11965850 |          0 |          0 |          0 |          0 |          0 |          0 |          0 |          0 |          0 |          0 |          0 |          0 |          0 |    4365055 |          0 |          0 |          0 |          0 |          0 |          0 |          0 |          0 |          0 |          0 |          0 |
|               CAS_COUNT_RD               | MBOX1C0 |    5311645 |          0 |          0 |          0 |          0 |          0 |          0 |          0 |          0 |          0 |          0 |          0 |          0 |          0 |    3366080 |          0 |          0 |          0 |          0 |          0 |          0 |          0 |          0 |          0 |          0 |          0 |
|               CAS_COUNT_WR               | MBOX1C1 |   10507500 |          0 |          0 |          0 |          0 |          0 |          0 |          0 |          0 |          0 |          0 |          0 |          0 |          0 |    4342264 |          0 |          0 |          0 |          0 |          0 |          0 |          0 |          0 |          0 |          0 |          0 |
|               CAS_COUNT_RD               | MBOX2C0 |    5246778 |          0 |          0 |          0 |          0 |          0 |          0 |          0 |          0 |          0 |          0 |          0 |          0 |          0 |    3398868 |          0 |          0 |          0 |          0 |          0 |          0 |          0 |          0 |          0 |          0 |          0 |
|               CAS_COUNT_WR               | MBOX2C1 |   10423240 |          0 |          0 |          0 |          0 |          0 |          0 |          0 |          0 |          0 |          0 |          0 |          0 |          0 |    4386437 |          0 |          0 |          0 |          0 |          0 |          0 |          0 |          0 |          0 |          0 |          0 |
|               CAS_COUNT_RD               | MBOX3C0 |    4582960 |          0 |          0 |          0 |          0 |          0 |          0 |          0 |          0 |          0 |          0 |          0 |          0 |          0 |    3125407 |          0 |          0 |          0 |          0 |          0 |          0 |          0 |          0 |          0 |          0 |          0 |
|               CAS_COUNT_WR               | MBOX3C1 |   10093050 |          0 |          0 |          0 |          0 |          0 |          0 |          0 |          0 |          0 |          0 |          0 |          0 |          0 |    4169928 |          0 |          0 |          0 |          0 |          0 |          0 |          0 |          0 |          0 |          0 |          0 |
|               CAS_COUNT_RD               | MBOX4C0 |    4648880 |          0 |          0 |          0 |          0 |          0 |          0 |          0 |          0 |          0 |          0 |          0 |          0 |          0 |    3121102 |          0 |          0 |          0 |          0 |          0 |          0 |          0 |          0 |          0 |          0 |          0 |
|               CAS_COUNT_WR               | MBOX4C1 |   10159250 |          0 |          0 |          0 |          0 |          0 |          0 |          0 |          0 |          0 |          0 |          0 |          0 |          0 |    4158824 |          0 |          0 |          0 |          0 |          0 |          0 |          0 |          0 |          0 |          0 |          0 |
|               CAS_COUNT_RD               | MBOX5C0 |    4438408 |          0 |          0 |          0 |          0 |          0 |          0 |          0 |          0 |          0 |          0 |          0 |          0 |          0 |    3132488 |          0 |          0 |          0 |          0 |          0 |          0 |          0 |          0 |          0 |          0 |          0 |
|               CAS_COUNT_WR               | MBOX5C1 |    9880027 |          0 |          0 |          0 |          0 |          0 |          0 |          0 |          0 |          0 |          0 |          0 |          0 |          0 |    4175665 |          0 |          0 |          0 |          0 |          0 |          0 |          0 |          0 |          0 |          0 |          0 |
+------------------------------------------+---------+------------+------------+------------+------------+------------+------------+------------+------------+------------+------------+------------+------------+------------+------------+------------+------------+------------+------------+------------+------------+------------+------------+------------+------------+------------+------------+
+-----------------------------------------------+---------+-------------+------------+------------+--------------+
|                     Event                     | Counter |     Sum     |     Min    |     Max    |      Avg     |
+-----------------------------------------------+---------+-------------+------------+------------+--------------+
|             INSTR_RETIRED_ANY STAT            |  FIXC0  | 40795456000 | 1478429000 | 3334380000 |   1569056000 |
|           CPU_CLK_UNHALTED_CORE STAT          |  FIXC1  | 28551626000 | 1045857000 | 1928106000 | 1.098139e+09 |
|           CPU_CLK_UNHALTED_REF STAT           |  FIXC2  | 39092079000 | 1432639000 | 2637342000 |   1503541500 |
|              PWR_PKG_ENERGY STAT              |   PWR0  |    236.9400 |          0 |   120.4564 |       9.1131 |
|              PWR_DRAM_ENERGY STAT             |   PWR3  |     29.0529 |          0 |    16.1230 |       1.1174 |
| FP_ARITH_INST_RETIRED_128B_PACKED_DOUBLE STAT |   PMC0  |      761098 |          0 |     761098 |        29273 |
|    FP_ARITH_INST_RETIRED_SCALAR_DOUBLE STAT   |   PMC1  | 11401933700 |  427448700 |  580121800 | 4.385359e+08 |
| FP_ARITH_INST_RETIRED_256B_PACKED_DOUBLE STAT |   PMC2  |      402100 |          0 |     402100 |   15465.3846 |
| FP_ARITH_INST_RETIRED_512B_PACKED_DOUBLE STAT |   PMC3  |     8148557 |          0 |    8148557 |  313406.0385 |
|               CAS_COUNT_RD STAT               | MBOX0C0 |     9669351 |          0 |    6277170 |  371898.1154 |
|               CAS_COUNT_WR STAT               | MBOX0C1 |    16330905 |          0 |   11965850 |  628111.7308 |
|               CAS_COUNT_RD STAT               | MBOX1C0 |     8677725 |          0 |    5311645 |  333758.6538 |
|               CAS_COUNT_WR STAT               | MBOX1C1 |    14849764 |          0 |   10507500 |  571144.7692 |
|               CAS_COUNT_RD STAT               | MBOX2C0 |     8645646 |          0 |    5246778 |  332524.8462 |
|               CAS_COUNT_WR STAT               | MBOX2C1 |    14809677 |          0 |   10423240 |  569602.9615 |
|               CAS_COUNT_RD STAT               | MBOX3C0 |     7708367 |          0 |    4582960 |  296475.6538 |
|               CAS_COUNT_WR STAT               | MBOX3C1 |    14262978 |          0 |   10093050 |  548576.0769 |
|               CAS_COUNT_RD STAT               | MBOX4C0 |     7769982 |          0 |    4648880 |  298845.4615 |
|               CAS_COUNT_WR STAT               | MBOX4C1 |    14318074 |          0 |   10159250 |  550695.1538 |
|               CAS_COUNT_RD STAT               | MBOX5C0 |     7570896 |          0 |    4438408 |  291188.3077 |
|               CAS_COUNT_WR STAT               | MBOX5C1 |    14055692 |          0 |    9880027 |  540603.5385 |
+-----------------------------------------------+---------+-------------+------------+------------+--------------+
+-----------------------------------+-----------+-----------+-----------+-----------+-----------+-----------+-----------+-----------+-----------+-----------+-----------+-----------+-----------+-----------+-----------+-----------+-----------+-----------+-----------+-----------+-----------+-----------+-----------+-----------+-----------+-----------+
|               Metric              |   Core 0  |   Core 1  |   Core 2  |   Core 3  |   Core 4  |   Core 5  |   Core 6  |   Core 7  |   Core 8  |   Core 9  |  Core 10  |  Core 11  |  Core 12  |  Core 13  |  Core 14  |  Core 15  |  Core 16  |  Core 17  |  Core 18  |  Core 19  |  Core 20  |  Core 21  |  Core 22  |  Core 23  |  Core 24  |  Core 25  |
+-----------------------------------+-----------+-----------+-----------+-----------+-----------+-----------+-----------+-----------+-----------+-----------+-----------+-----------+-----------+-----------+-----------+-----------+-----------+-----------+-----------+-----------+-----------+-----------+-----------+-----------+-----------+-----------+
|        Runtime (RDTSC) [s]        |    3.1358 |    3.1375 |    3.1376 |    3.1375 |    3.1376 |    3.1375 |    3.1376 |    3.1375 |    3.1375 |    3.1376 |    3.1375 |    3.1376 |    3.1376 |    3.1376 |    3.1358 |    3.1376 |    3.1376 |    3.1376 |    3.1376 |    3.1376 |    3.1376 |    3.1376 |    3.1376 |    3.1376 |    3.1376 |    3.1376 |
|        Runtime unhalted [s]       |    0.7434 |    0.4152 |    0.4184 |    0.4108 |    0.4145 |    0.4106 |    0.4113 |    0.4117 |    0.4144 |    0.4145 |    0.4139 |    0.4160 |    0.4106 |    0.4119 |    0.4071 |    0.4079 |    0.4036 |    0.4078 |    0.4068 |    0.4098 |    0.4087 |    0.4084 |    0.4095 |    0.4076 |    0.4099 |    0.4032 |
|            Clock [MHz]            | 1896.2507 | 1895.1058 | 1895.0639 | 1895.1073 | 1895.1805 | 1895.1899 | 1895.1023 | 1895.1190 | 1895.1387 | 1895.1366 | 1895.1097 | 1895.0665 | 1895.0834 | 1895.1294 | 1893.3966 | 1893.3796 | 1893.2832 | 1893.2933 | 1893.2993 | 1893.1801 | 1893.3022 | 1893.3429 | 1893.3671 | 1893.3903 | 1893.4324 | 1893.5067 |
|                CPI                |    0.5783 |    0.7125 |    0.7187 |    0.7064 |    0.7129 |    0.7063 |    0.7085 |    0.7094 |    0.7140 |    0.7141 |    0.7132 |    0.7166 |    0.7084 |    0.7122 |    0.7047 |    0.7070 |    0.7015 |    0.7087 |    0.7072 |    0.7120 |    0.7104 |    0.7102 |    0.7145 |    0.7127 |    0.7178 |    0.7074 |
|             Energy [J]            |  120.4564 |         0 |         0 |         0 |         0 |         0 |         0 |         0 |         0 |         0 |         0 |         0 |         0 |         0 |  116.4836 |         0 |         0 |         0 |         0 |         0 |         0 |         0 |         0 |         0 |         0 |         0 |
|             Power [W]             |   38.4129 |         0 |         0 |         0 |         0 |         0 |         0 |         0 |         0 |         0 |         0 |         0 |         0 |         0 |   37.1462 |         0 |         0 |         0 |         0 |         0 |         0 |         0 |         0 |         0 |         0 |         0 |
|          Energy DRAM [J]          |   16.1230 |         0 |         0 |         0 |         0 |         0 |         0 |         0 |         0 |         0 |         0 |         0 |         0 |         0 |   12.9299 |         0 |         0 |         0 |         0 |         0 |         0 |         0 |         0 |         0 |         0 |         0 |
|           Power DRAM [W]          |    5.1415 |         0 |         0 |         0 |         0 |         0 |         0 |         0 |         0 |         0 |         0 |         0 |         0 |         0 |    4.1233 |         0 |         0 |         0 |         0 |         0 |         0 |         0 |         0 |         0 |         0 |         0 |
|            DP [MFLOP/s]           |  206.7844 |  138.9676 |  138.8289 |  138.7770 |  138.7469 |  138.7588 |  138.5347 |  138.4998 |  138.4652 |  138.4704 |  138.4596 |  138.4720 |  138.3159 |  137.9872 |  137.9545 |  137.7076 |  137.6431 |  137.6443 |  137.6292 |  137.6458 |  137.6293 |  137.5546 |  137.0116 |  136.7554 |  136.4839 |  136.2339 |
|          AVX DP [MFLOP/s]         |   21.3012 |         0 |         0 |         0 |         0 |         0 |         0 |         0 |         0 |         0 |         0 |         0 |         0 |         0 |         0 |         0 |         0 |         0 |         0 |         0 |         0 |         0 |         0 |         0 |         0 |         0 |
|          Packed [MUOPS/s]         |    2.9695 |         0 |         0 |         0 |         0 |         0 |         0 |         0 |         0 |         0 |         0 |         0 |         0 |         0 |         0 |         0 |         0 |         0 |         0 |         0 |         0 |         0 |         0 |         0 |         0 |         0 |
|          Scalar [MUOPS/s]         |  184.9978 |  138.9676 |  138.8289 |  138.7770 |  138.7469 |  138.7588 |  138.5347 |  138.4998 |  138.4652 |  138.4704 |  138.4596 |  138.4720 |  138.3159 |  137.9872 |  137.9545 |  137.7076 |  137.6431 |  137.6443 |  137.6292 |  137.6458 |  137.6293 |  137.5546 |  137.0116 |  136.7554 |  136.4839 |  136.2339 |
|  Memory read bandwidth [MBytes/s] |  622.6019 |         0 |         0 |         0 |         0 |         0 |         0 |         0 |         0 |         0 |         0 |         0 |         0 |         0 |  398.7200 |         0 |         0 |         0 |         0 |         0 |         0 |         0 |         0 |         0 |         0 |         0 |
|  Memory read data volume [GBytes] |    1.9524 |         0 |         0 |         0 |         0 |         0 |         0 |         0 |         0 |         0 |         0 |         0 |         0 |         0 |    1.2503 |         0 |         0 |         0 |         0 |         0 |         0 |         0 |         0 |         0 |         0 |         0 |
| Memory write bandwidth [MBytes/s] | 1286.3742 |         0 |         0 |         0 |         0 |         0 |         0 |         0 |         0 |         0 |         0 |         0 |         0 |         0 |  522.4425 |         0 |         0 |         0 |         0 |         0 |         0 |         0 |         0 |         0 |         0 |         0 |
| Memory write data volume [GBytes] |    4.0339 |         0 |         0 |         0 |         0 |         0 |         0 |         0 |         0 |         0 |         0 |         0 |         0 |         0 |    1.6383 |         0 |         0 |         0 |         0 |         0 |         0 |         0 |         0 |         0 |         0 |         0 |
|    Memory bandwidth [MBytes/s]    | 1908.9761 |         0 |         0 |         0 |         0 |         0 |         0 |         0 |         0 |         0 |         0 |         0 |         0 |         0 |  921.1625 |         0 |         0 |         0 |         0 |         0 |         0 |         0 |         0 |         0 |         0 |         0 |
|    Memory data volume [GBytes]    |    5.9862 |         0 |         0 |         0 |         0 |         0 |         0 |         0 |         0 |         0 |         0 |         0 |         0 |         0 |    2.8886 |         0 |         0 |         0 |         0 |         0 |         0 |         0 |         0 |         0 |         0 |         0 |
|       Operational intensity       |    0.1083 |    0.0728 |    0.0728 |    0.0727 |    0.0727 |    0.0727 |    0.0726 |    0.0726 |    0.0726 |    0.0726 |    0.0726 |    0.0726 |    0.0725 |    0.0723 |    0.1498 |    0.1496 |    0.1495 |    0.1495 |    0.1495 |    0.1495 |    0.1495 |    0.1494 |    0.1488 |    0.1485 |    0.1482 |    0.1480 |
+-----------------------------------+-----------+-----------+-----------+-----------+-----------+-----------+-----------+-----------+-----------+-----------+-----------+-----------+-----------+-----------+-----------+-----------+-----------+-----------+-----------+-----------+-----------+-----------+-----------+-----------+-----------+-----------+
+----------------------------------------+------------+-----------+-----------+-----------+
|                 Metric                 |     Sum    |    Min    |    Max    |    Avg    |
+----------------------------------------+------------+-----------+-----------+-----------+
|        Runtime (RDTSC) [s] STAT        |    81.5734 |    3.1358 |    3.1376 |    3.1374 |
|        Runtime unhalted [s] STAT       |    11.0075 |    0.4032 |    0.7434 |    0.4234 |
|            Clock [MHz] STAT            | 49252.9574 | 1893.1801 | 1896.2507 | 1894.3445 |
|                CPI STAT                |    18.3456 |    0.5783 |    0.7187 |    0.7056 |
|             Energy [J] STAT            |   236.9400 |         0 |  120.4564 |    9.1131 |
|             Power [W] STAT             |    75.5591 |         0 |   38.4129 |    2.9061 |
|          Energy DRAM [J] STAT          |    29.0529 |         0 |   16.1230 |    1.1174 |
|           Power DRAM [W] STAT          |     9.2648 |         0 |    5.1415 |    0.3563 |
|            DP [MFLOP/s] STAT           |  3655.9616 |  136.2339 |  206.7844 |  140.6139 |
|          AVX DP [MFLOP/s] STAT         |    21.3012 |         0 |   21.3012 |    0.8193 |
|          Packed [MUOPS/s] STAT         |     2.9695 |         0 |    2.9695 |    0.1142 |
|          Scalar [MUOPS/s] STAT         |  3634.1750 |  136.2339 |  184.9978 |  139.7760 |
|  Memory read bandwidth [MBytes/s] STAT |  1021.3219 |         0 |  622.6019 |   39.2816 |
|  Memory read data volume [GBytes] STAT |     3.2027 |         0 |    1.9524 |    0.1232 |
| Memory write bandwidth [MBytes/s] STAT |  1808.8167 |         0 | 1286.3742 |   69.5699 |
| Memory write data volume [GBytes] STAT |     5.6722 |         0 |    4.0339 |    0.2182 |
|    Memory bandwidth [MBytes/s] STAT    |  2830.1386 |         0 | 1908.9761 |  108.8515 |
|    Memory data volume [GBytes] STAT    |     8.8748 |         0 |    5.9862 |    0.3413 |
|       Operational intensity STAT       |     2.8422 |    0.0723 |    0.1498 |    0.1093 |
+----------------------------------------+------------+-----------+-----------+-----------+
--------------------------------------------------------------------------------
CPU name:	Intel(R) Xeon(R) Gold 6132 CPU @ 2.60GHz
CPU type:	Intel Skylake SP processor
CPU clock:	2.59 GHz
--------------------------------------------------------------------------------
Region Solve, Group 1: MEM_DP
+-------------------+-----------+-----------+-----------+-----------+-----------+-----------+-----------+-----------+-----------+-----------+-----------+-----------+-----------+-----------+-----------+-----------+-----------+-----------+-----------+-----------+-----------+-----------+-----------+-----------+-----------+-----------+
|    Region Info    |   Core 0  |   Core 1  |   Core 2  |   Core 3  |   Core 4  |   Core 5  |   Core 6  |   Core 7  |   Core 8  |   Core 9  |  Core 10  |  Core 11  |  Core 12  |  Core 13  |  Core 14  |  Core 15  |  Core 16  |  Core 17  |  Core 18  |  Core 19  |  Core 20  |  Core 21  |  Core 22  |  Core 23  |  Core 24  |  Core 25  |
+-------------------+-----------+-----------+-----------+-----------+-----------+-----------+-----------+-----------+-----------+-----------+-----------+-----------+-----------+-----------+-----------+-----------+-----------+-----------+-----------+-----------+-----------+-----------+-----------+-----------+-----------+-----------+
| RDTSC Runtime [s] | 92.300030 | 92.301080 | 92.301080 | 92.301090 | 92.301090 | 92.301090 | 92.301090 | 92.301080 | 92.301090 | 92.301080 | 92.301090 | 92.301080 | 92.301090 | 92.301090 | 92.300010 | 92.301080 | 92.301080 | 92.301080 | 92.301080 | 92.301080 | 92.301080 | 92.301080 | 92.301070 | 92.301080 | 92.301080 | 92.301080 |
|     call count    |         1 |         1 |         1 |         1 |         1 |         1 |         1 |         1 |         1 |         1 |         1 |         1 |         1 |         1 |         1 |         1 |         1 |         1 |         1 |         1 |         1 |         1 |         1 |         1 |         1 |         1 |
+-------------------+-----------+-----------+-----------+-----------+-----------+-----------+-----------+-----------+-----------+-----------+-----------+-----------+-----------+-----------+-----------+-----------+-----------+-----------+-----------+-----------+-----------+-----------+-----------+-----------+-----------+-----------+
+------------------------------------------+---------+--------------+--------------+--------------+--------------+--------------+--------------+--------------+--------------+--------------+--------------+--------------+--------------+--------------+--------------+--------------+--------------+--------------+--------------+--------------+--------------+--------------+--------------+--------------+--------------+--------------+--------------+
|                   Event                  | Counter |    Core 0    |    Core 1    |    Core 2    |    Core 3    |    Core 4    |    Core 5    |    Core 6    |    Core 7    |    Core 8    |    Core 9    |    Core 10   |    Core 11   |    Core 12   |    Core 13   |    Core 14   |    Core 15   |    Core 16   |    Core 17   |    Core 18   |    Core 19   |    Core 20   |    Core 21   |    Core 22   |    Core 23   |    Core 24   |    Core 25   |
+------------------------------------------+---------+--------------+--------------+--------------+--------------+--------------+--------------+--------------+--------------+--------------+--------------+--------------+--------------+--------------+--------------+--------------+--------------+--------------+--------------+--------------+--------------+--------------+--------------+--------------+--------------+--------------+--------------+
|             INSTR_RETIRED_ANY            |  FIXC0  | 329234200000 | 328774100000 | 329429300000 | 329590500000 | 329186500000 | 328174400000 | 327991400000 | 326963200000 | 327270300000 | 327800200000 | 326543700000 | 325622500000 | 325284900000 | 324621900000 | 324625700000 | 324856300000 | 325092200000 | 324516100000 | 323717600000 | 324429800000 | 323491500000 | 324338300000 | 324007000000 | 323434200000 | 322433600000 | 328373600000 |
|           CPU_CLK_UNHALTED_CORE          |  FIXC1  | 168513300000 | 169054600000 | 168985900000 | 169042100000 | 169083900000 | 169119400000 | 169854900000 | 169829500000 | 169830600000 | 169877600000 | 169877300000 | 169834000000 | 169599100000 | 169770000000 | 169755700000 | 169754100000 | 169751000000 | 169761100000 | 169768400000 | 169646900000 | 169574000000 | 169552100000 | 169221900000 | 168703600000 | 168345400000 | 162409100000 |
|           CPU_CLK_UNHALTED_REF           |  FIXC2  | 230614200000 | 231355100000 | 231260800000 | 231337900000 | 231395100000 | 231443800000 | 232449900000 | 232415200000 | 232416700000 | 232481100000 | 232480700000 | 232422900000 | 232101600000 | 232335600000 | 232297300000 | 232295000000 | 232290900000 | 232304700000 | 232314500000 | 232148400000 | 232048700000 | 232018600000 | 231566700000 | 230857600000 | 230367300000 | 222243900000 |
|              PWR_PKG_ENERGY              |   PWR0  |    6147.5710 |            0 |            0 |            0 |            0 |            0 |            0 |            0 |            0 |            0 |            0 |            0 |            0 |            0 |    6020.3600 |            0 |            0 |            0 |            0 |            0 |            0 |            0 |            0 |            0 |            0 |            0 |
|              PWR_DRAM_ENERGY             |   PWR3  |     793.4452 |            0 |            0 |            0 |            0 |            0 |            0 |            0 |            0 |            0 |            0 |            0 |            0 |            0 |     752.4490 |            0 |            0 |            0 |            0 |            0 |            0 |            0 |            0 |            0 |            0 |            0 |
| FP_ARITH_INST_RETIRED_128B_PACKED_DOUBLE |   PMC0  |       714138 |            0 |            0 |            0 |            0 |            0 |            0 |            0 |            0 |            0 |            0 |            0 |            0 |            0 |            0 |            0 |            0 |            0 |            0 |            0 |            0 |            0 |            0 |            0 |            0 |            0 |
|    FP_ARITH_INST_RETIRED_SCALAR_DOUBLE   |   PMC1  |  97644640000 |  97795530000 |  98383850000 |  98515620000 |  98097350000 |  97616760000 |  97597710000 |  97316950000 |  97389410000 |  97501420000 |  96844740000 |  96336030000 |  96260710000 |  96090310000 |  96016980000 |  96298680000 |  96668630000 |  96553110000 |  96328380000 |  96504790000 |  96209040000 |  96652410000 |  96810720000 |  96540180000 |  95740110000 |  95186960000 |
| FP_ARITH_INST_RETIRED_256B_PACKED_DOUBLE |   PMC2  |      1138324 |            0 |            0 |            0 |            0 |            0 |            0 |            0 |            0 |            0 |            0 |            0 |            0 |            0 |            0 |            0 |            0 |            0 |            0 |            0 |            0 |            0 |            0 |            0 |            0 |            0 |
| FP_ARITH_INST_RETIRED_512B_PACKED_DOUBLE |   PMC3  |     10452010 |            0 |            0 |            0 |            0 |            0 |            0 |            0 |            0 |            0 |            0 |            0 |            0 |            0 |            0 |            0 |            0 |            0 |            0 |            0 |            0 |            0 |            0 |            0 |            0 |            0 |
|               CAS_COUNT_RD               | MBOX0C0 |   1452320000 |            0 |            0 |            0 |            0 |            0 |            0 |            0 |            0 |            0 |            0 |            0 |            0 |            0 |   1251212000 |            0 |            0 |            0 |            0 |            0 |            0 |            0 |            0 |            0 |            0 |            0 |
|               CAS_COUNT_WR               | MBOX0C1 |    812480400 |            0 |            0 |            0 |            0 |            0 |            0 |            0 |            0 |            0 |            0 |            0 |            0 |            0 |    712956500 |            0 |            0 |            0 |            0 |            0 |            0 |            0 |            0 |            0 |            0 |            0 |
|               CAS_COUNT_RD               | MBOX1C0 |   1452215000 |            0 |            0 |            0 |            0 |            0 |            0 |            0 |            0 |            0 |            0 |            0 |            0 |            0 |   1251547000 |            0 |            0 |            0 |            0 |            0 |            0 |            0 |            0 |            0 |            0 |            0 |
|               CAS_COUNT_WR               | MBOX1C1 |    811496400 |            0 |            0 |            0 |            0 |            0 |            0 |            0 |            0 |            0 |            0 |            0 |            0 |            0 |    713369100 |            0 |            0 |            0 |            0 |            0 |            0 |            0 |            0 |            0 |            0 |            0 |
|               CAS_COUNT_RD               | MBOX2C0 |   1452155000 |            0 |            0 |            0 |            0 |            0 |            0 |            0 |            0 |            0 |            0 |            0 |            0 |            0 |   1250658000 |            0 |            0 |            0 |            0 |            0 |            0 |            0 |            0 |            0 |            0 |            0 |
|               CAS_COUNT_WR               | MBOX2C1 |    811611000 |            0 |            0 |            0 |            0 |            0 |            0 |            0 |            0 |            0 |            0 |            0 |            0 |            0 |    712771900 |            0 |            0 |            0 |            0 |            0 |            0 |            0 |            0 |            0 |            0 |            0 |
|               CAS_COUNT_RD               | MBOX3C0 |   1448610000 |            0 |            0 |            0 |            0 |            0 |            0 |            0 |            0 |            0 |            0 |            0 |            0 |            0 |   1246495000 |            0 |            0 |            0 |            0 |            0 |            0 |            0 |            0 |            0 |            0 |            0 |
|               CAS_COUNT_WR               | MBOX3C1 |    810013200 |            0 |            0 |            0 |            0 |            0 |            0 |            0 |            0 |            0 |            0 |            0 |            0 |            0 |    709454200 |            0 |            0 |            0 |            0 |            0 |            0 |            0 |            0 |            0 |            0 |            0 |
|               CAS_COUNT_RD               | MBOX4C0 |   1447783000 |            0 |            0 |            0 |            0 |            0 |            0 |            0 |            0 |            0 |            0 |            0 |            0 |            0 |   1247028000 |            0 |            0 |            0 |            0 |            0 |            0 |            0 |            0 |            0 |            0 |            0 |
|               CAS_COUNT_WR               | MBOX4C1 |    809241700 |            0 |            0 |            0 |            0 |            0 |            0 |            0 |            0 |            0 |            0 |            0 |            0 |            0 |    709776700 |            0 |            0 |            0 |            0 |            0 |            0 |            0 |            0 |            0 |            0 |            0 |
|               CAS_COUNT_RD               | MBOX5C0 |   1448087000 |            0 |            0 |            0 |            0 |            0 |            0 |            0 |            0 |            0 |            0 |            0 |            0 |            0 |   1247408000 |            0 |            0 |            0 |            0 |            0 |            0 |            0 |            0 |            0 |            0 |            0 |
|               CAS_COUNT_WR               | MBOX5C1 |    809358200 |            0 |            0 |            0 |            0 |            0 |            0 |            0 |            0 |            0 |            0 |            0 |            0 |            0 |    710064200 |            0 |            0 |            0 |            0 |            0 |            0 |            0 |            0 |            0 |            0 |            0 |
+------------------------------------------+---------+--------------+--------------+--------------+--------------+--------------+--------------+--------------+--------------+--------------+--------------+--------------+--------------+--------------+--------------+--------------+--------------+--------------+--------------+--------------+--------------+--------------+--------------+--------------+--------------+--------------+--------------+
+-----------------------------------------------+---------+---------------+--------------+--------------+--------------+
|                     Event                     | Counter |      Sum      |      Min     |      Max     |      Avg     |
+-----------------------------------------------+---------+---------------+--------------+--------------+--------------+
|             INSTR_RETIRED_ANY STAT            |  FIXC0  | 8479803000000 | 322433600000 | 329590500000 | 3.261463e+11 |
|           CPU_CLK_UNHALTED_CORE STAT          |  FIXC1  | 4398515500000 | 162409100000 | 169877600000 | 1.691737e+11 |
|           CPU_CLK_UNHALTED_REF STAT           |  FIXC2  | 6019264200000 | 222243900000 | 232481100000 | 2.315102e+11 |
|              PWR_PKG_ENERGY STAT              |   PWR0  |    12167.9310 |            0 |    6147.5710 |     467.9973 |
|              PWR_DRAM_ENERGY STAT             |   PWR3  |     1545.8942 |            0 |     793.4452 |      59.4575 |
| FP_ARITH_INST_RETIRED_128B_PACKED_DOUBLE STAT |   PMC0  |        714138 |            0 |       714138 |   27466.8462 |
|    FP_ARITH_INST_RETIRED_SCALAR_DOUBLE STAT   |   PMC1  | 2518901020000 |  95186960000 |  98515620000 | 9.688081e+10 |
| FP_ARITH_INST_RETIRED_256B_PACKED_DOUBLE STAT |   PMC2  |       1138324 |            0 |      1138324 |   43781.6923 |
| FP_ARITH_INST_RETIRED_512B_PACKED_DOUBLE STAT |   PMC3  |      10452010 |            0 |     10452010 |  402000.3846 |
|               CAS_COUNT_RD STAT               | MBOX0C0 |    2703532000 |            0 |   1452320000 |    103982000 |
|               CAS_COUNT_WR STAT               | MBOX0C1 |    1525436900 |            0 |    812480400 |     58670650 |
|               CAS_COUNT_RD STAT               | MBOX1C0 |    2703762000 |            0 |   1452215000 | 1.039908e+08 |
|               CAS_COUNT_WR STAT               | MBOX1C1 |    1524865500 |            0 |    811496400 | 5.864867e+07 |
|               CAS_COUNT_RD STAT               | MBOX2C0 |    2702813000 |            0 |   1452155000 | 1.039543e+08 |
|               CAS_COUNT_WR STAT               | MBOX2C1 |    1524382900 |            0 |    811611000 | 5.863011e+07 |
|               CAS_COUNT_RD STAT               | MBOX3C0 |    2695105000 |            0 |   1448610000 | 1.036579e+08 |
|               CAS_COUNT_WR STAT               | MBOX3C1 |    1519467400 |            0 |    810013200 | 5.844105e+07 |
|               CAS_COUNT_RD STAT               | MBOX4C0 |    2694811000 |            0 |   1447783000 | 1.036466e+08 |
|               CAS_COUNT_WR STAT               | MBOX4C1 |    1519018400 |            0 |    809241700 | 5.842378e+07 |
|               CAS_COUNT_RD STAT               | MBOX5C0 |    2695495000 |            0 |   1448087000 | 1.036729e+08 |
|               CAS_COUNT_WR STAT               | MBOX5C1 |    1519422400 |            0 |    809358200 | 5.843932e+07 |
+-----------------------------------------------+---------+---------------+--------------+--------------+--------------+
+-----------------------------------+-----------+-----------+-----------+-----------+-----------+-----------+-----------+-----------+-----------+-----------+-----------+-----------+-----------+-----------+-----------+-----------+-----------+-----------+-----------+-----------+-----------+-----------+-----------+-----------+-----------+-----------+
|               Metric              |   Core 0  |   Core 1  |   Core 2  |   Core 3  |   Core 4  |   Core 5  |   Core 6  |   Core 7  |   Core 8  |   Core 9  |  Core 10  |  Core 11  |  Core 12  |  Core 13  |  Core 14  |  Core 15  |  Core 16  |  Core 17  |  Core 18  |  Core 19  |  Core 20  |  Core 21  |  Core 22  |  Core 23  |  Core 24  |  Core 25  |
+-----------------------------------+-----------+-----------+-----------+-----------+-----------+-----------+-----------+-----------+-----------+-----------+-----------+-----------+-----------+-----------+-----------+-----------+-----------+-----------+-----------+-----------+-----------+-----------+-----------+-----------+-----------+-----------+
|        Runtime (RDTSC) [s]        |   92.3000 |   92.3011 |   92.3011 |   92.3011 |   92.3011 |   92.3011 |   92.3011 |   92.3011 |   92.3011 |   92.3011 |   92.3011 |   92.3011 |   92.3011 |   92.3011 |   92.3000 |   92.3011 |   92.3011 |   92.3011 |   92.3011 |   92.3011 |   92.3011 |   92.3011 |   92.3011 |   92.3011 |   92.3011 |   92.3011 |
|        Runtime unhalted [s]       |   64.9685 |   65.1772 |   65.1507 |   65.1724 |   65.1885 |   65.2022 |   65.4857 |   65.4760 |   65.4764 |   65.4945 |   65.4944 |   65.4777 |   65.3871 |   65.4530 |   65.4475 |   65.4469 |   65.4457 |   65.4496 |   65.4524 |   65.4056 |   65.3774 |   65.3690 |   65.2417 |   65.0419 |   64.9038 |   62.6151 |
|            Clock [MHz]            | 1895.3065 | 1895.3055 | 1895.3078 | 1895.3063 | 1895.3063 | 1895.3053 | 1895.3090 | 1895.3085 | 1895.3085 | 1895.3079 | 1895.3078 | 1895.2959 | 1895.2946 | 1895.2936 | 1895.4464 | 1895.4473 | 1895.4461 | 1895.4463 | 1895.4479 | 1895.4465 | 1895.4461 | 1895.4471 | 1895.4475 | 1895.4463 | 1895.4474 | 1895.4477 |
|                CPI                |    0.5118 |    0.5142 |    0.5130 |    0.5129 |    0.5136 |    0.5153 |    0.5179 |    0.5194 |    0.5189 |    0.5182 |    0.5202 |    0.5216 |    0.5214 |    0.5230 |    0.5229 |    0.5226 |    0.5222 |    0.5231 |    0.5244 |    0.5229 |    0.5242 |    0.5228 |    0.5223 |    0.5216 |    0.5221 |    0.4946 |
|             Energy [J]            | 6147.5710 |         0 |         0 |         0 |         0 |         0 |         0 |         0 |         0 |         0 |         0 |         0 |         0 |         0 | 6020.3600 |         0 |         0 |         0 |         0 |         0 |         0 |         0 |         0 |         0 |         0 |         0 |
|             Power [W]             |   66.6042 |         0 |         0 |         0 |         0 |         0 |         0 |         0 |         0 |         0 |         0 |         0 |         0 |         0 |   65.2260 |         0 |         0 |         0 |         0 |         0 |         0 |         0 |         0 |         0 |         0 |         0 |
|          Energy DRAM [J]          |  793.4452 |         0 |         0 |         0 |         0 |         0 |         0 |         0 |         0 |         0 |         0 |         0 |         0 |         0 |  752.4490 |         0 |         0 |         0 |         0 |         0 |         0 |         0 |         0 |         0 |         0 |         0 |
|           Power DRAM [W]          |    8.5964 |         0 |         0 |         0 |         0 |         0 |         0 |         0 |         0 |         0 |         0 |         0 |         0 |         0 |    8.1522 |         0 |         0 |         0 |         0 |         0 |         0 |         0 |         0 |         0 |         0 |         0 |
|            DP [MFLOP/s]           | 1058.8755 | 1059.5275 | 1065.9014 | 1067.3289 | 1062.7973 | 1057.5905 | 1057.3842 | 1054.3425 | 1055.1274 | 1056.3411 | 1049.2264 | 1043.7151 | 1042.8990 | 1041.0528 | 1040.2705 | 1043.3104 | 1047.3185 | 1046.0670 | 1043.6322 | 1045.5435 | 1042.3393 | 1047.1428 | 1048.8580 | 1045.9269 | 1037.2588 | 1031.2659 |
|          AVX DP [MFLOP/s]         |    0.9552 |         0 |         0 |         0 |         0 |         0 |         0 |         0 |         0 |         0 |         0 |         0 |         0 |         0 |         0 |         0 |         0 |         0 |         0 |         0 |         0 |         0 |         0 |         0 |         0 |         0 |
|          Packed [MUOPS/s]         |    0.1333 |         0 |         0 |         0 |         0 |         0 |         0 |         0 |         0 |         0 |         0 |         0 |         0 |         0 |         0 |         0 |         0 |         0 |         0 |         0 |         0 |         0 |         0 |         0 |         0 |         0 |
|          Scalar [MUOPS/s]         | 1057.9047 | 1059.5275 | 1065.9014 | 1067.3289 | 1062.7973 | 1057.5905 | 1057.3842 | 1054.3425 | 1055.1274 | 1056.3411 | 1049.2264 | 1043.7151 | 1042.8990 | 1041.0528 | 1040.2705 | 1043.3104 | 1047.3185 | 1046.0670 | 1043.6322 | 1045.5435 | 1042.3393 | 1047.1428 | 1048.8580 | 1045.9269 | 1037.2588 | 1031.2659 |
|  Memory read bandwidth [MBytes/s] | 6033.3120 |         0 |         0 |         0 |         0 |         0 |         0 |         0 |         0 |         0 |         0 |         0 |         0 |         0 | 5196.5138 |         0 |         0 |         0 |         0 |         0 |         0 |         0 |         0 |         0 |         0 |         0 |
|  Memory read data volume [GBytes] |  556.8749 |         0 |         0 |         0 |         0 |         0 |         0 |         0 |         0 |         0 |         0 |         0 |         0 |         0 |  479.6383 |         0 |         0 |         0 |         0 |         0 |         0 |         0 |         0 |         0 |         0 |         0 |
| Memory write bandwidth [MBytes/s] | 3372.7926 |         0 |         0 |         0 |         0 |         0 |         0 |         0 |         0 |         0 |         0 |         0 |         0 |         0 | 2959.6652 |         0 |         0 |         0 |         0 |         0 |         0 |         0 |         0 |         0 |         0 |         0 |
| Memory write data volume [GBytes] |  311.3089 |         0 |         0 |         0 |         0 |         0 |         0 |         0 |         0 |         0 |         0 |         0 |         0 |         0 |  273.1771 |         0 |         0 |         0 |         0 |         0 |         0 |         0 |         0 |         0 |         0 |         0 |
|    Memory bandwidth [MBytes/s]    | 9406.1046 |         0 |         0 |         0 |         0 |         0 |         0 |         0 |         0 |         0 |         0 |         0 |         0 |         0 | 8156.1789 |         0 |         0 |         0 |         0 |         0 |         0 |         0 |         0 |         0 |         0 |         0 |
|    Memory data volume [GBytes]    |  868.1837 |         0 |         0 |         0 |         0 |         0 |         0 |         0 |         0 |         0 |         0 |         0 |         0 |         0 |  752.8154 |         0 |         0 |         0 |         0 |         0 |         0 |         0 |         0 |         0 |         0 |         0 |
|       Operational intensity       |    0.1126 |    0.1126 |    0.1133 |    0.1135 |    0.1130 |    0.1124 |    0.1124 |    0.1121 |    0.1122 |    0.1123 |    0.1115 |    0.1110 |    0.1109 |    0.1107 |    0.1275 |    0.1279 |    0.1284 |    0.1283 |    0.1280 |    0.1282 |    0.1278 |    0.1284 |    0.1286 |    0.1282 |    0.1272 |    0.1264 |
+-----------------------------------+-----------+-----------+-----------+-----------+-----------+-----------+-----------+-----------+-----------+-----------+-----------+-----------+-----------+-----------+-----------+-----------+-----------+-----------+-----------+-----------+-----------+-----------+-----------+-----------+-----------+-----------+
+----------------------------------------+------------+-----------+-----------+-----------+
|                 Metric                 |     Sum    |    Min    |    Max    |    Avg    |
+----------------------------------------+------------+-----------+-----------+-----------+
|        Runtime (RDTSC) [s] STAT        |  2399.8264 |   92.3000 |   92.3011 |   92.3010 |
|        Runtime unhalted [s] STAT       |  1695.8009 |   62.6151 |   65.4945 |   65.2231 |
|            Clock [MHz] STAT            | 49279.6261 | 1895.2936 | 1895.4479 | 1895.3702 |
|                CPI STAT                |    13.4871 |    0.4946 |    0.5244 |    0.5187 |
|             Energy [J] STAT            | 12167.9310 |         0 | 6147.5710 |  467.9973 |
|             Power [W] STAT             |   131.8302 |         0 |   66.6042 |    5.0704 |
|          Energy DRAM [J] STAT          |  1545.8942 |         0 |  793.4452 |   59.4575 |
|           Power DRAM [W] STAT          |    16.7486 |         0 |    8.5964 |    0.6442 |
|            DP [MFLOP/s] STAT           | 27291.0434 | 1031.2659 | 1067.3289 | 1049.6555 |
|          AVX DP [MFLOP/s] STAT         |     0.9552 |         0 |    0.9552 |    0.0367 |
|          Packed [MUOPS/s] STAT         |     0.1333 |         0 |    0.1333 |    0.0051 |
|          Scalar [MUOPS/s] STAT         | 27290.0726 | 1031.2659 | 1067.3289 | 1049.6182 |
|  Memory read bandwidth [MBytes/s] STAT | 11229.8258 |         0 | 6033.3120 |  431.9164 |
|  Memory read data volume [GBytes] STAT |  1036.5132 |         0 |  556.8749 |   39.8659 |
| Memory write bandwidth [MBytes/s] STAT |  6332.4578 |         0 | 3372.7926 |  243.5561 |
| Memory write data volume [GBytes] STAT |   584.4860 |         0 |  311.3089 |   22.4802 |
|    Memory bandwidth [MBytes/s] STAT    | 17562.2835 |         0 | 9406.1046 |  675.4724 |
|    Memory data volume [GBytes] STAT    |  1620.9991 |         0 |  868.1837 |   62.3461 |
|       Operational intensity STAT       |     3.1054 |    0.1107 |    0.1286 |    0.1194 |
+----------------------------------------+------------+-----------+-----------+-----------+
