--------------------------------------------------------------------------------
CPU name:	Intel(R) Xeon(R) Gold 6132 CPU @ 2.60GHz
CPU type:	Intel Skylake SP processor
CPU clock:	2.59 GHz
--------------------------------------------------------------------------------
Region Setup, Group 1: MEM_DP
+-------------------+----------+----------+----------+----------+----------+----------+----------+----------+----------+----------+----------+----------+----------+----------+----------+----------+----------+----------+----------+----------+----------+----------+----------+----------+----------+----------+----------+----------+----------+----------+----------+----------+
|    Region Info    |  Core 0  |  Core 1  |  Core 2  |  Core 3  |  Core 4  |  Core 5  |  Core 6  |  Core 7  |  Core 8  |  Core 9  |  Core 10 |  Core 11 |  Core 12 |  Core 13 |  Core 14 |  Core 15 |  Core 16 |  Core 17 |  Core 18 |  Core 19 |  Core 20 |  Core 21 |  Core 22 |  Core 23 |  Core 24 |  Core 25 |  Core 26 |  Core 27 |  Core 28 |  Core 29 |  Core 30 |  Core 31 |
+-------------------+----------+----------+----------+----------+----------+----------+----------+----------+----------+----------+----------+----------+----------+----------+----------+----------+----------+----------+----------+----------+----------+----------+----------+----------+----------+----------+----------+----------+----------+----------+----------+----------+
| RDTSC Runtime [s] | 3.261334 | 3.264903 | 3.264920 | 3.264999 | 3.265028 | 3.264999 | 3.264915 | 3.265013 | 3.264931 | 3.264988 | 3.265003 | 3.264984 | 3.265035 | 3.264937 | 3.261362 | 3.264960 | 3.264964 | 3.264931 | 3.264927 | 3.264922 | 3.264933 | 3.264960 | 3.264925 | 3.264970 | 3.264967 | 3.264952 | 3.264929 | 3.264980 | 3.261350 | 3.264921 | 3.264981 | 3.264935 |
|     call count    |        2 |        2 |        2 |        2 |        2 |        2 |        2 |        2 |        2 |        2 |        2 |        2 |        2 |        2 |        2 |        2 |        2 |        2 |        2 |        2 |        2 |        2 |        2 |        2 |        2 |        2 |        2 |        2 |        2 |        2 |        2 |        2 |
+-------------------+----------+----------+----------+----------+----------+----------+----------+----------+----------+----------+----------+----------+----------+----------+----------+----------+----------+----------+----------+----------+----------+----------+----------+----------+----------+----------+----------+----------+----------+----------+----------+----------+
+------------------------------------------+---------+------------+------------+------------+------------+------------+------------+------------+------------+------------+------------+------------+------------+------------+------------+------------+------------+------------+------------+------------+------------+------------+------------+------------+------------+------------+------------+------------+------------+------------+------------+------------+------------+
|                   Event                  | Counter |   Core 0   |   Core 1   |   Core 2   |   Core 3   |   Core 4   |   Core 5   |   Core 6   |   Core 7   |   Core 8   |   Core 9   |   Core 10  |   Core 11  |   Core 12  |   Core 13  |   Core 14  |   Core 15  |   Core 16  |   Core 17  |   Core 18  |   Core 19  |   Core 20  |   Core 21  |   Core 22  |   Core 23  |   Core 24  |   Core 25  |   Core 26  |   Core 27  |   Core 28  |   Core 29  |   Core 30  |   Core 31  |
+------------------------------------------+---------+------------+------------+------------+------------+------------+------------+------------+------------+------------+------------+------------+------------+------------+------------+------------+------------+------------+------------+------------+------------+------------+------------+------------+------------+------------+------------+------------+------------+------------+------------+------------+------------+
|             INSTR_RETIRED_ANY            |  FIXC0  | 3060090000 | 1232629000 | 1232524000 | 1232479000 | 1232767000 | 1232712000 | 1231660000 | 1230984000 | 1231002000 | 1232639000 | 1224116000 | 1225082000 | 1224191000 | 1223761000 | 1220875000 | 1221122000 | 1218011000 | 1217817000 | 1218315000 | 1217680000 | 1217992000 | 1213770000 | 1214319000 | 1215055000 | 1214384000 | 1215300000 | 1214069000 | 1213942000 | 1215742000 | 1214399000 | 1214503000 | 1214894000 |
|           CPU_CLK_UNHALTED_CORE          |  FIXC1  | 1766189000 |  980487600 |  991422400 |  992369400 | 1005467000 | 1005423000 |  983559300 |  969087300 |  973886600 | 1009251000 |  989128100 | 1007410000 |  989912700 |  980659000 |  924715700 |  927473200 |  942826100 |  941040400 |  953116300 |  937824100 |  946324100 |  931695100 |  945039500 |  958576600 |  946033600 |  963597000 |  939364200 |  935762000 |  974994000 |  938441400 |  948881700 |  958482600 |
|           CPU_CLK_UNHALTED_REF           |  FIXC2  | 2416328000 | 1342355000 | 1357405000 | 1358540000 | 1376570000 | 1376573000 | 1346651000 | 1326661000 | 1333398000 | 1381616000 | 1354223000 | 1379334000 | 1355366000 | 1342612000 | 1266133000 | 1270021000 | 1291033000 | 1288564000 | 1305181000 | 1284174000 | 1295735000 | 1275826000 | 1293984000 | 1312591000 | 1295491000 | 1319625000 | 1286307000 | 1281349000 | 1338281000 | 1288581000 | 1302594000 | 1315567000 |
|              PWR_PKG_ENERGY              |   PWR0  |   123.2826 |          0 |          0 |          0 |          0 |          0 |          0 |          0 |          0 |          0 |          0 |          0 |          0 |          0 |   123.8938 |          0 |          0 |          0 |          0 |          0 |          0 |          0 |          0 |          0 |          0 |          0 |          0 |          0 |   102.7555 |          0 |          0 |          0 |
|              PWR_DRAM_ENERGY             |   PWR3  |    16.3501 |          0 |          0 |          0 |          0 |          0 |          0 |          0 |          0 |          0 |          0 |          0 |          0 |          0 |    13.5494 |          0 |          0 |          0 |          0 |          0 |          0 |          0 |          0 |          0 |          0 |          0 |          0 |          0 |    10.9011 |          0 |          0 |          0 |
| FP_ARITH_INST_RETIRED_128B_PACKED_DOUBLE |   PMC0  |     761098 |          0 |          0 |          0 |          0 |          0 |          0 |          0 |          0 |          0 |          0 |          0 |          0 |          0 |          0 |          0 |          0 |          0 |          0 |          0 |          0 |          0 |          0 |          0 |          0 |          0 |          0 |          0 |          0 |          0 |          0 |          0 |
|    FP_ARITH_INST_RETIRED_SCALAR_DOUBLE   |   PMC1  |  500404300 |  353835900 |  353833800 |  353825400 |  353785600 |  353774700 |  353774500 |  353773200 |  353712800 |  353692500 |  351475500 |  351524100 |  351477900 |  351526700 |  351477000 |  351523700 |  351344600 |  351348900 |  351300500 |  351348900 |  351302600 |  350219800 |  350172200 |  350220300 |  350171900 |  350221300 |  350172900 |  350221300 |  350172900 |  350221300 |  350172900 |  349903900 |
| FP_ARITH_INST_RETIRED_256B_PACKED_DOUBLE |   PMC2  |     402100 |          0 |          0 |          0 |          0 |          0 |          0 |          0 |          0 |          0 |          0 |          0 |          0 |          0 |          0 |          0 |          0 |          0 |          0 |          0 |          0 |          0 |          0 |          0 |          0 |          0 |          0 |          0 |          0 |          0 |          0 |          0 |
| FP_ARITH_INST_RETIRED_512B_PACKED_DOUBLE |   PMC3  |    8148557 |          0 |          0 |          0 |          0 |          0 |          0 |          0 |          0 |          0 |          0 |          0 |          0 |          0 |          0 |          0 |          0 |          0 |          0 |          0 |          0 |          0 |          0 |          0 |          0 |          0 |          0 |          0 |          0 |          0 |          0 |          0 |
|               CAS_COUNT_RD               | MBOX0C0 |    7282873 |          0 |          0 |          0 |          0 |          0 |          0 |          0 |          0 |          0 |          0 |          0 |          0 |          0 |    3248912 |          0 |          0 |          0 |          0 |          0 |          0 |          0 |          0 |          0 |          0 |          0 |          0 |          0 |     879745 |          0 |          0 |          0 |
|               CAS_COUNT_WR               | MBOX0C1 |   12482480 |          0 |          0 |          0 |          0 |          0 |          0 |          0 |          0 |          0 |          0 |          0 |          0 |          0 |    4146100 |          0 |          0 |          0 |          0 |          0 |          0 |          0 |          0 |          0 |          0 |          0 |          0 |          0 |    1150040 |          0 |          0 |          0 |
|               CAS_COUNT_RD               | MBOX1C0 |    4993694 |          0 |          0 |          0 |          0 |          0 |          0 |          0 |          0 |          0 |          0 |          0 |          0 |          0 |    3239093 |          0 |          0 |          0 |          0 |          0 |          0 |          0 |          0 |          0 |          0 |          0 |          0 |          0 |     885492 |          0 |          0 |          0 |
|               CAS_COUNT_WR               | MBOX1C1 |    9900475 |          0 |          0 |          0 |          0 |          0 |          0 |          0 |          0 |          0 |          0 |          0 |          0 |          0 |    4123780 |          0 |          0 |          0 |          0 |          0 |          0 |          0 |          0 |          0 |          0 |          0 |          0 |          0 |    1141085 |          0 |          0 |          0 |
|               CAS_COUNT_RD               | MBOX2C0 |    4901214 |          0 |          0 |          0 |          0 |          0 |          0 |          0 |          0 |          0 |          0 |          0 |          0 |          0 |    3283227 |          0 |          0 |          0 |          0 |          0 |          0 |          0 |          0 |          0 |          0 |          0 |          0 |          0 |     845492 |          0 |          0 |          0 |
|               CAS_COUNT_WR               | MBOX2C1 |    9838792 |          0 |          0 |          0 |          0 |          0 |          0 |          0 |          0 |          0 |          0 |          0 |          0 |          0 |    4175876 |          0 |          0 |          0 |          0 |          0 |          0 |          0 |          0 |          0 |          0 |          0 |          0 |          0 |    1113107 |          0 |          0 |          0 |
|               CAS_COUNT_RD               | MBOX3C0 |    4259899 |          0 |          0 |          0 |          0 |          0 |          0 |          0 |          0 |          0 |          0 |          0 |          0 |          0 |    2955498 |          0 |          0 |          0 |          0 |          0 |          0 |          0 |          0 |          0 |          0 |          0 |          0 |          0 |     722011 |          0 |          0 |          0 |
|               CAS_COUNT_WR               | MBOX3C1 |    9439452 |          0 |          0 |          0 |          0 |          0 |          0 |          0 |          0 |          0 |          0 |          0 |          0 |          0 |    3888431 |          0 |          0 |          0 |          0 |          0 |          0 |          0 |          0 |          0 |          0 |          0 |          0 |          0 |     991222 |          0 |          0 |          0 |
|               CAS_COUNT_RD               | MBOX4C0 |    4130860 |          0 |          0 |          0 |          0 |          0 |          0 |          0 |          0 |          0 |          0 |          0 |          0 |          0 |    3065000 |          0 |          0 |          0 |          0 |          0 |          0 |          0 |          0 |          0 |          0 |          0 |          0 |          0 |     900963 |          0 |          0 |          0 |
|               CAS_COUNT_WR               | MBOX4C1 |    9187744 |          0 |          0 |          0 |          0 |          0 |          0 |          0 |          0 |          0 |          0 |          0 |          0 |          0 |    4042120 |          0 |          0 |          0 |          0 |          0 |          0 |          0 |          0 |          0 |          0 |          0 |          0 |          0 |    1242703 |          0 |          0 |          0 |
|               CAS_COUNT_RD               | MBOX5C0 |    4288643 |          0 |          0 |          0 |          0 |          0 |          0 |          0 |          0 |          0 |          0 |          0 |          0 |          0 |    2962768 |          0 |          0 |          0 |          0 |          0 |          0 |          0 |          0 |          0 |          0 |          0 |          0 |          0 |     717048 |          0 |          0 |          0 |
|               CAS_COUNT_WR               | MBOX5C1 |    9332140 |          0 |          0 |          0 |          0 |          0 |          0 |          0 |          0 |          0 |          0 |          0 |          0 |          0 |    3896701 |          0 |          0 |          0 |          0 |          0 |          0 |          0 |          0 |          0 |          0 |          0 |          0 |          0 |     995929 |          0 |          0 |          0 |
+------------------------------------------+---------+------------+------------+------------+------------+------------+------------+------------+------------+------------+------------+------------+------------+------------+------------+------------+------------+------------+------------+------------+------------+------------+------------+------------+------------+------------+------------+------------+------------+------------+------------+------------+------------+
+-----------------------------------------------+---------+-------------+------------+------------+--------------+
|                     Event                     | Counter |     Sum     |     Min    |     Max    |      Avg     |
+-----------------------------------------------+---------+-------------+------------+------------+--------------+
|             INSTR_RETIRED_ANY STAT            |  FIXC0  | 40938825000 | 1213770000 | 3060090000 | 1.279338e+09 |
|           CPU_CLK_UNHALTED_CORE STAT          |  FIXC1  | 31658440000 |  924715700 | 1766189000 |    989326250 |
|           CPU_CLK_UNHALTED_REF STAT           |  FIXC2  | 43358669000 | 1266133000 | 2416328000 | 1.354958e+09 |
|              PWR_PKG_ENERGY STAT              |   PWR0  |    349.9319 |          0 |   123.8938 |      10.9354 |
|              PWR_DRAM_ENERGY STAT             |   PWR3  |     40.8006 |          0 |    16.3501 |       1.2750 |
| FP_ARITH_INST_RETIRED_128B_PACKED_DOUBLE STAT |   PMC0  |      761098 |          0 |     761098 |   23784.3125 |
|    FP_ARITH_INST_RETIRED_SCALAR_DOUBLE STAT   |   PMC1  | 11401933800 |  349903900 |  500404300 | 3.563104e+08 |
| FP_ARITH_INST_RETIRED_256B_PACKED_DOUBLE STAT |   PMC2  |      402100 |          0 |     402100 |   12565.6250 |
| FP_ARITH_INST_RETIRED_512B_PACKED_DOUBLE STAT |   PMC3  |     8148557 |          0 |    8148557 |  254642.4062 |
|               CAS_COUNT_RD STAT               | MBOX0C0 |    11411530 |          0 |    7282873 |  356610.3125 |
|               CAS_COUNT_WR STAT               | MBOX0C1 |    17778620 |          0 |   12482480 |  555581.8750 |
|               CAS_COUNT_RD STAT               | MBOX1C0 |     9118279 |          0 |    4993694 |  284946.2188 |
|               CAS_COUNT_WR STAT               | MBOX1C1 |    15165340 |          0 |    9900475 |  473916.8750 |
|               CAS_COUNT_RD STAT               | MBOX2C0 |     9029933 |          0 |    4901214 |  282185.4062 |
|               CAS_COUNT_WR STAT               | MBOX2C1 |    15127775 |          0 |    9838792 |  472742.9688 |
|               CAS_COUNT_RD STAT               | MBOX3C0 |     7937408 |          0 |    4259899 |       248044 |
|               CAS_COUNT_WR STAT               | MBOX3C1 |    14319105 |          0 |    9439452 |  447472.0312 |
|               CAS_COUNT_RD STAT               | MBOX4C0 |     8096823 |          0 |    4130860 |  253025.7188 |
|               CAS_COUNT_WR STAT               | MBOX4C1 |    14472567 |          0 |    9187744 |  452267.7188 |
|               CAS_COUNT_RD STAT               | MBOX5C0 |     7968459 |          0 |    4288643 |  249014.3438 |
|               CAS_COUNT_WR STAT               | MBOX5C1 |    14224770 |          0 |    9332140 |  444524.0625 |
+-----------------------------------------------+---------+-------------+------------+------------+--------------+
+-----------------------------------+-----------+-----------+-----------+-----------+-----------+-----------+-----------+-----------+-----------+-----------+-----------+-----------+-----------+-----------+-----------+-----------+-----------+-----------+-----------+-----------+-----------+-----------+-----------+-----------+-----------+-----------+-----------+-----------+-----------+-----------+-----------+-----------+
|               Metric              |   Core 0  |   Core 1  |   Core 2  |   Core 3  |   Core 4  |   Core 5  |   Core 6  |   Core 7  |   Core 8  |   Core 9  |  Core 10  |  Core 11  |  Core 12  |  Core 13  |  Core 14  |  Core 15  |  Core 16  |  Core 17  |  Core 18  |  Core 19  |  Core 20  |  Core 21  |  Core 22  |  Core 23  |  Core 24  |  Core 25  |  Core 26  |  Core 27  |  Core 28  |  Core 29  |  Core 30  |  Core 31  |
+-----------------------------------+-----------+-----------+-----------+-----------+-----------+-----------+-----------+-----------+-----------+-----------+-----------+-----------+-----------+-----------+-----------+-----------+-----------+-----------+-----------+-----------+-----------+-----------+-----------+-----------+-----------+-----------+-----------+-----------+-----------+-----------+-----------+-----------+
|        Runtime (RDTSC) [s]        |    3.2613 |    3.2649 |    3.2649 |    3.2650 |    3.2650 |    3.2650 |    3.2649 |    3.2650 |    3.2649 |    3.2650 |    3.2650 |    3.2650 |    3.2650 |    3.2649 |    3.2614 |    3.2650 |    3.2650 |    3.2649 |    3.2649 |    3.2649 |    3.2649 |    3.2650 |    3.2649 |    3.2650 |    3.2650 |    3.2650 |    3.2649 |    3.2650 |    3.2614 |    3.2649 |    3.2650 |    3.2649 |
|        Runtime unhalted [s]       |    0.6809 |    0.3780 |    0.3822 |    0.3826 |    0.3876 |    0.3876 |    0.3792 |    0.3736 |    0.3755 |    0.3891 |    0.3813 |    0.3884 |    0.3817 |    0.3781 |    0.3565 |    0.3576 |    0.3635 |    0.3628 |    0.3675 |    0.3616 |    0.3648 |    0.3592 |    0.3643 |    0.3696 |    0.3647 |    0.3715 |    0.3622 |    0.3608 |    0.3759 |    0.3618 |    0.3658 |    0.3695 |
|            Clock [MHz]            | 1895.8875 | 1894.5497 | 1894.4387 | 1894.6640 | 1894.5270 | 1894.4400 | 1894.4222 | 1894.6728 | 1894.4357 | 1894.7116 | 1894.4957 | 1894.3843 | 1894.3996 | 1894.5182 | 1894.3498 | 1894.1822 | 1894.1987 | 1894.2337 | 1894.1154 | 1894.2129 | 1894.3272 | 1894.1468 | 1894.3156 | 1894.2124 | 1894.1023 | 1893.9835 | 1894.1774 | 1894.2149 | 1889.6698 | 1888.9772 | 1889.4451 | 1889.7421 |
|                CPI                |    0.5772 |    0.7954 |    0.8044 |    0.8052 |    0.8156 |    0.8156 |    0.7986 |    0.7872 |    0.7911 |    0.8188 |    0.8080 |    0.8223 |    0.8086 |    0.8013 |    0.7574 |    0.7595 |    0.7741 |    0.7727 |    0.7823 |    0.7702 |    0.7770 |    0.7676 |    0.7782 |    0.7889 |    0.7790 |    0.7929 |    0.7737 |    0.7708 |    0.8020 |    0.7728 |    0.7813 |    0.7889 |
|             Energy [J]            |  123.2826 |         0 |         0 |         0 |         0 |         0 |         0 |         0 |         0 |         0 |         0 |         0 |         0 |         0 |  123.8938 |         0 |         0 |         0 |         0 |         0 |         0 |         0 |         0 |         0 |         0 |         0 |         0 |         0 |  102.7555 |         0 |         0 |         0 |
|             Power [W]             |   37.8013 |         0 |         0 |         0 |         0 |         0 |         0 |         0 |         0 |         0 |         0 |         0 |         0 |         0 |   37.9884 |         0 |         0 |         0 |         0 |         0 |         0 |         0 |         0 |         0 |         0 |         0 |         0 |         0 |   31.5070 |         0 |         0 |         0 |
|          Energy DRAM [J]          |   16.3501 |         0 |         0 |         0 |         0 |         0 |         0 |         0 |         0 |         0 |         0 |         0 |         0 |         0 |   13.5494 |         0 |         0 |         0 |         0 |         0 |         0 |         0 |         0 |         0 |         0 |         0 |         0 |         0 |   10.9011 |         0 |         0 |         0 |
|           Power DRAM [W]          |    5.0133 |         0 |         0 |         0 |         0 |         0 |         0 |         0 |         0 |         0 |         0 |         0 |         0 |         0 |    4.1545 |         0 |         0 |         0 |         0 |         0 |         0 |         0 |         0 |         0 |         0 |         0 |         0 |         0 |    3.3425 |         0 |         0 |         0 |
|            DP [MFLOP/s]           |  174.3837 |  108.3756 |  108.3744 |  108.3692 |  108.3561 |  108.3537 |  108.3564 |  108.3528 |  108.3370 |  108.3289 |  107.6494 |  107.6649 |  107.6490 |  107.6672 |  107.7700 |  107.6655 |  107.6106 |  107.6130 |  107.5983 |  107.6133 |  107.5987 |  107.2662 |  107.2528 |  107.2660 |  107.2513 |  107.2669 |  107.2528 |  107.2660 |  107.3705 |  107.2679 |  107.2511 |  107.1702 |
|          AVX DP [MFLOP/s]         |   20.4815 |         0 |         0 |         0 |         0 |         0 |         0 |         0 |         0 |         0 |         0 |         0 |         0 |         0 |         0 |         0 |         0 |         0 |         0 |         0 |         0 |         0 |         0 |         0 |         0 |         0 |         0 |         0 |         0 |         0 |         0 |         0 |
|          Packed [MUOPS/s]         |    2.8552 |         0 |         0 |         0 |         0 |         0 |         0 |         0 |         0 |         0 |         0 |         0 |         0 |         0 |         0 |         0 |         0 |         0 |         0 |         0 |         0 |         0 |         0 |         0 |         0 |         0 |         0 |         0 |         0 |         0 |         0 |         0 |
|          Scalar [MUOPS/s]         |  153.4355 |  108.3756 |  108.3744 |  108.3692 |  108.3561 |  108.3537 |  108.3564 |  108.3528 |  108.3370 |  108.3289 |  107.6494 |  107.6649 |  107.6490 |  107.6672 |  107.7700 |  107.6655 |  107.6106 |  107.6130 |  107.5983 |  107.6133 |  107.5987 |  107.2662 |  107.2528 |  107.2660 |  107.2513 |  107.2669 |  107.2528 |  107.2660 |  107.3705 |  107.2679 |  107.2511 |  107.1702 |
|  Memory read bandwidth [MBytes/s] |  585.9135 |         0 |         0 |         0 |         0 |         0 |         0 |         0 |         0 |         0 |         0 |         0 |         0 |         0 |  368.0327 |         0 |         0 |         0 |         0 |         0 |         0 |         0 |         0 |         0 |         0 |         0 |         0 |         0 |   97.1524 |         0 |         0 |         0 |
|  Memory read data volume [GBytes] |    1.9109 |         0 |         0 |         0 |         0 |         0 |         0 |         0 |         0 |         0 |         0 |         0 |         0 |         0 |    1.2003 |         0 |         0 |         0 |         0 |         0 |         0 |         0 |         0 |         0 |         0 |         0 |         0 |         0 |    0.3168 |         0 |         0 |         0 |
| Memory write bandwidth [MBytes/s] | 1180.9859 |         0 |         0 |         0 |         0 |         0 |         0 |         0 |         0 |         0 |         0 |         0 |         0 |         0 |  476.3263 |         0 |         0 |         0 |         0 |         0 |         0 |         0 |         0 |         0 |         0 |         0 |         0 |         0 |  130.1858 |         0 |         0 |         0 |
| Memory write data volume [GBytes] |    3.8516 |         0 |         0 |         0 |         0 |         0 |         0 |         0 |         0 |         0 |         0 |         0 |         0 |         0 |    1.5535 |         0 |         0 |         0 |         0 |         0 |         0 |         0 |         0 |         0 |         0 |         0 |         0 |         0 |    0.4246 |         0 |         0 |         0 |
|    Memory bandwidth [MBytes/s]    | 1766.8994 |         0 |         0 |         0 |         0 |         0 |         0 |         0 |         0 |         0 |         0 |         0 |         0 |         0 |  844.3590 |         0 |         0 |         0 |         0 |         0 |         0 |         0 |         0 |         0 |         0 |         0 |         0 |         0 |  227.3382 |         0 |         0 |         0 |
|    Memory data volume [GBytes]    |    5.7624 |         0 |         0 |         0 |         0 |         0 |         0 |         0 |         0 |         0 |         0 |         0 |         0 |         0 |    2.7538 |         0 |         0 |         0 |         0 |         0 |         0 |         0 |         0 |         0 |         0 |         0 |         0 |         0 |    0.7414 |         0 |         0 |         0 |
|       Operational intensity       |    0.0987 |    0.0614 |    0.0614 |    0.0614 |    0.0614 |    0.0614 |    0.0614 |    0.0614 |    0.0614 |    0.0614 |    0.0610 |    0.0610 |    0.0610 |    0.0610 |    0.1276 |    0.1277 |    0.1276 |    0.1276 |    0.1276 |    0.1276 |    0.1276 |    0.1272 |    0.1272 |    0.1272 |    0.1272 |    0.1272 |    0.1272 |    0.1272 |    0.4723 |    0.4724 |    0.4723 |    0.4719 |
+-----------------------------------+-----------+-----------+-----------+-----------+-----------+-----------+-----------+-----------+-----------+-----------+-----------+-----------+-----------+-----------+-----------+-----------+-----------+-----------+-----------+-----------+-----------+-----------+-----------+-----------+-----------+-----------+-----------+-----------+-----------+-----------+-----------+-----------+
+----------------------------------------+------------+-----------+-----------+-----------+
|                 Metric                 |     Sum    |    Min    |    Max    |    Avg    |
+----------------------------------------+------------+-----------+-----------+-----------+
|        Runtime (RDTSC) [s] STAT        |   104.4678 |    3.2613 |    3.2650 |    3.2646 |
|        Runtime unhalted [s] STAT       |    12.2054 |    0.3565 |    0.6809 |    0.3814 |
|            Clock [MHz] STAT            | 60601.1540 | 1888.9772 | 1895.8875 | 1893.7861 |
|                CPI STAT                |    25.0386 |    0.5772 |    0.8223 |    0.7825 |
|             Energy [J] STAT            |   349.9319 |         0 |  123.8938 |   10.9354 |
|             Power [W] STAT             |   107.2967 |         0 |   37.9884 |    3.3530 |
|          Energy DRAM [J] STAT          |    40.8006 |         0 |   16.3501 |    1.2750 |
|           Power DRAM [W] STAT          |    12.5103 |         0 |    5.0133 |    0.3909 |
|            DP [MFLOP/s] STAT           |  3513.5694 |  107.1702 |  174.3837 |  109.7990 |
|          AVX DP [MFLOP/s] STAT         |    20.4815 |         0 |   20.4815 |    0.6400 |
|          Packed [MUOPS/s] STAT         |     2.8552 |         0 |    2.8552 |    0.0892 |
|          Scalar [MUOPS/s] STAT         |  3492.6212 |  107.1702 |  153.4355 |  109.1444 |
|  Memory read bandwidth [MBytes/s] STAT |  1051.0986 |         0 |  585.9135 |   32.8468 |
|  Memory read data volume [GBytes] STAT |     3.4280 |         0 |    1.9109 |    0.1071 |
| Memory write bandwidth [MBytes/s] STAT |  1787.4980 |         0 | 1180.9859 |   55.8593 |
| Memory write data volume [GBytes] STAT |     5.8297 |         0 |    3.8516 |    0.1822 |
|    Memory bandwidth [MBytes/s] STAT    |  2838.5966 |         0 | 1766.8994 |   88.7061 |
|    Memory data volume [GBytes] STAT    |     9.2576 |         0 |    5.7624 |    0.2893 |
|       Operational intensity STAT       |     4.5679 |    0.0610 |    0.4724 |    0.1427 |
+----------------------------------------+------------+-----------+-----------+-----------+
--------------------------------------------------------------------------------
CPU name:	Intel(R) Xeon(R) Gold 6132 CPU @ 2.60GHz
CPU type:	Intel Skylake SP processor
CPU clock:	2.59 GHz
--------------------------------------------------------------------------------
Region Solve, Group 1: MEM_DP
+-------------------+-----------+-----------+-----------+-----------+-----------+-----------+-----------+-----------+-----------+-----------+-----------+-----------+-----------+-----------+-----------+-----------+-----------+-----------+-----------+-----------+-----------+-----------+-----------+-----------+-----------+-----------+-----------+-----------+-----------+-----------+-----------+-----------+
|    Region Info    |   Core 0  |   Core 1  |   Core 2  |   Core 3  |   Core 4  |   Core 5  |   Core 6  |   Core 7  |   Core 8  |   Core 9  |  Core 10  |  Core 11  |  Core 12  |  Core 13  |  Core 14  |  Core 15  |  Core 16  |  Core 17  |  Core 18  |  Core 19  |  Core 20  |  Core 21  |  Core 22  |  Core 23  |  Core 24  |  Core 25  |  Core 26  |  Core 27  |  Core 28  |  Core 29  |  Core 30  |  Core 31  |
+-------------------+-----------+-----------+-----------+-----------+-----------+-----------+-----------+-----------+-----------+-----------+-----------+-----------+-----------+-----------+-----------+-----------+-----------+-----------+-----------+-----------+-----------+-----------+-----------+-----------+-----------+-----------+-----------+-----------+-----------+-----------+-----------+-----------+
| RDTSC Runtime [s] | 81.076810 | 81.078730 | 81.078730 | 81.078730 | 81.078730 | 81.078720 | 81.078730 | 81.078730 | 81.078730 | 81.078720 | 81.078730 | 81.078720 | 81.078720 | 81.078720 | 81.076790 | 81.078720 | 81.078720 | 81.078710 | 81.078720 | 81.078710 | 81.078720 | 81.078720 | 81.078720 | 81.078720 | 81.078720 | 81.078720 | 81.078720 | 81.078720 | 81.076770 | 81.078710 | 81.078710 | 81.078710 |
|     call count    |         1 |         1 |         1 |         1 |         1 |         1 |         1 |         1 |         1 |         1 |         1 |         1 |         1 |         1 |         1 |         1 |         1 |         1 |         1 |         1 |         1 |         1 |         1 |         1 |         1 |         1 |         1 |         1 |         1 |         1 |         1 |         1 |
+-------------------+-----------+-----------+-----------+-----------+-----------+-----------+-----------+-----------+-----------+-----------+-----------+-----------+-----------+-----------+-----------+-----------+-----------+-----------+-----------+-----------+-----------+-----------+-----------+-----------+-----------+-----------+-----------+-----------+-----------+-----------+-----------+-----------+
+------------------------------------------+---------+--------------+--------------+--------------+--------------+--------------+--------------+--------------+--------------+--------------+--------------+--------------+--------------+--------------+--------------+--------------+--------------+--------------+--------------+--------------+--------------+--------------+--------------+--------------+--------------+--------------+--------------+--------------+--------------+--------------+--------------+--------------+--------------+
|                   Event                  | Counter |    Core 0    |    Core 1    |    Core 2    |    Core 3    |    Core 4    |    Core 5    |    Core 6    |    Core 7    |    Core 8    |    Core 9    |    Core 10   |    Core 11   |    Core 12   |    Core 13   |    Core 14   |    Core 15   |    Core 16   |    Core 17   |    Core 18   |    Core 19   |    Core 20   |    Core 21   |    Core 22   |    Core 23   |    Core 24   |    Core 25   |    Core 26   |    Core 27   |    Core 28   |    Core 29   |    Core 30   |    Core 31   |
+------------------------------------------+---------+--------------+--------------+--------------+--------------+--------------+--------------+--------------+--------------+--------------+--------------+--------------+--------------+--------------+--------------+--------------+--------------+--------------+--------------+--------------+--------------+--------------+--------------+--------------+--------------+--------------+--------------+--------------+--------------+--------------+--------------+--------------+--------------+
|             INSTR_RETIRED_ANY            |  FIXC0  | 268577400000 | 266293400000 | 266848100000 | 267281600000 | 267283500000 | 266993800000 | 266211900000 | 266445000000 | 265370400000 | 265254800000 | 264780800000 | 265193000000 | 265165500000 | 264633300000 | 264457300000 | 264185700000 | 264038500000 | 264205700000 | 264387700000 | 264747700000 | 264758500000 | 263809800000 | 263553300000 | 263707500000 | 264875300000 | 264343700000 | 265155300000 | 265474100000 | 265694800000 | 265362400000 | 264902900000 | 271554700000 |
|           CPU_CLK_UNHALTED_CORE          |  FIXC1  | 148048700000 | 148510200000 | 148504000000 | 148516900000 | 148558300000 | 148558500000 | 148558000000 | 148587000000 | 148525000000 | 148523300000 | 148549100000 | 148518600000 | 148355300000 | 148541300000 | 148303300000 | 148292900000 | 148329400000 | 148360000000 | 148364600000 | 148365800000 | 148343500000 | 148354100000 | 148343400000 | 148320200000 | 147880500000 | 148183600000 | 148179700000 | 148146100000 | 148229100000 | 148203300000 | 148203300000 | 141792300000 |
|           CPU_CLK_UNHALTED_REF           |  FIXC2  | 202607100000 | 203240200000 | 203231800000 | 203249200000 | 203305400000 | 203305600000 | 203304700000 | 203344700000 | 203259700000 | 203257700000 | 203293100000 | 203250600000 | 203027900000 | 203281300000 | 202963400000 | 202949200000 | 202999200000 | 203040800000 | 203046700000 | 203048300000 | 203017800000 | 203032100000 | 203017500000 | 202985900000 | 202384200000 | 202799100000 | 202793700000 | 202747400000 | 202840800000 | 202805600000 | 202805600000 | 194033100000 |
|              PWR_PKG_ENERGY              |   PWR0  |    5413.3090 |            0 |            0 |            0 |            0 |            0 |            0 |            0 |            0 |            0 |            0 |            0 |            0 |            0 |    5740.4560 |            0 |            0 |            0 |            0 |            0 |            0 |            0 |            0 |            0 |            0 |            0 |            0 |            0 |    3635.3200 |            0 |            0 |            0 |
|              PWR_DRAM_ENERGY             |   PWR3  |     632.3297 |            0 |            0 |            0 |            0 |            0 |            0 |            0 |            0 |            0 |            0 |            0 |            0 |            0 |     686.9531 |            0 |            0 |            0 |            0 |            0 |            0 |            0 |            0 |            0 |            0 |            0 |            0 |            0 |     396.5775 |            0 |            0 |            0 |
| FP_ARITH_INST_RETIRED_128B_PACKED_DOUBLE |   PMC0  |       714138 |            0 |            0 |            0 |            0 |            0 |            0 |            0 |            0 |            0 |            0 |            0 |            0 |            0 |            0 |            0 |            0 |            0 |            0 |            0 |            0 |            0 |            0 |            0 |            0 |            0 |            0 |            0 |            0 |            0 |            0 |            0 |
|    FP_ARITH_INST_RETIRED_SCALAR_DOUBLE   |   PMC1  |  79601890000 |  78976930000 |  79382200000 |  79735490000 |  79705020000 |  79406300000 |  79030990000 |  79102910000 |  78848980000 |  78795970000 |  78616960000 |  78719780000 |  78539300000 |  78207550000 |  78085530000 |  78074990000 |  78022480000 |  77995840000 |  78120280000 |  78447640000 |  78618690000 |  78341140000 |  78275500000 |  78316380000 |  78545020000 |  78475880000 |  78867670000 |  79181970000 |  79230500000 |  78893590000 |  78519520000 |  78218130000 |
| FP_ARITH_INST_RETIRED_256B_PACKED_DOUBLE |   PMC2  |      1138324 |            0 |            0 |            0 |            0 |            0 |            0 |            0 |            0 |            0 |            0 |            0 |            0 |            0 |            0 |            0 |            0 |            0 |            0 |            0 |            0 |            0 |            0 |            0 |            0 |            0 |            0 |            0 |            0 |            0 |            0 |            0 |
| FP_ARITH_INST_RETIRED_512B_PACKED_DOUBLE |   PMC3  |     10452010 |            0 |            0 |            0 |            0 |            0 |            0 |            0 |            0 |            0 |            0 |            0 |            0 |            0 |            0 |            0 |            0 |            0 |            0 |            0 |            0 |            0 |            0 |            0 |            0 |            0 |            0 |            0 |            0 |            0 |            0 |            0 |
|               CAS_COUNT_RD               | MBOX0C0 |   1072025000 |            0 |            0 |            0 |            0 |            0 |            0 |            0 |            0 |            0 |            0 |            0 |            0 |            0 |   1250893000 |            0 |            0 |            0 |            0 |            0 |            0 |            0 |            0 |            0 |            0 |            0 |            0 |            0 |    318096900 |            0 |            0 |            0 |
|               CAS_COUNT_WR               | MBOX0C1 |    580255400 |            0 |            0 |            0 |            0 |            0 |            0 |            0 |            0 |            0 |            0 |            0 |            0 |            0 |    737927300 |            0 |            0 |            0 |            0 |            0 |            0 |            0 |            0 |            0 |            0 |            0 |            0 |            0 |    190650300 |            0 |            0 |            0 |
|               CAS_COUNT_RD               | MBOX1C0 |   1069165000 |            0 |            0 |            0 |            0 |            0 |            0 |            0 |            0 |            0 |            0 |            0 |            0 |            0 |   1250563000 |            0 |            0 |            0 |            0 |            0 |            0 |            0 |            0 |            0 |            0 |            0 |            0 |            0 |    317952000 |            0 |            0 |            0 |
|               CAS_COUNT_WR               | MBOX1C1 |    576706300 |            0 |            0 |            0 |            0 |            0 |            0 |            0 |            0 |            0 |            0 |            0 |            0 |            0 |    737805500 |            0 |            0 |            0 |            0 |            0 |            0 |            0 |            0 |            0 |            0 |            0 |            0 |            0 |    190311200 |            0 |            0 |            0 |
|               CAS_COUNT_RD               | MBOX2C0 |   1068195000 |            0 |            0 |            0 |            0 |            0 |            0 |            0 |            0 |            0 |            0 |            0 |            0 |            0 |   1250602000 |            0 |            0 |            0 |            0 |            0 |            0 |            0 |            0 |            0 |            0 |            0 |            0 |            0 |    317650500 |            0 |            0 |            0 |
|               CAS_COUNT_WR               | MBOX2C1 |    576275900 |            0 |            0 |            0 |            0 |            0 |            0 |            0 |            0 |            0 |            0 |            0 |            0 |            0 |    737847400 |            0 |            0 |            0 |            0 |            0 |            0 |            0 |            0 |            0 |            0 |            0 |            0 |            0 |    190057800 |            0 |            0 |            0 |
|               CAS_COUNT_RD               | MBOX3C0 |   1065505000 |            0 |            0 |            0 |            0 |            0 |            0 |            0 |            0 |            0 |            0 |            0 |            0 |            0 |   1246270000 |            0 |            0 |            0 |            0 |            0 |            0 |            0 |            0 |            0 |            0 |            0 |            0 |            0 |    316512400 |            0 |            0 |            0 |
|               CAS_COUNT_WR               | MBOX3C1 |    575320500 |            0 |            0 |            0 |            0 |            0 |            0 |            0 |            0 |            0 |            0 |            0 |            0 |            0 |    733991800 |            0 |            0 |            0 |            0 |            0 |            0 |            0 |            0 |            0 |            0 |            0 |            0 |            0 |    189258100 |            0 |            0 |            0 |
|               CAS_COUNT_RD               | MBOX4C0 |   1066334000 |            0 |            0 |            0 |            0 |            0 |            0 |            0 |            0 |            0 |            0 |            0 |            0 |            0 |   1247758000 |            0 |            0 |            0 |            0 |            0 |            0 |            0 |            0 |            0 |            0 |            0 |            0 |            0 |    318159000 |            0 |            0 |            0 |
|               CAS_COUNT_WR               | MBOX4C1 |    574913600 |            0 |            0 |            0 |            0 |            0 |            0 |            0 |            0 |            0 |            0 |            0 |            0 |            0 |    736002100 |            0 |            0 |            0 |            0 |            0 |            0 |            0 |            0 |            0 |            0 |            0 |            0 |            0 |    191871400 |            0 |            0 |            0 |
|               CAS_COUNT_RD               | MBOX5C0 |   1066781000 |            0 |            0 |            0 |            0 |            0 |            0 |            0 |            0 |            0 |            0 |            0 |            0 |            0 |   1246586000 |            0 |            0 |            0 |            0 |            0 |            0 |            0 |            0 |            0 |            0 |            0 |            0 |            0 |    316748500 |            0 |            0 |            0 |
|               CAS_COUNT_WR               | MBOX5C1 |    574999300 |            0 |            0 |            0 |            0 |            0 |            0 |            0 |            0 |            0 |            0 |            0 |            0 |            0 |    734414600 |            0 |            0 |            0 |            0 |            0 |            0 |            0 |            0 |            0 |            0 |            0 |            0 |            0 |    189480000 |            0 |            0 |            0 |
+------------------------------------------+---------+--------------+--------------+--------------+--------------+--------------+--------------+--------------+--------------+--------------+--------------+--------------+--------------+--------------+--------------+--------------+--------------+--------------+--------------+--------------+--------------+--------------+--------------+--------------+--------------+--------------+--------------+--------------+--------------+--------------+--------------+--------------+--------------+
+-----------------------------------------------+---------+---------------+--------------+--------------+--------------+
|                     Event                     | Counter |      Sum      |      Min     |      Max     |      Avg     |
+-----------------------------------------------+---------+---------------+--------------+--------------+--------------+
|             INSTR_RETIRED_ANY STAT            |  FIXC0  | 8495547400000 | 263553300000 | 271554700000 | 265485856250 |
|           CPU_CLK_UNHALTED_CORE STAT          |  FIXC1  | 4741049300000 | 141792300000 | 148587000000 | 148157790625 |
|           CPU_CLK_UNHALTED_REF STAT           |  FIXC2  | 6488269400000 | 194033100000 | 203344700000 | 202758418750 |
|              PWR_PKG_ENERGY STAT              |   PWR0  |    14789.0850 |            0 |    5740.4560 |     462.1589 |
|              PWR_DRAM_ENERGY STAT             |   PWR3  |     1715.8603 |            0 |     686.9531 |      53.6206 |
| FP_ARITH_INST_RETIRED_128B_PACKED_DOUBLE STAT |   PMC0  |        714138 |            0 |       714138 |   22316.8125 |
|    FP_ARITH_INST_RETIRED_SCALAR_DOUBLE STAT   |   PMC1  | 2518901020000 |  77995840000 |  79735490000 |  78715656875 |
| FP_ARITH_INST_RETIRED_256B_PACKED_DOUBLE STAT |   PMC2  |       1138324 |            0 |      1138324 |   35572.6250 |
| FP_ARITH_INST_RETIRED_512B_PACKED_DOUBLE STAT |   PMC3  |      10452010 |            0 |     10452010 |  326625.3125 |
|               CAS_COUNT_RD STAT               | MBOX0C0 |    2641014900 |            0 |   1250893000 | 8.253172e+07 |
|               CAS_COUNT_WR STAT               | MBOX0C1 |    1508833000 |            0 |    737927300 | 4.715103e+07 |
|               CAS_COUNT_RD STAT               | MBOX1C0 |    2637680000 |            0 |   1250563000 |     82427500 |
|               CAS_COUNT_WR STAT               | MBOX1C1 |    1504823000 |            0 |    737805500 | 4.702572e+07 |
|               CAS_COUNT_RD STAT               | MBOX2C0 |    2636447500 |            0 |   1250602000 | 8.238898e+07 |
|               CAS_COUNT_WR STAT               | MBOX2C1 |    1504181100 |            0 |    737847400 | 4.700566e+07 |
|               CAS_COUNT_RD STAT               | MBOX3C0 |    2628287400 |            0 |   1246270000 | 8.213398e+07 |
|               CAS_COUNT_WR STAT               | MBOX3C1 |    1498570400 |            0 |    733991800 |     46830325 |
|               CAS_COUNT_RD STAT               | MBOX4C0 |    2632251000 |            0 |   1247758000 | 8.225784e+07 |
|               CAS_COUNT_WR STAT               | MBOX4C1 |    1502787100 |            0 |    736002100 | 4.696210e+07 |
|               CAS_COUNT_RD STAT               | MBOX5C0 |    2630115500 |            0 |   1246586000 | 8.219111e+07 |
|               CAS_COUNT_WR STAT               | MBOX5C1 |    1498893900 |            0 |    734414600 | 4.684043e+07 |
+-----------------------------------------------+---------+---------------+--------------+--------------+--------------+
+-----------------------------------+-----------+-----------+-----------+-----------+-----------+-----------+-----------+-----------+-----------+-----------+-----------+-----------+-----------+-----------+-----------+-----------+-----------+-----------+-----------+-----------+-----------+-----------+-----------+-----------+-----------+-----------+-----------+-----------+-----------+-----------+-----------+-----------+
|               Metric              |   Core 0  |   Core 1  |   Core 2  |   Core 3  |   Core 4  |   Core 5  |   Core 6  |   Core 7  |   Core 8  |   Core 9  |  Core 10  |  Core 11  |  Core 12  |  Core 13  |  Core 14  |  Core 15  |  Core 16  |  Core 17  |  Core 18  |  Core 19  |  Core 20  |  Core 21  |  Core 22  |  Core 23  |  Core 24  |  Core 25  |  Core 26  |  Core 27  |  Core 28  |  Core 29  |  Core 30  |  Core 31  |
+-----------------------------------+-----------+-----------+-----------+-----------+-----------+-----------+-----------+-----------+-----------+-----------+-----------+-----------+-----------+-----------+-----------+-----------+-----------+-----------+-----------+-----------+-----------+-----------+-----------+-----------+-----------+-----------+-----------+-----------+-----------+-----------+-----------+-----------+
|        Runtime (RDTSC) [s]        |   81.0768 |   81.0787 |   81.0787 |   81.0787 |   81.0787 |   81.0787 |   81.0787 |   81.0787 |   81.0787 |   81.0787 |   81.0787 |   81.0787 |   81.0787 |   81.0787 |   81.0768 |   81.0787 |   81.0787 |   81.0787 |   81.0787 |   81.0787 |   81.0787 |   81.0787 |   81.0787 |   81.0787 |   81.0787 |   81.0787 |   81.0787 |   81.0787 |   81.0768 |   81.0787 |   81.0787 |   81.0787 |
|        Runtime unhalted [s]       |   57.0786 |   57.2565 |   57.2541 |   57.2591 |   57.2751 |   57.2751 |   57.2750 |   57.2861 |   57.2622 |   57.2616 |   57.2715 |   57.2598 |   57.1968 |   57.2685 |   57.1768 |   57.1727 |   57.1868 |   57.1986 |   57.2004 |   57.2009 |   57.1923 |   57.1963 |   57.1922 |   57.1833 |   57.0138 |   57.1306 |   57.1291 |   57.1162 |   57.1482 |   57.1382 |   57.1382 |   54.6665 |
|            Clock [MHz]            | 1895.3142 | 1895.2999 | 1895.2992 | 1895.3015 | 1895.3058 | 1895.3065 | 1895.3085 | 1895.3056 | 1895.3070 | 1895.3039 | 1895.3031 | 1895.3102 | 1895.3029 | 1895.3136 | 1895.2407 | 1895.2404 | 1895.2399 | 1895.2425 | 1895.2462 | 1895.2466 | 1895.2464 | 1895.2483 | 1895.2479 | 1895.2465 | 1895.2460 | 1895.2452 | 1895.2458 | 1895.2487 | 1895.4374 | 1895.4364 | 1895.4364 | 1895.4315 |
|                CPI                |    0.5512 |    0.5577 |    0.5565 |    0.5557 |    0.5558 |    0.5564 |    0.5580 |    0.5577 |    0.5597 |    0.5599 |    0.5610 |    0.5600 |    0.5595 |    0.5613 |    0.5608 |    0.5613 |    0.5618 |    0.5615 |    0.5612 |    0.5604 |    0.5603 |    0.5624 |    0.5629 |    0.5624 |    0.5583 |    0.5606 |    0.5588 |    0.5580 |    0.5579 |    0.5585 |    0.5595 |    0.5222 |
|             Energy [J]            | 5413.3090 |         0 |         0 |         0 |         0 |         0 |         0 |         0 |         0 |         0 |         0 |         0 |         0 |         0 | 5740.4560 |         0 |         0 |         0 |         0 |         0 |         0 |         0 |         0 |         0 |         0 |         0 |         0 |         0 | 3635.3200 |         0 |         0 |         0 |
|             Power [W]             |   66.7677 |         0 |         0 |         0 |         0 |         0 |         0 |         0 |         0 |         0 |         0 |         0 |         0 |         0 |   70.8027 |         0 |         0 |         0 |         0 |         0 |         0 |         0 |         0 |         0 |         0 |         0 |         0 |         0 |   44.8380 |         0 |         0 |         0 |
|          Energy DRAM [J]          |  632.3297 |         0 |         0 |         0 |         0 |         0 |         0 |         0 |         0 |         0 |         0 |         0 |         0 |         0 |  686.9531 |         0 |         0 |         0 |         0 |         0 |         0 |         0 |         0 |         0 |         0 |         0 |         0 |         0 |  396.5775 |         0 |         0 |         0 |
|           Power DRAM [W]          |    7.7991 |         0 |         0 |         0 |         0 |         0 |         0 |         0 |         0 |         0 |         0 |         0 |         0 |         0 |    8.4729 |         0 |         0 |         0 |         0 |         0 |         0 |         0 |         0 |         0 |         0 |         0 |         0 |         0 |    4.8914 |         0 |         0 |         0 |
|            DP [MFLOP/s]           |  982.9135 |  974.0770 |  979.0755 |  983.4329 |  983.0571 |  979.3729 |  974.7438 |  975.6308 |  972.4990 |  971.8453 |  969.6373 |  970.9056 |  968.6796 |  964.5879 |  963.1058 |  962.9529 |  962.3053 |  961.9768 |  963.5115 |  967.5492 |  969.6587 |  966.2355 |  965.4259 |  965.9301 |  968.7501 |  967.8974 |  972.7296 |  976.6061 |  977.2281 |  973.0494 |  968.4357 |  964.7185 |
|          AVX DP [MFLOP/s]         |    1.0875 |         0 |         0 |         0 |         0 |         0 |         0 |         0 |         0 |         0 |         0 |         0 |         0 |         0 |         0 |         0 |         0 |         0 |         0 |         0 |         0 |         0 |         0 |         0 |         0 |         0 |         0 |         0 |         0 |         0 |         0 |         0 |
|          Packed [MUOPS/s]         |    0.1518 |         0 |         0 |         0 |         0 |         0 |         0 |         0 |         0 |         0 |         0 |         0 |         0 |         0 |         0 |         0 |         0 |         0 |         0 |         0 |         0 |         0 |         0 |         0 |         0 |         0 |         0 |         0 |         0 |         0 |         0 |         0 |
|          Scalar [MUOPS/s]         |  981.8084 |  974.0770 |  979.0755 |  983.4329 |  983.0571 |  979.3729 |  974.7438 |  975.6308 |  972.4990 |  971.8453 |  969.6373 |  970.9056 |  968.6796 |  964.5879 |  963.1058 |  962.9529 |  962.3053 |  961.9768 |  963.5115 |  967.5492 |  969.6587 |  966.2355 |  965.4259 |  965.9301 |  968.7501 |  967.8974 |  972.7296 |  976.6061 |  977.2281 |  973.0494 |  968.4357 |  964.7185 |
|  Memory read bandwidth [MBytes/s] | 5058.3184 |         0 |         0 |         0 |         0 |         0 |         0 |         0 |         0 |         0 |         0 |         0 |         0 |         0 | 5914.5288 |         0 |         0 |         0 |         0 |         0 |         0 |         0 |         0 |         0 |         0 |         0 |         0 |         0 | 1503.8541 |         0 |         0 |         0 |
|  Memory read data volume [GBytes] |  410.1123 |         0 |         0 |         0 |         0 |         0 |         0 |         0 |         0 |         0 |         0 |         0 |         0 |         0 |  479.5310 |         0 |         0 |         0 |         0 |         0 |         0 |         0 |         0 |         0 |         0 |         0 |         0 |         0 |  121.9276 |         0 |         0 |         0 |
| Memory write bandwidth [MBytes/s] | 2730.0303 |         0 |         0 |         0 |         0 |         0 |         0 |         0 |         0 |         0 |         0 |         0 |         0 |         0 | 3487.4503 |         0 |         0 |         0 |         0 |         0 |         0 |         0 |         0 |         0 |         0 |         0 |         0 |         0 |  901.1736 |         0 |         0 |         0 |
| Memory write data volume [GBytes] |  221.3421 |         0 |         0 |         0 |         0 |         0 |         0 |         0 |         0 |         0 |         0 |         0 |         0 |         0 |  282.7513 |         0 |         0 |         0 |         0 |         0 |         0 |         0 |         0 |         0 |         0 |         0 |         0 |         0 |   73.0642 |         0 |         0 |         0 |
|    Memory bandwidth [MBytes/s]    | 7788.3487 |         0 |         0 |         0 |         0 |         0 |         0 |         0 |         0 |         0 |         0 |         0 |         0 |         0 | 9401.9791 |         0 |         0 |         0 |         0 |         0 |         0 |         0 |         0 |         0 |         0 |         0 |         0 |         0 | 2405.0277 |         0 |         0 |         0 |
|    Memory data volume [GBytes]    |  631.4545 |         0 |         0 |         0 |         0 |         0 |         0 |         0 |         0 |         0 |         0 |         0 |         0 |         0 |  762.2823 |         0 |         0 |         0 |         0 |         0 |         0 |         0 |         0 |         0 |         0 |         0 |         0 |         0 |  194.9919 |         0 |         0 |         0 |
|       Operational intensity       |    0.1262 |    0.1251 |    0.1257 |    0.1263 |    0.1262 |    0.1258 |    0.1252 |    0.1253 |    0.1249 |    0.1248 |    0.1245 |    0.1247 |    0.1244 |    0.1239 |    0.1024 |    0.1024 |    0.1024 |    0.1023 |    0.1025 |    0.1029 |    0.1031 |    0.1028 |    0.1027 |    0.1027 |    0.1030 |    0.1029 |    0.1035 |    0.1039 |    0.4063 |    0.4046 |    0.4027 |    0.4011 |
+-----------------------------------+-----------+-----------+-----------+-----------+-----------+-----------+-----------+-----------+-----------+-----------+-----------+-----------+-----------+-----------+-----------+-----------+-----------+-----------+-----------+-----------+-----------+-----------+-----------+-----------+-----------+-----------+-----------+-----------+-----------+-----------+-----------+-----------+
+----------------------------------------+------------+-----------+-----------+-----------+
|                 Metric                 |     Sum    |    Min    |    Max    |    Avg    |
+----------------------------------------+------------+-----------+-----------+-----------+
|        Runtime (RDTSC) [s] STAT        |  2594.5127 |   81.0768 |   81.0787 |   81.0785 |
|        Runtime unhalted [s] STAT       |  1827.8611 |   54.6665 |   57.2861 |   57.1207 |
|            Clock [MHz] STAT            | 60649.4547 | 1895.2399 | 1895.4374 | 1895.2955 |
|                CPI STAT                |    17.8592 |    0.5222 |    0.5629 |    0.5581 |
|             Energy [J] STAT            | 14789.0850 |         0 | 5740.4560 |  462.1589 |
|             Power [W] STAT             |   182.4084 |         0 |   70.8027 |    5.7003 |
|          Energy DRAM [J] STAT          |  1715.8603 |         0 |  686.9531 |   53.6206 |
|           Power DRAM [W] STAT          |    21.1634 |         0 |    8.4729 |    0.6614 |
|            DP [MFLOP/s] STAT           | 31068.5248 |  961.9768 |  983.4329 |  970.8914 |
|          AVX DP [MFLOP/s] STAT         |     1.0875 |         0 |    1.0875 |    0.0340 |
|          Packed [MUOPS/s] STAT         |     0.1518 |         0 |    0.1518 |    0.0047 |
|          Scalar [MUOPS/s] STAT         | 31067.4197 |  961.9768 |  983.4329 |  970.8569 |
|  Memory read bandwidth [MBytes/s] STAT | 12476.7013 |         0 | 5914.5288 |  389.8969 |
|  Memory read data volume [GBytes] STAT |  1011.5709 |         0 |  479.5310 |   31.6116 |
| Memory write bandwidth [MBytes/s] STAT |  7118.6542 |         0 | 3487.4503 |  222.4579 |
| Memory write data volume [GBytes] STAT |   577.1576 |         0 |  282.7513 |   18.0362 |
|    Memory bandwidth [MBytes/s] STAT    | 19595.3555 |         0 | 9401.9791 |  612.3549 |
|    Memory data volume [GBytes] STAT    |  1588.7287 |         0 |  762.2823 |   49.6478 |
|       Operational intensity STAT       |     4.8072 |    0.1023 |    0.4063 |    0.1502 |
+----------------------------------------+------------+-----------+-----------+-----------+
