--------------------------------------------------------------------------------
CPU name:	Intel(R) Xeon(R) Gold 6132 CPU @ 2.60GHz
CPU type:	Intel Skylake SP processor
CPU clock:	2.59 GHz
--------------------------------------------------------------------------------
Region Setup, Group 1: MEM_DP
+-------------------+----------+----------+----------+----------+----------+----------+----------+----------+----------+----------+----------+----------+----------+----------+----------+----------+----------+----------+----------+----------+----------+----------+----------+----------+----------+----------+----------+----------+
|    Region Info    |  Core 0  |  Core 1  |  Core 2  |  Core 3  |  Core 4  |  Core 5  |  Core 6  |  Core 7  |  Core 8  |  Core 9  |  Core 10 |  Core 11 |  Core 12 |  Core 13 |  Core 14 |  Core 15 |  Core 16 |  Core 17 |  Core 18 |  Core 19 |  Core 20 |  Core 21 |  Core 22 |  Core 23 |  Core 24 |  Core 25 |  Core 26 |  Core 27 |
+-------------------+----------+----------+----------+----------+----------+----------+----------+----------+----------+----------+----------+----------+----------+----------+----------+----------+----------+----------+----------+----------+----------+----------+----------+----------+----------+----------+----------+----------+
| RDTSC Runtime [s] | 3.173345 | 3.175048 | 3.174985 | 3.175025 | 3.175050 | 3.174955 | 3.174953 | 3.175031 | 3.174998 | 3.175046 | 3.175011 | 3.175022 | 3.174997 | 3.175036 | 3.173395 | 3.175037 | 3.174948 | 3.175088 | 3.174995 | 3.136186 | 3.136168 | 3.136193 | 3.175060 | 3.175090 | 3.175059 | 3.175017 | 3.175053 | 3.174955 |
|     call count    |        2 |        2 |        2 |        2 |        2 |        2 |        2 |        2 |        2 |        2 |        2 |        2 |        2 |        2 |        2 |        2 |        2 |        2 |        2 |        2 |        2 |        2 |        2 |        2 |        2 |        2 |        2 |        2 |
+-------------------+----------+----------+----------+----------+----------+----------+----------+----------+----------+----------+----------+----------+----------+----------+----------+----------+----------+----------+----------+----------+----------+----------+----------+----------+----------+----------+----------+----------+
+------------------------------------------+---------+------------+------------+------------+------------+------------+------------+------------+------------+------------+------------+------------+------------+------------+------------+------------+------------+------------+------------+------------+------------+------------+------------+------------+------------+------------+------------+------------+------------+
|                   Event                  | Counter |   Core 0   |   Core 1   |   Core 2   |   Core 3   |   Core 4   |   Core 5   |   Core 6   |   Core 7   |   Core 8   |   Core 9   |   Core 10  |   Core 11  |   Core 12  |   Core 13  |   Core 14  |   Core 15  |   Core 16  |   Core 17  |   Core 18  |   Core 19  |   Core 20  |   Core 21  |   Core 22  |   Core 23  |   Core 24  |   Core 25  |   Core 26  |   Core 27  |
+------------------------------------------+---------+------------+------------+------------+------------+------------+------------+------------+------------+------------+------------+------------+------------+------------+------------+------------+------------+------------+------------+------------+------------+------------+------------+------------+------------+------------+------------+------------+------------+
|             INSTR_RETIRED_ANY            |  FIXC0  | 3239748000 | 1417534000 | 1415895000 | 1416196000 | 1409801000 | 1406027000 | 1406898000 | 1406022000 | 1404293000 | 1403213000 | 1402155000 | 1401331000 | 1402271000 | 1400048000 | 1392969000 | 1392888000 | 1386058000 | 1382859000 | 1383584000 | 1381145000 | 1381309000 | 1377089000 | 1379618000 | 1379695000 | 1380181000 | 1378937000 | 1380015000 | 1379242000 |
|           CPU_CLK_UNHALTED_CORE          |  FIXC1  | 1911136000 | 1080673000 | 1067603000 | 1074550000 | 1070592000 | 1071347000 | 1083196000 | 1071441000 | 1075655000 | 1077074000 | 1076595000 | 1067018000 | 1078751000 | 1082299000 | 1050310000 | 1054745000 | 1067634000 | 1041914000 | 1048784000 | 1005186000 | 1000655000 | 1001430000 | 1045990000 | 1055732000 | 1057524000 | 1040893000 | 1054684000 | 1052217000 |
|           CPU_CLK_UNHALTED_REF           |  FIXC2  | 2614262000 | 1479098000 | 1461201000 | 1470667000 | 1465269000 | 1466343000 | 1482480000 | 1466376000 | 1472174000 | 1474081000 | 1473494000 | 1460391000 | 1476428000 | 1481250000 | 1438096000 | 1444292000 | 1461911000 | 1426837000 | 1436128000 | 1376591000 | 1370537000 | 1371461000 | 1432351000 | 1445621000 | 1448055000 | 1425318000 | 1444188000 | 1440909000 |
|              PWR_PKG_ENERGY              |   PWR0  |   121.0064 |          0 |          0 |          0 |          0 |          0 |          0 |          0 |          0 |          0 |          0 |          0 |          0 |          0 |   121.1600 |          0 |          0 |          0 |          0 |          0 |          0 |          0 |          0 |          0 |          0 |          0 |          0 |          0 |
|              PWR_DRAM_ENERGY             |   PWR3  |    16.1405 |          0 |          0 |          0 |          0 |          0 |          0 |          0 |          0 |          0 |          0 |          0 |          0 |          0 |    13.2258 |          0 |          0 |          0 |          0 |          0 |          0 |          0 |          0 |          0 |          0 |          0 |          0 |          0 |
| FP_ARITH_INST_RETIRED_128B_PACKED_DOUBLE |   PMC0  |     761098 |          0 |          0 |          0 |          0 |          0 |          0 |          0 |          0 |          0 |          0 |          0 |          0 |          0 |          0 |          0 |          0 |          0 |          0 |          0 |          0 |          0 |          0 |          0 |          0 |          0 |          0 |          0 |
|    FP_ARITH_INST_RETIRED_SCALAR_DOUBLE   |   PMC1  |  552111600 |  407903000 |  407793100 |  407785000 |  405879800 |  404683100 |  404755600 |  404681700 |  404069600 |  403755400 |  403398300 |  403327500 |  403399700 |  402751200 |  401146700 |  401118600 |  399760300 |  399255500 |  399283600 |  399258800 |  399284300 |  398109500 |  398135900 |  398110500 |  398135900 |  398110500 |  398135900 |  397793100 |
| FP_ARITH_INST_RETIRED_256B_PACKED_DOUBLE |   PMC2  |     402100 |          0 |          0 |          0 |          0 |          0 |          0 |          0 |          0 |          0 |          0 |          0 |          0 |          0 |          0 |          0 |          0 |          0 |          0 |          0 |          0 |          0 |          0 |          0 |          0 |          0 |          0 |          0 |
| FP_ARITH_INST_RETIRED_512B_PACKED_DOUBLE |   PMC3  |    8148557 |          0 |          0 |          0 |          0 |          0 |          0 |          0 |          0 |          0 |          0 |          0 |          0 |          0 |          0 |          0 |          0 |          0 |          0 |          0 |          0 |          0 |          0 |          0 |          0 |          0 |          0 |          0 |
|               CAS_COUNT_RD               | MBOX0C0 |    5256933 |          0 |          0 |          0 |          0 |          0 |          0 |          0 |          0 |          0 |          0 |          0 |          0 |          0 |    3652424 |          0 |          0 |          0 |          0 |          0 |          0 |          0 |          0 |          0 |          0 |          0 |          0 |          0 |
|               CAS_COUNT_WR               | MBOX0C1 |   10455550 |          0 |          0 |          0 |          0 |          0 |          0 |          0 |          0 |          0 |          0 |          0 |          0 |          0 |    4706141 |          0 |          0 |          0 |          0 |          0 |          0 |          0 |          0 |          0 |          0 |          0 |          0 |          0 |
|               CAS_COUNT_RD               | MBOX1C0 |    5121411 |          0 |          0 |          0 |          0 |          0 |          0 |          0 |          0 |          0 |          0 |          0 |          0 |          0 |    3672684 |          0 |          0 |          0 |          0 |          0 |          0 |          0 |          0 |          0 |          0 |          0 |          0 |          0 |
|               CAS_COUNT_WR               | MBOX1C1 |   10282820 |          0 |          0 |          0 |          0 |          0 |          0 |          0 |          0 |          0 |          0 |          0 |          0 |          0 |    4729545 |          0 |          0 |          0 |          0 |          0 |          0 |          0 |          0 |          0 |          0 |          0 |          0 |          0 |
|               CAS_COUNT_RD               | MBOX2C0 |    6097247 |          0 |          0 |          0 |          0 |          0 |          0 |          0 |          0 |          0 |          0 |          0 |          0 |          0 |    3683996 |          0 |          0 |          0 |          0 |          0 |          0 |          0 |          0 |          0 |          0 |          0 |          0 |          0 |
|               CAS_COUNT_WR               | MBOX2C1 |   11822150 |          0 |          0 |          0 |          0 |          0 |          0 |          0 |          0 |          0 |          0 |          0 |          0 |          0 |    4752163 |          0 |          0 |          0 |          0 |          0 |          0 |          0 |          0 |          0 |          0 |          0 |          0 |          0 |
|               CAS_COUNT_RD               | MBOX3C0 |    4407268 |          0 |          0 |          0 |          0 |          0 |          0 |          0 |          0 |          0 |          0 |          0 |          0 |          0 |    3383275 |          0 |          0 |          0 |          0 |          0 |          0 |          0 |          0 |          0 |          0 |          0 |          0 |          0 |
|               CAS_COUNT_WR               | MBOX3C1 |    9870073 |          0 |          0 |          0 |          0 |          0 |          0 |          0 |          0 |          0 |          0 |          0 |          0 |          0 |    4504119 |          0 |          0 |          0 |          0 |          0 |          0 |          0 |          0 |          0 |          0 |          0 |          0 |          0 |
|               CAS_COUNT_RD               | MBOX4C0 |    4395376 |          0 |          0 |          0 |          0 |          0 |          0 |          0 |          0 |          0 |          0 |          0 |          0 |          0 |    3401923 |          0 |          0 |          0 |          0 |          0 |          0 |          0 |          0 |          0 |          0 |          0 |          0 |          0 |
|               CAS_COUNT_WR               | MBOX4C1 |    9816913 |          0 |          0 |          0 |          0 |          0 |          0 |          0 |          0 |          0 |          0 |          0 |          0 |          0 |    4528138 |          0 |          0 |          0 |          0 |          0 |          0 |          0 |          0 |          0 |          0 |          0 |          0 |          0 |
|               CAS_COUNT_RD               | MBOX5C0 |    4587201 |          0 |          0 |          0 |          0 |          0 |          0 |          0 |          0 |          0 |          0 |          0 |          0 |          0 |    3389061 |          0 |          0 |          0 |          0 |          0 |          0 |          0 |          0 |          0 |          0 |          0 |          0 |          0 |
|               CAS_COUNT_WR               | MBOX5C1 |   10123770 |          0 |          0 |          0 |          0 |          0 |          0 |          0 |          0 |          0 |          0 |          0 |          0 |          0 |    4508744 |          0 |          0 |          0 |          0 |          0 |          0 |          0 |          0 |          0 |          0 |          0 |          0 |          0 |
+------------------------------------------+---------+------------+------------+------------+------------+------------+------------+------------+------------+------------+------------+------------+------------+------------+------------+------------+------------+------------+------------+------------+------------+------------+------------+------------+------------+------------+------------+------------+------------+
+-----------------------------------------------+---------+-------------+------------+------------+--------------+
|                     Event                     | Counter |     Sum     |     Min    |     Max    |      Avg     |
+-----------------------------------------------+---------+-------------+------------+------------+--------------+
|             INSTR_RETIRED_ANY STAT            |  FIXC0  | 40887021000 | 1377089000 | 3239748000 |   1460250750 |
|           CPU_CLK_UNHALTED_CORE STAT          |  FIXC1  | 30465628000 | 1000655000 | 1911136000 | 1.088058e+09 |
|           CPU_CLK_UNHALTED_REF STAT           |  FIXC2  | 41705809000 | 1370537000 | 2614262000 | 1.489493e+09 |
|              PWR_PKG_ENERGY STAT              |   PWR0  |    242.1664 |          0 |   121.1600 |       8.6488 |
|              PWR_DRAM_ENERGY STAT             |   PWR3  |     29.3663 |          0 |    16.1405 |       1.0488 |
| FP_ARITH_INST_RETIRED_128B_PACKED_DOUBLE STAT |   PMC0  |      761098 |          0 |     761098 |   27182.0714 |
|    FP_ARITH_INST_RETIRED_SCALAR_DOUBLE STAT   |   PMC1  | 11401933700 |  397793100 |  552111600 | 4.072119e+08 |
| FP_ARITH_INST_RETIRED_256B_PACKED_DOUBLE STAT |   PMC2  |      402100 |          0 |     402100 |   14360.7143 |
| FP_ARITH_INST_RETIRED_512B_PACKED_DOUBLE STAT |   PMC3  |     8148557 |          0 |    8148557 |  291019.8929 |
|               CAS_COUNT_RD STAT               | MBOX0C0 |     8909357 |          0 |    5256933 |  318191.3214 |
|               CAS_COUNT_WR STAT               | MBOX0C1 |    15161691 |          0 |   10455550 |  541488.9643 |
|               CAS_COUNT_RD STAT               | MBOX1C0 |     8794095 |          0 |    5121411 |  314074.8214 |
|               CAS_COUNT_WR STAT               | MBOX1C1 |    15012365 |          0 |   10282820 |  536155.8929 |
|               CAS_COUNT_RD STAT               | MBOX2C0 |     9781243 |          0 |    6097247 |  349330.1071 |
|               CAS_COUNT_WR STAT               | MBOX2C1 |    16574313 |          0 |   11822150 |  591939.7500 |
|               CAS_COUNT_RD STAT               | MBOX3C0 |     7790543 |          0 |    4407268 |  278233.6786 |
|               CAS_COUNT_WR STAT               | MBOX3C1 |    14374192 |          0 |    9870073 |       513364 |
|               CAS_COUNT_RD STAT               | MBOX4C0 |     7797299 |          0 |    4395376 |  278474.9643 |
|               CAS_COUNT_WR STAT               | MBOX4C1 |    14345051 |          0 |    9816913 |  512323.2500 |
|               CAS_COUNT_RD STAT               | MBOX5C0 |     7976262 |          0 |    4587201 |  284866.5000 |
|               CAS_COUNT_WR STAT               | MBOX5C1 |    14632514 |          0 |   10123770 |  522589.7857 |
+-----------------------------------------------+---------+-------------+------------+------------+--------------+
+-----------------------------------+-----------+-----------+-----------+-----------+-----------+-----------+-----------+-----------+-----------+-----------+-----------+-----------+-----------+-----------+-----------+-----------+-----------+-----------+-----------+-----------+-----------+-----------+-----------+-----------+-----------+-----------+-----------+-----------+
|               Metric              |   Core 0  |   Core 1  |   Core 2  |   Core 3  |   Core 4  |   Core 5  |   Core 6  |   Core 7  |   Core 8  |   Core 9  |  Core 10  |  Core 11  |  Core 12  |  Core 13  |  Core 14  |  Core 15  |  Core 16  |  Core 17  |  Core 18  |  Core 19  |  Core 20  |  Core 21  |  Core 22  |  Core 23  |  Core 24  |  Core 25  |  Core 26  |  Core 27  |
+-----------------------------------+-----------+-----------+-----------+-----------+-----------+-----------+-----------+-----------+-----------+-----------+-----------+-----------+-----------+-----------+-----------+-----------+-----------+-----------+-----------+-----------+-----------+-----------+-----------+-----------+-----------+-----------+-----------+-----------+
|        Runtime (RDTSC) [s]        |    3.1733 |    3.1750 |    3.1750 |    3.1750 |    3.1751 |    3.1750 |    3.1750 |    3.1750 |    3.1750 |    3.1750 |    3.1750 |    3.1750 |    3.1750 |    3.1750 |    3.1734 |    3.1750 |    3.1749 |    3.1751 |    3.1750 |    3.1362 |    3.1362 |    3.1362 |    3.1751 |    3.1751 |    3.1751 |    3.1750 |    3.1751 |    3.1750 |
|        Runtime unhalted [s]       |    0.7368 |    0.4166 |    0.4116 |    0.4143 |    0.4128 |    0.4130 |    0.4176 |    0.4131 |    0.4147 |    0.4153 |    0.4151 |    0.4114 |    0.4159 |    0.4173 |    0.4049 |    0.4066 |    0.4116 |    0.4017 |    0.4043 |    0.3875 |    0.3858 |    0.3861 |    0.4033 |    0.4070 |    0.4077 |    0.4013 |    0.4066 |    0.4057 |
|            Clock [MHz]            | 1896.1549 | 1895.0849 | 1895.0957 | 1895.1501 | 1895.1254 | 1895.0729 | 1895.1759 | 1895.1965 | 1895.1569 | 1895.2021 | 1895.1139 | 1895.1078 | 1895.1355 | 1895.1789 | 1894.3532 | 1894.1911 | 1894.2303 | 1894.0386 | 1894.1930 | 1893.9688 | 1893.7600 | 1893.9498 | 1894.1283 | 1894.2206 | 1894.2465 | 1894.1992 | 1894.2180 | 1894.0877 |
|                CPI                |    0.5899 |    0.7624 |    0.7540 |    0.7588 |    0.7594 |    0.7620 |    0.7699 |    0.7620 |    0.7660 |    0.7676 |    0.7678 |    0.7614 |    0.7693 |    0.7730 |    0.7540 |    0.7572 |    0.7703 |    0.7534 |    0.7580 |    0.7278 |    0.7244 |    0.7272 |    0.7582 |    0.7652 |    0.7662 |    0.7549 |    0.7643 |    0.7629 |
|             Energy [J]            |  121.0064 |         0 |         0 |         0 |         0 |         0 |         0 |         0 |         0 |         0 |         0 |         0 |         0 |         0 |  121.1600 |         0 |         0 |         0 |         0 |         0 |         0 |         0 |         0 |         0 |         0 |         0 |         0 |         0 |
|             Power [W]             |   38.1321 |         0 |         0 |         0 |         0 |         0 |         0 |         0 |         0 |         0 |         0 |         0 |         0 |         0 |   38.1799 |         0 |         0 |         0 |         0 |         0 |         0 |         0 |         0 |         0 |         0 |         0 |         0 |         0 |
|          Energy DRAM [J]          |   16.1405 |         0 |         0 |         0 |         0 |         0 |         0 |         0 |         0 |         0 |         0 |         0 |         0 |         0 |   13.2258 |         0 |         0 |         0 |         0 |         0 |         0 |         0 |         0 |         0 |         0 |         0 |         0 |         0 |
|           Power DRAM [W]          |    5.0863 |         0 |         0 |         0 |         0 |         0 |         0 |         0 |         0 |         0 |         0 |         0 |         0 |         0 |    4.1677 |         0 |         0 |         0 |         0 |         0 |         0 |         0 |         0 |         0 |         0 |         0 |         0 |         0 |
|            DP [MFLOP/s]           |  195.5131 |  128.4714 |  128.4394 |  128.4352 |  127.8341 |  127.4611 |  127.4840 |  127.4576 |  127.2661 |  127.1652 |  127.0541 |  127.0314 |  127.0551 |  126.8493 |  126.4093 |  126.3351 |  125.9108 |  125.7463 |  125.7588 |  127.3071 |  127.3160 |  126.9404 |  125.3948 |  125.3856 |  125.3948 |  125.3885 |  125.3950 |  125.2909 |
|          AVX DP [MFLOP/s]         |   21.0494 |         0 |         0 |         0 |         0 |         0 |         0 |         0 |         0 |         0 |         0 |         0 |         0 |         0 |         0 |         0 |         0 |         0 |         0 |         0 |         0 |         0 |         0 |         0 |         0 |         0 |         0 |         0 |
|          Packed [MUOPS/s]         |    2.9344 |         0 |         0 |         0 |         0 |         0 |         0 |         0 |         0 |         0 |         0 |         0 |         0 |         0 |         0 |         0 |         0 |         0 |         0 |         0 |         0 |         0 |         0 |         0 |         0 |         0 |         0 |         0 |
|          Scalar [MUOPS/s]         |  173.9841 |  128.4714 |  128.4394 |  128.4352 |  127.8341 |  127.4611 |  127.4840 |  127.4576 |  127.2661 |  127.1652 |  127.0541 |  127.0314 |  127.0551 |  126.8493 |  126.4093 |  126.3351 |  125.9108 |  125.7463 |  125.7588 |  127.3071 |  127.3160 |  126.9404 |  125.3948 |  125.3856 |  125.3948 |  125.3885 |  125.3950 |  125.2909 |
|  Memory read bandwidth [MBytes/s] |  602.3259 |         0 |         0 |         0 |         0 |         0 |         0 |         0 |         0 |         0 |         0 |         0 |         0 |         0 |  427.2192 |         0 |         0 |         0 |         0 |         0 |         0 |         0 |         0 |         0 |         0 |         0 |         0 |         0 |
|  Memory read data volume [GBytes] |    1.9114 |         0 |         0 |         0 |         0 |         0 |         0 |         0 |         0 |         0 |         0 |         0 |         0 |         0 |    1.3557 |         0 |         0 |         0 |         0 |         0 |         0 |         0 |         0 |         0 |         0 |         0 |         0 |         0 |
| Memory write bandwidth [MBytes/s] | 1257.9035 |         0 |         0 |         0 |         0 |         0 |         0 |         0 |         0 |         0 |         0 |         0 |         0 |         0 |  559.2264 |         0 |         0 |         0 |         0 |         0 |         0 |         0 |         0 |         0 |         0 |         0 |         0 |         0 |
| Memory write data volume [GBytes] |    3.9918 |         0 |         0 |         0 |         0 |         0 |         0 |         0 |         0 |         0 |         0 |         0 |         0 |         0 |    1.7746 |         0 |         0 |         0 |         0 |         0 |         0 |         0 |         0 |         0 |         0 |         0 |         0 |         0 |
|    Memory bandwidth [MBytes/s]    | 1860.2294 |         0 |         0 |         0 |         0 |         0 |         0 |         0 |         0 |         0 |         0 |         0 |         0 |         0 |  986.4456 |         0 |         0 |         0 |         0 |         0 |         0 |         0 |         0 |         0 |         0 |         0 |         0 |         0 |
|    Memory data volume [GBytes]    |    5.9031 |         0 |         0 |         0 |         0 |         0 |         0 |         0 |         0 |         0 |         0 |         0 |         0 |         0 |    3.1304 |         0 |         0 |         0 |         0 |         0 |         0 |         0 |         0 |         0 |         0 |         0 |         0 |         0 |
|       Operational intensity       |    0.1051 |    0.0691 |    0.0691 |    0.0691 |    0.0688 |    0.0686 |    0.0686 |    0.0686 |    0.0684 |    0.0684 |    0.0683 |    0.0683 |    0.0683 |    0.0682 |    0.1281 |    0.1281 |    0.1277 |    0.1275 |    0.1276 |    0.1275 |    0.1276 |    0.1272 |    0.1272 |    0.1272 |    0.1272 |    0.1272 |    0.1272 |    0.1271 |
+-----------------------------------+-----------+-----------+-----------+-----------+-----------+-----------+-----------+-----------+-----------+-----------+-----------+-----------+-----------+-----------+-----------+-----------+-----------+-----------+-----------+-----------+-----------+-----------+-----------+-----------+-----------+-----------+-----------+-----------+
+----------------------------------------+------------+-----------+-----------+-----------+
|                 Metric                 |     Sum    |    Min    |    Max    |    Avg    |
+----------------------------------------+------------+-----------+-----------+-----------+
|        Runtime (RDTSC) [s] STAT        |    88.7808 |    3.1362 |    3.1751 |    3.1707 |
|        Runtime unhalted [s] STAT       |    11.7456 |    0.3858 |    0.7368 |    0.4195 |
|            Clock [MHz] STAT            | 53050.7365 | 1893.7600 | 1896.1549 | 1894.6692 |
|                CPI STAT                |    21.0675 |    0.5899 |    0.7730 |    0.7524 |
|             Energy [J] STAT            |   242.1664 |         0 |  121.1600 |    8.6488 |
|             Power [W] STAT             |    76.3120 |         0 |   38.1799 |    2.7254 |
|          Energy DRAM [J] STAT          |    29.3663 |         0 |   16.1405 |    1.0488 |
|           Power DRAM [W] STAT          |     9.2540 |         0 |    5.0863 |    0.3305 |
|            DP [MFLOP/s] STAT           |  3617.4905 |  125.2909 |  195.5131 |  129.1961 |
|          AVX DP [MFLOP/s] STAT         |    21.0494 |         0 |   21.0494 |    0.7518 |
|          Packed [MUOPS/s] STAT         |     2.9344 |         0 |    2.9344 |    0.1048 |
|          Scalar [MUOPS/s] STAT         |  3595.9615 |  125.2909 |  173.9841 |  128.4272 |
|  Memory read bandwidth [MBytes/s] STAT |  1029.5451 |         0 |  602.3259 |   36.7695 |
|  Memory read data volume [GBytes] STAT |     3.2671 |         0 |    1.9114 |    0.1167 |
| Memory write bandwidth [MBytes/s] STAT |  1817.1299 |         0 | 1257.9035 |   64.8975 |
| Memory write data volume [GBytes] STAT |     5.7664 |         0 |    3.9918 |    0.2059 |
|    Memory bandwidth [MBytes/s] STAT    |  2846.6750 |         0 | 1860.2294 |  101.6670 |
|    Memory data volume [GBytes] STAT    |     9.0335 |         0 |    5.9031 |    0.3226 |
|       Operational intensity STAT       |     2.7813 |    0.0682 |    0.1281 |    0.0993 |
+----------------------------------------+------------+-----------+-----------+-----------+
--------------------------------------------------------------------------------
CPU name:	Intel(R) Xeon(R) Gold 6132 CPU @ 2.60GHz
CPU type:	Intel Skylake SP processor
CPU clock:	2.59 GHz
--------------------------------------------------------------------------------
Region Solve, Group 1: MEM_DP
+-------------------+-----------+-----------+-----------+-----------+-----------+-----------+-----------+-----------+-----------+-----------+-----------+-----------+-----------+-----------+-----------+-----------+-----------+-----------+-----------+-----------+-----------+-----------+-----------+-----------+-----------+-----------+-----------+-----------+
|    Region Info    |   Core 0  |   Core 1  |   Core 2  |   Core 3  |   Core 4  |   Core 5  |   Core 6  |   Core 7  |   Core 8  |   Core 9  |  Core 10  |  Core 11  |  Core 12  |  Core 13  |  Core 14  |  Core 15  |  Core 16  |  Core 17  |  Core 18  |  Core 19  |  Core 20  |  Core 21  |  Core 22  |  Core 23  |  Core 24  |  Core 25  |  Core 26  |  Core 27  |
+-------------------+-----------+-----------+-----------+-----------+-----------+-----------+-----------+-----------+-----------+-----------+-----------+-----------+-----------+-----------+-----------+-----------+-----------+-----------+-----------+-----------+-----------+-----------+-----------+-----------+-----------+-----------+-----------+-----------+
| RDTSC Runtime [s] | 88.698530 | 88.699570 | 88.699570 | 88.699580 | 88.699570 | 88.699570 | 88.699580 | 88.699580 | 88.699570 | 88.699570 | 88.699570 | 88.699580 | 88.699580 | 88.699570 | 88.698520 | 88.699570 | 88.699560 | 88.699570 | 88.699560 | 88.699570 | 88.699570 | 88.699570 | 88.699570 | 88.699570 | 88.699570 | 88.699570 | 88.699570 | 88.699560 |
|     call count    |         1 |         1 |         1 |         1 |         1 |         1 |         1 |         1 |         1 |         1 |         1 |         1 |         1 |         1 |         1 |         1 |         1 |         1 |         1 |         1 |         1 |         1 |         1 |         1 |         1 |         1 |         1 |         1 |
+-------------------+-----------+-----------+-----------+-----------+-----------+-----------+-----------+-----------+-----------+-----------+-----------+-----------+-----------+-----------+-----------+-----------+-----------+-----------+-----------+-----------+-----------+-----------+-----------+-----------+-----------+-----------+-----------+-----------+
+------------------------------------------+---------+--------------+--------------+--------------+--------------+--------------+--------------+--------------+--------------+--------------+--------------+--------------+--------------+--------------+--------------+--------------+--------------+--------------+--------------+--------------+--------------+--------------+--------------+--------------+--------------+--------------+--------------+--------------+--------------+
|                   Event                  | Counter |    Core 0    |    Core 1    |    Core 2    |    Core 3    |    Core 4    |    Core 5    |    Core 6    |    Core 7    |    Core 8    |    Core 9    |    Core 10   |    Core 11   |    Core 12   |    Core 13   |    Core 14   |    Core 15   |    Core 16   |    Core 17   |    Core 18   |    Core 19   |    Core 20   |    Core 21   |    Core 22   |    Core 23   |    Core 24   |    Core 25   |    Core 26   |    Core 27   |
+------------------------------------------+---------+--------------+--------------+--------------+--------------+--------------+--------------+--------------+--------------+--------------+--------------+--------------+--------------+--------------+--------------+--------------+--------------+--------------+--------------+--------------+--------------+--------------+--------------+--------------+--------------+--------------+--------------+--------------+--------------+
|             INSTR_RETIRED_ANY            |  FIXC0  | 307437800000 | 306973200000 | 307677200000 | 308210200000 | 306251900000 | 305174500000 | 305124300000 | 304006400000 | 303238300000 | 303664100000 | 303866900000 | 303471600000 | 302969000000 | 301966500000 | 301442000000 | 301750900000 | 301051500000 | 301179000000 | 300801200000 | 300369000000 | 300141700000 | 300324500000 | 300446100000 | 301231900000 | 301226200000 | 300078100000 | 299446600000 | 305992300000 |
|           CPU_CLK_UNHALTED_CORE          |  FIXC1  | 161787400000 | 162345200000 | 162342700000 | 162391200000 | 162362800000 | 162356700000 | 162955600000 | 162936300000 | 162907300000 | 162962200000 | 162970000000 | 162955900000 | 162775800000 | 162930000000 | 162767600000 | 162792600000 | 162830100000 | 162841400000 | 162833000000 | 162831400000 | 162789300000 | 162674000000 | 162655500000 | 162652100000 | 161971700000 | 161992000000 | 161977400000 | 155606000000 |
|           CPU_CLK_UNHALTED_REF           |  FIXC2  | 221409600000 | 222173600000 | 222170400000 | 222236800000 | 222197900000 | 222189300000 | 223008900000 | 222982700000 | 222942700000 | 223018600000 | 223028900000 | 223009000000 | 222762700000 | 222974500000 | 222735500000 | 222769700000 | 222821100000 | 222836500000 | 222825100000 | 222822800000 | 222765200000 | 222607400000 | 222582200000 | 222577500000 | 221646500000 | 221674100000 | 221654300000 | 212935300000 |
|              PWR_PKG_ENERGY              |   PWR0  |    5955.6070 |            0 |            0 |            0 |            0 |            0 |            0 |            0 |            0 |            0 |            0 |            0 |            0 |            0 |    6257.2380 |            0 |            0 |            0 |            0 |            0 |            0 |            0 |            0 |            0 |            0 |            0 |            0 |            0 |
|              PWR_DRAM_ENERGY             |   PWR3  |     749.5107 |            0 |            0 |            0 |            0 |            0 |            0 |            0 |            0 |            0 |            0 |            0 |            0 |            0 |     753.3382 |            0 |            0 |            0 |            0 |            0 |            0 |            0 |            0 |            0 |            0 |            0 |            0 |            0 |
| FP_ARITH_INST_RETIRED_128B_PACKED_DOUBLE |   PMC0  |       714138 |            0 |            0 |            0 |            0 |            0 |            0 |            0 |            0 |            0 |            0 |            0 |            0 |            0 |            0 |            0 |            0 |            0 |            0 |            0 |            0 |            0 |            0 |            0 |            0 |            0 |            0 |            0 |
|    FP_ARITH_INST_RETIRED_SCALAR_DOUBLE   |   PMC1  |  91197850000 |  91266600000 |  91819670000 |  92088050000 |  91318590000 |  90743140000 |  90702030000 |  90427040000 |  90201490000 |  90308690000 |  90283340000 |  89890980000 |  89554130000 |  89367520000 |  89183950000 |  89192040000 |  89109580000 |  89421230000 |  89403830000 |  89284510000 |  89204330000 |  89191850000 |  89276310000 |  89744890000 |  89866780000 |  89428210000 |  88905610000 |  88518810000 |
| FP_ARITH_INST_RETIRED_256B_PACKED_DOUBLE |   PMC2  |      1138324 |            0 |            0 |            0 |            0 |            0 |            0 |            0 |            0 |            0 |            0 |            0 |            0 |            0 |            0 |            0 |            0 |            0 |            0 |            0 |            0 |            0 |            0 |            0 |            0 |            0 |            0 |            0 |
| FP_ARITH_INST_RETIRED_512B_PACKED_DOUBLE |   PMC3  |     10452010 |            0 |            0 |            0 |            0 |            0 |            0 |            0 |            0 |            0 |            0 |            0 |            0 |            0 |            0 |            0 |            0 |            0 |            0 |            0 |            0 |            0 |            0 |            0 |            0 |            0 |            0 |            0 |
|               CAS_COUNT_RD               | MBOX0C0 |   1349042000 |            0 |            0 |            0 |            0 |            0 |            0 |            0 |            0 |            0 |            0 |            0 |            0 |            0 |   1353554000 |            0 |            0 |            0 |            0 |            0 |            0 |            0 |            0 |            0 |            0 |            0 |            0 |            0 |
|               CAS_COUNT_WR               | MBOX0C1 |    777673500 |            0 |            0 |            0 |            0 |            0 |            0 |            0 |            0 |            0 |            0 |            0 |            0 |            0 |    761191700 |            0 |            0 |            0 |            0 |            0 |            0 |            0 |            0 |            0 |            0 |            0 |            0 |            0 |
|               CAS_COUNT_RD               | MBOX1C0 |   1349021000 |            0 |            0 |            0 |            0 |            0 |            0 |            0 |            0 |            0 |            0 |            0 |            0 |            0 |   1353348000 |            0 |            0 |            0 |            0 |            0 |            0 |            0 |            0 |            0 |            0 |            0 |            0 |            0 |
|               CAS_COUNT_WR               | MBOX1C1 |    777288100 |            0 |            0 |            0 |            0 |            0 |            0 |            0 |            0 |            0 |            0 |            0 |            0 |            0 |    761182700 |            0 |            0 |            0 |            0 |            0 |            0 |            0 |            0 |            0 |            0 |            0 |            0 |            0 |
|               CAS_COUNT_RD               | MBOX2C0 |   1349775000 |            0 |            0 |            0 |            0 |            0 |            0 |            0 |            0 |            0 |            0 |            0 |            0 |            0 |   1352953000 |            0 |            0 |            0 |            0 |            0 |            0 |            0 |            0 |            0 |            0 |            0 |            0 |            0 |
|               CAS_COUNT_WR               | MBOX2C1 |    778638800 |            0 |            0 |            0 |            0 |            0 |            0 |            0 |            0 |            0 |            0 |            0 |            0 |            0 |    760914100 |            0 |            0 |            0 |            0 |            0 |            0 |            0 |            0 |            0 |            0 |            0 |            0 |            0 |
|               CAS_COUNT_RD               | MBOX3C0 |   1345963000 |            0 |            0 |            0 |            0 |            0 |            0 |            0 |            0 |            0 |            0 |            0 |            0 |            0 |   1348076000 |            0 |            0 |            0 |            0 |            0 |            0 |            0 |            0 |            0 |            0 |            0 |            0 |            0 |
|               CAS_COUNT_WR               | MBOX3C1 |    775926100 |            0 |            0 |            0 |            0 |            0 |            0 |            0 |            0 |            0 |            0 |            0 |            0 |            0 |    756954500 |            0 |            0 |            0 |            0 |            0 |            0 |            0 |            0 |            0 |            0 |            0 |            0 |            0 |
|               CAS_COUNT_RD               | MBOX4C0 |   1345094000 |            0 |            0 |            0 |            0 |            0 |            0 |            0 |            0 |            0 |            0 |            0 |            0 |            0 |   1348624000 |            0 |            0 |            0 |            0 |            0 |            0 |            0 |            0 |            0 |            0 |            0 |            0 |            0 |
|               CAS_COUNT_WR               | MBOX4C1 |    775124100 |            0 |            0 |            0 |            0 |            0 |            0 |            0 |            0 |            0 |            0 |            0 |            0 |            0 |    757369100 |            0 |            0 |            0 |            0 |            0 |            0 |            0 |            0 |            0 |            0 |            0 |            0 |            0 |
|               CAS_COUNT_RD               | MBOX5C0 |   1345558000 |            0 |            0 |            0 |            0 |            0 |            0 |            0 |            0 |            0 |            0 |            0 |            0 |            0 |   1348807000 |            0 |            0 |            0 |            0 |            0 |            0 |            0 |            0 |            0 |            0 |            0 |            0 |            0 |
|               CAS_COUNT_WR               | MBOX5C1 |    775363200 |            0 |            0 |            0 |            0 |            0 |            0 |            0 |            0 |            0 |            0 |            0 |            0 |            0 |    757473000 |            0 |            0 |            0 |            0 |            0 |            0 |            0 |            0 |            0 |            0 |            0 |            0 |            0 |
+------------------------------------------+---------+--------------+--------------+--------------+--------------+--------------+--------------+--------------+--------------+--------------+--------------+--------------+--------------+--------------+--------------+--------------+--------------+--------------+--------------+--------------+--------------+--------------+--------------+--------------+--------------+--------------+--------------+--------------+--------------+
+-----------------------------------------------+---------+---------------+--------------+--------------+--------------+
|                     Event                     | Counter |      Sum      |      Min     |      Max     |      Avg     |
+-----------------------------------------------+---------+---------------+--------------+--------------+--------------+
|             INSTR_RETIRED_ANY STAT            |  FIXC0  | 8485512900000 | 299446600000 | 308210200000 | 3.030540e+11 |
|           CPU_CLK_UNHALTED_CORE STAT          |  FIXC1  | 4546193200000 | 155606000000 | 162970000000 | 1.623640e+11 |
|           CPU_CLK_UNHALTED_REF STAT           |  FIXC2  | 6221358800000 | 212935300000 | 223028900000 | 2.221914e+11 |
|              PWR_PKG_ENERGY STAT              |   PWR0  |    12212.8450 |            0 |    6257.2380 |     436.1730 |
|              PWR_DRAM_ENERGY STAT             |   PWR3  |     1502.8489 |            0 |     753.3382 |      53.6732 |
| FP_ARITH_INST_RETIRED_128B_PACKED_DOUBLE STAT |   PMC0  |        714138 |            0 |       714138 |   25504.9286 |
|    FP_ARITH_INST_RETIRED_SCALAR_DOUBLE STAT   |   PMC1  | 2518901050000 |  88518810000 |  92088050000 | 8.996075e+10 |
| FP_ARITH_INST_RETIRED_256B_PACKED_DOUBLE STAT |   PMC2  |       1138324 |            0 |      1138324 |   40654.4286 |
| FP_ARITH_INST_RETIRED_512B_PACKED_DOUBLE STAT |   PMC3  |      10452010 |            0 |     10452010 |  373286.0714 |
|               CAS_COUNT_RD STAT               | MBOX0C0 |    2702596000 |            0 |   1353554000 | 9.652129e+07 |
|               CAS_COUNT_WR STAT               | MBOX0C1 |    1538865200 |            0 |    777673500 | 5.495947e+07 |
|               CAS_COUNT_RD STAT               | MBOX1C0 |    2702369000 |            0 |   1353348000 | 9.651318e+07 |
|               CAS_COUNT_WR STAT               | MBOX1C1 |    1538470800 |            0 |    777288100 | 5.494539e+07 |
|               CAS_COUNT_RD STAT               | MBOX2C0 |    2702728000 |            0 |   1352953000 |     96526000 |
|               CAS_COUNT_WR STAT               | MBOX2C1 |    1539552900 |            0 |    778638800 | 5.498403e+07 |
|               CAS_COUNT_RD STAT               | MBOX3C0 |    2694039000 |            0 |   1348076000 | 9.621568e+07 |
|               CAS_COUNT_WR STAT               | MBOX3C1 |    1532880600 |            0 |    775926100 | 5.474574e+07 |
|               CAS_COUNT_RD STAT               | MBOX4C0 |    2693718000 |            0 |   1348624000 | 9.620421e+07 |
|               CAS_COUNT_WR STAT               | MBOX4C1 |    1532493200 |            0 |    775124100 |     54731900 |
|               CAS_COUNT_RD STAT               | MBOX5C0 |    2694365000 |            0 |   1348807000 | 9.622732e+07 |
|               CAS_COUNT_WR STAT               | MBOX5C1 |    1532836200 |            0 |    775363200 |     54744150 |
+-----------------------------------------------+---------+---------------+--------------+--------------+--------------+
+-----------------------------------+-----------+-----------+-----------+-----------+-----------+-----------+-----------+-----------+-----------+-----------+-----------+-----------+-----------+-----------+-----------+-----------+-----------+-----------+-----------+-----------+-----------+-----------+-----------+-----------+-----------+-----------+-----------+-----------+
|               Metric              |   Core 0  |   Core 1  |   Core 2  |   Core 3  |   Core 4  |   Core 5  |   Core 6  |   Core 7  |   Core 8  |   Core 9  |  Core 10  |  Core 11  |  Core 12  |  Core 13  |  Core 14  |  Core 15  |  Core 16  |  Core 17  |  Core 18  |  Core 19  |  Core 20  |  Core 21  |  Core 22  |  Core 23  |  Core 24  |  Core 25  |  Core 26  |  Core 27  |
+-----------------------------------+-----------+-----------+-----------+-----------+-----------+-----------+-----------+-----------+-----------+-----------+-----------+-----------+-----------+-----------+-----------+-----------+-----------+-----------+-----------+-----------+-----------+-----------+-----------+-----------+-----------+-----------+-----------+-----------+
|        Runtime (RDTSC) [s]        |   88.6985 |   88.6996 |   88.6996 |   88.6996 |   88.6996 |   88.6996 |   88.6996 |   88.6996 |   88.6996 |   88.6996 |   88.6996 |   88.6996 |   88.6996 |   88.6996 |   88.6985 |   88.6996 |   88.6996 |   88.6996 |   88.6996 |   88.6996 |   88.6996 |   88.6996 |   88.6996 |   88.6996 |   88.6996 |   88.6996 |   88.6996 |   88.6996 |
|        Runtime unhalted [s]       |   62.3754 |   62.5905 |   62.5895 |   62.6082 |   62.5972 |   62.5949 |   62.8258 |   62.8184 |   62.8072 |   62.8283 |   62.8313 |   62.8259 |   62.7565 |   62.8159 |   62.7533 |   62.7629 |   62.7774 |   62.7818 |   62.7785 |   62.7779 |   62.7617 |   62.7172 |   62.7101 |   62.7088 |   62.4465 |   62.4543 |   62.4487 |   59.9922 |
|            Clock [MHz]            | 1895.3070 | 1895.3016 | 1895.2997 | 1895.2995 | 1895.2998 | 1895.3019 | 1895.3020 | 1895.3002 | 1895.3028 | 1895.2963 | 1895.2995 | 1895.3046 | 1895.3032 | 1895.2966 | 1895.4391 | 1895.4392 | 1895.4385 | 1895.4390 | 1895.4382 | 1895.4392 | 1895.4391 | 1895.4393 | 1895.4383 | 1895.4387 | 1895.4380 | 1895.4395 | 1895.4380 | 1895.4398 |
|                CPI                |    0.5262 |    0.5289 |    0.5276 |    0.5269 |    0.5302 |    0.5320 |    0.5341 |    0.5360 |    0.5372 |    0.5367 |    0.5363 |    0.5370 |    0.5373 |    0.5396 |    0.5400 |    0.5395 |    0.5409 |    0.5407 |    0.5413 |    0.5421 |    0.5424 |    0.5417 |    0.5414 |    0.5400 |    0.5377 |    0.5398 |    0.5409 |    0.5085 |
|             Energy [J]            | 5955.6070 |         0 |         0 |         0 |         0 |         0 |         0 |         0 |         0 |         0 |         0 |         0 |         0 |         0 | 6257.2380 |         0 |         0 |         0 |         0 |         0 |         0 |         0 |         0 |         0 |         0 |         0 |         0 |         0 |
|             Power [W]             |   67.1444 |         0 |         0 |         0 |         0 |         0 |         0 |         0 |         0 |         0 |         0 |         0 |         0 |         0 |   70.5450 |         0 |         0 |         0 |         0 |         0 |         0 |         0 |         0 |         0 |         0 |         0 |         0 |         0 |
|          Energy DRAM [J]          |  749.5107 |         0 |         0 |         0 |         0 |         0 |         0 |         0 |         0 |         0 |         0 |         0 |         0 |         0 |  753.3382 |         0 |         0 |         0 |         0 |         0 |         0 |         0 |         0 |         0 |         0 |         0 |         0 |         0 |
|           Power DRAM [W]          |    8.4501 |         0 |         0 |         0 |         0 |         0 |         0 |         0 |         0 |         0 |         0 |         0 |         0 |         0 |    8.4932 |         0 |         0 |         0 |         0 |         0 |         0 |         0 |         0 |         0 |         0 |         0 |         0 |         0 |
|            DP [MFLOP/s]           | 1029.1878 | 1028.9407 | 1035.1760 | 1038.2016 | 1029.5269 | 1023.0392 | 1022.5756 | 1019.4754 | 1016.9327 | 1018.1412 | 1017.8554 | 1013.4319 | 1009.6342 | 1007.5305 | 1005.4728 | 1005.5521 | 1004.6226 | 1008.1360 | 1007.9399 | 1006.5946 | 1005.6907 | 1005.5500 | 1006.5022 | 1011.7850 | 1013.1591 | 1008.2147 | 1002.3229 |  997.9622 |
|          AVX DP [MFLOP/s]         |    0.9940 |         0 |         0 |         0 |         0 |         0 |         0 |         0 |         0 |         0 |         0 |         0 |         0 |         0 |         0 |         0 |         0 |         0 |         0 |         0 |         0 |         0 |         0 |         0 |         0 |         0 |         0 |         0 |
|          Packed [MUOPS/s]         |    0.1387 |         0 |         0 |         0 |         0 |         0 |         0 |         0 |         0 |         0 |         0 |         0 |         0 |         0 |         0 |         0 |         0 |         0 |         0 |         0 |         0 |         0 |         0 |         0 |         0 |         0 |         0 |         0 |
|          Scalar [MUOPS/s]         | 1028.1777 | 1028.9407 | 1035.1760 | 1038.2016 | 1029.5269 | 1023.0392 | 1022.5756 | 1019.4754 | 1016.9327 | 1018.1412 | 1017.8554 | 1013.4319 | 1009.6342 | 1007.5305 | 1005.4728 | 1005.5521 | 1004.6226 | 1008.1360 | 1007.9399 | 1006.5946 | 1005.6907 | 1005.5500 | 1006.5022 | 1011.7850 | 1013.1591 | 1008.2147 | 1002.3229 |  997.9622 |
|  Memory read bandwidth [MBytes/s] | 5833.2984 |         0 |         0 |         0 |         0 |         0 |         0 |         0 |         0 |         0 |         0 |         0 |         0 |         0 | 5848.3858 |         0 |         0 |         0 |         0 |         0 |         0 |         0 |         0 |         0 |         0 |         0 |         0 |         0 |
|  Memory read data volume [GBytes] |  517.4050 |         0 |         0 |         0 |         0 |         0 |         0 |         0 |         0 |         0 |         0 |         0 |         0 |         0 |  518.7432 |         0 |         0 |         0 |         0 |         0 |         0 |         0 |         0 |         0 |         0 |         0 |         0 |         0 |
| Memory write bandwidth [MBytes/s] | 3362.4107 |         0 |         0 |         0 |         0 |         0 |         0 |         0 |         0 |         0 |         0 |         0 |         0 |         0 | 3286.7002 |         0 |         0 |         0 |         0 |         0 |         0 |         0 |         0 |         0 |         0 |         0 |         0 |         0 |
| Memory write data volume [GBytes] |  298.2409 |         0 |         0 |         0 |         0 |         0 |         0 |         0 |         0 |         0 |         0 |         0 |         0 |         0 |  291.5254 |         0 |         0 |         0 |         0 |         0 |         0 |         0 |         0 |         0 |         0 |         0 |         0 |         0 |
|    Memory bandwidth [MBytes/s]    | 9195.7091 |         0 |         0 |         0 |         0 |         0 |         0 |         0 |         0 |         0 |         0 |         0 |         0 |         0 | 9135.0861 |         0 |         0 |         0 |         0 |         0 |         0 |         0 |         0 |         0 |         0 |         0 |         0 |         0 |
|    Memory data volume [GBytes]    |  815.6459 |         0 |         0 |         0 |         0 |         0 |         0 |         0 |         0 |         0 |         0 |         0 |         0 |         0 |  810.2686 |         0 |         0 |         0 |         0 |         0 |         0 |         0 |         0 |         0 |         0 |         0 |         0 |         0 |
|       Operational intensity       |    0.1119 |    0.1119 |    0.1126 |    0.1129 |    0.1120 |    0.1113 |    0.1112 |    0.1109 |    0.1106 |    0.1107 |    0.1107 |    0.1102 |    0.1098 |    0.1096 |    0.1101 |    0.1101 |    0.1100 |    0.1104 |    0.1103 |    0.1102 |    0.1101 |    0.1101 |    0.1102 |    0.1108 |    0.1109 |    0.1104 |    0.1097 |    0.1092 |
+-----------------------------------+-----------+-----------+-----------+-----------+-----------+-----------+-----------+-----------+-----------+-----------+-----------+-----------+-----------+-----------+-----------+-----------+-----------+-----------+-----------+-----------+-----------+-----------+-----------+-----------+-----------+-----------+-----------+-----------+
+----------------------------------------+------------+-----------+-----------+-----------+
|                 Metric                 |     Sum    |    Min    |    Max    |    Avg    |
+----------------------------------------+------------+-----------+-----------+-----------+
|        Runtime (RDTSC) [s] STAT        |  2483.5866 |   88.6985 |   88.6996 |   88.6995 |
|        Runtime unhalted [s] STAT       |  1752.7363 |   59.9922 |   62.8313 |   62.5977 |
|            Clock [MHz] STAT            | 53070.3586 | 1895.2963 | 1895.4398 | 1895.3700 |
|                CPI STAT                |    15.0029 |    0.5085 |    0.5424 |    0.5358 |
|             Energy [J] STAT            | 12212.8450 |         0 | 6257.2380 |  436.1730 |
|             Power [W] STAT             |   137.6894 |         0 |   70.5450 |    4.9175 |
|          Energy DRAM [J] STAT          |  1502.8489 |         0 |  753.3382 |   53.6732 |
|           Power DRAM [W] STAT          |    16.9433 |         0 |    8.4932 |    0.6051 |
|            DP [MFLOP/s] STAT           | 28399.1539 |  997.9622 | 1038.2016 | 1014.2555 |
|          AVX DP [MFLOP/s] STAT         |     0.9940 |         0 |    0.9940 |    0.0355 |
|          Packed [MUOPS/s] STAT         |     0.1387 |         0 |    0.1387 |    0.0050 |
|          Scalar [MUOPS/s] STAT         | 28398.1438 |  997.9622 | 1038.2016 | 1014.2194 |
|  Memory read bandwidth [MBytes/s] STAT | 11681.6842 |         0 | 5848.3858 |  417.2030 |
|  Memory read data volume [GBytes] STAT |  1036.1482 |         0 |  518.7432 |   37.0053 |
| Memory write bandwidth [MBytes/s] STAT |  6649.1109 |         0 | 3362.4107 |  237.4682 |
| Memory write data volume [GBytes] STAT |   589.7663 |         0 |  298.2409 |   21.0631 |
|    Memory bandwidth [MBytes/s] STAT    | 18330.7952 |         0 | 9195.7091 |  654.6713 |
|    Memory data volume [GBytes] STAT    |  1625.9145 |         0 |  815.6459 |   58.0684 |
|       Operational intensity STAT       |     3.0988 |    0.1092 |    0.1129 |    0.1107 |
+----------------------------------------+------------+-----------+-----------+-----------+
