--------------------------------------------------------------------------------
CPU name:	Intel(R) Xeon(R) Gold 6132 CPU @ 2.60GHz
CPU type:	Intel Skylake SP processor
CPU clock:	2.59 GHz
--------------------------------------------------------------------------------
Region Setup, Group 1: MEM_DP
+-------------------+----------+----------+----------+----------+----------+----------+----------+----------+----------+----------+----------+----------+----------+----------+----------+----------+----------+----------+----------+----------+----------+----------+----------+
|    Region Info    |  Core 0  |  Core 1  |  Core 2  |  Core 3  |  Core 4  |  Core 5  |  Core 14 |  Core 15 |  Core 16 |  Core 17 |  Core 18 |  Core 19 |  Core 28 |  Core 29 |  Core 30 |  Core 31 |  Core 32 |  Core 33 |  Core 42 |  Core 43 |  Core 44 |  Core 45 |  Core 46 |
+-------------------+----------+----------+----------+----------+----------+----------+----------+----------+----------+----------+----------+----------+----------+----------+----------+----------+----------+----------+----------+----------+----------+----------+----------+
| RDTSC Runtime [s] | 3.401623 | 3.406257 | 3.406226 | 3.406227 | 3.406223 | 3.406278 | 3.401570 | 3.406181 | 3.406261 | 3.406274 | 3.406256 | 3.406236 | 3.401570 | 3.406208 | 3.406227 | 3.406225 | 3.406227 | 3.406235 | 3.401552 | 3.406195 | 3.406240 | 3.406191 | 3.406219 |
|     call count    |        2 |        2 |        2 |        2 |        2 |        2 |        2 |        2 |        2 |        2 |        2 |        2 |        2 |        2 |        2 |        2 |        2 |        2 |        2 |        2 |        2 |        2 |        2 |
+-------------------+----------+----------+----------+----------+----------+----------+----------+----------+----------+----------+----------+----------+----------+----------+----------+----------+----------+----------+----------+----------+----------+----------+----------+
+------------------------------------------+---------+------------+------------+------------+------------+------------+------------+------------+------------+------------+------------+------------+------------+------------+------------+------------+------------+------------+------------+------------+------------+------------+------------+------------+
|                   Event                  | Counter |   Core 0   |   Core 1   |   Core 2   |   Core 3   |   Core 4   |   Core 5   |   Core 14  |   Core 15  |   Core 16  |   Core 17  |   Core 18  |   Core 19  |   Core 28  |   Core 29  |   Core 30  |   Core 31  |   Core 32  |   Core 33  |   Core 42  |   Core 43  |   Core 44  |   Core 45  |   Core 46  |
+------------------------------------------+---------+------------+------------+------------+------------+------------+------------+------------+------------+------------+------------+------------+------------+------------+------------+------------+------------+------------+------------+------------+------------+------------+------------+------------+
|             INSTR_RETIRED_ANY            |  FIXC0  | 3534977000 | 1715164000 | 1713315000 | 1708872000 | 1703660000 | 1703523000 | 1700132000 | 1700532000 | 1697434000 | 1696744000 | 1694125000 | 1694439000 | 1693892000 | 1691647000 | 1689335000 | 1688635000 | 1679006000 | 1677993000 | 1676021000 | 1674999000 | 1674346000 | 1675139000 | 1674677000 |
|           CPU_CLK_UNHALTED_CORE          |  FIXC1  | 2023822000 | 1230482000 | 1222540000 | 1236109000 | 1219357000 | 1208591000 | 1151956000 | 1149489000 | 1156285000 | 1156504000 | 1160921000 | 1154984000 | 1157230000 | 1157421000 | 1149961000 | 1151925000 | 1158797000 | 1152991000 | 1152892000 | 1154984000 | 1151026000 | 1157529000 | 1162304000 |
|           CPU_CLK_UNHALTED_REF           |  FIXC2  | 2772185000 | 1686034000 | 1675610000 | 1693772000 | 1670844000 | 1656132000 | 1578429000 | 1575237000 | 1584476000 | 1584628000 | 1590799000 | 1582476000 | 1585695000 | 1585884000 | 1575452000 | 1578192000 | 1587545000 | 1579512000 | 1580306000 | 1583112000 | 1577957000 | 1586780000 | 1593125000 |
|              PWR_PKG_ENERGY              |   PWR0  |   117.1460 |          0 |          0 |          0 |          0 |          0 |    99.7783 |          0 |          0 |          0 |          0 |          0 |   107.0025 |          0 |          0 |          0 |          0 |          0 |   101.2022 |          0 |          0 |          0 |          0 |
|              PWR_DRAM_ENERGY             |   PWR3  |    16.3681 |          0 |          0 |          0 |          0 |          0 |    14.2090 |          0 |          0 |          0 |          0 |          0 |    10.5439 |          0 |          0 |          0 |          0 |          0 |    11.9198 |          0 |          0 |          0 |          0 |
| FP_ARITH_INST_RETIRED_128B_PACKED_DOUBLE |   PMC0  |     761098 |          0 |          0 |          0 |          0 |          0 |          0 |          0 |          0 |          0 |          0 |          0 |          0 |          0 |          0 |          0 |          0 |          0 |          0 |          0 |          0 |          0 |          0 |
|    FP_ARITH_INST_RETIRED_SCALAR_DOUBLE   |   PMC1  |  638973300 |  494866900 |  494628300 |  493023000 |  491697800 |  491807000 |  491685900 |  491808100 |  490763300 |  490540600 |  489733500 |  489853800 |  489730500 |  488975000 |  488416100 |  488108700 |  486206700 |  485951100 |  485440600 |  485046900 |  484973200 |  485046900 |  484655800 |
| FP_ARITH_INST_RETIRED_256B_PACKED_DOUBLE |   PMC2  |     402100 |          0 |          0 |          0 |          0 |          0 |          0 |          0 |          0 |          0 |          0 |          0 |          0 |          0 |          0 |          0 |          0 |          0 |          0 |          0 |          0 |          0 |          0 |
| FP_ARITH_INST_RETIRED_512B_PACKED_DOUBLE |   PMC3  |    8148557 |          0 |          0 |          0 |          0 |          0 |          0 |          0 |          0 |          0 |          0 |          0 |          0 |          0 |          0 |          0 |          0 |          0 |          0 |          0 |          0 |          0 |          0 |
|               CAS_COUNT_RD               | MBOX0C0 |    3831041 |          0 |          0 |          0 |          0 |          0 |    1923113 |          0 |          0 |          0 |          0 |          0 |    1867312 |          0 |          0 |          0 |          0 |          0 |    1697156 |          0 |          0 |          0 |          0 |
|               CAS_COUNT_WR               | MBOX0C1 |    8182700 |          0 |          0 |          0 |          0 |          0 |    2433295 |          0 |          0 |          0 |          0 |          0 |    2411510 |          0 |          0 |          0 |          0 |          0 |    2079503 |          0 |          0 |          0 |          0 |
|               CAS_COUNT_RD               | MBOX1C0 |    7212735 |          0 |          0 |          0 |          0 |          0 |    1898915 |          0 |          0 |          0 |          0 |          0 |    1866478 |          0 |          0 |          0 |          0 |          0 |    1687953 |          0 |          0 |          0 |          0 |
|               CAS_COUNT_WR               | MBOX1C1 |   10826500 |          0 |          0 |          0 |          0 |          0 |    2409812 |          0 |          0 |          0 |          0 |          0 |    2411218 |          0 |          0 |          0 |          0 |          0 |    2080908 |          0 |          0 |          0 |          0 |
|               CAS_COUNT_RD               | MBOX2C0 |    4873667 |          0 |          0 |          0 |          0 |          0 |    1880198 |          0 |          0 |          0 |          0 |          0 |    1878493 |          0 |          0 |          0 |          0 |          0 |    1667233 |          0 |          0 |          0 |          0 |
|               CAS_COUNT_WR               | MBOX2C1 |    8385931 |          0 |          0 |          0 |          0 |          0 |    2400954 |          0 |          0 |          0 |          0 |          0 |    2427471 |          0 |          0 |          0 |          0 |          0 |    2090834 |          0 |          0 |          0 |          0 |
|               CAS_COUNT_RD               | MBOX3C0 |    4850915 |          0 |          0 |          0 |          0 |          0 |    1748745 |          0 |          0 |          0 |          0 |          0 |    1681504 |          0 |          0 |          0 |          0 |          0 |    1458268 |          0 |          0 |          0 |          0 |
|               CAS_COUNT_WR               | MBOX3C1 |    7864164 |          0 |          0 |          0 |          0 |          0 |    2281646 |          0 |          0 |          0 |          0 |          0 |    2254895 |          0 |          0 |          0 |          0 |          0 |    1898179 |          0 |          0 |          0 |          0 |
|               CAS_COUNT_RD               | MBOX4C0 |    3282375 |          0 |          0 |          0 |          0 |          0 |    1703823 |          0 |          0 |          0 |          0 |          0 |    1690533 |          0 |          0 |          0 |          0 |          0 |    1762163 |          0 |          0 |          0 |          0 |
|               CAS_COUNT_WR               | MBOX4C1 |    7764143 |          0 |          0 |          0 |          0 |          0 |    2244989 |          0 |          0 |          0 |          0 |          0 |    2264153 |          0 |          0 |          0 |          0 |          0 |    2148111 |          0 |          0 |          0 |          0 |
|               CAS_COUNT_RD               | MBOX5C0 |    3285187 |          0 |          0 |          0 |          0 |          0 |    1698226 |          0 |          0 |          0 |          0 |          0 |    1691325 |          0 |          0 |          0 |          0 |          0 |    1799198 |          0 |          0 |          0 |          0 |
|               CAS_COUNT_WR               | MBOX5C1 |    7645970 |          0 |          0 |          0 |          0 |          0 |    2240777 |          0 |          0 |          0 |          0 |          0 |    2263218 |          0 |          0 |          0 |          0 |          0 |    2194413 |          0 |          0 |          0 |          0 |
+------------------------------------------+---------+------------+------------+------------+------------+------------+------------+------------+------------+------------+------------+------------+------------+------------+------------+------------+------------+------------+------------+------------+------------+------------+------------+------------+
+-----------------------------------------------+---------+-------------+------------+------------+--------------+
|                     Event                     | Counter |     Sum     |     Min    |     Max    |      Avg     |
+-----------------------------------------------+---------+-------------+------------+------------+--------------+
|             INSTR_RETIRED_ANY STAT            |  FIXC0  | 40758607000 | 1674346000 | 3534977000 | 1.772113e+09 |
|           CPU_CLK_UNHALTED_CORE STAT          |  FIXC1  | 27778100000 | 1149489000 | 2023822000 | 1.207743e+09 |
|           CPU_CLK_UNHALTED_REF STAT           |  FIXC2  | 38064182000 | 1575237000 | 2772185000 | 1.654964e+09 |
|              PWR_PKG_ENERGY STAT              |   PWR0  |    425.1290 |          0 |   117.1460 |      18.4839 |
|              PWR_DRAM_ENERGY STAT             |   PWR3  |     53.0408 |          0 |    16.3681 |       2.3061 |
| FP_ARITH_INST_RETIRED_128B_PACKED_DOUBLE STAT |   PMC0  |      761098 |          0 |     761098 |   33091.2174 |
|    FP_ARITH_INST_RETIRED_SCALAR_DOUBLE STAT   |   PMC1  | 11401933000 |  484655800 |  638973300 | 4.957362e+08 |
| FP_ARITH_INST_RETIRED_256B_PACKED_DOUBLE STAT |   PMC2  |      402100 |          0 |     402100 |   17482.6087 |
| FP_ARITH_INST_RETIRED_512B_PACKED_DOUBLE STAT |   PMC3  |     8148557 |          0 |    8148557 |  354285.0870 |
|               CAS_COUNT_RD STAT               | MBOX0C0 |     9318622 |          0 |    3831041 |  405157.4783 |
|               CAS_COUNT_WR STAT               | MBOX0C1 |    15107008 |          0 |    8182700 |  656826.4348 |
|               CAS_COUNT_RD STAT               | MBOX1C0 |    12666081 |          0 |    7212735 |  550699.1739 |
|               CAS_COUNT_WR STAT               | MBOX1C1 |    17728438 |          0 |   10826500 |  770801.6522 |
|               CAS_COUNT_RD STAT               | MBOX2C0 |    10299591 |          0 |    4873667 |  447808.3043 |
|               CAS_COUNT_WR STAT               | MBOX2C1 |    15305190 |          0 |    8385931 |  665443.0435 |
|               CAS_COUNT_RD STAT               | MBOX3C0 |     9739432 |          0 |    4850915 |  423453.5652 |
|               CAS_COUNT_WR STAT               | MBOX3C1 |    14298884 |          0 |    7864164 |  621690.6087 |
|               CAS_COUNT_RD STAT               | MBOX4C0 |     8438894 |          0 |    3282375 |  366908.4348 |
|               CAS_COUNT_WR STAT               | MBOX4C1 |    14421396 |          0 |    7764143 |  627017.2174 |
|               CAS_COUNT_RD STAT               | MBOX5C0 |     8473936 |          0 |    3285187 |       368432 |
|               CAS_COUNT_WR STAT               | MBOX5C1 |    14344378 |          0 |    7645970 |  623668.6087 |
+-----------------------------------------------+---------+-------------+------------+------------+--------------+
+-----------------------------------+-----------+-----------+-----------+-----------+-----------+-----------+-----------+-----------+-----------+-----------+-----------+-----------+-----------+-----------+-----------+-----------+-----------+-----------+-----------+-----------+-----------+-----------+-----------+
|               Metric              |   Core 0  |   Core 1  |   Core 2  |   Core 3  |   Core 4  |   Core 5  |  Core 14  |  Core 15  |  Core 16  |  Core 17  |  Core 18  |  Core 19  |  Core 28  |  Core 29  |  Core 30  |  Core 31  |  Core 32  |  Core 33  |  Core 42  |  Core 43  |  Core 44  |  Core 45  |  Core 46  |
+-----------------------------------+-----------+-----------+-----------+-----------+-----------+-----------+-----------+-----------+-----------+-----------+-----------+-----------+-----------+-----------+-----------+-----------+-----------+-----------+-----------+-----------+-----------+-----------+-----------+
|        Runtime (RDTSC) [s]        |    3.4016 |    3.4063 |    3.4062 |    3.4062 |    3.4062 |    3.4063 |    3.4016 |    3.4062 |    3.4063 |    3.4063 |    3.4063 |    3.4062 |    3.4016 |    3.4062 |    3.4062 |    3.4062 |    3.4062 |    3.4062 |    3.4016 |    3.4062 |    3.4062 |    3.4062 |    3.4062 |
|        Runtime unhalted [s]       |    0.7803 |    0.4744 |    0.4713 |    0.4766 |    0.4701 |    0.4660 |    0.4441 |    0.4432 |    0.4458 |    0.4459 |    0.4476 |    0.4453 |    0.4462 |    0.4462 |    0.4434 |    0.4441 |    0.4468 |    0.4445 |    0.4445 |    0.4453 |    0.4438 |    0.4463 |    0.4481 |
|            Clock [MHz]            | 1893.5720 | 1892.9566 | 1892.4388 | 1892.9256 | 1892.8957 | 1892.8497 | 1892.9649 | 1892.7386 | 1892.8271 | 1893.0040 | 1892.8625 | 1893.0869 | 1892.9178 | 1893.0046 | 1893.2574 | 1893.1982 | 1893.2721 | 1893.3666 | 1892.2528 | 1892.3264 | 1892.0024 | 1892.1122 | 1892.3506 |
|                CPI                |    0.5725 |    0.7174 |    0.7136 |    0.7233 |    0.7157 |    0.7095 |    0.6776 |    0.6760 |    0.6812 |    0.6816 |    0.6853 |    0.6816 |    0.6832 |    0.6842 |    0.6807 |    0.6822 |    0.6902 |    0.6871 |    0.6879 |    0.6895 |    0.6874 |    0.6910 |    0.6940 |
|             Energy [J]            |  117.1460 |         0 |         0 |         0 |         0 |         0 |   99.7783 |         0 |         0 |         0 |         0 |         0 |  107.0025 |         0 |         0 |         0 |         0 |         0 |  101.2022 |         0 |         0 |         0 |         0 |
|             Power [W]             |   34.4383 |         0 |         0 |         0 |         0 |         0 |   29.3330 |         0 |         0 |         0 |         0 |         0 |   31.4568 |         0 |         0 |         0 |         0 |         0 |   29.7518 |         0 |         0 |         0 |         0 |
|          Energy DRAM [J]          |   16.3681 |         0 |         0 |         0 |         0 |         0 |   14.2090 |         0 |         0 |         0 |         0 |         0 |   10.5439 |         0 |         0 |         0 |         0 |         0 |   11.9198 |         0 |         0 |         0 |         0 |
|           Power DRAM [W]          |    4.8119 |         0 |         0 |         0 |         0 |         0 |    4.1772 |         0 |         0 |         0 |         0 |         0 |    3.0997 |         0 |         0 |         0 |         0 |         0 |    3.5042 |         0 |         0 |         0 |         0 |
|            DP [MFLOP/s]           |  207.9279 |  145.2817 |  145.2130 |  144.7417 |  144.3528 |  144.3825 |  144.5468 |  144.3870 |  144.0768 |  144.0109 |  143.7747 |  143.8109 |  143.9719 |  143.5541 |  143.3892 |  143.2990 |  142.7405 |  142.6652 |  142.7115 |  142.4014 |  142.3779 |  142.4016 |  142.2856 |
|          AVX DP [MFLOP/s]         |   19.6368 |         0 |         0 |         0 |         0 |         0 |         0 |         0 |         0 |         0 |         0 |         0 |         0 |         0 |         0 |         0 |         0 |         0 |         0 |         0 |         0 |         0 |         0 |
|          Packed [MUOPS/s]         |    2.7374 |         0 |         0 |         0 |         0 |         0 |         0 |         0 |         0 |         0 |         0 |         0 |         0 |         0 |         0 |         0 |         0 |         0 |         0 |         0 |         0 |         0 |         0 |
|          Scalar [MUOPS/s]         |  187.8437 |  145.2817 |  145.2130 |  144.7417 |  144.3528 |  144.3825 |  144.5468 |  144.3870 |  144.0768 |  144.0109 |  143.7747 |  143.8109 |  143.9719 |  143.5541 |  143.3892 |  143.2990 |  142.7405 |  142.6652 |  142.7115 |  142.4014 |  142.3779 |  142.4016 |  142.2856 |
|  Memory read bandwidth [MBytes/s] |  514.3130 |         0 |         0 |         0 |         0 |         0 |  204.1978 |         0 |         0 |         0 |         0 |         0 |  200.8606 |         0 |         0 |         0 |         0 |         0 |  189.5035 |         0 |         0 |         0 |         0 |
|  Memory read data volume [GBytes] |    1.7495 |         0 |         0 |         0 |         0 |         0 |    0.6946 |         0 |         0 |         0 |         0 |         0 |    0.6832 |         0 |         0 |         0 |         0 |         0 |    0.6446 |         0 |         0 |         0 |         0 |
| Memory write bandwidth [MBytes/s] |  953.3220 |         0 |         0 |         0 |         0 |         0 |  263.6236 |         0 |         0 |         0 |         0 |         0 |  264.0186 |         0 |         0 |         0 |         0 |         0 |  235.0353 |         0 |         0 |         0 |         0 |
| Memory write data volume [GBytes] |    3.2428 |         0 |         0 |         0 |         0 |         0 |    0.8967 |         0 |         0 |         0 |         0 |         0 |    0.8981 |         0 |         0 |         0 |         0 |         0 |    0.7995 |         0 |         0 |         0 |         0 |
|    Memory bandwidth [MBytes/s]    | 1467.6350 |         0 |         0 |         0 |         0 |         0 |  467.8215 |         0 |         0 |         0 |         0 |         0 |  464.8792 |         0 |         0 |         0 |         0 |         0 |  424.5388 |         0 |         0 |         0 |         0 |
|    Memory data volume [GBytes]    |    4.9923 |         0 |         0 |         0 |         0 |         0 |    1.5913 |         0 |         0 |         0 |         0 |         0 |    1.5813 |         0 |         0 |         0 |         0 |         0 |    1.4441 |         0 |         0 |         0 |         0 |
|       Operational intensity       |    0.1417 |    0.0991 |    0.0991 |    0.0988 |    0.0985 |    0.0985 |    0.3090 |    0.3091 |    0.3084 |    0.3083 |    0.3078 |    0.3078 |    0.3097 |    0.3092 |    0.3089 |    0.3087 |    0.3075 |    0.3073 |    0.3362 |    0.3359 |    0.3358 |    0.3359 |    0.3356 |
+-----------------------------------+-----------+-----------+-----------+-----------+-----------+-----------+-----------+-----------+-----------+-----------+-----------+-----------+-----------+-----------+-----------+-----------+-----------+-----------+-----------+-----------+-----------+-----------+-----------+
+----------------------------------------+------------+-----------+-----------+-----------+
|                 Metric                 |     Sum    |    Min    |    Max    |    Avg    |
+----------------------------------------+------------+-----------+-----------+-----------+
|        Runtime (RDTSC) [s] STAT        |    78.3247 |    3.4016 |    3.4063 |    3.4054 |
|        Runtime unhalted [s] STAT       |    10.7098 |    0.4432 |    0.7803 |    0.4656 |
|            Clock [MHz] STAT            | 43535.1835 | 1892.0024 | 1893.5720 | 1892.8341 |
|                CPI STAT                |    15.7927 |    0.5725 |    0.7233 |    0.6866 |
|             Energy [J] STAT            |   425.1290 |         0 |  117.1460 |   18.4839 |
|             Power [W] STAT             |   124.9799 |         0 |   34.4383 |    5.4339 |
|          Energy DRAM [J] STAT          |    53.0408 |         0 |   16.3681 |    2.3061 |
|           Power DRAM [W] STAT          |    15.5930 |         0 |    4.8119 |    0.6780 |
|            DP [MFLOP/s] STAT           |  3368.3046 |  142.2856 |  207.9279 |  146.4480 |
|          AVX DP [MFLOP/s] STAT         |    19.6368 |         0 |   19.6368 |    0.8538 |
|          Packed [MUOPS/s] STAT         |     2.7374 |         0 |    2.7374 |    0.1190 |
|          Scalar [MUOPS/s] STAT         |  3348.2204 |  142.2856 |  187.8437 |  145.5748 |
|  Memory read bandwidth [MBytes/s] STAT |  1108.8749 |         0 |  514.3130 |   48.2120 |
|  Memory read data volume [GBytes] STAT |     3.7719 |         0 |    1.7495 |    0.1640 |
| Memory write bandwidth [MBytes/s] STAT |  1715.9995 |         0 |  953.3220 |   74.6087 |
| Memory write data volume [GBytes] STAT |     5.8371 |         0 |    3.2428 |    0.2538 |
|    Memory bandwidth [MBytes/s] STAT    |  2824.8745 |         0 | 1467.6350 |  122.8206 |
|    Memory data volume [GBytes] STAT    |     9.6090 |         0 |    4.9923 |    0.4178 |
|       Operational intensity STAT       |     6.0168 |    0.0985 |    0.3362 |    0.2616 |
+----------------------------------------+------------+-----------+-----------+-----------+
--------------------------------------------------------------------------------
CPU name:	Intel(R) Xeon(R) Gold 6132 CPU @ 2.60GHz
CPU type:	Intel Skylake SP processor
CPU clock:	2.59 GHz
--------------------------------------------------------------------------------
Region Solve, Group 1: MEM_DP
+-------------------+------------+------------+------------+------------+------------+------------+------------+------------+------------+------------+------------+------------+------------+------------+------------+------------+------------+------------+------------+------------+------------+------------+------------+
|    Region Info    |   Core 0   |   Core 1   |   Core 2   |   Core 3   |   Core 4   |   Core 5   |   Core 14  |   Core 15  |   Core 16  |   Core 17  |   Core 18  |   Core 19  |   Core 28  |   Core 29  |   Core 30  |   Core 31  |   Core 32  |   Core 33  |   Core 42  |   Core 43  |   Core 44  |   Core 45  |   Core 46  |
+-------------------+------------+------------+------------+------------+------------+------------+------------+------------+------------+------------+------------+------------+------------+------------+------------+------------+------------+------------+------------+------------+------------+------------+------------+
| RDTSC Runtime [s] | 102.550000 | 102.552500 | 102.552500 | 102.552500 | 102.552500 | 102.552500 | 102.550000 | 102.552500 | 102.552500 | 102.552500 | 102.552500 | 102.552500 | 102.550000 | 102.552500 | 102.552500 | 102.552500 | 102.552500 | 102.552500 | 102.550000 | 102.552500 | 102.552500 | 102.552500 | 102.552500 |
|     call count    |          1 |          1 |          1 |          1 |          1 |          1 |          1 |          1 |          1 |          1 |          1 |          1 |          1 |          1 |          1 |          1 |          1 |          1 |          1 |          1 |          1 |          1 |          1 |
+-------------------+------------+------------+------------+------------+------------+------------+------------+------------+------------+------------+------------+------------+------------+------------+------------+------------+------------+------------+------------+------------+------------+------------+------------+
+------------------------------------------+---------+--------------+--------------+--------------+--------------+--------------+--------------+--------------+--------------+--------------+--------------+--------------+--------------+--------------+--------------+--------------+--------------+--------------+--------------+--------------+--------------+--------------+--------------+--------------+
|                   Event                  | Counter |    Core 0    |    Core 1    |    Core 2    |    Core 3    |    Core 4    |    Core 5    |    Core 14   |    Core 15   |    Core 16   |    Core 17   |    Core 18   |    Core 19   |    Core 28   |    Core 29   |    Core 30   |    Core 31   |    Core 32   |    Core 33   |    Core 42   |    Core 43   |    Core 44   |    Core 45   |    Core 46   |
+------------------------------------------+---------+--------------+--------------+--------------+--------------+--------------+--------------+--------------+--------------+--------------+--------------+--------------+--------------+--------------+--------------+--------------+--------------+--------------+--------------+--------------+--------------+--------------+--------------+--------------+
|             INSTR_RETIRED_ANY            |  FIXC0  | 374200100000 | 373147600000 | 373501500000 | 372543800000 | 370794800000 | 370326800000 | 368742200000 | 369094700000 | 368674800000 | 367613700000 | 366997400000 | 366412100000 | 366757900000 | 366536000000 | 366768200000 | 366025200000 | 364776700000 | 365817700000 | 366064700000 | 367079200000 | 367293100000 | 366496000000 | 373048900000 |
|           CPU_CLK_UNHALTED_CORE          |  FIXC1  | 186822800000 | 187328100000 | 187311000000 | 187396700000 | 187548700000 | 188741000000 | 188461800000 | 188465200000 | 188467400000 | 188456600000 | 188497900000 | 188397100000 | 188256100000 | 188470000000 | 188483700000 | 188505400000 | 188504000000 | 188290000000 | 188291900000 | 187853300000 | 187089500000 | 186957200000 | 180276200000 |
|           CPU_CLK_UNHALTED_REF           |  FIXC2  | 255673100000 | 256364700000 | 256341500000 | 256458900000 | 256666600000 | 258298300000 | 257914300000 | 257919100000 | 257922300000 | 257907300000 | 257964300000 | 257826400000 | 257631700000 | 257924900000 | 257943500000 | 257973200000 | 257971100000 | 257678300000 | 257663100000 | 257063200000 | 256017800000 | 255836900000 | 246694600000 |
|              PWR_PKG_ENERGY              |   PWR0  |    5079.4810 |            0 |            0 |            0 |            0 |            0 |    4546.3260 |            0 |            0 |            0 |            0 |            0 |    4900.2890 |            0 |            0 |            0 |            0 |            0 |    4404.2360 |            0 |            0 |            0 |            0 |
|              PWR_DRAM_ENERGY             |   PWR3  |     639.6645 |            0 |            0 |            0 |            0 |            0 |     656.7492 |            0 |            0 |            0 |            0 |            0 |     551.2271 |            0 |            0 |            0 |            0 |            0 |     557.4036 |            0 |            0 |            0 |            0 |
| FP_ARITH_INST_RETIRED_128B_PACKED_DOUBLE |   PMC0  |       714138 |            0 |            0 |            0 |            0 |            0 |            0 |            0 |            0 |            0 |            0 |            0 |            0 |            0 |            0 |            0 |            0 |            0 |            0 |            0 |            0 |            0 |            0 |
|    FP_ARITH_INST_RETIRED_SCALAR_DOUBLE   |   PMC1  | 111069800000 | 111160300000 | 111719600000 | 111265100000 | 110374800000 | 110204300000 | 109788300000 | 109872100000 | 109643900000 | 108931600000 | 108593000000 | 108507500000 | 108471900000 | 108565300000 | 109014000000 | 108881600000 | 108491400000 | 108761300000 | 108869900000 | 109524400000 | 109723200000 | 109042500000 | 108424900000 |
| FP_ARITH_INST_RETIRED_256B_PACKED_DOUBLE |   PMC2  |      1138324 |            0 |            0 |            0 |            0 |            0 |            0 |            0 |            0 |            0 |            0 |            0 |            0 |            0 |            0 |            0 |            0 |            0 |            0 |            0 |            0 |            0 |            0 |
| FP_ARITH_INST_RETIRED_512B_PACKED_DOUBLE |   PMC3  |     10452010 |            0 |            0 |            0 |            0 |            0 |            0 |            0 |            0 |            0 |            0 |            0 |            0 |            0 |            0 |            0 |            0 |            0 |            0 |            0 |            0 |            0 |            0 |
|               CAS_COUNT_RD               | MBOX0C0 |    682869300 |            0 |            0 |            0 |            0 |            0 |    696285500 |            0 |            0 |            0 |            0 |            0 |    686965600 |            0 |            0 |            0 |            0 |            0 |    556518500 |            0 |            0 |            0 |            0 |
|               CAS_COUNT_WR               | MBOX0C1 |    461549600 |            0 |            0 |            0 |            0 |            0 |    426310300 |            0 |            0 |            0 |            0 |            0 |    399731500 |            0 |            0 |            0 |            0 |            0 |    305896400 |            0 |            0 |            0 |            0 |
|               CAS_COUNT_RD               | MBOX1C0 |    691041400 |            0 |            0 |            0 |            0 |            0 |    696012600 |            0 |            0 |            0 |            0 |            0 |    687241400 |            0 |            0 |            0 |            0 |            0 |    556598000 |            0 |            0 |            0 |            0 |
|               CAS_COUNT_WR               | MBOX1C1 |    467517600 |            0 |            0 |            0 |            0 |            0 |    425829700 |            0 |            0 |            0 |            0 |            0 |    399894900 |            0 |            0 |            0 |            0 |            0 |    305959100 |            0 |            0 |            0 |            0 |
|               CAS_COUNT_RD               | MBOX2C0 |    689643100 |            0 |            0 |            0 |            0 |            0 |    696002600 |            0 |            0 |            0 |            0 |            0 |    686859600 |            0 |            0 |            0 |            0 |            0 |    555922200 |            0 |            0 |            0 |            0 |
|               CAS_COUNT_WR               | MBOX2C1 |    462323800 |            0 |            0 |            0 |            0 |            0 |    425965700 |            0 |            0 |            0 |            0 |            0 |    399743500 |            0 |            0 |            0 |            0 |            0 |    305558800 |            0 |            0 |            0 |            0 |
|               CAS_COUNT_RD               | MBOX3C0 |    695579200 |            0 |            0 |            0 |            0 |            0 |    693690600 |            0 |            0 |            0 |            0 |            0 |    684648900 |            0 |            0 |            0 |            0 |            0 |    554001800 |            0 |            0 |            0 |            0 |
|               CAS_COUNT_WR               | MBOX3C1 |    462823200 |            0 |            0 |            0 |            0 |            0 |    424428300 |            0 |            0 |            0 |            0 |            0 |    398262300 |            0 |            0 |            0 |            0 |            0 |    304275100 |            0 |            0 |            0 |            0 |
|               CAS_COUNT_RD               | MBOX4C0 |    682303000 |            0 |            0 |            0 |            0 |            0 |    693949200 |            0 |            0 |            0 |            0 |            0 |    684718800 |            0 |            0 |            0 |            0 |            0 |    556730100 |            0 |            0 |            0 |            0 |
|               CAS_COUNT_WR               | MBOX4C1 |    461854500 |            0 |            0 |            0 |            0 |            0 |    424661600 |            0 |            0 |            0 |            0 |            0 |    398165600 |            0 |            0 |            0 |            0 |            0 |    306781700 |            0 |            0 |            0 |            0 |
|               CAS_COUNT_RD               | MBOX5C0 |    681647500 |            0 |            0 |            0 |            0 |            0 |    693676900 |            0 |            0 |            0 |            0 |            0 |    684929600 |            0 |            0 |            0 |            0 |            0 |    556783600 |            0 |            0 |            0 |            0 |
|               CAS_COUNT_WR               | MBOX5C1 |    460707500 |            0 |            0 |            0 |            0 |            0 |    424354000 |            0 |            0 |            0 |            0 |            0 |    398278100 |            0 |            0 |            0 |            0 |            0 |    306662700 |            0 |            0 |            0 |            0 |
+------------------------------------------+---------+--------------+--------------+--------------+--------------+--------------+--------------+--------------+--------------+--------------+--------------+--------------+--------------+--------------+--------------+--------------+--------------+--------------+--------------+--------------+--------------+--------------+--------------+--------------+
+-----------------------------------------------+---------+---------------+--------------+--------------+--------------+
|                     Event                     | Counter |      Sum      |      Min     |      Max     |      Avg     |
+-----------------------------------------------+---------+---------------+--------------+--------------+--------------+
|             INSTR_RETIRED_ANY STAT            |  FIXC0  | 8478713100000 | 364776700000 | 374200100000 | 368639700000 |
|           CPU_CLK_UNHALTED_CORE STAT          |  FIXC1  | 4316871600000 | 180276200000 | 188741000000 | 1.876901e+11 |
|           CPU_CLK_UNHALTED_REF STAT           |  FIXC2  | 5907655100000 | 246694600000 | 258298300000 | 2.568546e+11 |
|              PWR_PKG_ENERGY STAT              |   PWR0  |    18930.3320 |            0 |    5079.4810 |     823.0579 |
|              PWR_DRAM_ENERGY STAT             |   PWR3  |     2405.0444 |            0 |     656.7492 |     104.5671 |
| FP_ARITH_INST_RETIRED_128B_PACKED_DOUBLE STAT |   PMC0  |        714138 |            0 |       714138 |   31049.4783 |
|    FP_ARITH_INST_RETIRED_SCALAR_DOUBLE STAT   |   PMC1  | 2518900700000 | 108424900000 | 111719600000 | 1.095174e+11 |
| FP_ARITH_INST_RETIRED_256B_PACKED_DOUBLE STAT |   PMC2  |       1138324 |            0 |      1138324 |   49492.3478 |
| FP_ARITH_INST_RETIRED_512B_PACKED_DOUBLE STAT |   PMC3  |      10452010 |            0 |     10452010 |  454435.2174 |
|               CAS_COUNT_RD STAT               | MBOX0C0 |    2622638900 |            0 |    696285500 | 1.140278e+08 |
|               CAS_COUNT_WR STAT               | MBOX0C1 |    1593487800 |            0 |    461549600 | 6.928208e+07 |
|               CAS_COUNT_RD STAT               | MBOX1C0 |    2630893400 |            0 |    696012600 | 1.143867e+08 |
|               CAS_COUNT_WR STAT               | MBOX1C1 |    1599201300 |            0 |    467517600 | 6.953049e+07 |
|               CAS_COUNT_RD STAT               | MBOX2C0 |    2628427500 |            0 |    696002600 | 1.142795e+08 |
|               CAS_COUNT_WR STAT               | MBOX2C1 |    1593591800 |            0 |    462323800 |     69286600 |
|               CAS_COUNT_RD STAT               | MBOX3C0 |    2627920500 |            0 |    695579200 | 1.142574e+08 |
|               CAS_COUNT_WR STAT               | MBOX3C1 |    1589788900 |            0 |    462823200 | 6.912126e+07 |
|               CAS_COUNT_RD STAT               | MBOX4C0 |    2617701100 |            0 |    693949200 | 1.138131e+08 |
|               CAS_COUNT_WR STAT               | MBOX4C1 |    1591463400 |            0 |    461854500 | 6.919406e+07 |
|               CAS_COUNT_RD STAT               | MBOX5C0 |    2617037600 |            0 |    693676900 | 1.137842e+08 |
|               CAS_COUNT_WR STAT               | MBOX5C1 |    1590002300 |            0 |    460707500 | 6.913053e+07 |
+-----------------------------------------------+---------+---------------+--------------+--------------+--------------+
+-----------------------------------+-----------+-----------+-----------+-----------+-----------+-----------+-----------+-----------+-----------+-----------+-----------+-----------+-----------+-----------+-----------+-----------+-----------+-----------+-----------+-----------+-----------+-----------+-----------+
|               Metric              |   Core 0  |   Core 1  |   Core 2  |   Core 3  |   Core 4  |   Core 5  |  Core 14  |  Core 15  |  Core 16  |  Core 17  |  Core 18  |  Core 19  |  Core 28  |  Core 29  |  Core 30  |  Core 31  |  Core 32  |  Core 33  |  Core 42  |  Core 43  |  Core 44  |  Core 45  |  Core 46  |
+-----------------------------------+-----------+-----------+-----------+-----------+-----------+-----------+-----------+-----------+-----------+-----------+-----------+-----------+-----------+-----------+-----------+-----------+-----------+-----------+-----------+-----------+-----------+-----------+-----------+
|        Runtime (RDTSC) [s]        |  102.5500 |  102.5525 |  102.5525 |  102.5525 |  102.5525 |  102.5525 |  102.5500 |  102.5525 |  102.5525 |  102.5525 |  102.5525 |  102.5525 |  102.5500 |  102.5525 |  102.5525 |  102.5525 |  102.5525 |  102.5525 |  102.5500 |  102.5525 |  102.5525 |  102.5525 |  102.5525 |
|        Runtime unhalted [s]       |   72.0275 |   72.2223 |   72.2157 |   72.2487 |   72.3073 |   72.7670 |   72.6594 |   72.6607 |   72.6615 |   72.6574 |   72.6733 |   72.6344 |   72.5801 |   72.6625 |   72.6678 |   72.6762 |   72.6756 |   72.5931 |   72.5939 |   72.4248 |   72.1303 |   72.0793 |   69.5035 |
|            Clock [MHz]            | 1895.2939 | 1895.2933 | 1895.2918 | 1895.2909 | 1895.2933 | 1895.2933 | 1895.3073 | 1895.3062 | 1895.3048 | 1895.3064 | 1895.3029 | 1895.3026 | 1895.3153 | 1895.3119 | 1895.3130 | 1895.3129 | 1895.3143 | 1895.3138 | 1895.4448 | 1895.4426 | 1895.4441 | 1895.4430 | 1895.4419 |
|                CPI                |    0.4993 |    0.5020 |    0.5015 |    0.5030 |    0.5058 |    0.5097 |    0.5111 |    0.5106 |    0.5112 |    0.5126 |    0.5136 |    0.5142 |    0.5133 |    0.5142 |    0.5139 |    0.5150 |    0.5168 |    0.5147 |    0.5144 |    0.5118 |    0.5094 |    0.5101 |    0.4833 |
|             Energy [J]            | 5079.4810 |         0 |         0 |         0 |         0 |         0 | 4546.3260 |         0 |         0 |         0 |         0 |         0 | 4900.2890 |         0 |         0 |         0 |         0 |         0 | 4404.2360 |         0 |         0 |         0 |         0 |
|             Power [W]             |   49.5318 |         0 |         0 |         0 |         0 |         0 |   44.3328 |         0 |         0 |         0 |         0 |         0 |   47.7844 |         0 |         0 |         0 |         0 |         0 |   42.9472 |         0 |         0 |         0 |         0 |
|          Energy DRAM [J]          |  639.6645 |         0 |         0 |         0 |         0 |         0 |  656.7492 |         0 |         0 |         0 |         0 |         0 |  551.2271 |         0 |         0 |         0 |         0 |         0 |  557.4036 |         0 |         0 |         0 |         0 |
|           Power DRAM [W]          |    6.2376 |         0 |         0 |         0 |         0 |         0 |    6.4042 |         0 |         0 |         0 |         0 |         0 |    5.3752 |         0 |         0 |         0 |         0 |         0 |    5.4354 |         0 |         0 |         0 |         0 |
|            DP [MFLOP/s]           | 1083.9532 | 1083.9355 | 1089.3893 | 1084.9575 | 1076.2761 | 1074.6135 | 1070.5831 | 1071.3742 | 1069.1490 | 1062.2033 | 1058.9015 | 1058.0678 | 1057.7465 | 1058.6314 | 1063.0068 | 1061.7157 | 1057.9108 | 1060.5426 | 1061.6275 | 1067.9837 | 1069.9222 | 1063.2847 | 1057.2624 |
|          AVX DP [MFLOP/s]         |    0.8598 |         0 |         0 |         0 |         0 |         0 |         0 |         0 |         0 |         0 |         0 |         0 |         0 |         0 |         0 |         0 |         0 |         0 |         0 |         0 |         0 |         0 |         0 |
|          Packed [MUOPS/s]         |    0.1200 |         0 |         0 |         0 |         0 |         0 |         0 |         0 |         0 |         0 |         0 |         0 |         0 |         0 |         0 |         0 |         0 |         0 |         0 |         0 |         0 |         0 |         0 |
|          Scalar [MUOPS/s]         | 1083.0795 | 1083.9355 | 1089.3893 | 1084.9575 | 1076.2761 | 1074.6135 | 1070.5831 | 1071.3742 | 1069.1490 | 1062.2033 | 1058.9015 | 1058.0678 | 1057.7465 | 1058.6314 | 1063.0068 | 1061.7157 | 1057.9108 | 1060.5426 | 1061.6275 | 1067.9837 | 1069.9222 | 1063.2847 | 1057.2624 |
|  Memory read bandwidth [MBytes/s] | 2573.1579 |         0 |         0 |         0 |         0 |         0 | 2602.1991 |         0 |         0 |         0 |         0 |         0 | 2568.3402 |         0 |         0 |         0 |         0 |         0 | 2082.2961 |         0 |         0 |         0 |         0 |
|  Memory read data volume [GBytes] |  263.8773 |         0 |         0 |         0 |         0 |         0 |  266.8555 |         0 |         0 |         0 |         0 |         0 |  263.3833 |         0 |         0 |         0 |         0 |         0 |  213.5395 |         0 |         0 |         0 |         0 |
| Memory write bandwidth [MBytes/s] | 1732.9466 |         0 |         0 |         0 |         0 |         0 | 1592.3859 |         0 |         0 |         0 |         0 |         0 | 1494.1088 |         0 |         0 |         0 |         0 |         0 | 1145.2810 |         0 |         0 |         0 |         0 |
| Memory write data volume [GBytes] |  177.7137 |         0 |         0 |         0 |         0 |         0 |  163.2992 |         0 |         0 |         0 |         0 |         0 |  153.2209 |         0 |         0 |         0 |         0 |         0 |  117.4486 |         0 |         0 |         0 |         0 |
|    Memory bandwidth [MBytes/s]    | 4306.1045 |         0 |         0 |         0 |         0 |         0 | 4194.5850 |         0 |         0 |         0 |         0 |         0 | 4062.4490 |         0 |         0 |         0 |         0 |         0 | 3227.5771 |         0 |         0 |         0 |         0 |
|    Memory data volume [GBytes]    |  441.5910 |         0 |         0 |         0 |         0 |         0 |  430.1547 |         0 |         0 |         0 |         0 |         0 |  416.6041 |         0 |         0 |         0 |         0 |         0 |  330.9880 |         0 |         0 |         0 |         0 |
|       Operational intensity       |    0.2517 |    0.2517 |    0.2530 |    0.2520 |    0.2499 |    0.2496 |    0.2552 |    0.2554 |    0.2549 |    0.2532 |    0.2525 |    0.2523 |    0.2604 |    0.2606 |    0.2617 |    0.2614 |    0.2604 |    0.2611 |    0.3289 |    0.3309 |    0.3315 |    0.3294 |    0.3276 |
+-----------------------------------+-----------+-----------+-----------+-----------+-----------+-----------+-----------+-----------+-----------+-----------+-----------+-----------+-----------+-----------+-----------+-----------+-----------+-----------+-----------+-----------+-----------+-----------+-----------+
+----------------------------------------+------------+-----------+-----------+-----------+
|                 Metric                 |     Sum    |    Min    |    Max    |    Avg    |
+----------------------------------------+------------+-----------+-----------+-----------+
|        Runtime (RDTSC) [s] STAT        |  2358.6975 |  102.5500 |  102.5525 |  102.5521 |
|        Runtime unhalted [s] STAT       |  1664.3223 |   69.5035 |   72.7670 |   72.3618 |
|            Clock [MHz] STAT            | 43592.6843 | 1895.2909 | 1895.4448 | 1895.3341 |
|                CPI STAT                |    11.7115 |    0.4833 |    0.5168 |    0.5092 |
|             Energy [J] STAT            | 18930.3320 |         0 | 5079.4810 |  823.0579 |
|             Power [W] STAT             |   184.5962 |         0 |   49.5318 |    8.0259 |
|          Energy DRAM [J] STAT          |  2405.0444 |         0 |  656.7492 |  104.5671 |
|           Power DRAM [W] STAT          |    23.4524 |         0 |    6.4042 |    1.0197 |
|            DP [MFLOP/s] STAT           | 24563.0383 | 1057.2624 | 1089.3893 | 1067.9582 |
|          AVX DP [MFLOP/s] STAT         |     0.8598 |         0 |    0.8598 |    0.0374 |
|          Packed [MUOPS/s] STAT         |     0.1200 |         0 |    0.1200 |    0.0052 |
|          Scalar [MUOPS/s] STAT         | 24562.1646 | 1057.2624 | 1089.3893 | 1067.9202 |
|  Memory read bandwidth [MBytes/s] STAT |  9825.9933 |         0 | 2602.1991 |  427.2171 |
|  Memory read data volume [GBytes] STAT |  1007.6556 |         0 |  266.8555 |   43.8111 |
| Memory write bandwidth [MBytes/s] STAT |  5964.7223 |         0 | 1732.9466 |  259.3358 |
| Memory write data volume [GBytes] STAT |   611.6824 |         0 |  177.7137 |   26.5949 |
|    Memory bandwidth [MBytes/s] STAT    | 15790.7156 |         0 | 4306.1045 |  686.5529 |
|    Memory data volume [GBytes] STAT    |  1619.3378 |         0 |  441.5910 |   70.4060 |
|       Operational intensity STAT       |     6.2453 |    0.2496 |    0.3315 |    0.2715 |
+----------------------------------------+------------+-----------+-----------+-----------+
