--------------------------------------------------------------------------------
CPU name:	Intel(R) Xeon(R) Gold 6132 CPU @ 2.60GHz
CPU type:	Intel Skylake SP processor
CPU clock:	2.59 GHz
--------------------------------------------------------------------------------
Region Setup, Group 1: MEM_DP
+-------------------+----------+----------+----------+----------+----------+----------+----------+----------+----------+----------+----------+----------+----------+----------+----------+----------+----------+----------+----------+----------+----------+----------+----------+----------+
|    Region Info    |  Core 0  |  Core 1  |  Core 2  |  Core 3  |  Core 4  |  Core 5  |  Core 14 |  Core 15 |  Core 16 |  Core 17 |  Core 18 |  Core 19 |  Core 28 |  Core 29 |  Core 30 |  Core 31 |  Core 32 |  Core 33 |  Core 42 |  Core 43 |  Core 44 |  Core 45 |  Core 46 |  Core 47 |
+-------------------+----------+----------+----------+----------+----------+----------+----------+----------+----------+----------+----------+----------+----------+----------+----------+----------+----------+----------+----------+----------+----------+----------+----------+----------+
| RDTSC Runtime [s] | 3.380837 | 3.385596 | 3.385620 | 3.385622 | 3.385540 | 3.385540 | 3.380949 | 3.385580 | 3.385606 | 3.385558 | 3.385610 | 3.385577 | 3.380963 | 3.385552 | 3.385592 | 3.385575 | 3.385609 | 3.385565 | 3.380930 | 3.385587 | 3.385601 | 3.385565 | 3.385590 | 3.385559 |
|     call count    |        2 |        2 |        2 |        2 |        2 |        2 |        2 |        2 |        2 |        2 |        2 |        2 |        2 |        2 |        2 |        2 |        2 |        2 |        2 |        2 |        2 |        2 |        2 |        2 |
+-------------------+----------+----------+----------+----------+----------+----------+----------+----------+----------+----------+----------+----------+----------+----------+----------+----------+----------+----------+----------+----------+----------+----------+----------+----------+
+------------------------------------------+---------+------------+------------+------------+------------+------------+------------+------------+------------+------------+------------+------------+------------+------------+------------+------------+------------+------------+------------+------------+------------+------------+------------+------------+------------+
|                   Event                  | Counter |   Core 0   |   Core 1   |   Core 2   |   Core 3   |   Core 4   |   Core 5   |   Core 14  |   Core 15  |   Core 16  |   Core 17  |   Core 18  |   Core 19  |   Core 28  |   Core 29  |   Core 30  |   Core 31  |   Core 32  |   Core 33  |   Core 42  |   Core 43  |   Core 44  |   Core 45  |   Core 46  |   Core 47  |
+------------------------------------------+---------+------------+------------+------------+------------+------------+------------+------------+------------+------------+------------+------------+------------+------------+------------+------------+------------+------------+------------+------------+------------+------------+------------+------------+------------+
|             INSTR_RETIRED_ANY            |  FIXC0  | 3462891000 | 1639481000 | 1638634000 | 1638727000 | 1638676000 | 1639058000 | 1633315000 | 1634158000 | 1628678000 | 1626824000 | 1625507000 | 1625876000 | 1624253000 | 1625156000 | 1625019000 | 1625319000 | 1613628000 | 1610784000 | 1604659000 | 1605361000 | 1605000000 | 1602589000 | 1602342000 | 1602115000 |
|           CPU_CLK_UNHALTED_CORE          |  FIXC1  | 1995873000 | 1190115000 | 1200777000 | 1196147000 | 1210972000 | 1226614000 | 1119102000 | 1127869000 | 1125502000 | 1115966000 | 1127973000 | 1125926000 | 1102688000 | 1114729000 | 1122401000 | 1117836000 | 1112513000 | 1119196000 | 1113619000 | 1125664000 | 1120510000 | 1124703000 | 1121812000 | 1119305000 |
|           CPU_CLK_UNHALTED_REF           |  FIXC2  | 2733699000 | 1630177000 | 1645049000 | 1638716000 | 1658840000 | 1680446000 | 1534134000 | 1546215000 | 1542959000 | 1529641000 | 1546371000 | 1543478000 | 1511414000 | 1527762000 | 1538557000 | 1532270000 | 1524770000 | 1534150000 | 1525804000 | 1542464000 | 1535525000 | 1541431000 | 1537206000 | 1533928000 |
|              PWR_PKG_ENERGY              |   PWR0  |   116.2790 |          0 |          0 |          0 |          0 |          0 |    99.3635 |          0 |          0 |          0 |          0 |          0 |   106.0372 |          0 |          0 |          0 |          0 |          0 |   102.4862 |          0 |          0 |          0 |          0 |          0 |
|              PWR_DRAM_ENERGY             |   PWR3  |    16.2548 |          0 |          0 |          0 |          0 |          0 |    13.9570 |          0 |          0 |          0 |          0 |          0 |    10.4395 |          0 |          0 |          0 |          0 |          0 |    12.0941 |          0 |          0 |          0 |          0 |          0 |
| FP_ARITH_INST_RETIRED_128B_PACKED_DOUBLE |   PMC0  |     761098 |          0 |          0 |          0 |          0 |          0 |          0 |          0 |          0 |          0 |          0 |          0 |          0 |          0 |          0 |          0 |          0 |          0 |          0 |          0 |          0 |          0 |          0 |          0 |
|    FP_ARITH_INST_RETIRED_SCALAR_DOUBLE   |   PMC1  |  617643200 |  472701800 |  472518300 |  472584700 |  472470800 |  472316600 |  472242700 |  472317200 |  470711000 |  470218700 |  469712900 |  469785300 |  469710700 |  469728400 |  469654400 |  469730500 |  467254300 |  466207600 |  464530000 |  464579300 |  464531000 |  463716600 |  463668200 |  463399200 |
| FP_ARITH_INST_RETIRED_256B_PACKED_DOUBLE |   PMC2  |     402100 |          0 |          0 |          0 |          0 |          0 |          0 |          0 |          0 |          0 |          0 |          0 |          0 |          0 |          0 |          0 |          0 |          0 |          0 |          0 |          0 |          0 |          0 |          0 |
| FP_ARITH_INST_RETIRED_512B_PACKED_DOUBLE |   PMC3  |    8148557 |          0 |          0 |          0 |          0 |          0 |          0 |          0 |          0 |          0 |          0 |          0 |          0 |          0 |          0 |          0 |          0 |          0 |          0 |          0 |          0 |          0 |          0 |          0 |
|               CAS_COUNT_RD               | MBOX0C0 |    3723042 |          0 |          0 |          0 |          0 |          0 |    1808722 |          0 |          0 |          0 |          0 |          0 |    1783588 |          0 |          0 |          0 |          0 |          0 |    1855840 |          0 |          0 |          0 |          0 |          0 |
|               CAS_COUNT_WR               | MBOX0C1 |    8063686 |          0 |          0 |          0 |          0 |          0 |    2325886 |          0 |          0 |          0 |          0 |          0 |    2314097 |          0 |          0 |          0 |          0 |          0 |    2365330 |          0 |          0 |          0 |          0 |          0 |
|               CAS_COUNT_RD               | MBOX1C0 |    6155706 |          0 |          0 |          0 |          0 |          0 |    1792023 |          0 |          0 |          0 |          0 |          0 |    1788610 |          0 |          0 |          0 |          0 |          0 |    1949753 |          0 |          0 |          0 |          0 |          0 |
|               CAS_COUNT_WR               | MBOX1C1 |   10022160 |          0 |          0 |          0 |          0 |          0 |    2315949 |          0 |          0 |          0 |          0 |          0 |    2319394 |          0 |          0 |          0 |          0 |          0 |    2435222 |          0 |          0 |          0 |          0 |          0 |
|               CAS_COUNT_RD               | MBOX2C0 |    4468640 |          0 |          0 |          0 |          0 |          0 |    1783287 |          0 |          0 |          0 |          0 |          0 |    1792965 |          0 |          0 |          0 |          0 |          0 |    1911570 |          0 |          0 |          0 |          0 |          0 |
|               CAS_COUNT_WR               | MBOX2C1 |    8171306 |          0 |          0 |          0 |          0 |          0 |    2310224 |          0 |          0 |          0 |          0 |          0 |    2332515 |          0 |          0 |          0 |          0 |          0 |    2404645 |          0 |          0 |          0 |          0 |          0 |
|               CAS_COUNT_RD               | MBOX3C0 |    4500764 |          0 |          0 |          0 |          0 |          0 |    1606508 |          0 |          0 |          0 |          0 |          0 |    1861541 |          0 |          0 |          0 |          0 |          0 |    1989123 |          0 |          0 |          0 |          0 |          0 |
|               CAS_COUNT_WR               | MBOX3C1 |    7662924 |          0 |          0 |          0 |          0 |          0 |    2151195 |          0 |          0 |          0 |          0 |          0 |    2421732 |          0 |          0 |          0 |          0 |          0 |    2483790 |          0 |          0 |          0 |          0 |          0 |
|               CAS_COUNT_RD               | MBOX4C0 |    3445186 |          0 |          0 |          0 |          0 |          0 |    1604663 |          0 |          0 |          0 |          0 |          0 |    1609272 |          0 |          0 |          0 |          0 |          0 |    1672633 |          0 |          0 |          0 |          0 |          0 |
|               CAS_COUNT_WR               | MBOX4C1 |    7745577 |          0 |          0 |          0 |          0 |          0 |    2146698 |          0 |          0 |          0 |          0 |          0 |    2162102 |          0 |          0 |          0 |          0 |          0 |    2203801 |          0 |          0 |          0 |          0 |          0 |
|               CAS_COUNT_RD               | MBOX5C0 |    3020393 |          0 |          0 |          0 |          0 |          0 |    1599931 |          0 |          0 |          0 |          0 |          0 |    1612576 |          0 |          0 |          0 |          0 |          0 |    2005398 |          0 |          0 |          0 |          0 |          0 |
|               CAS_COUNT_WR               | MBOX5C1 |    7457409 |          0 |          0 |          0 |          0 |          0 |    2142446 |          0 |          0 |          0 |          0 |          0 |    2164619 |          0 |          0 |          0 |          0 |          0 |    2496571 |          0 |          0 |          0 |          0 |          0 |
+------------------------------------------+---------+------------+------------+------------+------------+------------+------------+------------+------------+------------+------------+------------+------------+------------+------------+------------+------------+------------+------------+------------+------------+------------+------------+------------+------------+
+-----------------------------------------------+---------+-------------+------------+------------+--------------+
|                     Event                     | Counter |     Sum     |     Min    |     Max    |      Avg     |
+-----------------------------------------------+---------+-------------+------------+------------+--------------+
|             INSTR_RETIRED_ANY STAT            |  FIXC0  | 40778050000 | 1602115000 | 3462891000 | 1.699085e+09 |
|           CPU_CLK_UNHALTED_CORE STAT          |  FIXC1  | 28177812000 | 1102688000 | 1995873000 |   1174075500 |
|           CPU_CLK_UNHALTED_REF STAT           |  FIXC2  | 38615006000 | 1511414000 | 2733699000 | 1.608959e+09 |
|              PWR_PKG_ENERGY STAT              |   PWR0  |    424.1659 |          0 |   116.2790 |      17.6736 |
|              PWR_DRAM_ENERGY STAT             |   PWR3  |     52.7454 |          0 |    16.2548 |       2.1977 |
| FP_ARITH_INST_RETIRED_128B_PACKED_DOUBLE STAT |   PMC0  |      761098 |          0 |     761098 |   31712.4167 |
|    FP_ARITH_INST_RETIRED_SCALAR_DOUBLE STAT   |   PMC1  | 11401933400 |  463399200 |  617643200 | 4.750806e+08 |
| FP_ARITH_INST_RETIRED_256B_PACKED_DOUBLE STAT |   PMC2  |      402100 |          0 |     402100 |   16754.1667 |
| FP_ARITH_INST_RETIRED_512B_PACKED_DOUBLE STAT |   PMC3  |     8148557 |          0 |    8148557 |  339523.2083 |
|               CAS_COUNT_RD STAT               | MBOX0C0 |     9171192 |          0 |    3723042 |       382133 |
|               CAS_COUNT_WR STAT               | MBOX0C1 |    15068999 |          0 |    8063686 |  627874.9583 |
|               CAS_COUNT_RD STAT               | MBOX1C0 |    11686092 |          0 |    6155706 |  486920.5000 |
|               CAS_COUNT_WR STAT               | MBOX1C1 |    17092725 |          0 |   10022160 |  712196.8750 |
|               CAS_COUNT_RD STAT               | MBOX2C0 |     9956462 |          0 |    4468640 |  414852.5833 |
|               CAS_COUNT_WR STAT               | MBOX2C1 |    15218690 |          0 |    8171306 |  634112.0833 |
|               CAS_COUNT_RD STAT               | MBOX3C0 |     9957936 |          0 |    4500764 |       414914 |
|               CAS_COUNT_WR STAT               | MBOX3C1 |    14719641 |          0 |    7662924 |  613318.3750 |
|               CAS_COUNT_RD STAT               | MBOX4C0 |     8331754 |          0 |    3445186 |  347156.4167 |
|               CAS_COUNT_WR STAT               | MBOX4C1 |    14258178 |          0 |    7745577 |  594090.7500 |
|               CAS_COUNT_RD STAT               | MBOX5C0 |     8238298 |          0 |    3020393 |  343262.4167 |
|               CAS_COUNT_WR STAT               | MBOX5C1 |    14261045 |          0 |    7457409 |  594210.2083 |
+-----------------------------------------------+---------+-------------+------------+------------+--------------+
+-----------------------------------+-----------+-----------+-----------+-----------+-----------+-----------+-----------+-----------+-----------+-----------+-----------+-----------+-----------+-----------+-----------+-----------+-----------+-----------+-----------+-----------+-----------+-----------+-----------+-----------+
|               Metric              |   Core 0  |   Core 1  |   Core 2  |   Core 3  |   Core 4  |   Core 5  |  Core 14  |  Core 15  |  Core 16  |  Core 17  |  Core 18  |  Core 19  |  Core 28  |  Core 29  |  Core 30  |  Core 31  |  Core 32  |  Core 33  |  Core 42  |  Core 43  |  Core 44  |  Core 45  |  Core 46  |  Core 47  |
+-----------------------------------+-----------+-----------+-----------+-----------+-----------+-----------+-----------+-----------+-----------+-----------+-----------+-----------+-----------+-----------+-----------+-----------+-----------+-----------+-----------+-----------+-----------+-----------+-----------+-----------+
|        Runtime (RDTSC) [s]        |    3.3808 |    3.3856 |    3.3856 |    3.3856 |    3.3855 |    3.3855 |    3.3809 |    3.3856 |    3.3856 |    3.3856 |    3.3856 |    3.3856 |    3.3810 |    3.3856 |    3.3856 |    3.3856 |    3.3856 |    3.3856 |    3.3809 |    3.3856 |    3.3856 |    3.3856 |    3.3856 |    3.3856 |
|        Runtime unhalted [s]       |    0.7695 |    0.4588 |    0.4629 |    0.4612 |    0.4669 |    0.4729 |    0.4315 |    0.4348 |    0.4339 |    0.4302 |    0.4349 |    0.4341 |    0.4251 |    0.4298 |    0.4327 |    0.4310 |    0.4289 |    0.4315 |    0.4293 |    0.4340 |    0.4320 |    0.4336 |    0.4325 |    0.4315 |
|            Clock [MHz]            | 1893.7105 | 1893.5883 | 1893.2803 | 1893.2687 | 1893.4812 | 1893.2795 | 1892.0725 | 1891.9958 | 1892.0093 | 1892.3124 | 1891.9794 | 1892.0856 | 1892.3462 | 1892.5396 | 1892.1948 | 1892.2311 | 1892.4837 | 1892.2116 | 1893.0813 | 1892.8889 | 1892.7368 | 1892.5404 | 1892.8639 | 1892.6698 |
|                CPI                |    0.5764 |    0.7259 |    0.7328 |    0.7299 |    0.7390 |    0.7484 |    0.6852 |    0.6902 |    0.6911 |    0.6860 |    0.6939 |    0.6925 |    0.6789 |    0.6859 |    0.6907 |    0.6878 |    0.6894 |    0.6948 |    0.6940 |    0.7012 |    0.6981 |    0.7018 |    0.7001 |    0.6986 |
|             Energy [J]            |  116.2790 |         0 |         0 |         0 |         0 |         0 |   99.3635 |         0 |         0 |         0 |         0 |         0 |  106.0372 |         0 |         0 |         0 |         0 |         0 |  102.4862 |         0 |         0 |         0 |         0 |         0 |
|             Power [W]             |   34.3936 |         0 |         0 |         0 |         0 |         0 |   29.3892 |         0 |         0 |         0 |         0 |         0 |   31.3630 |         0 |         0 |         0 |         0 |         0 |   30.3130 |         0 |         0 |         0 |         0 |         0 |
|          Energy DRAM [J]          |   16.2548 |         0 |         0 |         0 |         0 |         0 |   13.9570 |         0 |         0 |         0 |         0 |         0 |   10.4395 |         0 |         0 |         0 |         0 |         0 |   12.0941 |         0 |         0 |         0 |         0 |         0 |
|           Power DRAM [W]          |    4.8079 |         0 |         0 |         0 |         0 |         0 |    4.1281 |         0 |         0 |         0 |         0 |         0 |    3.0877 |         0 |         0 |         0 |         0 |         0 |    3.5771 |         0 |         0 |         0 |         0 |         0 |
|            DP [MFLOP/s]           |  202.8972 |  139.6214 |  139.5663 |  139.5858 |  139.5555 |  139.5100 |  139.6776 |  139.5085 |  139.0330 |  138.8896 |  138.7380 |  138.7608 |  138.9281 |  138.7450 |  138.7215 |  138.7447 |  138.0119 |  137.7045 |  137.3971 |  137.2227 |  137.2078 |  136.9687 |  136.9534 |  136.8752 |
|          AVX DP [MFLOP/s]         |   19.7575 |         0 |         0 |         0 |         0 |         0 |         0 |         0 |         0 |         0 |         0 |         0 |         0 |         0 |         0 |         0 |         0 |         0 |         0 |         0 |         0 |         0 |         0 |         0 |
|          Packed [MUOPS/s]         |    2.7543 |         0 |         0 |         0 |         0 |         0 |         0 |         0 |         0 |         0 |         0 |         0 |         0 |         0 |         0 |         0 |         0 |         0 |         0 |         0 |         0 |         0 |         0 |         0 |
|          Scalar [MUOPS/s]         |  182.6894 |  139.6214 |  139.5663 |  139.5858 |  139.5555 |  139.5100 |  139.6776 |  139.5085 |  139.0330 |  138.8896 |  138.7380 |  138.7608 |  138.9281 |  138.7450 |  138.7215 |  138.7447 |  138.0119 |  137.7045 |  137.3971 |  137.2227 |  137.2078 |  136.9687 |  136.9534 |  136.8752 |
|  Memory read bandwidth [MBytes/s] |  479.1946 |         0 |         0 |         0 |         0 |         0 |  192.9898 |         0 |         0 |         0 |         0 |         0 |  197.7861 |         0 |         0 |         0 |         0 |         0 |  215.5017 |         0 |         0 |         0 |         0 |         0 |
|  Memory read data volume [GBytes] |    1.6201 |         0 |         0 |         0 |         0 |         0 |    0.6525 |         0 |         0 |         0 |         0 |         0 |    0.6687 |         0 |         0 |         0 |         0 |         0 |    0.7286 |         0 |         0 |         0 |         0 |         0 |
| Memory write bandwidth [MBytes/s] |  929.9105 |         0 |         0 |         0 |         0 |         0 |  253.5127 |         0 |         0 |         0 |         0 |         0 |  259.6081 |         0 |         0 |         0 |         0 |         0 |  272.3863 |         0 |         0 |         0 |         0 |         0 |
| Memory write data volume [GBytes] |    3.1439 |         0 |         0 |         0 |         0 |         0 |    0.8571 |         0 |         0 |         0 |         0 |         0 |    0.8777 |         0 |         0 |         0 |         0 |         0 |    0.9209 |         0 |         0 |         0 |         0 |         0 |
|    Memory bandwidth [MBytes/s]    | 1409.1051 |         0 |         0 |         0 |         0 |         0 |  446.5025 |         0 |         0 |         0 |         0 |         0 |  457.3942 |         0 |         0 |         0 |         0 |         0 |  487.8880 |         0 |         0 |         0 |         0 |         0 |
|    Memory data volume [GBytes]    |    4.7640 |         0 |         0 |         0 |         0 |         0 |    1.5096 |         0 |         0 |         0 |         0 |         0 |    1.5464 |         0 |         0 |         0 |         0 |         0 |    1.6495 |         0 |         0 |         0 |         0 |         0 |
|       Operational intensity       |    0.1440 |    0.0992 |    0.0992 |    0.0992 |    0.0992 |    0.0991 |    0.3128 |    0.3129 |    0.3118 |    0.3115 |    0.3112 |    0.3112 |    0.3037 |    0.3037 |    0.3037 |    0.3038 |    0.3021 |    0.3015 |    0.2816 |    0.2816 |    0.2816 |    0.2811 |    0.2811 |    0.2809 |
+-----------------------------------+-----------+-----------+-----------+-----------+-----------+-----------+-----------+-----------+-----------+-----------+-----------+-----------+-----------+-----------+-----------+-----------+-----------+-----------+-----------+-----------+-----------+-----------+-----------+-----------+
+----------------------------------------+------------+-----------+-----------+-----------+
|                 Metric                 |     Sum    |    Min    |    Max    |    Avg    |
+----------------------------------------+------------+-----------+-----------+-----------+
|        Runtime (RDTSC) [s] STAT        |    81.2354 |    3.3808 |    3.3856 |    3.3848 |
|        Runtime unhalted [s] STAT       |    10.8635 |    0.4251 |    0.7695 |    0.4526 |
|            Clock [MHz] STAT            | 45423.8516 | 1891.9794 | 1893.7105 | 1892.6605 |
|                CPI STAT                |    16.7126 |    0.5764 |    0.7484 |    0.6964 |
|             Energy [J] STAT            |   424.1659 |         0 |  116.2790 |   17.6736 |
|             Power [W] STAT             |   125.4588 |         0 |   34.3936 |    5.2275 |
|          Energy DRAM [J] STAT          |    52.7454 |         0 |   16.2548 |    2.1977 |
|           Power DRAM [W] STAT          |    15.6008 |         0 |    4.8079 |    0.6500 |
|            DP [MFLOP/s] STAT           |  3388.8243 |  136.8752 |  202.8972 |  141.2010 |
|          AVX DP [MFLOP/s] STAT         |    19.7575 |         0 |   19.7575 |    0.8232 |
|          Packed [MUOPS/s] STAT         |     2.7543 |         0 |    2.7543 |    0.1148 |
|          Scalar [MUOPS/s] STAT         |  3368.6165 |  136.8752 |  182.6894 |  140.3590 |
|  Memory read bandwidth [MBytes/s] STAT |  1085.4722 |         0 |  479.1946 |   45.2280 |
|  Memory read data volume [GBytes] STAT |     3.6699 |         0 |    1.6201 |    0.1529 |
| Memory write bandwidth [MBytes/s] STAT |  1715.4176 |         0 |  929.9105 |   71.4757 |
| Memory write data volume [GBytes] STAT |     5.7996 |         0 |    3.1439 |    0.2417 |
|    Memory bandwidth [MBytes/s] STAT    |  2800.8898 |         0 | 1409.1051 |  116.7037 |
|    Memory data volume [GBytes] STAT    |     9.4695 |         0 |    4.7640 |    0.3946 |
|       Operational intensity STAT       |     6.0177 |    0.0991 |    0.3129 |    0.2507 |
+----------------------------------------+------------+-----------+-----------+-----------+
--------------------------------------------------------------------------------
CPU name:	Intel(R) Xeon(R) Gold 6132 CPU @ 2.60GHz
CPU type:	Intel Skylake SP processor
CPU clock:	2.59 GHz
--------------------------------------------------------------------------------
Region Solve, Group 1: MEM_DP
+-------------------+-----------+-----------+-----------+-----------+-----------+-----------+-----------+-----------+-----------+-----------+-----------+-----------+-----------+-----------+-----------+-----------+-----------+-----------+-----------+-----------+-----------+-----------+-----------+-----------+
|    Region Info    |   Core 0  |   Core 1  |   Core 2  |   Core 3  |   Core 4  |   Core 5  |  Core 14  |  Core 15  |  Core 16  |  Core 17  |  Core 18  |  Core 19  |  Core 28  |  Core 29  |  Core 30  |  Core 31  |  Core 32  |  Core 33  |  Core 42  |  Core 43  |  Core 44  |  Core 45  |  Core 46  |  Core 47  |
+-------------------+-----------+-----------+-----------+-----------+-----------+-----------+-----------+-----------+-----------+-----------+-----------+-----------+-----------+-----------+-----------+-----------+-----------+-----------+-----------+-----------+-----------+-----------+-----------+-----------+
| RDTSC Runtime [s] | 98.555020 | 98.557460 | 98.557460 | 98.557460 | 98.557460 | 98.557450 | 98.554980 | 98.557440 | 98.557430 | 98.557450 | 98.557440 | 98.557450 | 98.554970 | 98.557430 | 98.557430 | 98.557430 | 98.557450 | 98.557430 | 98.554970 | 98.557440 | 98.557430 | 98.557450 | 98.557450 | 98.557450 |
|     call count    |         1 |         1 |         1 |         1 |         1 |         1 |         1 |         1 |         1 |         1 |         1 |         1 |         1 |         1 |         1 |         1 |         1 |         1 |         1 |         1 |         1 |         1 |         1 |         1 |
+-------------------+-----------+-----------+-----------+-----------+-----------+-----------+-----------+-----------+-----------+-----------+-----------+-----------+-----------+-----------+-----------+-----------+-----------+-----------+-----------+-----------+-----------+-----------+-----------+-----------+
+------------------------------------------+---------+--------------+--------------+--------------+--------------+--------------+--------------+--------------+--------------+--------------+--------------+--------------+--------------+--------------+--------------+--------------+--------------+--------------+--------------+--------------+--------------+--------------+--------------+--------------+--------------+
|                   Event                  | Counter |    Core 0    |    Core 1    |    Core 2    |    Core 3    |    Core 4    |    Core 5    |    Core 14   |    Core 15   |    Core 16   |    Core 17   |    Core 18   |    Core 19   |    Core 28   |    Core 29   |    Core 30   |    Core 31   |    Core 32   |    Core 33   |    Core 42   |    Core 43   |    Core 44   |    Core 45   |    Core 46   |    Core 47   |
+------------------------------------------+---------+--------------+--------------+--------------+--------------+--------------+--------------+--------------+--------------+--------------+--------------+--------------+--------------+--------------+--------------+--------------+--------------+--------------+--------------+--------------+--------------+--------------+--------------+--------------+--------------+
|             INSTR_RETIRED_ANY            |  FIXC0  | 357455400000 | 355666700000 | 356536400000 | 356516700000 | 355761900000 | 355252300000 | 354021600000 | 354032700000 | 353104400000 | 352729900000 | 352093800000 | 351692500000 | 351908200000 | 352117300000 | 352665300000 | 352683700000 | 350478300000 | 350122600000 | 350664300000 | 351285200000 | 352063900000 | 351680200000 | 350885600000 | 357524100000 |
|           CPU_CLK_UNHALTED_CORE          |  FIXC1  | 179533000000 | 179963800000 | 179970700000 | 180127600000 | 180283800000 | 180839500000 | 180893800000 | 180878800000 | 180935600000 | 180948100000 | 180958500000 | 180939900000 | 180737300000 | 180933400000 | 180950800000 | 180955100000 | 180936800000 | 180944400000 | 180843200000 | 180780300000 | 180495800000 | 179744800000 | 179607200000 | 172928000000 |
|           CPU_CLK_UNHALTED_REF           |  FIXC2  | 245713900000 | 246303800000 | 246313400000 | 246528000000 | 246741400000 | 247501500000 | 247557100000 | 247536800000 | 247614400000 | 247631500000 | 247646000000 | 247620500000 | 247346200000 | 247614900000 | 247638400000 | 247644500000 | 247619400000 | 247629600000 | 247470200000 | 247384400000 | 246995000000 | 245967400000 | 245779000000 | 236639100000 |
|              PWR_PKG_ENERGY              |   PWR0  |    4903.8880 |            0 |            0 |            0 |            0 |            0 |    4411.2850 |            0 |            0 |            0 |            0 |            0 |    4754.9810 |            0 |            0 |            0 |            0 |            0 |    4515.5280 |            0 |            0 |            0 |            0 |            0 |
|              PWR_DRAM_ENERGY             |   PWR3  |     586.7512 |            0 |            0 |            0 |            0 |            0 |     649.8140 |            0 |            0 |            0 |            0 |            0 |     534.5148 |            0 |            0 |            0 |            0 |            0 |     583.2702 |            0 |            0 |            0 |            0 |            0 |
| FP_ARITH_INST_RETIRED_128B_PACKED_DOUBLE |   PMC0  |       714138 |            0 |            0 |            0 |            0 |            0 |            0 |            0 |            0 |            0 |            0 |            0 |            0 |            0 |            0 |            0 |            0 |            0 |            0 |            0 |            0 |            0 |            0 |            0 |
|    FP_ARITH_INST_RETIRED_SCALAR_DOUBLE   |   PMC1  | 106067600000 | 105872400000 | 106566100000 | 106517000000 | 105949300000 | 105709100000 | 105415500000 | 105402000000 | 105052800000 | 104672900000 | 104190100000 | 104132800000 | 104138000000 | 104177500000 | 104648000000 | 104931100000 | 104273000000 | 104160100000 | 104227600000 | 104514000000 | 105104200000 | 105021100000 | 104356200000 | 103802600000 |
| FP_ARITH_INST_RETIRED_256B_PACKED_DOUBLE |   PMC2  |      1138324 |            0 |            0 |            0 |            0 |            0 |            0 |            0 |            0 |            0 |            0 |            0 |            0 |            0 |            0 |            0 |            0 |            0 |            0 |            0 |            0 |            0 |            0 |            0 |
| FP_ARITH_INST_RETIRED_512B_PACKED_DOUBLE |   PMC3  |     10452010 |            0 |            0 |            0 |            0 |            0 |            0 |            0 |            0 |            0 |            0 |            0 |            0 |            0 |            0 |            0 |            0 |            0 |            0 |            0 |            0 |            0 |            0 |            0 |
|               CAS_COUNT_RD               | MBOX0C0 |    596862100 |            0 |            0 |            0 |            0 |            0 |    694611200 |            0 |            0 |            0 |            0 |            0 |    664372800 |            0 |            0 |            0 |            0 |            0 |    670696500 |            0 |            0 |            0 |            0 |            0 |
|               CAS_COUNT_WR               | MBOX0C1 |    379551300 |            0 |            0 |            0 |            0 |            0 |    457594400 |            0 |            0 |            0 |            0 |            0 |    396636600 |            0 |            0 |            0 |            0 |            0 |    381275000 |            0 |            0 |            0 |            0 |            0 |
|               CAS_COUNT_RD               | MBOX1C0 |    600860300 |            0 |            0 |            0 |            0 |            0 |    694013600 |            0 |            0 |            0 |            0 |            0 |    664158700 |            0 |            0 |            0 |            0 |            0 |    671356100 |            0 |            0 |            0 |            0 |            0 |
|               CAS_COUNT_WR               | MBOX1C1 |    382831500 |            0 |            0 |            0 |            0 |            0 |    456986300 |            0 |            0 |            0 |            0 |            0 |    396302700 |            0 |            0 |            0 |            0 |            0 |    381688800 |            0 |            0 |            0 |            0 |            0 |
|               CAS_COUNT_RD               | MBOX2C0 |    603932300 |            0 |            0 |            0 |            0 |            0 |    694013300 |            0 |            0 |            0 |            0 |            0 |    663672900 |            0 |            0 |            0 |            0 |            0 |    671159500 |            0 |            0 |            0 |            0 |            0 |
|               CAS_COUNT_WR               | MBOX2C1 |    380489800 |            0 |            0 |            0 |            0 |            0 |    457075700 |            0 |            0 |            0 |            0 |            0 |    396010800 |            0 |            0 |            0 |            0 |            0 |    381528400 |            0 |            0 |            0 |            0 |            0 |
|               CAS_COUNT_RD               | MBOX3C0 |    610458700 |            0 |            0 |            0 |            0 |            0 |    691669400 |            0 |            0 |            0 |            0 |            0 |    663810900 |            0 |            0 |            0 |            0 |            0 |    670923600 |            0 |            0 |            0 |            0 |            0 |
|               CAS_COUNT_WR               | MBOX3C1 |    381853000 |            0 |            0 |            0 |            0 |            0 |    455584300 |            0 |            0 |            0 |            0 |            0 |    397013700 |            0 |            0 |            0 |            0 |            0 |    382158000 |            0 |            0 |            0 |            0 |            0 |
|               CAS_COUNT_RD               | MBOX4C0 |    595647000 |            0 |            0 |            0 |            0 |            0 |    692163900 |            0 |            0 |            0 |            0 |            0 |    662233300 |            0 |            0 |            0 |            0 |            0 |    668619600 |            0 |            0 |            0 |            0 |            0 |
|               CAS_COUNT_WR               | MBOX4C1 |    379354400 |            0 |            0 |            0 |            0 |            0 |    455855800 |            0 |            0 |            0 |            0 |            0 |    395219900 |            0 |            0 |            0 |            0 |            0 |    379995200 |            0 |            0 |            0 |            0 |            0 |
|               CAS_COUNT_RD               | MBOX5C0 |    595729300 |            0 |            0 |            0 |            0 |            0 |    691709900 |            0 |            0 |            0 |            0 |            0 |    662040500 |            0 |            0 |            0 |            0 |            0 |    671213100 |            0 |            0 |            0 |            0 |            0 |
|               CAS_COUNT_WR               | MBOX5C1 |    379088800 |            0 |            0 |            0 |            0 |            0 |    455573500 |            0 |            0 |            0 |            0 |            0 |    394834800 |            0 |            0 |            0 |            0 |            0 |    382359800 |            0 |            0 |            0 |            0 |            0 |
+------------------------------------------+---------+--------------+--------------+--------------+--------------+--------------+--------------+--------------+--------------+--------------+--------------+--------------+--------------+--------------+--------------+--------------+--------------+--------------+--------------+--------------+--------------+--------------+--------------+--------------+--------------+
+-----------------------------------------------+---------+---------------+--------------+--------------+--------------+
|                     Event                     | Counter |      Sum      |      Min     |      Max     |      Avg     |
+-----------------------------------------------+---------+---------------+--------------+--------------+--------------+
|             INSTR_RETIRED_ANY STAT            |  FIXC0  | 8478943000000 | 350122600000 | 357524100000 | 3.532893e+11 |
|           CPU_CLK_UNHALTED_CORE STAT          |  FIXC1  | 4326130200000 | 172928000000 | 180958500000 | 180255425000 |
|           CPU_CLK_UNHALTED_REF STAT           |  FIXC2  | 5920436400000 | 236639100000 | 247646000000 | 246684850000 |
|              PWR_PKG_ENERGY STAT              |   PWR0  |    18585.6820 |            0 |    4903.8880 |     774.4034 |
|              PWR_DRAM_ENERGY STAT             |   PWR3  |     2354.3502 |            0 |     649.8140 |      98.0979 |
| FP_ARITH_INST_RETIRED_128B_PACKED_DOUBLE STAT |   PMC0  |        714138 |            0 |       714138 |   29755.7500 |
|    FP_ARITH_INST_RETIRED_SCALAR_DOUBLE STAT   |   PMC1  | 2518901000000 | 103802600000 | 106566100000 | 1.049542e+11 |
| FP_ARITH_INST_RETIRED_256B_PACKED_DOUBLE STAT |   PMC2  |       1138324 |            0 |      1138324 |   47430.1667 |
| FP_ARITH_INST_RETIRED_512B_PACKED_DOUBLE STAT |   PMC3  |      10452010 |            0 |     10452010 |  435500.4167 |
|               CAS_COUNT_RD STAT               | MBOX0C0 |    2626542600 |            0 |    694611200 |    109439275 |
|               CAS_COUNT_WR STAT               | MBOX0C1 |    1615057300 |            0 |    457594400 | 6.729405e+07 |
|               CAS_COUNT_RD STAT               | MBOX1C0 |    2630388700 |            0 |    694013600 | 1.095995e+08 |
|               CAS_COUNT_WR STAT               | MBOX1C1 |    1617809300 |            0 |    456986300 | 6.740872e+07 |
|               CAS_COUNT_RD STAT               | MBOX2C0 |    2632778000 |            0 |    694013300 | 1.096991e+08 |
|               CAS_COUNT_WR STAT               | MBOX2C1 |    1615104700 |            0 |    457075700 | 6.729603e+07 |
|               CAS_COUNT_RD STAT               | MBOX3C0 |    2636862600 |            0 |    691669400 |    109869275 |
|               CAS_COUNT_WR STAT               | MBOX3C1 |    1616609000 |            0 |    455584300 | 6.735871e+07 |
|               CAS_COUNT_RD STAT               | MBOX4C0 |    2618663800 |            0 |    692163900 | 1.091110e+08 |
|               CAS_COUNT_WR STAT               | MBOX4C1 |    1610425300 |            0 |    455855800 | 6.710105e+07 |
|               CAS_COUNT_RD STAT               | MBOX5C0 |    2620692800 |            0 |    691709900 | 1.091955e+08 |
|               CAS_COUNT_WR STAT               | MBOX5C1 |    1611856900 |            0 |    455573500 | 6.716070e+07 |
+-----------------------------------------------+---------+---------------+--------------+--------------+--------------+
+-----------------------------------+-----------+-----------+-----------+-----------+-----------+-----------+-----------+-----------+-----------+-----------+-----------+-----------+-----------+-----------+-----------+-----------+-----------+-----------+-----------+-----------+-----------+-----------+-----------+-----------+
|               Metric              |   Core 0  |   Core 1  |   Core 2  |   Core 3  |   Core 4  |   Core 5  |  Core 14  |  Core 15  |  Core 16  |  Core 17  |  Core 18  |  Core 19  |  Core 28  |  Core 29  |  Core 30  |  Core 31  |  Core 32  |  Core 33  |  Core 42  |  Core 43  |  Core 44  |  Core 45  |  Core 46  |  Core 47  |
+-----------------------------------+-----------+-----------+-----------+-----------+-----------+-----------+-----------+-----------+-----------+-----------+-----------+-----------+-----------+-----------+-----------+-----------+-----------+-----------+-----------+-----------+-----------+-----------+-----------+-----------+
|        Runtime (RDTSC) [s]        |   98.5550 |   98.5575 |   98.5575 |   98.5575 |   98.5575 |   98.5575 |   98.5550 |   98.5574 |   98.5574 |   98.5575 |   98.5574 |   98.5575 |   98.5550 |   98.5574 |   98.5574 |   98.5574 |   98.5575 |   98.5574 |   98.5550 |   98.5574 |   98.5574 |   98.5575 |   98.5575 |   98.5575 |
|        Runtime unhalted [s]       |   69.2170 |   69.3831 |   69.3858 |   69.4463 |   69.5065 |   69.7207 |   69.7417 |   69.7359 |   69.7578 |   69.7626 |   69.7666 |   69.7594 |   69.6813 |   69.7569 |   69.7636 |   69.7653 |   69.7582 |   69.7612 |   69.7222 |   69.6979 |   69.5882 |   69.2987 |   69.2456 |   66.6705 |
|            Clock [MHz]            | 1895.1603 | 1895.1580 | 1895.1568 | 1895.1579 | 1895.1608 | 1895.1642 | 1895.3075 | 1895.3058 | 1895.3068 | 1895.3068 | 1895.3048 | 1895.3051 | 1895.2824 | 1895.2799 | 1895.2823 | 1895.2806 | 1895.2811 | 1895.2826 | 1895.4427 | 1895.4406 | 1895.4412 | 1895.4406 | 1895.4414 | 1895.4407 |
|                CPI                |    0.5023 |    0.5060 |    0.5048 |    0.5052 |    0.5068 |    0.5090 |    0.5110 |    0.5109 |    0.5124 |    0.5130 |    0.5139 |    0.5145 |    0.5136 |    0.5138 |    0.5131 |    0.5131 |    0.5163 |    0.5168 |    0.5157 |    0.5146 |    0.5127 |    0.5111 |    0.5119 |    0.4837 |
|             Energy [J]            | 4903.8880 |         0 |         0 |         0 |         0 |         0 | 4411.2850 |         0 |         0 |         0 |         0 |         0 | 4754.9810 |         0 |         0 |         0 |         0 |         0 | 4515.5280 |         0 |         0 |         0 |         0 |         0 |
|             Power [W]             |   49.7579 |         0 |         0 |         0 |         0 |         0 |   44.7596 |         0 |         0 |         0 |         0 |         0 |   48.2470 |         0 |         0 |         0 |         0 |         0 |   45.8174 |         0 |         0 |         0 |         0 |         0 |
|          Energy DRAM [J]          |  586.7512 |         0 |         0 |         0 |         0 |         0 |  649.8140 |         0 |         0 |         0 |         0 |         0 |  534.5148 |         0 |         0 |         0 |         0 |         0 |  583.2702 |         0 |         0 |         0 |         0 |         0 |
|           Power DRAM [W]          |    5.9535 |         0 |         0 |         0 |         0 |         0 |    6.5934 |         0 |         0 |         0 |         0 |         0 |    5.4235 |         0 |         0 |         0 |         0 |         0 |    5.9182 |         0 |         0 |         0 |         0 |         0 |
|            DP [MFLOP/s]           | 1077.1364 | 1074.2201 | 1081.2586 | 1080.7604 | 1075.0003 | 1072.5633 | 1069.6111 | 1069.4474 | 1065.9044 | 1062.0496 | 1057.1510 | 1056.5695 | 1056.6489 | 1057.0233 | 1061.7972 | 1064.6696 | 1057.9921 | 1056.8468 | 1057.5580 | 1060.4374 | 1066.4259 | 1065.5826 | 1058.8362 | 1053.2192 |
|          AVX DP [MFLOP/s]         |    0.8946 |         0 |         0 |         0 |         0 |         0 |         0 |         0 |         0 |         0 |         0 |         0 |         0 |         0 |         0 |         0 |         0 |         0 |         0 |         0 |         0 |         0 |         0 |         0 |
|          Packed [MUOPS/s]         |    0.1248 |         0 |         0 |         0 |         0 |         0 |         0 |         0 |         0 |         0 |         0 |         0 |         0 |         0 |         0 |         0 |         0 |         0 |         0 |         0 |         0 |         0 |         0 |         0 |
|          Scalar [MUOPS/s]         | 1076.2273 | 1074.2201 | 1081.2586 | 1080.7604 | 1075.0003 | 1072.5633 | 1069.6111 | 1069.4474 | 1065.9044 | 1062.0496 | 1057.1510 | 1056.5695 | 1056.6489 | 1057.0233 | 1061.7972 | 1064.6696 | 1057.9921 | 1056.8468 | 1057.5580 | 1060.4374 | 1066.4259 | 1065.5826 | 1058.8362 | 1053.2192 |
|  Memory read bandwidth [MBytes/s] | 2340.0466 |         0 |         0 |         0 |         0 |         0 | 2700.2553 |         0 |         0 |         0 |         0 |         0 | 2584.7352 |         0 |         0 |         0 |         0 |         0 | 2613.0999 |         0 |         0 |         0 |         0 |         0 |
|  Memory read data volume [GBytes] |  230.6233 |         0 |         0 |         0 |         0 |         0 |  266.1236 |         0 |         0 |         0 |         0 |         0 |  254.7385 |         0 |         0 |         0 |         0 |         0 |  257.5340 |         0 |         0 |         0 |         0 |         0 |
| Memory write bandwidth [MBytes/s] | 1482.6521 |         0 |         0 |         0 |         0 |         0 | 1778.4477 |         0 |         0 |         0 |         0 |         0 | 1542.9479 |         0 |         0 |         0 |         0 |         0 | 1486.4429 |         0 |         0 |         0 |         0 |         0 |
| Memory write data volume [GBytes] |  146.1228 |         0 |         0 |         0 |         0 |         0 |  175.2749 |         0 |         0 |         0 |         0 |         0 |  152.0652 |         0 |         0 |         0 |         0 |         0 |  146.4963 |         0 |         0 |         0 |         0 |         0 |
|    Memory bandwidth [MBytes/s]    | 3822.6987 |         0 |         0 |         0 |         0 |         0 | 4478.7030 |         0 |         0 |         0 |         0 |         0 | 4127.6831 |         0 |         0 |         0 |         0 |         0 | 4099.5427 |         0 |         0 |         0 |         0 |         0 |
|    Memory data volume [GBytes]    |  376.7461 |         0 |         0 |         0 |         0 |         0 |  441.3985 |         0 |         0 |         0 |         0 |         0 |  406.8037 |         0 |         0 |         0 |         0 |         0 |  404.0303 |         0 |         0 |         0 |         0 |         0 |
|       Operational intensity       |    0.2818 |    0.2810 |    0.2829 |    0.2827 |    0.2812 |    0.2806 |    0.2388 |    0.2388 |    0.2380 |    0.2371 |    0.2360 |    0.2359 |    0.2560 |    0.2561 |    0.2572 |    0.2579 |    0.2563 |    0.2560 |    0.2580 |    0.2587 |    0.2601 |    0.2599 |    0.2583 |    0.2569 |
+-----------------------------------+-----------+-----------+-----------+-----------+-----------+-----------+-----------+-----------+-----------+-----------+-----------+-----------+-----------+-----------+-----------+-----------+-----------+-----------+-----------+-----------+-----------+-----------+-----------+-----------+
+----------------------------------------+------------+-----------+-----------+-----------+
|                 Metric                 |     Sum    |    Min    |    Max    |    Avg    |
+----------------------------------------+------------+-----------+-----------+-----------+
|        Runtime (RDTSC) [s] STAT        |  2365.3691 |   98.5550 |   98.5575 |   98.5570 |
|        Runtime unhalted [s] STAT       |  1667.8930 |   66.6705 |   69.7666 |   69.4955 |
|            Clock [MHz] STAT            | 45487.1309 | 1895.1568 | 1895.4427 | 1895.2971 |
|                CPI STAT                |    12.2462 |    0.4837 |    0.5168 |    0.5103 |
|             Energy [J] STAT            | 18585.6820 |         0 | 4903.8880 |  774.4034 |
|             Power [W] STAT             |   188.5819 |         0 |   49.7579 |    7.8576 |
|          Energy DRAM [J] STAT          |  2354.3502 |         0 |  649.8140 |   98.0979 |
|           Power DRAM [W] STAT          |    23.8886 |         0 |    6.5934 |    0.9954 |
|            DP [MFLOP/s] STAT           | 25558.7093 | 1053.2192 | 1081.2586 | 1064.9462 |
|          AVX DP [MFLOP/s] STAT         |     0.8946 |         0 |    0.8946 |    0.0373 |
|          Packed [MUOPS/s] STAT         |     0.1248 |         0 |    0.1248 |    0.0052 |
|          Scalar [MUOPS/s] STAT         | 25557.8002 | 1053.2192 | 1081.2586 | 1064.9083 |
|  Memory read bandwidth [MBytes/s] STAT | 10238.1370 |         0 | 2700.2553 |  426.5890 |
|  Memory read data volume [GBytes] STAT |  1009.0194 |         0 |  266.1236 |   42.0425 |
| Memory write bandwidth [MBytes/s] STAT |  6290.4906 |         0 | 1778.4477 |  262.1038 |
| Memory write data volume [GBytes] STAT |   619.9592 |         0 |  175.2749 |   25.8316 |
|    Memory bandwidth [MBytes/s] STAT    | 16528.6275 |         0 | 4478.7030 |  688.6928 |
|    Memory data volume [GBytes] STAT    |  1628.9786 |         0 |  441.3985 |   67.8741 |
|       Operational intensity STAT       |     6.2062 |    0.2359 |    0.2829 |    0.2586 |
+----------------------------------------+------------+-----------+-----------+-----------+
