--------------------------------------------------------------------------------
CPU name:	Intel(R) Xeon(R) Gold 6132 CPU @ 2.60GHz
CPU type:	Intel Skylake SP processor
CPU clock:	2.59 GHz
--------------------------------------------------------------------------------
Region Setup, Group 1: MEM_DP
+-------------------+----------+----------+----------+----------+----------+----------+----------+----------+----------+----------+----------+----------+----------+----------+----------+----------+----------+----------+----------+----------+----------+----------+----------+----------+----------+----------+----------+----------+----------+----------+
|    Region Info    |  Core 0  |  Core 1  |  Core 2  |  Core 3  |  Core 4  |  Core 5  |  Core 6  |  Core 7  |  Core 14 |  Core 15 |  Core 16 |  Core 17 |  Core 18 |  Core 19 |  Core 20 |  Core 21 |  Core 28 |  Core 29 |  Core 30 |  Core 31 |  Core 32 |  Core 33 |  Core 34 |  Core 42 |  Core 43 |  Core 44 |  Core 45 |  Core 46 |  Core 47 |  Core 48 |
+-------------------+----------+----------+----------+----------+----------+----------+----------+----------+----------+----------+----------+----------+----------+----------+----------+----------+----------+----------+----------+----------+----------+----------+----------+----------+----------+----------+----------+----------+----------+----------+
| RDTSC Runtime [s] | 3.359105 | 3.363515 | 3.363507 | 3.363622 | 3.363677 | 3.363638 | 3.363525 | 3.363659 | 3.359101 | 3.363577 | 3.363580 | 3.363564 | 3.363551 | 3.363520 | 3.363551 | 3.363498 | 3.359121 | 3.363553 | 3.363553 | 3.363653 | 3.363606 | 3.363549 | 3.363535 | 3.359110 | 3.363651 | 3.363665 | 3.363548 | 3.363625 | 3.363524 | 3.363653 |
|     call count    |        2 |        2 |        2 |        2 |        2 |        2 |        2 |        2 |        2 |        2 |        2 |        2 |        2 |        2 |        2 |        2 |        2 |        2 |        2 |        2 |        2 |        2 |        2 |        2 |        2 |        2 |        2 |        2 |        2 |        2 |
+-------------------+----------+----------+----------+----------+----------+----------+----------+----------+----------+----------+----------+----------+----------+----------+----------+----------+----------+----------+----------+----------+----------+----------+----------+----------+----------+----------+----------+----------+----------+----------+
+------------------------------------------+---------+------------+------------+------------+------------+------------+------------+------------+------------+------------+------------+------------+------------+------------+------------+------------+------------+------------+------------+------------+------------+------------+------------+------------+------------+------------+------------+------------+------------+------------+------------+
|                   Event                  | Counter |   Core 0   |   Core 1   |   Core 2   |   Core 3   |   Core 4   |   Core 5   |   Core 6   |   Core 7   |   Core 14  |   Core 15  |   Core 16  |   Core 17  |   Core 18  |   Core 19  |   Core 20  |   Core 21  |   Core 28  |   Core 29  |   Core 30  |   Core 31  |   Core 32  |   Core 33  |   Core 34  |   Core 42  |   Core 43  |   Core 44  |   Core 45  |   Core 46  |   Core 47  |   Core 48  |
+------------------------------------------+---------+------------+------------+------------+------------+------------+------------+------------+------------+------------+------------+------------+------------+------------+------------+------------+------------+------------+------------+------------+------------+------------+------------+------------+------------+------------+------------+------------+------------+------------+------------+
|             INSTR_RETIRED_ANY            |  FIXC0  | 3141287000 | 1323947000 | 1320799000 | 1321086000 | 1316571000 | 1318126000 | 1318042000 | 1317366000 | 1309430000 | 1309324000 | 1307991000 | 1308436000 | 1307813000 | 1307579000 | 1308076000 | 1306287000 | 1295300000 | 1292874000 | 1292916000 | 1290670000 | 1291003000 | 1290109000 | 1289725000 | 1288427000 | 1290127000 | 1288132000 | 1288675000 | 1288391000 | 1288253000 | 1287576000 |
|           CPU_CLK_UNHALTED_CORE          |  FIXC1  | 1823220000 | 1078683000 | 1076493000 | 1080813000 | 1044475000 | 1071876000 | 1081354000 | 1056773000 |  967864600 |  985757000 |  969392500 |  981361300 |  984632300 |  969832000 |  991910600 | 1001377000 |  983464500 |  981841400 |  985188000 |  976704200 |  992465600 |  972467500 |  995169200 |  966578100 | 1002690000 |  986203400 |  998899800 |  991158400 |  989796400 |  979804300 |
|           CPU_CLK_UNHALTED_REF           |  FIXC2  | 2497101000 | 1477616000 | 1474368000 | 1480308000 | 1430586000 | 1468199000 | 1481153000 | 1447477000 | 1326207000 | 1350917000 | 1328382000 | 1344607000 | 1349269000 | 1328985000 | 1359032000 | 1372384000 | 1347495000 | 1345236000 | 1349886000 | 1338208000 | 1359693000 | 1332423000 | 1363445000 | 1324565000 | 1373843000 | 1351461000 | 1368847000 | 1357930000 | 1356232000 | 1342614000 |
|              PWR_PKG_ENERGY              |   PWR0  |   118.6873 |          0 |          0 |          0 |          0 |          0 |          0 |          0 |   101.3864 |          0 |          0 |          0 |          0 |          0 |          0 |          0 |   106.5969 |          0 |          0 |          0 |          0 |          0 |          0 |   102.9644 |          0 |          0 |          0 |          0 |          0 |          0 |
|              PWR_DRAM_ENERGY             |   PWR3  |    16.1362 |          0 |          0 |          0 |          0 |          0 |          0 |          0 |    14.1636 |          0 |          0 |          0 |          0 |          0 |          0 |          0 |    10.2225 |          0 |          0 |          0 |          0 |          0 |          0 |    11.8984 |          0 |          0 |          0 |          0 |          0 |          0 |
| FP_ARITH_INST_RETIRED_128B_PACKED_DOUBLE |   PMC0  |     761098 |          0 |          0 |          0 |          0 |          0 |          0 |          0 |          0 |          0 |          0 |          0 |          0 |          0 |          0 |          0 |          0 |          0 |          0 |          0 |          0 |          0 |          0 |          0 |          0 |          0 |          0 |          0 |          0 |          0 |
|    FP_ARITH_INST_RETIRED_SCALAR_DOUBLE   |   PMC1  |  523941000 |  379908200 |  379188700 |  379192900 |  378593000 |  378484700 |  378362300 |  378482700 |  377425000 |  377087700 |  376965400 |  376873400 |  376720500 |  376841100 |  376717800 |  375976200 |  373886600 |  373106500 |  373058200 |  372536200 |  372380300 |  372430000 |  371948900 |  371998800 |  371950600 |  371658300 |  371609900 |  371658300 |  371609900 |  371340900 |
| FP_ARITH_INST_RETIRED_256B_PACKED_DOUBLE |   PMC2  |     402100 |          0 |          0 |          0 |          0 |          0 |          0 |          0 |          0 |          0 |          0 |          0 |          0 |          0 |          0 |          0 |          0 |          0 |          0 |          0 |          0 |          0 |          0 |          0 |          0 |          0 |          0 |          0 |          0 |          0 |
| FP_ARITH_INST_RETIRED_512B_PACKED_DOUBLE |   PMC3  |    8148557 |          0 |          0 |          0 |          0 |          0 |          0 |          0 |          0 |          0 |          0 |          0 |          0 |          0 |          0 |          0 |          0 |          0 |          0 |          0 |          0 |          0 |          0 |          0 |          0 |          0 |          0 |          0 |          0 |          0 |
|               CAS_COUNT_RD               | MBOX0C0 |    6631762 |          0 |          0 |          0 |          0 |          0 |          0 |          0 |    1974756 |          0 |          0 |          0 |          0 |          0 |          0 |          0 |    1643536 |          0 |          0 |          0 |          0 |          0 |          0 |    1772418 |          0 |          0 |          0 |          0 |          0 |          0 |
|               CAS_COUNT_WR               | MBOX0C1 |   10501470 |          0 |          0 |          0 |          0 |          0 |          0 |          0 |    2506988 |          0 |          0 |          0 |          0 |          0 |          0 |          0 |    2141827 |          0 |          0 |          0 |          0 |          0 |          0 |    2221739 |          0 |          0 |          0 |          0 |          0 |          0 |
|               CAS_COUNT_RD               | MBOX1C0 |    4227571 |          0 |          0 |          0 |          0 |          0 |          0 |          0 |    2039081 |          0 |          0 |          0 |          0 |          0 |          0 |          0 |    1671094 |          0 |          0 |          0 |          0 |          0 |          0 |    1735826 |          0 |          0 |          0 |          0 |          0 |          0 |
|               CAS_COUNT_WR               | MBOX1C1 |    8389287 |          0 |          0 |          0 |          0 |          0 |          0 |          0 |    2553749 |          0 |          0 |          0 |          0 |          0 |          0 |          0 |    2174466 |          0 |          0 |          0 |          0 |          0 |          0 |    2213864 |          0 |          0 |          0 |          0 |          0 |          0 |
|               CAS_COUNT_RD               | MBOX2C0 |    4466434 |          0 |          0 |          0 |          0 |          0 |          0 |          0 |    1978248 |          0 |          0 |          0 |          0 |          0 |          0 |          0 |    1676371 |          0 |          0 |          0 |          0 |          0 |          0 |    1832800 |          0 |          0 |          0 |          0 |          0 |          0 |
|               CAS_COUNT_WR               | MBOX2C1 |    8301368 |          0 |          0 |          0 |          0 |          0 |          0 |          0 |    2512398 |          0 |          0 |          0 |          0 |          0 |          0 |          0 |    2192921 |          0 |          0 |          0 |          0 |          0 |          0 |    2288982 |          0 |          0 |          0 |          0 |          0 |          0 |
|               CAS_COUNT_RD               | MBOX3C0 |    4995655 |          0 |          0 |          0 |          0 |          0 |          0 |          0 |    1749675 |          0 |          0 |          0 |          0 |          0 |          0 |          0 |    1480881 |          0 |          0 |          0 |          0 |          0 |          0 |    1872873 |          0 |          0 |          0 |          0 |          0 |          0 |
|               CAS_COUNT_WR               | MBOX3C1 |    8137308 |          0 |          0 |          0 |          0 |          0 |          0 |          0 |    2302407 |          0 |          0 |          0 |          0 |          0 |          0 |          0 |    1996196 |          0 |          0 |          0 |          0 |          0 |          0 |    2315029 |          0 |          0 |          0 |          0 |          0 |          0 |
|               CAS_COUNT_RD               | MBOX4C0 |    3412050 |          0 |          0 |          0 |          0 |          0 |          0 |          0 |    1800405 |          0 |          0 |          0 |          0 |          0 |          0 |          0 |    1480654 |          0 |          0 |          0 |          0 |          0 |          0 |    1924638 |          0 |          0 |          0 |          0 |          0 |          0 |
|               CAS_COUNT_WR               | MBOX4C1 |    7757736 |          0 |          0 |          0 |          0 |          0 |          0 |          0 |    2355115 |          0 |          0 |          0 |          0 |          0 |          0 |          0 |    1995843 |          0 |          0 |          0 |          0 |          0 |          0 |    2358054 |          0 |          0 |          0 |          0 |          0 |          0 |
|               CAS_COUNT_RD               | MBOX5C0 |    3420838 |          0 |          0 |          0 |          0 |          0 |          0 |          0 |    1766370 |          0 |          0 |          0 |          0 |          0 |          0 |          0 |    1477822 |          0 |          0 |          0 |          0 |          0 |          0 |    1525089 |          0 |          0 |          0 |          0 |          0 |          0 |
|               CAS_COUNT_WR               | MBOX5C1 |    7733209 |          0 |          0 |          0 |          0 |          0 |          0 |          0 |    2305911 |          0 |          0 |          0 |          0 |          0 |          0 |          0 |    1993257 |          0 |          0 |          0 |          0 |          0 |          0 |    2011043 |          0 |          0 |          0 |          0 |          0 |          0 |
+------------------------------------------+---------+------------+------------+------------+------------+------------+------------+------------+------------+------------+------------+------------+------------+------------+------------+------------+------------+------------+------------+------------+------------+------------+------------+------------+------------+------------+------------+------------+------------+------------+------------+
+-----------------------------------------------+---------+-------------+------------+------------+--------------+
|                     Event                     | Counter |     Sum     |     Min    |     Max    |      Avg     |
+-----------------------------------------------+---------+-------------+------------+------------+--------------+
|             INSTR_RETIRED_ANY STAT            |  FIXC0  | 40904338000 | 1287576000 | 3141287000 | 1.363478e+09 |
|           CPU_CLK_UNHALTED_CORE STAT          |  FIXC1  | 30968245100 |  966578100 | 1823220000 | 1.032275e+09 |
|           CPU_CLK_UNHALTED_REF STAT           |  FIXC2  | 42428469000 | 1324565000 | 2497101000 |   1414282300 |
|              PWR_PKG_ENERGY STAT              |   PWR0  |    429.6350 |          0 |   118.6873 |      14.3212 |
|              PWR_DRAM_ENERGY STAT             |   PWR3  |     52.4207 |          0 |    16.1362 |       1.7474 |
| FP_ARITH_INST_RETIRED_128B_PACKED_DOUBLE STAT |   PMC0  |      761098 |          0 |     761098 |   25369.9333 |
|    FP_ARITH_INST_RETIRED_SCALAR_DOUBLE STAT   |   PMC1  | 11401934000 |  371340900 |  523941000 | 3.800645e+08 |
| FP_ARITH_INST_RETIRED_256B_PACKED_DOUBLE STAT |   PMC2  |      402100 |          0 |     402100 |   13403.3333 |
| FP_ARITH_INST_RETIRED_512B_PACKED_DOUBLE STAT |   PMC3  |     8148557 |          0 |    8148557 |  271618.5667 |
|               CAS_COUNT_RD STAT               | MBOX0C0 |    12022472 |          0 |    6631762 |  400749.0667 |
|               CAS_COUNT_WR STAT               | MBOX0C1 |    17372024 |          0 |   10501470 |  579067.4667 |
|               CAS_COUNT_RD STAT               | MBOX1C0 |     9673572 |          0 |    4227571 |  322452.4000 |
|               CAS_COUNT_WR STAT               | MBOX1C1 |    15331366 |          0 |    8389287 |  511045.5333 |
|               CAS_COUNT_RD STAT               | MBOX2C0 |     9953853 |          0 |    4466434 |  331795.1000 |
|               CAS_COUNT_WR STAT               | MBOX2C1 |    15295669 |          0 |    8301368 |  509855.6333 |
|               CAS_COUNT_RD STAT               | MBOX3C0 |    10099084 |          0 |    4995655 |  336636.1333 |
|               CAS_COUNT_WR STAT               | MBOX3C1 |    14750940 |          0 |    8137308 |       491698 |
|               CAS_COUNT_RD STAT               | MBOX4C0 |     8617747 |          0 |    3412050 |  287258.2333 |
|               CAS_COUNT_WR STAT               | MBOX4C1 |    14466748 |          0 |    7757736 |  482224.9333 |
|               CAS_COUNT_RD STAT               | MBOX5C0 |     8190119 |          0 |    3420838 |  273003.9667 |
|               CAS_COUNT_WR STAT               | MBOX5C1 |    14043420 |          0 |    7733209 |       468114 |
+-----------------------------------------------+---------+-------------+------------+------------+--------------+
+-----------------------------------+-----------+-----------+-----------+-----------+-----------+-----------+-----------+-----------+-----------+-----------+-----------+-----------+-----------+-----------+-----------+-----------+-----------+-----------+-----------+-----------+-----------+-----------+-----------+-----------+-----------+-----------+-----------+-----------+-----------+-----------+
|               Metric              |   Core 0  |   Core 1  |   Core 2  |   Core 3  |   Core 4  |   Core 5  |   Core 6  |   Core 7  |  Core 14  |  Core 15  |  Core 16  |  Core 17  |  Core 18  |  Core 19  |  Core 20  |  Core 21  |  Core 28  |  Core 29  |  Core 30  |  Core 31  |  Core 32  |  Core 33  |  Core 34  |  Core 42  |  Core 43  |  Core 44  |  Core 45  |  Core 46  |  Core 47  |  Core 48  |
+-----------------------------------+-----------+-----------+-----------+-----------+-----------+-----------+-----------+-----------+-----------+-----------+-----------+-----------+-----------+-----------+-----------+-----------+-----------+-----------+-----------+-----------+-----------+-----------+-----------+-----------+-----------+-----------+-----------+-----------+-----------+-----------+
|        Runtime (RDTSC) [s]        |    3.3591 |    3.3635 |    3.3635 |    3.3636 |    3.3637 |    3.3636 |    3.3635 |    3.3637 |    3.3591 |    3.3636 |    3.3636 |    3.3636 |    3.3636 |    3.3635 |    3.3636 |    3.3635 |    3.3591 |    3.3636 |    3.3636 |    3.3637 |    3.3636 |    3.3635 |    3.3635 |    3.3591 |    3.3637 |    3.3637 |    3.3635 |    3.3636 |    3.3635 |    3.3637 |
|        Runtime unhalted [s]       |    0.7029 |    0.4159 |    0.4150 |    0.4167 |    0.4027 |    0.4133 |    0.4169 |    0.4074 |    0.3732 |    0.3800 |    0.3737 |    0.3784 |    0.3796 |    0.3739 |    0.3824 |    0.3861 |    0.3792 |    0.3785 |    0.3798 |    0.3766 |    0.3826 |    0.3749 |    0.3837 |    0.3727 |    0.3866 |    0.3802 |    0.3851 |    0.3821 |    0.3816 |    0.3778 |
|            Clock [MHz]            | 1893.7936 | 1893.4852 | 1893.8038 | 1893.7740 | 1893.7112 | 1893.6046 | 1893.6410 | 1893.6500 | 1892.9231 | 1892.6525 | 1892.8070 | 1893.0550 | 1892.8021 | 1892.8060 | 1893.0955 | 1892.5686 | 1893.0461 | 1893.0955 | 1893.0047 | 1893.0806 | 1893.2339 | 1893.0524 | 1893.1672 | 1892.7504 | 1893.0376 | 1892.7474 | 1892.7650 | 1893.1950 | 1892.9605 | 1892.8572 |
|                CPI                |    0.5804 |    0.8147 |    0.8150 |    0.8181 |    0.7933 |    0.8132 |    0.8204 |    0.8022 |    0.7391 |    0.7529 |    0.7411 |    0.7500 |    0.7529 |    0.7417 |    0.7583 |    0.7666 |    0.7593 |    0.7594 |    0.7620 |    0.7567 |    0.7688 |    0.7538 |    0.7716 |    0.7502 |    0.7772 |    0.7656 |    0.7751 |    0.7693 |    0.7683 |    0.7610 |
|             Energy [J]            |  118.6873 |         0 |         0 |         0 |         0 |         0 |         0 |         0 |  101.3864 |         0 |         0 |         0 |         0 |         0 |         0 |         0 |  106.5969 |         0 |         0 |         0 |         0 |         0 |         0 |  102.9644 |         0 |         0 |         0 |         0 |         0 |         0 |
|             Power [W]             |   35.3330 |         0 |         0 |         0 |         0 |         0 |         0 |         0 |   30.1826 |         0 |         0 |         0 |         0 |         0 |         0 |         0 |   31.7336 |         0 |         0 |         0 |         0 |         0 |         0 |   30.6523 |         0 |         0 |         0 |         0 |         0 |         0 |
|          Energy DRAM [J]          |   16.1362 |         0 |         0 |         0 |         0 |         0 |         0 |         0 |   14.1636 |         0 |         0 |         0 |         0 |         0 |         0 |         0 |   10.2225 |         0 |         0 |         0 |         0 |         0 |         0 |   11.8984 |         0 |         0 |         0 |         0 |         0 |         0 |
|           Power DRAM [W]          |    4.8037 |         0 |         0 |         0 |         0 |         0 |         0 |         0 |    4.2165 |         0 |         0 |         0 |         0 |         0 |         0 |         0 |    3.0432 |         0 |         0 |         0 |         0 |         0 |         0 |    3.5421 |         0 |         0 |         0 |         0 |         0 |         0 |
|            DP [MFLOP/s]           |  176.3148 |  112.9498 |  112.7361 |  112.7335 |  112.5533 |  112.5224 |  112.4898 |  112.5211 |  112.3589 |  112.1091 |  112.0727 |  112.0459 |  112.0008 |  112.0377 |  112.0000 |  111.7813 |  111.3049 |  110.9263 |  110.9119 |  110.7535 |  110.7087 |  110.7253 |  110.5827 |  110.7433 |  110.5794 |  110.4921 |  110.4815 |  110.4934 |  110.4823 |  110.3981 |
|          AVX DP [MFLOP/s]         |   19.8853 |         0 |         0 |         0 |         0 |         0 |         0 |         0 |         0 |         0 |         0 |         0 |         0 |         0 |         0 |         0 |         0 |         0 |         0 |         0 |         0 |         0 |         0 |         0 |         0 |         0 |         0 |         0 |         0 |         0 |
|          Packed [MUOPS/s]         |    2.7721 |         0 |         0 |         0 |         0 |         0 |         0 |         0 |         0 |         0 |         0 |         0 |         0 |         0 |         0 |         0 |         0 |         0 |         0 |         0 |         0 |         0 |         0 |         0 |         0 |         0 |         0 |         0 |         0 |         0 |
|          Scalar [MUOPS/s]         |  155.9764 |  112.9498 |  112.7361 |  112.7335 |  112.5533 |  112.5224 |  112.4898 |  112.5211 |  112.3589 |  112.1091 |  112.0727 |  112.0459 |  112.0008 |  112.0377 |  112.0000 |  111.7813 |  111.3049 |  110.9263 |  110.9119 |  110.7535 |  110.7087 |  110.7253 |  110.5827 |  110.7433 |  110.5794 |  110.4921 |  110.4815 |  110.4934 |  110.4823 |  110.3981 |
|  Memory read bandwidth [MBytes/s] |  517.3628 |         0 |         0 |         0 |         0 |         0 |         0 |         0 |  215.4583 |         0 |         0 |         0 |         0 |         0 |         0 |         0 |  179.6729 |         0 |         0 |         0 |         0 |         0 |         0 |  203.1708 |         0 |         0 |         0 |         0 |         0 |         0 |
|  Memory read data volume [GBytes] |    1.7379 |         0 |         0 |         0 |         0 |         0 |         0 |         0 |    0.7237 |         0 |         0 |         0 |         0 |         0 |         0 |         0 |    0.6035 |         0 |         0 |         0 |         0 |         0 |         0 |    0.6825 |         0 |         0 |         0 |         0 |         0 |         0 |
| Memory write bandwidth [MBytes/s] |  968.2651 |         0 |         0 |         0 |         0 |         0 |         0 |         0 |  276.9611 |         0 |         0 |         0 |         0 |         0 |         0 |         0 |  238.0529 |         0 |         0 |         0 |         0 |         0 |         0 |  255.4717 |         0 |         0 |         0 |         0 |         0 |         0 |
| Memory write data volume [GBytes] |    3.2525 |         0 |         0 |         0 |         0 |         0 |         0 |         0 |    0.9303 |         0 |         0 |         0 |         0 |         0 |         0 |         0 |    0.7996 |         0 |         0 |         0 |         0 |         0 |         0 |    0.8582 |         0 |         0 |         0 |         0 |         0 |         0 |
|    Memory bandwidth [MBytes/s]    | 1485.6279 |         0 |         0 |         0 |         0 |         0 |         0 |         0 |  492.4194 |         0 |         0 |         0 |         0 |         0 |         0 |         0 |  417.7258 |         0 |         0 |         0 |         0 |         0 |         0 |  458.6425 |         0 |         0 |         0 |         0 |         0 |         0 |
|    Memory data volume [GBytes]    |    4.9904 |         0 |         0 |         0 |         0 |         0 |         0 |         0 |    1.6541 |         0 |         0 |         0 |         0 |         0 |         0 |         0 |    1.4032 |         0 |         0 |         0 |         0 |         0 |         0 |    1.5406 |         0 |         0 |         0 |         0 |         0 |         0 |
|       Operational intensity       |    0.1187 |    0.0761 |    0.0760 |    0.0760 |    0.0759 |    0.0758 |    0.0758 |    0.0758 |    0.2282 |    0.2280 |    0.2279 |    0.2278 |    0.2278 |    0.2278 |    0.2277 |    0.2273 |    0.2665 |    0.2659 |    0.2659 |    0.2655 |    0.2654 |    0.2654 |    0.2651 |    0.2415 |    0.2414 |    0.2412 |    0.2412 |    0.2412 |    0.2412 |    0.2410 |
+-----------------------------------+-----------+-----------+-----------+-----------+-----------+-----------+-----------+-----------+-----------+-----------+-----------+-----------+-----------+-----------+-----------+-----------+-----------+-----------+-----------+-----------+-----------+-----------+-----------+-----------+-----------+-----------+-----------+-----------+-----------+-----------+
+----------------------------------------+------------+-----------+-----------+-----------+
|                 Metric                 |     Sum    |    Min    |    Max    |    Avg    |
+----------------------------------------+------------+-----------+-----------+-----------+
|        Runtime (RDTSC) [s] STAT        |   100.8897 |    3.3591 |    3.3637 |    3.3630 |
|        Runtime unhalted [s] STAT       |    11.9395 |    0.3727 |    0.7029 |    0.3980 |
|            Clock [MHz] STAT            | 56794.1667 | 1892.5686 | 1893.8038 | 1893.1389 |
|                CPI STAT                |    22.9582 |    0.5804 |    0.8204 |    0.7653 |
|             Energy [J] STAT            |   429.6350 |         0 |  118.6873 |   14.3212 |
|             Power [W] STAT             |   127.9015 |         0 |   35.3330 |    4.2634 |
|          Energy DRAM [J] STAT          |    52.4207 |         0 |   16.1362 |    1.7474 |
|           Power DRAM [W] STAT          |    15.6055 |         0 |    4.8037 |    0.5202 |
|            DP [MFLOP/s] STAT           |  3410.8106 |  110.3981 |  176.3148 |  113.6937 |
|          AVX DP [MFLOP/s] STAT         |    19.8853 |         0 |   19.8853 |    0.6628 |
|          Packed [MUOPS/s] STAT         |     2.7721 |         0 |    2.7721 |    0.0924 |
|          Scalar [MUOPS/s] STAT         |  3390.4722 |  110.3981 |  155.9764 |  113.0157 |
|  Memory read bandwidth [MBytes/s] STAT |  1115.6648 |         0 |  517.3628 |   37.1888 |
|  Memory read data volume [GBytes] STAT |     3.7476 |         0 |    1.7379 |    0.1249 |
| Memory write bandwidth [MBytes/s] STAT |  1738.7508 |         0 |  968.2651 |   57.9584 |
| Memory write data volume [GBytes] STAT |     5.8406 |         0 |    3.2525 |    0.1947 |
|    Memory bandwidth [MBytes/s] STAT    |  2854.4156 |         0 | 1485.6279 |   95.1472 |
|    Memory data volume [GBytes] STAT    |     9.5883 |         0 |    4.9904 |    0.3196 |
|       Operational intensity STAT       |     6.0210 |    0.0758 |    0.2665 |    0.2007 |
+----------------------------------------+------------+-----------+-----------+-----------+
--------------------------------------------------------------------------------
CPU name:	Intel(R) Xeon(R) Gold 6132 CPU @ 2.60GHz
CPU type:	Intel Skylake SP processor
CPU clock:	2.59 GHz
--------------------------------------------------------------------------------
Region Solve, Group 1: MEM_DP
+-------------------+-----------+-----------+-----------+-----------+-----------+-----------+-----------+-----------+-----------+-----------+-----------+-----------+-----------+-----------+-----------+-----------+-----------+-----------+-----------+-----------+-----------+-----------+-----------+-----------+-----------+-----------+-----------+-----------+-----------+-----------+
|    Region Info    |   Core 0  |   Core 1  |   Core 2  |   Core 3  |   Core 4  |   Core 5  |   Core 6  |   Core 7  |  Core 14  |  Core 15  |  Core 16  |  Core 17  |  Core 18  |  Core 19  |  Core 20  |  Core 21  |  Core 28  |  Core 29  |  Core 30  |  Core 31  |  Core 32  |  Core 33  |  Core 34  |  Core 42  |  Core 43  |  Core 44  |  Core 45  |  Core 46  |  Core 47  |  Core 48  |
+-------------------+-----------+-----------+-----------+-----------+-----------+-----------+-----------+-----------+-----------+-----------+-----------+-----------+-----------+-----------+-----------+-----------+-----------+-----------+-----------+-----------+-----------+-----------+-----------+-----------+-----------+-----------+-----------+-----------+-----------+-----------+
| RDTSC Runtime [s] | 81.286690 | 81.289150 | 81.289150 | 81.289150 | 81.289150 | 81.289150 | 81.289150 | 81.289150 | 81.286690 | 81.289150 | 81.289150 | 81.289160 | 81.289150 | 81.289150 | 81.289150 | 81.289140 | 81.286680 | 81.289150 | 81.289140 | 81.289150 | 81.289150 | 81.289150 | 81.289140 | 81.286680 | 81.289150 | 81.289150 | 81.289140 | 81.289140 | 81.289150 | 81.289150 |
|     call count    |         1 |         1 |         1 |         1 |         1 |         1 |         1 |         1 |         1 |         1 |         1 |         1 |         1 |         1 |         1 |         1 |         1 |         1 |         1 |         1 |         1 |         1 |         1 |         1 |         1 |         1 |         1 |         1 |         1 |         1 |
+-------------------+-----------+-----------+-----------+-----------+-----------+-----------+-----------+-----------+-----------+-----------+-----------+-----------+-----------+-----------+-----------+-----------+-----------+-----------+-----------+-----------+-----------+-----------+-----------+-----------+-----------+-----------+-----------+-----------+-----------+-----------+
+------------------------------------------+---------+--------------+--------------+--------------+--------------+--------------+--------------+--------------+--------------+--------------+--------------+--------------+--------------+--------------+--------------+--------------+--------------+--------------+--------------+--------------+--------------+--------------+--------------+--------------+--------------+--------------+--------------+--------------+--------------+--------------+--------------+
|                   Event                  | Counter |    Core 0    |    Core 1    |    Core 2    |    Core 3    |    Core 4    |    Core 5    |    Core 6    |    Core 7    |    Core 14   |    Core 15   |    Core 16   |    Core 17   |    Core 18   |    Core 19   |    Core 20   |    Core 21   |    Core 28   |    Core 29   |    Core 30   |    Core 31   |    Core 32   |    Core 33   |    Core 34   |    Core 42   |    Core 43   |    Core 44   |    Core 45   |    Core 46   |    Core 47   |    Core 48   |
+------------------------------------------+---------+--------------+--------------+--------------+--------------+--------------+--------------+--------------+--------------+--------------+--------------+--------------+--------------+--------------+--------------+--------------+--------------+--------------+--------------+--------------+--------------+--------------+--------------+--------------+--------------+--------------+--------------+--------------+--------------+--------------+--------------+
|             INSTR_RETIRED_ANY            |  FIXC0  | 287653300000 | 286991200000 | 287254600000 | 287645400000 | 287002000000 | 286566000000 | 285463900000 | 285218700000 | 283048700000 | 283014800000 | 283463400000 | 283530500000 | 282713800000 | 281798000000 | 281455400000 | 281015800000 | 280304000000 | 280268900000 | 280542100000 | 280030800000 | 279538600000 | 279374300000 | 280135600000 | 280115000000 | 280942100000 | 280803100000 | 281008900000 | 280660600000 | 280114900000 | 286724700000 |
|           CPU_CLK_UNHALTED_CORE          |  FIXC1  | 147975100000 | 148365200000 | 148409100000 | 148402600000 | 148415500000 | 148582700000 | 148575900000 | 148622200000 | 148286000000 | 148278500000 | 148290900000 | 148327500000 | 148164900000 | 148331400000 | 148307700000 | 148269200000 | 148323400000 | 148326900000 | 148351200000 | 148364400000 | 148364000000 | 148291200000 | 148148000000 | 148184400000 | 147851600000 | 148188400000 | 148035000000 | 147951500000 | 147951200000 | 141683900000 |
|           CPU_CLK_UNHALTED_REF           |  FIXC2  | 202510900000 | 203045400000 | 203105000000 | 203096700000 | 203114000000 | 203342900000 | 203333300000 | 203397400000 | 202934600000 | 202924600000 | 202941400000 | 202991600000 | 202769100000 | 202998300000 | 202966700000 | 202913900000 | 202989100000 | 202994400000 | 203027300000 | 203045800000 | 203045000000 | 202945300000 | 202749400000 | 202779000000 | 202323700000 | 202784600000 | 202574600000 | 202460500000 | 202460100000 | 193884200000 |
|              PWR_PKG_ENERGY              |   PWR0  |    4522.6540 |            0 |            0 |            0 |            0 |            0 |            0 |            0 |    4061.3130 |            0 |            0 |            0 |            0 |            0 |            0 |            0 |    4198.9920 |            0 |            0 |            0 |            0 |            0 |            0 |    3991.4420 |            0 |            0 |            0 |            0 |            0 |            0 |
|              PWR_DRAM_ENERGY             |   PWR3  |     534.3399 |            0 |            0 |            0 |            0 |            0 |            0 |            0 |     576.2708 |            0 |            0 |            0 |            0 |            0 |            0 |            0 |     465.7632 |            0 |            0 |            0 |            0 |            0 |            0 |     495.4603 |            0 |            0 |            0 |            0 |            0 |            0 |
| FP_ARITH_INST_RETIRED_128B_PACKED_DOUBLE |   PMC0  |       714138 |            0 |            0 |            0 |            0 |            0 |            0 |            0 |            0 |            0 |            0 |            0 |            0 |            0 |            0 |            0 |            0 |            0 |            0 |            0 |            0 |            0 |            0 |            0 |            0 |            0 |            0 |            0 |            0 |            0 |
|    FP_ARITH_INST_RETIRED_SCALAR_DOUBLE   |   PMC1  |  85293450000 |  85312680000 |  85670470000 |  85996540000 |  85691290000 |  85331620000 |  84909970000 |  84882910000 |  84241660000 |  84200620000 |  84321740000 |  84220530000 |  83668670000 |  83319840000 |  83303910000 |  83156000000 |  82823180000 |  82892720000 |  83228500000 |  83209040000 |  83074640000 |  83033350000 |  83241040000 |  83203610000 |  83463800000 |  83737310000 |  83910470000 |  83597070000 |  83151720000 |  82812650000 |
| FP_ARITH_INST_RETIRED_256B_PACKED_DOUBLE |   PMC2  |      1138324 |            0 |            0 |            0 |            0 |            0 |            0 |            0 |            0 |            0 |            0 |            0 |            0 |            0 |            0 |            0 |            0 |            0 |            0 |            0 |            0 |            0 |            0 |            0 |            0 |            0 |            0 |            0 |            0 |            0 |
| FP_ARITH_INST_RETIRED_512B_PACKED_DOUBLE |   PMC3  |     10452010 |            0 |            0 |            0 |            0 |            0 |            0 |            0 |            0 |            0 |            0 |            0 |            0 |            0 |            0 |            0 |            0 |            0 |            0 |            0 |            0 |            0 |            0 |            0 |            0 |            0 |            0 |            0 |            0 |            0 |
|               CAS_COUNT_RD               | MBOX0C0 |    648646700 |            0 |            0 |            0 |            0 |            0 |            0 |            0 |    731974800 |            0 |            0 |            0 |            0 |            0 |            0 |            0 |    624836700 |            0 |            0 |            0 |            0 |            0 |            0 |    609035000 |            0 |            0 |            0 |            0 |            0 |            0 |
|               CAS_COUNT_WR               | MBOX0C1 |    419792600 |            0 |            0 |            0 |            0 |            0 |            0 |            0 |    451907600 |            0 |            0 |            0 |            0 |            0 |            0 |            0 |    376120700 |            0 |            0 |            0 |            0 |            0 |            0 |    343250200 |            0 |            0 |            0 |            0 |            0 |            0 |
|               CAS_COUNT_RD               | MBOX1C0 |    645933500 |            0 |            0 |            0 |            0 |            0 |            0 |            0 |    731351300 |            0 |            0 |            0 |            0 |            0 |            0 |            0 |    624878900 |            0 |            0 |            0 |            0 |            0 |            0 |    607871400 |            0 |            0 |            0 |            0 |            0 |            0 |
|               CAS_COUNT_WR               | MBOX1C1 |    417266000 |            0 |            0 |            0 |            0 |            0 |            0 |            0 |    451504300 |            0 |            0 |            0 |            0 |            0 |            0 |            0 |    376078000 |            0 |            0 |            0 |            0 |            0 |            0 |    342285900 |            0 |            0 |            0 |            0 |            0 |            0 |
|               CAS_COUNT_RD               | MBOX2C0 |    651480800 |            0 |            0 |            0 |            0 |            0 |            0 |            0 |    731667300 |            0 |            0 |            0 |            0 |            0 |            0 |            0 |    624660800 |            0 |            0 |            0 |            0 |            0 |            0 |    609073000 |            0 |            0 |            0 |            0 |            0 |            0 |
|               CAS_COUNT_WR               | MBOX2C1 |    417988900 |            0 |            0 |            0 |            0 |            0 |            0 |            0 |    451591100 |            0 |            0 |            0 |            0 |            0 |            0 |            0 |    376079900 |            0 |            0 |            0 |            0 |            0 |            0 |    343068400 |            0 |            0 |            0 |            0 |            0 |            0 |
|               CAS_COUNT_RD               | MBOX3C0 |    657643800 |            0 |            0 |            0 |            0 |            0 |            0 |            0 |    729040900 |            0 |            0 |            0 |            0 |            0 |            0 |            0 |    622777100 |            0 |            0 |            0 |            0 |            0 |            0 |    609184500 |            0 |            0 |            0 |            0 |            0 |            0 |
|               CAS_COUNT_WR               | MBOX3C1 |    418670500 |            0 |            0 |            0 |            0 |            0 |            0 |            0 |    449846700 |            0 |            0 |            0 |            0 |            0 |            0 |            0 |    374671300 |            0 |            0 |            0 |            0 |            0 |            0 |    343905700 |            0 |            0 |            0 |            0 |            0 |            0 |
|               CAS_COUNT_RD               | MBOX4C0 |    644647500 |            0 |            0 |            0 |            0 |            0 |            0 |            0 |    729446300 |            0 |            0 |            0 |            0 |            0 |            0 |            0 |    622869000 |            0 |            0 |            0 |            0 |            0 |            0 |    609280600 |            0 |            0 |            0 |            0 |            0 |            0 |
|               CAS_COUNT_WR               | MBOX4C1 |    417125900 |            0 |            0 |            0 |            0 |            0 |            0 |            0 |    450165600 |            0 |            0 |            0 |            0 |            0 |            0 |            0 |    374770500 |            0 |            0 |            0 |            0 |            0 |            0 |    344164300 |            0 |            0 |            0 |            0 |            0 |            0 |
|               CAS_COUNT_RD               | MBOX5C0 |    646308900 |            0 |            0 |            0 |            0 |            0 |            0 |            0 |    728915800 |            0 |            0 |            0 |            0 |            0 |            0 |            0 |    622989700 |            0 |            0 |            0 |            0 |            0 |            0 |    605759100 |            0 |            0 |            0 |            0 |            0 |            0 |
|               CAS_COUNT_WR               | MBOX5C1 |    417536900 |            0 |            0 |            0 |            0 |            0 |            0 |            0 |    449793300 |            0 |            0 |            0 |            0 |            0 |            0 |            0 |    374664800 |            0 |            0 |            0 |            0 |            0 |            0 |    340836600 |            0 |            0 |            0 |            0 |            0 |            0 |
+------------------------------------------+---------+--------------+--------------+--------------+--------------+--------------+--------------+--------------+--------------+--------------+--------------+--------------+--------------+--------------+--------------+--------------+--------------+--------------+--------------+--------------+--------------+--------------+--------------+--------------+--------------+--------------+--------------+--------------+--------------+--------------+--------------+
+-----------------------------------------------+---------+---------------+--------------+--------------+--------------+
|                     Event                     | Counter |      Sum      |      Min     |      Max     |      Avg     |
+-----------------------------------------------+---------+---------------+--------------+--------------+--------------+
|             INSTR_RETIRED_ANY STAT            |  FIXC0  | 8484399100000 | 279374300000 | 287653300000 | 2.828133e+11 |
|           CPU_CLK_UNHALTED_CORE STAT          |  FIXC1  | 4441619500000 | 141683900000 | 148622200000 | 1.480540e+11 |
|           CPU_CLK_UNHALTED_REF STAT           |  FIXC2  | 6078448800000 | 193884200000 | 203397400000 | 202614960000 |
|              PWR_PKG_ENERGY STAT              |   PWR0  |    16774.4010 |            0 |    4522.6540 |     559.1467 |
|              PWR_DRAM_ENERGY STAT             |   PWR3  |     2071.8342 |            0 |     576.2708 |      69.0611 |
| FP_ARITH_INST_RETIRED_128B_PACKED_DOUBLE STAT |   PMC0  |        714138 |            0 |       714138 |   23804.6000 |
|    FP_ARITH_INST_RETIRED_SCALAR_DOUBLE STAT   |   PMC1  | 2518901000000 |  82812650000 |  85996540000 | 8.396337e+10 |
| FP_ARITH_INST_RETIRED_256B_PACKED_DOUBLE STAT |   PMC2  |       1138324 |            0 |      1138324 |   37944.1333 |
| FP_ARITH_INST_RETIRED_512B_PACKED_DOUBLE STAT |   PMC3  |      10452010 |            0 |     10452010 |  348400.3333 |
|               CAS_COUNT_RD STAT               | MBOX0C0 |    2614493200 |            0 |    731974800 | 8.714977e+07 |
|               CAS_COUNT_WR STAT               | MBOX0C1 |    1591071100 |            0 |    451907600 | 5.303570e+07 |
|               CAS_COUNT_RD STAT               | MBOX1C0 |    2610035100 |            0 |    731351300 |     87001170 |
|               CAS_COUNT_WR STAT               | MBOX1C1 |    1587134200 |            0 |    451504300 | 5.290447e+07 |
|               CAS_COUNT_RD STAT               | MBOX2C0 |    2616881900 |            0 |    731667300 | 8.722940e+07 |
|               CAS_COUNT_WR STAT               | MBOX2C1 |    1588728300 |            0 |    451591100 |     52957610 |
|               CAS_COUNT_RD STAT               | MBOX3C0 |    2618646300 |            0 |    729040900 |     87288210 |
|               CAS_COUNT_WR STAT               | MBOX3C1 |    1587094200 |            0 |    449846700 |     52903140 |
|               CAS_COUNT_RD STAT               | MBOX4C0 |    2606243400 |            0 |    729446300 |     86874780 |
|               CAS_COUNT_WR STAT               | MBOX4C1 |    1586226300 |            0 |    450165600 |     52874210 |
|               CAS_COUNT_RD STAT               | MBOX5C0 |    2603973500 |            0 |    728915800 | 8.679912e+07 |
|               CAS_COUNT_WR STAT               | MBOX5C1 |    1582831600 |            0 |    449793300 | 5.276105e+07 |
+-----------------------------------------------+---------+---------------+--------------+--------------+--------------+
+-----------------------------------+-----------+-----------+-----------+-----------+-----------+-----------+-----------+-----------+-----------+-----------+-----------+-----------+-----------+-----------+-----------+-----------+-----------+-----------+-----------+-----------+-----------+-----------+-----------+-----------+-----------+-----------+-----------+-----------+-----------+-----------+
|               Metric              |   Core 0  |   Core 1  |   Core 2  |   Core 3  |   Core 4  |   Core 5  |   Core 6  |   Core 7  |  Core 14  |  Core 15  |  Core 16  |  Core 17  |  Core 18  |  Core 19  |  Core 20  |  Core 21  |  Core 28  |  Core 29  |  Core 30  |  Core 31  |  Core 32  |  Core 33  |  Core 34  |  Core 42  |  Core 43  |  Core 44  |  Core 45  |  Core 46  |  Core 47  |  Core 48  |
+-----------------------------------+-----------+-----------+-----------+-----------+-----------+-----------+-----------+-----------+-----------+-----------+-----------+-----------+-----------+-----------+-----------+-----------+-----------+-----------+-----------+-----------+-----------+-----------+-----------+-----------+-----------+-----------+-----------+-----------+-----------+-----------+
|        Runtime (RDTSC) [s]        |   81.2867 |   81.2892 |   81.2892 |   81.2892 |   81.2892 |   81.2892 |   81.2892 |   81.2892 |   81.2867 |   81.2892 |   81.2892 |   81.2892 |   81.2892 |   81.2892 |   81.2892 |   81.2891 |   81.2867 |   81.2892 |   81.2891 |   81.2892 |   81.2892 |   81.2892 |   81.2891 |   81.2867 |   81.2892 |   81.2892 |   81.2891 |   81.2891 |   81.2892 |   81.2892 |
|        Runtime unhalted [s]       |   57.0504 |   57.2008 |   57.2178 |   57.2153 |   57.2202 |   57.2847 |   57.2821 |   57.2999 |   57.1703 |   57.1674 |   57.1722 |   57.1863 |   57.1236 |   57.1878 |   57.1787 |   57.1638 |   57.1847 |   57.1861 |   57.1954 |   57.2005 |   57.2004 |   57.1723 |   57.1171 |   57.1311 |   57.0028 |   57.1327 |   57.0735 |   57.0413 |   57.0412 |   54.6249 |
|            Clock [MHz]            | 1895.2649 | 1895.2590 | 1895.2635 | 1895.2579 | 1895.2612 | 1895.2605 | 1895.2632 | 1895.2563 | 1895.2815 | 1895.2790 | 1895.2806 | 1895.2796 | 1895.2793 | 1895.2668 | 1895.2591 | 1895.2601 | 1895.2505 | 1895.2458 | 1895.2491 | 1895.2450 | 1895.2474 | 1895.2480 | 1895.2473 | 1895.4362 | 1895.4352 | 1895.4351 | 1895.4358 | 1895.4343 | 1895.4342 | 1895.4300 |
|                CPI                |    0.5144 |    0.5170 |    0.5166 |    0.5159 |    0.5171 |    0.5185 |    0.5205 |    0.5211 |    0.5239 |    0.5239 |    0.5231 |    0.5231 |    0.5241 |    0.5264 |    0.5269 |    0.5276 |    0.5292 |    0.5292 |    0.5288 |    0.5298 |    0.5307 |    0.5308 |    0.5288 |    0.5290 |    0.5263 |    0.5277 |    0.5268 |    0.5272 |    0.5282 |    0.4941 |
|             Energy [J]            | 4522.6540 |         0 |         0 |         0 |         0 |         0 |         0 |         0 | 4061.3130 |         0 |         0 |         0 |         0 |         0 |         0 |         0 | 4198.9920 |         0 |         0 |         0 |         0 |         0 |         0 | 3991.4420 |         0 |         0 |         0 |         0 |         0 |         0 |
|             Power [W]             |   55.6383 |         0 |         0 |         0 |         0 |         0 |         0 |         0 |   49.9628 |         0 |         0 |         0 |         0 |         0 |         0 |         0 |   51.6566 |         0 |         0 |         0 |         0 |         0 |         0 |   49.1033 |         0 |         0 |         0 |         0 |         0 |         0 |
|          Energy DRAM [J]          |  534.3399 |         0 |         0 |         0 |         0 |         0 |         0 |         0 |  576.2708 |         0 |         0 |         0 |         0 |         0 |         0 |         0 |  465.7632 |         0 |         0 |         0 |         0 |         0 |         0 |  495.4603 |         0 |         0 |         0 |         0 |         0 |         0 |
|           Power DRAM [W]          |    6.5735 |         0 |         0 |         0 |         0 |         0 |         0 |         0 |    7.0894 |         0 |         0 |         0 |         0 |         0 |         0 |         0 |    5.7299 |         0 |         0 |         0 |         0 |         0 |         0 |    6.0952 |         0 |         0 |         0 |         0 |         0 |         0 |
|            DP [MFLOP/s]           | 1050.3940 | 1049.4965 | 1053.8980 | 1057.9092 | 1054.1541 | 1049.7295 | 1044.5425 | 1044.2096 | 1036.3524 | 1035.8162 | 1037.3062 | 1036.0610 | 1029.2723 | 1024.9811 | 1024.7851 | 1022.9657 | 1018.9022 | 1019.7267 | 1023.8576 | 1023.6180 | 1021.9647 | 1021.4567 | 1024.0118 | 1023.5823 | 1026.7520 | 1030.1167 | 1032.2470 | 1028.3916 | 1022.9129 | 1018.7417 |
|          AVX DP [MFLOP/s]         |    1.0847 |         0 |         0 |         0 |         0 |         0 |         0 |         0 |         0 |         0 |         0 |         0 |         0 |         0 |         0 |         0 |         0 |         0 |         0 |         0 |         0 |         0 |         0 |         0 |         0 |         0 |         0 |         0 |         0 |         0 |
|          Packed [MUOPS/s]         |    0.1514 |         0 |         0 |         0 |         0 |         0 |         0 |         0 |         0 |         0 |         0 |         0 |         0 |         0 |         0 |         0 |         0 |         0 |         0 |         0 |         0 |         0 |         0 |         0 |         0 |         0 |         0 |         0 |         0 |         0 |
|          Scalar [MUOPS/s]         | 1049.2917 | 1049.4965 | 1053.8980 | 1057.9092 | 1054.1541 | 1049.7295 | 1044.5425 | 1044.2096 | 1036.3524 | 1035.8162 | 1037.3062 | 1036.0610 | 1029.2723 | 1024.9811 | 1024.7851 | 1022.9657 | 1018.9022 | 1019.7267 | 1023.8576 | 1023.6180 | 1021.9647 | 1021.4567 | 1024.0118 | 1023.5823 | 1026.7520 | 1030.1167 | 1032.2470 | 1028.3916 | 1022.9129 | 1018.7417 |
|  Memory read bandwidth [MBytes/s] | 3066.4100 |         0 |         0 |         0 |         0 |         0 |         0 |         0 | 3450.4218 |         0 |         0 |         0 |         0 |         0 |         0 |         0 | 2947.0115 |         0 |         0 |         0 |         0 |         0 |         0 | 2873.9399 |         0 |         0 |         0 |         0 |         0 |         0 |
|  Memory read data volume [GBytes] |  249.2583 |         0 |         0 |         0 |         0 |         0 |         0 |         0 |  280.4734 |         0 |         0 |         0 |         0 |         0 |         0 |         0 |  239.5528 |         0 |         0 |         0 |         0 |         0 |         0 |  233.6130 |         0 |         0 |         0 |         0 |         0 |         0 |
| Memory write bandwidth [MBytes/s] | 1974.9404 |         0 |         0 |         0 |         0 |         0 |         0 |         0 | 2129.5953 |         0 |         0 |         0 |         0 |         0 |         0 |         0 | 1773.3859 |         0 |         0 |         0 |         0 |         0 |         0 | 1619.9543 |         0 |         0 |         0 |         0 |         0 |         0 |
| Memory write data volume [GBytes] |  160.5364 |         0 |         0 |         0 |         0 |         0 |         0 |         0 |  173.1078 |         0 |         0 |         0 |         0 |         0 |         0 |         0 |  144.1527 |         0 |         0 |         0 |         0 |         0 |         0 |  131.6807 |         0 |         0 |         0 |         0 |         0 |         0 |
|    Memory bandwidth [MBytes/s]    | 5041.3504 |         0 |         0 |         0 |         0 |         0 |         0 |         0 | 5580.0171 |         0 |         0 |         0 |         0 |         0 |         0 |         0 | 4720.3974 |         0 |         0 |         0 |         0 |         0 |         0 | 4493.8942 |         0 |         0 |         0 |         0 |         0 |         0 |
|    Memory data volume [GBytes]    |  409.7947 |         0 |         0 |         0 |         0 |         0 |         0 |         0 |  453.5811 |         0 |         0 |         0 |         0 |         0 |         0 |         0 |  383.7054 |         0 |         0 |         0 |         0 |         0 |         0 |  365.2937 |         0 |         0 |         0 |         0 |         0 |         0 |
|       Operational intensity       |    0.2084 |    0.2082 |    0.2091 |    0.2099 |    0.2091 |    0.2082 |    0.2072 |    0.2071 |    0.1857 |    0.1856 |    0.1859 |    0.1857 |    0.1845 |    0.1837 |    0.1837 |    0.1833 |    0.2159 |    0.2160 |    0.2169 |    0.2169 |    0.2165 |    0.2164 |    0.2169 |    0.2278 |    0.2285 |    0.2292 |    0.2297 |    0.2288 |    0.2276 |    0.2267 |
+-----------------------------------+-----------+-----------+-----------+-----------+-----------+-----------+-----------+-----------+-----------+-----------+-----------+-----------+-----------+-----------+-----------+-----------+-----------+-----------+-----------+-----------+-----------+-----------+-----------+-----------+-----------+-----------+-----------+-----------+-----------+-----------+
+----------------------------------------+------------+-----------+-----------+-----------+
|                 Metric                 |     Sum    |    Min    |    Max    |    Avg    |
+----------------------------------------+------------+-----------+-----------+-----------+
|        Runtime (RDTSC) [s] STAT        |  2438.6655 |   81.2867 |   81.2892 |   81.2888 |
|        Runtime unhalted [s] STAT       |  1712.4253 |   54.6249 |   57.2999 |   57.0808 |
|            Clock [MHz] STAT            | 56859.0464 | 1895.2450 | 1895.4362 | 1895.3015 |
|                CPI STAT                |    15.7067 |    0.4941 |    0.5308 |    0.5236 |
|             Energy [J] STAT            | 16774.4010 |         0 | 4522.6540 |  559.1467 |
|             Power [W] STAT             |   206.3610 |         0 |   55.6383 |    6.8787 |
|          Energy DRAM [J] STAT          |  2071.8342 |         0 |  576.2708 |   69.0611 |
|           Power DRAM [W] STAT          |    25.4880 |         0 |    7.0894 |    0.8496 |
|            DP [MFLOP/s] STAT           | 30988.1553 | 1018.7417 | 1057.9092 | 1032.9385 |
|          AVX DP [MFLOP/s] STAT         |     1.0847 |         0 |    1.0847 |    0.0362 |
|          Packed [MUOPS/s] STAT         |     0.1514 |         0 |    0.1514 |    0.0050 |
|          Scalar [MUOPS/s] STAT         | 30987.0530 | 1018.7417 | 1057.9092 | 1032.9018 |
|  Memory read bandwidth [MBytes/s] STAT | 12337.7832 |         0 | 3450.4218 |  411.2594 |
|  Memory read data volume [GBytes] STAT |  1002.8975 |         0 |  280.4734 |   33.4299 |
| Memory write bandwidth [MBytes/s] STAT |  7497.8759 |         0 | 2129.5953 |  249.9292 |
| Memory write data volume [GBytes] STAT |   609.4776 |         0 |  173.1078 |   20.3159 |
|    Memory bandwidth [MBytes/s] STAT    | 19835.6591 |         0 | 5580.0171 |  661.1886 |
|    Memory data volume [GBytes] STAT    |  1612.3749 |         0 |  453.5811 |   53.7458 |
|       Operational intensity STAT       |     6.2591 |    0.1833 |    0.2297 |    0.2086 |
+----------------------------------------+------------+-----------+-----------+-----------+
