--------------------------------------------------------------------------------
CPU name:	Intel(R) Xeon(R) Gold 6132 CPU @ 2.60GHz
CPU type:	Intel Skylake SP processor
CPU clock:	2.59 GHz
--------------------------------------------------------------------------------
Region Setup, Group 1: MEM_DP
+-------------------+----------+----------+----------+----------+----------+----------+----------+----------+----------+----------+----------+----------+----------+----------+----------+----------+----------+----------+----------+
|    Region Info    |  Core 0  |  Core 1  |  Core 2  |  Core 3  |  Core 4  |  Core 14 |  Core 15 |  Core 16 |  Core 17 |  Core 18 |  Core 28 |  Core 29 |  Core 30 |  Core 31 |  Core 32 |  Core 42 |  Core 43 |  Core 44 |  Core 45 |
+-------------------+----------+----------+----------+----------+----------+----------+----------+----------+----------+----------+----------+----------+----------+----------+----------+----------+----------+----------+----------+
| RDTSC Runtime [s] | 3.435745 | 3.440185 | 3.440221 | 3.440181 | 3.440217 | 3.435721 | 3.440222 | 3.440210 | 3.440203 | 3.440238 | 3.435710 | 3.440245 | 3.440179 | 3.440177 | 3.440197 | 3.435720 | 3.440222 | 3.440234 | 3.440205 |
|     call count    |        2 |        2 |        2 |        2 |        2 |        2 |        2 |        2 |        2 |        2 |        2 |        2 |        2 |        2 |        2 |        2 |        2 |        2 |        2 |
+-------------------+----------+----------+----------+----------+----------+----------+----------+----------+----------+----------+----------+----------+----------+----------+----------+----------+----------+----------+----------+
+------------------------------------------+---------+------------+------------+------------+------------+------------+------------+------------+------------+------------+------------+------------+------------+------------+------------+------------+------------+------------+------------+------------+
|                   Event                  | Counter |   Core 0   |   Core 1   |   Core 2   |   Core 3   |   Core 4   |   Core 14  |   Core 15  |   Core 16  |   Core 17  |   Core 18  |   Core 28  |   Core 29  |   Core 30  |   Core 31  |   Core 32  |   Core 42  |   Core 43  |   Core 44  |   Core 45  |
+------------------------------------------+---------+------------+------------+------------+------------+------------+------------+------------+------------+------------+------------+------------+------------+------------+------------+------------+------------+------------+------------+------------+
|             INSTR_RETIRED_ANY            |  FIXC0  | 3882692000 | 2061749000 | 2062366000 | 2059935000 | 2058924000 | 2054965000 | 2055137000 | 2053801000 | 2052927000 | 2045319000 | 2041819000 | 2042302000 | 2041588000 | 2036095000 | 2032832000 | 2030960000 | 2025508000 | 2023872000 | 2023410000 |
|           CPU_CLK_UNHALTED_CORE          |  FIXC1  | 2205339000 | 1379628000 | 1407357000 | 1383661000 | 1376375000 | 1321527000 | 1325403000 | 1325598000 | 1326455000 | 1321171000 | 1306819000 | 1322828000 | 1314835000 | 1322385000 | 1326692000 | 1312112000 | 1339178000 | 1331375000 | 1353582000 |
|           CPU_CLK_UNHALTED_REF           |  FIXC2  | 3020444000 | 1889965000 | 1927961000 | 1895586000 | 1885084000 | 1810268000 | 1815840000 | 1816073000 | 1817148000 | 1809955000 | 1790068000 | 1811852000 | 1800823000 | 1811310000 | 1817132000 | 1797999000 | 1835469000 | 1824913000 | 1855042000 |
|              PWR_PKG_ENERGY              |   PWR0  |   117.3380 |          0 |          0 |          0 |          0 |    99.9846 |          0 |          0 |          0 |          0 |   107.0955 |          0 |          0 |          0 |          0 |   100.9313 |          0 |          0 |          0 |
|              PWR_DRAM_ENERGY             |   PWR3  |    16.7144 |          0 |          0 |          0 |          0 |    13.8803 |          0 |          0 |          0 |          0 |    10.7541 |          0 |          0 |          0 |          0 |    11.9800 |          0 |          0 |          0 |
| FP_ARITH_INST_RETIRED_128B_PACKED_DOUBLE |   PMC0  |     761098 |          0 |          0 |          0 |          0 |          0 |          0 |          0 |          0 |          0 |          0 |          0 |          0 |          0 |          0 |          0 |          0 |          0 |          0 |
|    FP_ARITH_INST_RETIRED_SCALAR_DOUBLE   |   PMC1  |  740561000 |  596406200 |  596404800 |  596021200 |  595946500 |  595649800 |  595649900 |  595214800 |  594934500 |  592637100 |  591773900 |  591659400 |  591590600 |  589801700 |  588789600 |  588377700 |  587358800 |  586910800 |  586244700 |
| FP_ARITH_INST_RETIRED_256B_PACKED_DOUBLE |   PMC2  |     402100 |          0 |          0 |          0 |          0 |          0 |          0 |          0 |          0 |          0 |          0 |          0 |          0 |          0 |          0 |          0 |          0 |          0 |          0 |
| FP_ARITH_INST_RETIRED_512B_PACKED_DOUBLE |   PMC3  |    8148557 |          0 |          0 |          0 |          0 |          0 |          0 |          0 |          0 |          0 |          0 |          0 |          0 |          0 |          0 |          0 |          0 |          0 |          0 |
|               CAS_COUNT_RD               | MBOX0C0 |    5175468 |          0 |          0 |          0 |          0 |    1872423 |          0 |          0 |          0 |          0 |    1856663 |          0 |          0 |          0 |          0 |    1711600 |          0 |          0 |          0 |
|               CAS_COUNT_WR               | MBOX0C1 |    9243986 |          0 |          0 |          0 |          0 |    2384350 |          0 |          0 |          0 |          0 |    2400925 |          0 |          0 |          0 |          0 |    2053758 |          0 |          0 |          0 |
|               CAS_COUNT_RD               | MBOX1C0 |    4679984 |          0 |          0 |          0 |          0 |    1891507 |          0 |          0 |          0 |          0 |    1862204 |          0 |          0 |          0 |          0 |    1586861 |          0 |          0 |          0 |
|               CAS_COUNT_WR               | MBOX1C1 |    8562678 |          0 |          0 |          0 |          0 |    2400672 |          0 |          0 |          0 |          0 |    2402223 |          0 |          0 |          0 |          0 |    1984493 |          0 |          0 |          0 |
|               CAS_COUNT_RD               | MBOX2C0 |    5185160 |          0 |          0 |          0 |          0 |    1910092 |          0 |          0 |          0 |          0 |    1909947 |          0 |          0 |          0 |          0 |    1703199 |          0 |          0 |          0 |
|               CAS_COUNT_WR               | MBOX2C1 |    8496955 |          0 |          0 |          0 |          0 |    2434157 |          0 |          0 |          0 |          0 |    2465026 |          0 |          0 |          0 |          0 |    2079008 |          0 |          0 |          0 |
|               CAS_COUNT_RD               | MBOX3C0 |    5011180 |          0 |          0 |          0 |          0 |    1715407 |          0 |          0 |          0 |          0 |    1697917 |          0 |          0 |          0 |          0 |    1754961 |          0 |          0 |          0 |
|               CAS_COUNT_WR               | MBOX3C1 |    8067082 |          0 |          0 |          0 |          0 |    2266855 |          0 |          0 |          0 |          0 |    2279300 |          0 |          0 |          0 |          0 |    2128321 |          0 |          0 |          0 |
|               CAS_COUNT_RD               | MBOX4C0 |    4984664 |          0 |          0 |          0 |          0 |    1711475 |          0 |          0 |          0 |          0 |    1710097 |          0 |          0 |          0 |          0 |    1712484 |          0 |          0 |          0 |
|               CAS_COUNT_WR               | MBOX4C1 |    8985049 |          0 |          0 |          0 |          0 |    2262568 |          0 |          0 |          0 |          0 |    2291188 |          0 |          0 |          0 |          0 |    2093530 |          0 |          0 |          0 |
|               CAS_COUNT_RD               | MBOX5C0 |    3759002 |          0 |          0 |          0 |          0 |    1712095 |          0 |          0 |          0 |          0 |    1711093 |          0 |          0 |          0 |          0 |    1494686 |          0 |          0 |          0 |
|               CAS_COUNT_WR               | MBOX5C1 |    7775226 |          0 |          0 |          0 |          0 |    2263253 |          0 |          0 |          0 |          0 |    2293071 |          0 |          0 |          0 |          0 |    1934369 |          0 |          0 |          0 |
+------------------------------------------+---------+------------+------------+------------+------------+------------+------------+------------+------------+------------+------------+------------+------------+------------+------------+------------+------------+------------+------------+------------+
+-----------------------------------------------+---------+-------------+------------+------------+--------------+
|                     Event                     | Counter |     Sum     |     Min    |     Max    |      Avg     |
+-----------------------------------------------+---------+-------------+------------+------------+--------------+
|             INSTR_RETIRED_ANY STAT            |  FIXC0  | 40686201000 | 2023410000 | 3882692000 |   2141379000 |
|           CPU_CLK_UNHALTED_CORE STAT          |  FIXC1  | 26302320000 | 1306819000 | 2205339000 | 1.384333e+09 |
|           CPU_CLK_UNHALTED_REF STAT           |  FIXC2  | 36032932000 | 1790068000 | 3020444000 | 1.896470e+09 |
|              PWR_PKG_ENERGY STAT              |   PWR0  |    425.3494 |          0 |   117.3380 |      22.3868 |
|              PWR_DRAM_ENERGY STAT             |   PWR3  |     53.3288 |          0 |    16.7144 |       2.8068 |
| FP_ARITH_INST_RETIRED_128B_PACKED_DOUBLE STAT |   PMC0  |      761098 |          0 |     761098 |   40057.7895 |
|    FP_ARITH_INST_RETIRED_SCALAR_DOUBLE STAT   |   PMC1  | 11401933000 |  586244700 |  740561000 | 6.001017e+08 |
| FP_ARITH_INST_RETIRED_256B_PACKED_DOUBLE STAT |   PMC2  |      402100 |          0 |     402100 |   21163.1579 |
| FP_ARITH_INST_RETIRED_512B_PACKED_DOUBLE STAT |   PMC3  |     8148557 |          0 |    8148557 |  428871.4211 |
|               CAS_COUNT_RD STAT               | MBOX0C0 |    10616154 |          0 |    5175468 |  558744.9474 |
|               CAS_COUNT_WR STAT               | MBOX0C1 |    16083019 |          0 |    9243986 |  846474.6842 |
|               CAS_COUNT_RD STAT               | MBOX1C0 |    10020556 |          0 |    4679984 |  527397.6842 |
|               CAS_COUNT_WR STAT               | MBOX1C1 |    15350066 |          0 |    8562678 |  807898.2105 |
|               CAS_COUNT_RD STAT               | MBOX2C0 |    10708398 |          0 |    5185160 |  563599.8947 |
|               CAS_COUNT_WR STAT               | MBOX2C1 |    15475146 |          0 |    8496955 |  814481.3684 |
|               CAS_COUNT_RD STAT               | MBOX3C0 |    10179465 |          0 |    5011180 |  535761.3158 |
|               CAS_COUNT_WR STAT               | MBOX3C1 |    14741558 |          0 |    8067082 |  775871.4737 |
|               CAS_COUNT_RD STAT               | MBOX4C0 |    10118720 |          0 |    4984664 |  532564.2105 |
|               CAS_COUNT_WR STAT               | MBOX4C1 |    15632335 |          0 |    8985049 |  822754.4737 |
|               CAS_COUNT_RD STAT               | MBOX5C0 |     8676876 |          0 |    3759002 |  456677.6842 |
|               CAS_COUNT_WR STAT               | MBOX5C1 |    14265919 |          0 |    7775226 |  750837.8421 |
+-----------------------------------------------+---------+-------------+------------+------------+--------------+
+-----------------------------------+-----------+-----------+-----------+-----------+-----------+-----------+-----------+-----------+-----------+-----------+-----------+-----------+-----------+-----------+-----------+-----------+-----------+-----------+-----------+
|               Metric              |   Core 0  |   Core 1  |   Core 2  |   Core 3  |   Core 4  |  Core 14  |  Core 15  |  Core 16  |  Core 17  |  Core 18  |  Core 28  |  Core 29  |  Core 30  |  Core 31  |  Core 32  |  Core 42  |  Core 43  |  Core 44  |  Core 45  |
+-----------------------------------+-----------+-----------+-----------+-----------+-----------+-----------+-----------+-----------+-----------+-----------+-----------+-----------+-----------+-----------+-----------+-----------+-----------+-----------+-----------+
|        Runtime (RDTSC) [s]        |    3.4357 |    3.4402 |    3.4402 |    3.4402 |    3.4402 |    3.4357 |    3.4402 |    3.4402 |    3.4402 |    3.4402 |    3.4357 |    3.4402 |    3.4402 |    3.4402 |    3.4402 |    3.4357 |    3.4402 |    3.4402 |    3.4402 |
|        Runtime unhalted [s]       |    0.8503 |    0.5319 |    0.5426 |    0.5335 |    0.5307 |    0.5095 |    0.5110 |    0.5111 |    0.5114 |    0.5094 |    0.5038 |    0.5100 |    0.5069 |    0.5098 |    0.5115 |    0.5059 |    0.5163 |    0.5133 |    0.5219 |
|            Clock [MHz]            | 1893.7882 | 1893.3682 | 1893.3585 | 1893.2721 | 1893.7947 | 1893.4768 | 1893.2031 | 1893.2387 | 1893.3419 | 1893.2941 | 1893.5324 | 1893.6839 | 1893.7692 | 1893.6162 | 1893.6969 | 1892.8155 | 1892.4224 | 1892.2785 | 1892.5949 |
|                CPI                |    0.5680 |    0.6692 |    0.6824 |    0.6717 |    0.6685 |    0.6431 |    0.6449 |    0.6454 |    0.6461 |    0.6459 |    0.6400 |    0.6477 |    0.6440 |    0.6495 |    0.6526 |    0.6461 |    0.6612 |    0.6578 |    0.6690 |
|             Energy [J]            |  117.3380 |         0 |         0 |         0 |         0 |   99.9846 |         0 |         0 |         0 |         0 |  107.0955 |         0 |         0 |         0 |         0 |  100.9313 |         0 |         0 |         0 |
|             Power [W]             |   34.1521 |         0 |         0 |         0 |         0 |   29.1015 |         0 |         0 |         0 |         0 |   31.1713 |         0 |         0 |         0 |         0 |   29.3770 |         0 |         0 |         0 |
|          Energy DRAM [J]          |   16.7144 |         0 |         0 |         0 |         0 |   13.8803 |         0 |         0 |         0 |         0 |   10.7541 |         0 |         0 |         0 |         0 |   11.9800 |         0 |         0 |         0 |
|           Power DRAM [W]          |    4.8648 |         0 |         0 |         0 |         0 |    4.0400 |         0 |         0 |         0 |         0 |    3.1301 |         0 |         0 |         0 |         0 |    3.4869 |         0 |         0 |         0 |
|            DP [MFLOP/s]           |  235.4308 |  173.3646 |  173.3624 |  173.2529 |  173.2293 |  173.3697 |  173.1429 |  173.0170 |  172.9359 |  172.2663 |  172.2421 |  171.9818 |  171.9651 |  171.4452 |  171.1500 |  171.2531 |  170.7328 |  170.6020 |  170.4098 |
|          AVX DP [MFLOP/s]         |   19.4417 |         0 |         0 |         0 |         0 |         0 |         0 |         0 |         0 |         0 |         0 |         0 |         0 |         0 |         0 |         0 |         0 |         0 |         0 |
|          Packed [MUOPS/s]         |    2.7103 |         0 |         0 |         0 |         0 |         0 |         0 |         0 |         0 |         0 |         0 |         0 |         0 |         0 |         0 |         0 |         0 |         0 |         0 |
|          Scalar [MUOPS/s]         |  215.5460 |  173.3646 |  173.3624 |  173.2529 |  173.2293 |  173.3697 |  173.1429 |  173.0170 |  172.9359 |  172.2663 |  172.2421 |  171.9818 |  171.9651 |  171.4452 |  171.1500 |  171.2531 |  170.7328 |  170.6020 |  170.4098 |
|  Memory read bandwidth [MBytes/s] |  536.3929 |         0 |         0 |         0 |         0 |  201.4226 |         0 |         0 |         0 |         0 |  200.2110 |         0 |         0 |         0 |         0 |  185.6038 |         0 |         0 |         0 |
|  Memory read data volume [GBytes] |    1.8429 |         0 |         0 |         0 |         0 |    0.6920 |         0 |         0 |         0 |         0 |    0.6879 |         0 |         0 |         0 |         0 |    0.6377 |         0 |         0 |         0 |
| Memory write bandwidth [MBytes/s] |  952.4521 |         0 |         0 |         0 |         0 |  261.0103 |         0 |         0 |         0 |         0 |  263.2443 |         0 |         0 |         0 |         0 |  228.6283 |         0 |         0 |         0 |
| Memory write data volume [GBytes] |    3.2724 |         0 |         0 |         0 |         0 |    0.8968 |         0 |         0 |         0 |         0 |    0.9044 |         0 |         0 |         0 |         0 |    0.7855 |         0 |         0 |         0 |
|    Memory bandwidth [MBytes/s]    | 1488.8450 |         0 |         0 |         0 |         0 |  462.4330 |         0 |         0 |         0 |         0 |  463.4553 |         0 |         0 |         0 |         0 |  414.2320 |         0 |         0 |         0 |
|    Memory data volume [GBytes]    |    5.1153 |         0 |         0 |         0 |         0 |    1.5888 |         0 |         0 |         0 |         0 |    1.5923 |         0 |         0 |         0 |         0 |    1.4232 |         0 |         0 |         0 |
|       Operational intensity       |    0.1581 |    0.1166 |    0.1166 |    0.1165 |    0.1165 |    0.3749 |    0.3749 |    0.3746 |    0.3745 |    0.3730 |    0.3716 |    0.3716 |    0.3715 |    0.3704 |    0.3698 |    0.4134 |    0.4127 |    0.4124 |    0.4119 |
+-----------------------------------+-----------+-----------+-----------+-----------+-----------+-----------+-----------+-----------+-----------+-----------+-----------+-----------+-----------+-----------+-----------+-----------+-----------+-----------+-----------+
+----------------------------------------+------------+-----------+-----------+-----------+
|                 Metric                 |     Sum    |    Min    |    Max    |    Avg    |
+----------------------------------------+------------+-----------+-----------+-----------+
|        Runtime (RDTSC) [s] STAT        |    65.3458 |    3.4357 |    3.4402 |    3.4393 |
|        Runtime unhalted [s] STAT       |    10.1408 |    0.5038 |    0.8503 |    0.5337 |
|            Clock [MHz] STAT            | 35972.5462 | 1892.2785 | 1893.7947 | 1893.2919 |
|                CPI STAT                |    12.3531 |    0.5680 |    0.6824 |    0.6502 |
|             Energy [J] STAT            |   425.3494 |         0 |  117.3380 |   22.3868 |
|             Power [W] STAT             |   123.8019 |         0 |   34.1521 |    6.5159 |
|          Energy DRAM [J] STAT          |    53.3288 |         0 |   16.7144 |    2.8068 |
|           Power DRAM [W] STAT          |    15.5218 |         0 |    4.8648 |    0.8169 |
|            DP [MFLOP/s] STAT           |  3335.1537 |  170.4098 |  235.4308 |  175.5344 |
|          AVX DP [MFLOP/s] STAT         |    19.4417 |         0 |   19.4417 |    1.0232 |
|          Packed [MUOPS/s] STAT         |     2.7103 |         0 |    2.7103 |    0.1426 |
|          Scalar [MUOPS/s] STAT         |  3315.2689 |  170.4098 |  215.5460 |  174.4878 |
|  Memory read bandwidth [MBytes/s] STAT |  1123.6303 |         0 |  536.3929 |   59.1384 |
|  Memory read data volume [GBytes] STAT |     3.8605 |         0 |    1.8429 |    0.2032 |
| Memory write bandwidth [MBytes/s] STAT |  1705.3350 |         0 |  952.4521 |   89.7545 |
| Memory write data volume [GBytes] STAT |     5.8591 |         0 |    3.2724 |    0.3084 |
|    Memory bandwidth [MBytes/s] STAT    |  2828.9653 |         0 | 1488.8450 |  148.8929 |
|    Memory data volume [GBytes] STAT    |     9.7196 |         0 |    5.1153 |    0.5116 |
|       Operational intensity STAT       |     6.0015 |    0.1165 |    0.4134 |    0.3159 |
+----------------------------------------+------------+-----------+-----------+-----------+
--------------------------------------------------------------------------------
CPU name:	Intel(R) Xeon(R) Gold 6132 CPU @ 2.60GHz
CPU type:	Intel Skylake SP processor
CPU clock:	2.59 GHz
--------------------------------------------------------------------------------
Region Solve, Group 1: MEM_DP
+-------------------+------------+------------+------------+------------+------------+------------+------------+------------+------------+------------+------------+------------+------------+------------+------------+------------+------------+------------+------------+
|    Region Info    |   Core 0   |   Core 1   |   Core 2   |   Core 3   |   Core 4   |   Core 14  |   Core 15  |   Core 16  |   Core 17  |   Core 18  |   Core 28  |   Core 29  |   Core 30  |   Core 31  |   Core 32  |   Core 42  |   Core 43  |   Core 44  |   Core 45  |
+-------------------+------------+------------+------------+------------+------------+------------+------------+------------+------------+------------+------------+------------+------------+------------+------------+------------+------------+------------+------------+
| RDTSC Runtime [s] | 121.188200 | 121.190700 | 121.190700 | 121.190700 | 121.190700 | 121.188200 | 121.190700 | 121.190700 | 121.190700 | 121.190700 | 121.188200 | 121.190700 | 121.190700 | 121.190700 | 121.190700 | 121.188200 | 121.190700 | 121.190700 | 121.190700 |
|     call count    |          1 |          1 |          1 |          1 |          1 |          1 |          1 |          1 |          1 |          1 |          1 |          1 |          1 |          1 |          1 |          1 |          1 |          1 |          1 |
+-------------------+------------+------------+------------+------------+------------+------------+------------+------------+------------+------------+------------+------------+------------+------------+------------+------------+------------+------------+------------+
+------------------------------------------+---------+--------------+--------------+--------------+--------------+--------------+--------------+--------------+--------------+--------------+--------------+--------------+--------------+--------------+--------------+--------------+--------------+--------------+--------------+--------------+
|                   Event                  | Counter |    Core 0    |    Core 1    |    Core 2    |    Core 3    |    Core 4    |    Core 14   |    Core 15   |    Core 16   |    Core 17   |    Core 18   |    Core 28   |    Core 29   |    Core 30   |    Core 31   |    Core 32   |    Core 42   |    Core 43   |    Core 44   |    Core 45   |
+------------------------------------------+---------+--------------+--------------+--------------+--------------+--------------+--------------+--------------+--------------+--------------+--------------+--------------+--------------+--------------+--------------+--------------+--------------+--------------+--------------+--------------+
|             INSTR_RETIRED_ANY            |  FIXC0  | 450244500000 | 450233400000 | 450172500000 | 448437500000 | 447321000000 | 445610000000 | 446308900000 | 446318100000 | 445564000000 | 444018400000 | 444298300000 | 444571100000 | 444438900000 | 442850400000 | 443737600000 | 443767600000 | 444389600000 | 443290300000 | 449168400000 |
|           CPU_CLK_UNHALTED_CORE          |  FIXC1  | 221120400000 | 221585100000 | 221614200000 | 221942300000 | 223429400000 | 223624700000 | 223705700000 | 223756100000 | 223745500000 | 223570100000 | 223717600000 | 223701000000 | 223568900000 | 223758700000 | 223648100000 | 223004000000 | 222084500000 | 221217700000 | 214545100000 |
|           CPU_CLK_UNHALTED_REF           |  FIXC2  | 302624800000 | 303260600000 | 303300400000 | 303749300000 | 305784000000 | 306032100000 | 306143300000 | 306212600000 | 306198400000 | 305958300000 | 306158500000 | 306136200000 | 305955100000 | 306215100000 | 306063500000 | 305177600000 | 303919400000 | 302734200000 | 293603300000 |
|              PWR_PKG_ENERGY              |   PWR0  |    5637.0800 |            0 |            0 |            0 |            0 |    5025.0660 |            0 |            0 |            0 |            0 |    5408.0790 |            0 |            0 |            0 |            0 |    4880.5770 |            0 |            0 |            0 |
|              PWR_DRAM_ENERGY             |   PWR3  |     707.6604 |            0 |            0 |            0 |            0 |     744.2737 |            0 |            0 |            0 |            0 |     626.2745 |            0 |            0 |            0 |            0 |     626.0049 |            0 |            0 |            0 |
| FP_ARITH_INST_RETIRED_128B_PACKED_DOUBLE |   PMC0  |       714138 |            0 |            0 |            0 |            0 |            0 |            0 |            0 |            0 |            0 |            0 |            0 |            0 |            0 |            0 |            0 |            0 |            0 |            0 |
|    FP_ARITH_INST_RETIRED_SCALAR_DOUBLE   |   PMC1  | 133715600000 | 134337500000 | 134655400000 | 133648400000 | 133183200000 | 132726300000 | 132888600000 | 132555900000 | 131933400000 | 131532700000 | 131480200000 | 131963700000 | 132247200000 | 131816700000 | 131993400000 | 132150400000 | 132817600000 | 132150300000 | 131104500000 |
| FP_ARITH_INST_RETIRED_256B_PACKED_DOUBLE |   PMC2  |      1138324 |            0 |            0 |            0 |            0 |            0 |            0 |            0 |            0 |            0 |            0 |            0 |            0 |            0 |            0 |            0 |            0 |            0 |            0 |
| FP_ARITH_INST_RETIRED_512B_PACKED_DOUBLE |   PMC3  |     10452010 |            0 |            0 |            0 |            0 |            0 |            0 |            0 |            0 |            0 |            0 |            0 |            0 |            0 |            0 |            0 |            0 |            0 |            0 |
|               CAS_COUNT_RD               | MBOX0C0 |    679131600 |            0 |            0 |            0 |            0 |    709265600 |            0 |            0 |            0 |            0 |    698915000 |            0 |            0 |            0 |            0 |    544203800 |            0 |            0 |            0 |
|               CAS_COUNT_WR               | MBOX0C1 |    442394500 |            0 |            0 |            0 |            0 |    441348100 |            0 |            0 |            0 |            0 |    415828000 |            0 |            0 |            0 |            0 |    307103000 |            0 |            0 |            0 |
|               CAS_COUNT_RD               | MBOX1C0 |    679366400 |            0 |            0 |            0 |            0 |    709037500 |            0 |            0 |            0 |            0 |    698720100 |            0 |            0 |            0 |            0 |    543682600 |            0 |            0 |            0 |
|               CAS_COUNT_WR               | MBOX1C1 |    441314100 |            0 |            0 |            0 |            0 |    441004200 |            0 |            0 |            0 |            0 |    415554900 |            0 |            0 |            0 |            0 |    306773800 |            0 |            0 |            0 |
|               CAS_COUNT_RD               | MBOX2C0 |    685589100 |            0 |            0 |            0 |            0 |    709282100 |            0 |            0 |            0 |            0 |    698870200 |            0 |            0 |            0 |            0 |    544913300 |            0 |            0 |            0 |
|               CAS_COUNT_WR               | MBOX2C1 |    441817200 |            0 |            0 |            0 |            0 |    441500100 |            0 |            0 |            0 |            0 |    415938900 |            0 |            0 |            0 |            0 |    307566400 |            0 |            0 |            0 |
|               CAS_COUNT_RD               | MBOX3C0 |    690094900 |            0 |            0 |            0 |            0 |    706481200 |            0 |            0 |            0 |            0 |    696382300 |            0 |            0 |            0 |            0 |    544893300 |            0 |            0 |            0 |
|               CAS_COUNT_WR               | MBOX3C1 |    442607800 |            0 |            0 |            0 |            0 |    439627300 |            0 |            0 |            0 |            0 |    414261600 |            0 |            0 |            0 |            0 |    308143200 |            0 |            0 |            0 |
|               CAS_COUNT_RD               | MBOX4C0 |    679901700 |            0 |            0 |            0 |            0 |    706571300 |            0 |            0 |            0 |            0 |    696412200 |            0 |            0 |            0 |            0 |    544121800 |            0 |            0 |            0 |
|               CAS_COUNT_WR               | MBOX4C1 |    443115000 |            0 |            0 |            0 |            0 |    439614900 |            0 |            0 |            0 |            0 |    414178300 |            0 |            0 |            0 |            0 |    307700000 |            0 |            0 |            0 |
|               CAS_COUNT_RD               | MBOX5C0 |    677335600 |            0 |            0 |            0 |            0 |    706405400 |            0 |            0 |            0 |            0 |    696303200 |            0 |            0 |            0 |            0 |    542024300 |            0 |            0 |            0 |
|               CAS_COUNT_WR               | MBOX5C1 |    440493700 |            0 |            0 |            0 |            0 |    439378000 |            0 |            0 |            0 |            0 |    413927300 |            0 |            0 |            0 |            0 |    305832300 |            0 |            0 |            0 |
+------------------------------------------+---------+--------------+--------------+--------------+--------------+--------------+--------------+--------------+--------------+--------------+--------------+--------------+--------------+--------------+--------------+--------------+--------------+--------------+--------------+--------------+
+-----------------------------------------------+---------+---------------+--------------+--------------+--------------+
|                     Event                     | Counter |      Sum      |      Min     |      Max     |      Avg     |
+-----------------------------------------------+---------+---------------+--------------+--------------+--------------+
|             INSTR_RETIRED_ANY STAT            |  FIXC0  | 8474740500000 | 442850400000 | 450244500000 | 4.460390e+11 |
|           CPU_CLK_UNHALTED_CORE STAT          |  FIXC1  | 4227339100000 | 214545100000 | 223758700000 | 2.224915e+11 |
|           CPU_CLK_UNHALTED_REF STAT           |  FIXC2  | 5785226700000 | 293603300000 | 306215100000 | 3.044856e+11 |
|              PWR_PKG_ENERGY STAT              |   PWR0  |    20950.8020 |            0 |    5637.0800 |    1102.6738 |
|              PWR_DRAM_ENERGY STAT             |   PWR3  |     2704.2135 |            0 |     744.2737 |     142.3270 |
| FP_ARITH_INST_RETIRED_128B_PACKED_DOUBLE STAT |   PMC0  |        714138 |            0 |       714138 |   37586.2105 |
|    FP_ARITH_INST_RETIRED_SCALAR_DOUBLE STAT   |   PMC1  | 2518901000000 | 131104500000 | 134655400000 | 1.325737e+11 |
| FP_ARITH_INST_RETIRED_256B_PACKED_DOUBLE STAT |   PMC2  |       1138324 |            0 |      1138324 |   59911.7895 |
| FP_ARITH_INST_RETIRED_512B_PACKED_DOUBLE STAT |   PMC3  |      10452010 |            0 |     10452010 |  550105.7895 |
|               CAS_COUNT_RD STAT               | MBOX0C0 |    2631516000 |            0 |    709265600 | 1.385008e+08 |
|               CAS_COUNT_WR STAT               | MBOX0C1 |    1606673600 |            0 |    442394500 | 8.456177e+07 |
|               CAS_COUNT_RD STAT               | MBOX1C0 |    2630806600 |            0 |    709037500 | 1.384635e+08 |
|               CAS_COUNT_WR STAT               | MBOX1C1 |    1604647000 |            0 |    441314100 | 8.445511e+07 |
|               CAS_COUNT_RD STAT               | MBOX2C0 |    2638654700 |            0 |    709282100 | 1.388766e+08 |
|               CAS_COUNT_WR STAT               | MBOX2C1 |    1606822600 |            0 |    441817200 | 8.456961e+07 |
|               CAS_COUNT_RD STAT               | MBOX3C0 |    2637851700 |            0 |    706481200 |    138834300 |
|               CAS_COUNT_WR STAT               | MBOX3C1 |    1604639900 |            0 |    442607800 | 8.445473e+07 |
|               CAS_COUNT_RD STAT               | MBOX4C0 |    2627007000 |            0 |    706571300 | 1.382635e+08 |
|               CAS_COUNT_WR STAT               | MBOX4C1 |    1604608200 |            0 |    443115000 | 8.445306e+07 |
|               CAS_COUNT_RD STAT               | MBOX5C0 |    2622068500 |            0 |    706405400 | 1.380036e+08 |
|               CAS_COUNT_WR STAT               | MBOX5C1 |    1599631300 |            0 |    440493700 | 8.419112e+07 |
+-----------------------------------------------+---------+---------------+--------------+--------------+--------------+
+-----------------------------------+-----------+-----------+-----------+-----------+-----------+-----------+-----------+-----------+-----------+-----------+-----------+-----------+-----------+-----------+-----------+-----------+-----------+-----------+-----------+
|               Metric              |   Core 0  |   Core 1  |   Core 2  |   Core 3  |   Core 4  |  Core 14  |  Core 15  |  Core 16  |  Core 17  |  Core 18  |  Core 28  |  Core 29  |  Core 30  |  Core 31  |  Core 32  |  Core 42  |  Core 43  |  Core 44  |  Core 45  |
+-----------------------------------+-----------+-----------+-----------+-----------+-----------+-----------+-----------+-----------+-----------+-----------+-----------+-----------+-----------+-----------+-----------+-----------+-----------+-----------+-----------+
|        Runtime (RDTSC) [s]        |  121.1882 |  121.1907 |  121.1907 |  121.1907 |  121.1907 |  121.1882 |  121.1907 |  121.1907 |  121.1907 |  121.1907 |  121.1882 |  121.1907 |  121.1907 |  121.1907 |  121.1907 |  121.1882 |  121.1907 |  121.1907 |  121.1907 |
|        Runtime unhalted [s]       |   85.2515 |   85.4307 |   85.4419 |   85.5684 |   86.1417 |   86.2170 |   86.2482 |   86.2677 |   86.2636 |   86.1960 |   86.2528 |   86.2464 |   86.1955 |   86.2687 |   86.2260 |   85.9777 |   85.6232 |   85.2890 |   82.7164 |
|            Clock [MHz]            | 1895.1829 | 1895.1841 | 1895.1842 | 1895.1851 | 1895.1884 | 1895.3072 | 1895.3051 | 1895.3030 | 1895.3011 | 1895.3015 | 1895.3118 | 1895.3092 | 1895.3112 | 1895.3096 | 1895.3111 | 1895.3387 | 1895.3379 | 1895.3317 | 1895.3285 |
|                CPI                |    0.4911 |    0.4922 |    0.4923 |    0.4949 |    0.4995 |    0.5018 |    0.5012 |    0.5013 |    0.5022 |    0.5035 |    0.5035 |    0.5032 |    0.5030 |    0.5053 |    0.5040 |    0.5025 |    0.4998 |    0.4990 |    0.4776 |
|             Energy [J]            | 5637.0800 |         0 |         0 |         0 |         0 | 5025.0660 |         0 |         0 |         0 |         0 | 5408.0790 |         0 |         0 |         0 |         0 | 4880.5770 |         0 |         0 |         0 |
|             Power [W]             |   46.5151 |         0 |         0 |         0 |         0 |   41.4650 |         0 |         0 |         0 |         0 |   44.6255 |         0 |         0 |         0 |         0 |   40.2727 |         0 |         0 |         0 |
|          Energy DRAM [J]          |  707.6604 |         0 |         0 |         0 |         0 |  744.2737 |         0 |         0 |         0 |         0 |  626.2745 |         0 |         0 |         0 |         0 |  626.0049 |         0 |         0 |         0 |
|           Power DRAM [W]          |    5.8394 |         0 |         0 |         0 |         0 |    6.1415 |         0 |         0 |         0 |         0 |    5.1678 |         0 |         0 |         0 |         0 |    5.1656 |         0 |         0 |         0 |
|            DP [MFLOP/s]           | 1104.1108 | 1108.4803 | 1111.1034 | 1102.7942 | 1098.9556 | 1095.2081 | 1096.5247 | 1093.7795 | 1088.6429 | 1085.3366 | 1084.9258 | 1088.8930 | 1091.2322 | 1087.6800 | 1089.1380 | 1090.4560 | 1095.9389 | 1090.4327 | 1081.8033 |
|          AVX DP [MFLOP/s]         |    0.7275 |         0 |         0 |         0 |         0 |         0 |         0 |         0 |         0 |         0 |         0 |         0 |         0 |         0 |         0 |         0 |         0 |         0 |         0 |
|          Packed [MUOPS/s]         |    0.1015 |         0 |         0 |         0 |         0 |         0 |         0 |         0 |         0 |         0 |         0 |         0 |         0 |         0 |         0 |         0 |         0 |         0 |         0 |
|          Scalar [MUOPS/s]         | 1103.3715 | 1108.4803 | 1111.1034 | 1102.7942 | 1098.9556 | 1095.2081 | 1096.5247 | 1093.7795 | 1088.6429 | 1085.3366 | 1084.9258 | 1088.8930 | 1091.2322 | 1087.6800 | 1089.1380 | 1090.4560 | 1095.9389 | 1090.4327 | 1081.8033 |
|  Memory read bandwidth [MBytes/s] | 2160.6958 |         0 |         0 |         0 |         0 | 2242.8814 |         0 |         0 |         0 |         0 | 2210.4346 |         0 |         0 |         0 |         0 | 1723.6472 |         0 |         0 |         0 |
|  Memory read data volume [GBytes] |  261.8508 |         0 |         0 |         0 |         0 |  271.8108 |         0 |         0 |         0 |         0 |  267.8786 |         0 |         0 |         0 |         0 |  208.8857 |         0 |         0 |         0 |
| Memory write bandwidth [MBytes/s] | 1400.3963 |         0 |         0 |         0 |         0 | 1395.5009 |         0 |         0 |         0 |         0 | 1314.8153 |         0 |         0 |         0 |         0 |  973.3588 |         0 |         0 |         0 |
| Memory write data volume [GBytes] |  169.7115 |         0 |         0 |         0 |         0 |  169.1182 |         0 |         0 |         0 |         0 |  159.3401 |         0 |         0 |         0 |         0 |  117.9596 |         0 |         0 |         0 |
|    Memory bandwidth [MBytes/s]    | 3561.0921 |         0 |         0 |         0 |         0 | 3638.3823 |         0 |         0 |         0 |         0 | 3525.2499 |         0 |         0 |         0 |         0 | 2697.0060 |         0 |         0 |         0 |
|    Memory data volume [GBytes]    |  431.5623 |         0 |         0 |         0 |         0 |  440.9290 |         0 |         0 |         0 |         0 |  427.2187 |         0 |         0 |         0 |         0 |  326.8453 |         0 |         0 |         0 |
|       Operational intensity       |    0.3100 |    0.3113 |    0.3120 |    0.3097 |    0.3086 |    0.3010 |    0.3014 |    0.3006 |    0.2992 |    0.2983 |    0.3078 |    0.3089 |    0.3096 |    0.3085 |    0.3090 |    0.4043 |    0.4064 |    0.4043 |    0.4011 |
+-----------------------------------+-----------+-----------+-----------+-----------+-----------+-----------+-----------+-----------+-----------+-----------+-----------+-----------+-----------+-----------+-----------+-----------+-----------+-----------+-----------+
+----------------------------------------+------------+-----------+-----------+-----------+
|                 Metric                 |     Sum    |    Min    |    Max    |    Avg    |
+----------------------------------------+------------+-----------+-----------+-----------+
|        Runtime (RDTSC) [s] STAT        |  2302.6133 |  121.1882 |  121.1907 |  121.1902 |
|        Runtime unhalted [s] STAT       |  1629.8224 |   82.7164 |   86.2687 |   85.7801 |
|            Clock [MHz] STAT            | 36010.3323 | 1895.1829 | 1895.3387 | 1895.2806 |
|                CPI STAT                |     9.4779 |    0.4776 |    0.5053 |    0.4988 |
|             Energy [J] STAT            | 20950.8020 |         0 | 5637.0800 | 1102.6738 |
|             Power [W] STAT             |   172.8783 |         0 |   46.5151 |    9.0989 |
|          Energy DRAM [J] STAT          |  2704.2135 |         0 |  744.2737 |  142.3270 |
|           Power DRAM [W] STAT          |    22.3143 |         0 |    6.1415 |    1.1744 |
|            DP [MFLOP/s] STAT           | 20785.4360 | 1081.8033 | 1111.1034 | 1093.9703 |
|          AVX DP [MFLOP/s] STAT         |     0.7275 |         0 |    0.7275 |    0.0383 |
|          Packed [MUOPS/s] STAT         |     0.1015 |         0 |    0.1015 |    0.0053 |
|          Scalar [MUOPS/s] STAT         | 20784.6967 | 1081.8033 | 1111.1034 | 1093.9314 |
|  Memory read bandwidth [MBytes/s] STAT |  8337.6590 |         0 | 2242.8814 |  438.8242 |
|  Memory read data volume [GBytes] STAT |  1010.4259 |         0 |  271.8108 |   53.1803 |
| Memory write bandwidth [MBytes/s] STAT |  5084.0713 |         0 | 1400.3963 |  267.5827 |
| Memory write data volume [GBytes] STAT |   616.1294 |         0 |  169.7115 |   32.4279 |
|    Memory bandwidth [MBytes/s] STAT    | 13421.7303 |         0 | 3638.3823 |  706.4069 |
|    Memory data volume [GBytes] STAT    |  1626.5553 |         0 |  440.9290 |   85.6082 |
|       Operational intensity STAT       |     6.2120 |    0.2983 |    0.4064 |    0.3269 |
+----------------------------------------+------------+-----------+-----------+-----------+
