--------------------------------------------------------------------------------
CPU name:	Intel(R) Xeon(R) Gold 6132 CPU @ 2.60GHz
CPU type:	Intel Skylake SP processor
CPU clock:	2.59 GHz
--------------------------------------------------------------------------------
Region Setup, Group 1: MEM_DP
+-------------------+----------+----------+----------+----------+----------+----------+----------+----------+----------+----------+----------+----------+----------+----------+----------+----------+
|    Region Info    |  Core 0  |  Core 1  |  Core 2  |  Core 3  |  Core 14 |  Core 15 |  Core 16 |  Core 17 |  Core 28 |  Core 29 |  Core 30 |  Core 31 |  Core 42 |  Core 43 |  Core 44 |  Core 45 |
+-------------------+----------+----------+----------+----------+----------+----------+----------+----------+----------+----------+----------+----------+----------+----------+----------+----------+
| RDTSC Runtime [s] | 3.529338 | 3.533952 | 3.533964 | 3.533926 | 3.529256 | 3.534011 | 3.533998 | 3.534006 | 3.529276 | 3.533943 | 3.533951 | 3.533972 | 3.529240 | 3.533962 | 3.533956 | 3.533947 |
|     call count    |        2 |        2 |        2 |        2 |        2 |        2 |        2 |        2 |        2 |        2 |        2 |        2 |        2 |        2 |        2 |        2 |
+-------------------+----------+----------+----------+----------+----------+----------+----------+----------+----------+----------+----------+----------+----------+----------+----------+----------+
+------------------------------------------+---------+------------+------------+------------+------------+------------+------------+------------+------------+------------+------------+------------+------------+------------+------------+------------+------------+
|                   Event                  | Counter |   Core 0   |   Core 1   |   Core 2   |   Core 3   |   Core 14  |   Core 15  |   Core 16  |   Core 17  |   Core 28  |   Core 29  |   Core 30  |   Core 31  |   Core 42  |   Core 43  |   Core 44  |   Core 45  |
+------------------------------------------+---------+------------+------------+------------+------------+------------+------------+------------+------------+------------+------------+------------+------------+------------+------------+------------+------------+
|             INSTR_RETIRED_ANY            |  FIXC0  | 4262905000 | 2434107000 | 2433763000 | 2432546000 | 2429443000 | 2426365000 | 2426159000 | 2426274000 | 2425345000 | 2425897000 | 2418369000 | 2418326000 | 2419348000 | 2418449000 | 2418950000 | 2418620000 |
|           CPU_CLK_UNHALTED_CORE          |  FIXC1  | 2386111000 | 1563364000 | 1570139000 | 1547050000 | 1497281000 | 1506609000 | 1503921000 | 1505776000 | 1492848000 | 1502751000 | 1503034000 | 1502717000 | 1523848000 | 1503932000 | 1515364000 | 1511783000 |
|           CPU_CLK_UNHALTED_REF           |  FIXC2  | 3268407000 | 2141766000 | 2151286000 | 2119659000 | 2051093000 | 2063882000 | 2060442000 | 2062767000 | 2045394000 | 2059130000 | 2059464000 | 2058924000 | 2088335000 | 2060954000 | 2076743000 | 2071503000 |
|              PWR_PKG_ENERGY              |   PWR0  |   118.9879 |          0 |          0 |          0 |   101.2491 |          0 |          0 |          0 |   108.2014 |          0 |          0 |          0 |   104.3293 |          0 |          0 |          0 |
|              PWR_DRAM_ENERGY             |   PWR3  |    16.8188 |          0 |          0 |          0 |    14.5245 |          0 |          0 |          0 |    10.9775 |          0 |          0 |          0 |    12.5592 |          0 |          0 |          0 |
| FP_ARITH_INST_RETIRED_128B_PACKED_DOUBLE |   PMC0  |     761098 |          0 |          0 |          0 |          0 |          0 |          0 |          0 |          0 |          0 |          0 |          0 |          0 |          0 |          0 |          0 |
|    FP_ARITH_INST_RETIRED_SCALAR_DOUBLE   |   PMC1  |  851760100 |  705185200 |  705136400 |  705175900 |  705087000 |  703992800 |  703948800 |  703994500 |  703882600 |  703907600 |  701695800 |  701698300 |  701699200 |  701700100 |  701699800 |  701368900 |
| FP_ARITH_INST_RETIRED_256B_PACKED_DOUBLE |   PMC2  |     402100 |          0 |          0 |          0 |          0 |          0 |          0 |          0 |          0 |          0 |          0 |          0 |          0 |          0 |          0 |          0 |
| FP_ARITH_INST_RETIRED_512B_PACKED_DOUBLE |   PMC3  |    8148557 |          0 |          0 |          0 |          0 |          0 |          0 |          0 |          0 |          0 |          0 |          0 |          0 |          0 |          0 |          0 |
|               CAS_COUNT_RD               | MBOX0C0 |    3338038 |          0 |          0 |          0 |    1766449 |          0 |          0 |          0 |    1769162 |          0 |          0 |          0 |    1954182 |          0 |          0 |          0 |
|               CAS_COUNT_WR               | MBOX0C1 |    7878284 |          0 |          0 |          0 |    2278033 |          0 |          0 |          0 |    2280483 |          0 |          0 |          0 |    2411689 |          0 |          0 |          0 |
|               CAS_COUNT_RD               | MBOX1C0 |    5829015 |          0 |          0 |          0 |    1837155 |          0 |          0 |          0 |    1789299 |          0 |          0 |          0 |    1899780 |          0 |          0 |          0 |
|               CAS_COUNT_WR               | MBOX1C1 |    9475573 |          0 |          0 |          0 |    2350824 |          0 |          0 |          0 |    2308138 |          0 |          0 |          0 |    2397358 |          0 |          0 |          0 |
|               CAS_COUNT_RD               | MBOX2C0 |    4357896 |          0 |          0 |          0 |    1802913 |          0 |          0 |          0 |    1795256 |          0 |          0 |          0 |    1836286 |          0 |          0 |          0 |
|               CAS_COUNT_WR               | MBOX2C1 |    8028809 |          0 |          0 |          0 |    2329879 |          0 |          0 |          0 |    2321252 |          0 |          0 |          0 |    2350256 |          0 |          0 |          0 |
|               CAS_COUNT_RD               | MBOX3C0 |    5673899 |          0 |          0 |          0 |    1634265 |          0 |          0 |          0 |    1618498 |          0 |          0 |          0 |    1717068 |          0 |          0 |          0 |
|               CAS_COUNT_WR               | MBOX3C1 |    8690380 |          0 |          0 |          0 |    2192499 |          0 |          0 |          0 |    2171799 |          0 |          0 |          0 |    2245115 |          0 |          0 |          0 |
|               CAS_COUNT_RD               | MBOX4C0 |    2927034 |          0 |          0 |          0 |    1649294 |          0 |          0 |          0 |    1640765 |          0 |          0 |          0 |    2192910 |          0 |          0 |          0 |
|               CAS_COUNT_WR               | MBOX4C1 |    7525981 |          0 |          0 |          0 |    2208814 |          0 |          0 |          0 |    2196842 |          0 |          0 |          0 |    2681480 |          0 |          0 |          0 |
|               CAS_COUNT_RD               | MBOX5C0 |    3811357 |          0 |          0 |          0 |    1642099 |          0 |          0 |          0 |    1840411 |          0 |          0 |          0 |    1670763 |          0 |          0 |          0 |
|               CAS_COUNT_WR               | MBOX5C1 |    7693621 |          0 |          0 |          0 |    2185104 |          0 |          0 |          0 |    2404115 |          0 |          0 |          0 |    2210974 |          0 |          0 |          0 |
+------------------------------------------+---------+------------+------------+------------+------------+------------+------------+------------+------------+------------+------------+------------+------------+------------+------------+------------+------------+
+-----------------------------------------------+---------+-------------+------------+------------+--------------+
|                     Event                     | Counter |     Sum     |     Min    |     Max    |      Avg     |
+-----------------------------------------------+---------+-------------+------------+------------+--------------+
|             INSTR_RETIRED_ANY STAT            |  FIXC0  | 40634866000 | 2418326000 | 4262905000 |   2539679125 |
|           CPU_CLK_UNHALTED_CORE STAT          |  FIXC1  | 25136528000 | 1492848000 | 2386111000 |   1571033000 |
|           CPU_CLK_UNHALTED_REF STAT           |  FIXC2  | 34439749000 | 2045394000 | 3268407000 | 2.152484e+09 |
|              PWR_PKG_ENERGY STAT              |   PWR0  |    432.7677 |          0 |   118.9879 |      27.0480 |
|              PWR_DRAM_ENERGY STAT             |   PWR3  |     54.8800 |          0 |    16.8188 |       3.4300 |
| FP_ARITH_INST_RETIRED_128B_PACKED_DOUBLE STAT |   PMC0  |      761098 |          0 |     761098 |   47568.6250 |
|    FP_ARITH_INST_RETIRED_SCALAR_DOUBLE STAT   |   PMC1  | 11401933000 |  701368900 |  851760100 | 7.126208e+08 |
| FP_ARITH_INST_RETIRED_256B_PACKED_DOUBLE STAT |   PMC2  |      402100 |          0 |     402100 |   25131.2500 |
| FP_ARITH_INST_RETIRED_512B_PACKED_DOUBLE STAT |   PMC3  |     8148557 |          0 |    8148557 |  509284.8125 |
|               CAS_COUNT_RD STAT               | MBOX0C0 |     8827831 |          0 |    3338038 |  551739.4375 |
|               CAS_COUNT_WR STAT               | MBOX0C1 |    14848489 |          0 |    7878284 |  928030.5625 |
|               CAS_COUNT_RD STAT               | MBOX1C0 |    11355249 |          0 |    5829015 |  709703.0625 |
|               CAS_COUNT_WR STAT               | MBOX1C1 |    16531893 |          0 |    9475573 | 1.033243e+06 |
|               CAS_COUNT_RD STAT               | MBOX2C0 |     9792351 |          0 |    4357896 |  612021.9375 |
|               CAS_COUNT_WR STAT               | MBOX2C1 |    15030196 |          0 |    8028809 |  939387.2500 |
|               CAS_COUNT_RD STAT               | MBOX3C0 |    10643730 |          0 |    5673899 |  665233.1250 |
|               CAS_COUNT_WR STAT               | MBOX3C1 |    15299793 |          0 |    8690380 |  956237.0625 |
|               CAS_COUNT_RD STAT               | MBOX4C0 |     8410003 |          0 |    2927034 |  525625.1875 |
|               CAS_COUNT_WR STAT               | MBOX4C1 |    14613117 |          0 |    7525981 |  913319.8125 |
|               CAS_COUNT_RD STAT               | MBOX5C0 |     8964630 |          0 |    3811357 |  560289.3750 |
|               CAS_COUNT_WR STAT               | MBOX5C1 |    14493814 |          0 |    7693621 |  905863.3750 |
+-----------------------------------------------+---------+-------------+------------+------------+--------------+
+-----------------------------------+-----------+-----------+-----------+-----------+-----------+-----------+-----------+-----------+-----------+-----------+-----------+-----------+-----------+-----------+-----------+-----------+
|               Metric              |   Core 0  |   Core 1  |   Core 2  |   Core 3  |  Core 14  |  Core 15  |  Core 16  |  Core 17  |  Core 28  |  Core 29  |  Core 30  |  Core 31  |  Core 42  |  Core 43  |  Core 44  |  Core 45  |
+-----------------------------------+-----------+-----------+-----------+-----------+-----------+-----------+-----------+-----------+-----------+-----------+-----------+-----------+-----------+-----------+-----------+-----------+
|        Runtime (RDTSC) [s]        |    3.5293 |    3.5340 |    3.5340 |    3.5339 |    3.5293 |    3.5340 |    3.5340 |    3.5340 |    3.5293 |    3.5339 |    3.5340 |    3.5340 |    3.5292 |    3.5340 |    3.5340 |    3.5339 |
|        Runtime unhalted [s]       |    0.9200 |    0.6028 |    0.6054 |    0.5965 |    0.5773 |    0.5809 |    0.5798 |    0.5806 |    0.5756 |    0.5794 |    0.5795 |    0.5794 |    0.5875 |    0.5798 |    0.5842 |    0.5829 |
|            Clock [MHz]            | 1893.5396 | 1893.2500 | 1893.0402 | 1893.0332 | 1893.3802 | 1893.3703 | 1893.1477 | 1893.3464 | 1893.0343 | 1892.8802 | 1892.9297 | 1893.0268 | 1892.6110 | 1892.6913 | 1892.5793 | 1892.8830 |
|                CPI                |    0.5597 |    0.6423 |    0.6451 |    0.6360 |    0.6163 |    0.6209 |    0.6199 |    0.6206 |    0.6155 |    0.6195 |    0.6215 |    0.6214 |    0.6299 |    0.6219 |    0.6265 |    0.6251 |
|             Energy [J]            |  118.9879 |         0 |         0 |         0 |  101.2491 |         0 |         0 |         0 |  108.2014 |         0 |         0 |         0 |  104.3293 |         0 |         0 |         0 |
|             Power [W]             |   33.7139 |         0 |         0 |         0 |   28.6885 |         0 |         0 |         0 |   30.6582 |         0 |         0 |         0 |   29.5614 |         0 |         0 |         0 |
|          Energy DRAM [J]          |   16.8188 |         0 |         0 |         0 |   14.5245 |         0 |         0 |         0 |   10.9775 |         0 |         0 |         0 |   12.5592 |         0 |         0 |         0 |
|           Power DRAM [W]          |    4.7654 |         0 |         0 |         0 |    4.1154 |         0 |         0 |         0 |    3.1104 |         0 |         0 |         0 |    3.5586 |         0 |         0 |         0 |
|            DP [MFLOP/s]           |  260.6945 |  199.5458 |  199.5313 |  199.5446 |  199.7835 |  199.2050 |  199.1933 |  199.2058 |  199.4411 |  199.1848 |  198.5584 |  198.5580 |  198.8244 |  198.5590 |  198.5593 |  198.4662 |
|          AVX DP [MFLOP/s]         |   18.9262 |         0 |         0 |         0 |         0 |         0 |         0 |         0 |         0 |         0 |         0 |         0 |         0 |         0 |         0 |         0 |
|          Packed [MUOPS/s]         |    2.6384 |         0 |         0 |         0 |         0 |         0 |         0 |         0 |         0 |         0 |         0 |         0 |         0 |         0 |         0 |         0 |
|          Scalar [MUOPS/s]         |  241.3371 |  199.5458 |  199.5313 |  199.5446 |  199.7835 |  199.2050 |  199.1933 |  199.2058 |  199.4411 |  199.1848 |  198.5584 |  198.5580 |  198.8244 |  198.5590 |  198.5593 |  198.4662 |
|  Memory read bandwidth [MBytes/s] |  470.3384 |         0 |         0 |         0 |  187.3650 |         0 |         0 |         0 |  189.5621 |         0 |         0 |         0 |  204.3905 |         0 |         0 |         0 |
|  Memory read data volume [GBytes] |    1.6600 |         0 |         0 |         0 |    0.6613 |         0 |         0 |         0 |    0.6690 |         0 |         0 |         0 |    0.7213 |         0 |         0 |         0 |
| Memory write bandwidth [MBytes/s] |  893.8587 |         0 |         0 |         0 |  245.6296 |         0 |         0 |         0 |  248.1212 |         0 |         0 |         0 |  259.2626 |         0 |         0 |         0 |
| Memory write data volume [GBytes] |    3.1547 |         0 |         0 |         0 |    0.8669 |         0 |         0 |         0 |    0.8757 |         0 |         0 |         0 |    0.9150 |         0 |         0 |         0 |
|    Memory bandwidth [MBytes/s]    | 1364.1971 |         0 |         0 |         0 |  432.9947 |         0 |         0 |         0 |  437.6833 |         0 |         0 |         0 |  463.6531 |         0 |         0 |         0 |
|    Memory data volume [GBytes]    |    4.8147 |         0 |         0 |         0 |    1.5281 |         0 |         0 |         0 |    1.5447 |         0 |         0 |         0 |    1.6363 |         0 |         0 |         0 |
|       Operational intensity       |    0.1911 |    0.1465 |    0.1465 |    0.1465 |    0.4614 |    0.4607 |    0.4607 |    0.4607 |    0.4557 |    0.4557 |    0.4543 |    0.4543 |    0.4288 |    0.4288 |    0.4288 |    0.4286 |
+-----------------------------------+-----------+-----------+-----------+-----------+-----------+-----------+-----------+-----------+-----------+-----------+-----------+-----------+-----------+-----------+-----------+-----------+
+----------------------------------------+------------+-----------+-----------+-----------+
|                 Metric                 |     Sum    |    Min    |    Max    |    Avg    |
+----------------------------------------+------------+-----------+-----------+-----------+
|        Runtime (RDTSC) [s] STAT        |    56.5248 |    3.5292 |    3.5340 |    3.5328 |
|        Runtime unhalted [s] STAT       |     9.6916 |    0.5756 |    0.9200 |    0.6057 |
|            Clock [MHz] STAT            | 30288.7432 | 1892.5793 | 1893.5396 | 1893.0465 |
|                CPI STAT                |     9.9421 |    0.5597 |    0.6451 |    0.6214 |
|             Energy [J] STAT            |   432.7677 |         0 |  118.9879 |   27.0480 |
|             Power [W] STAT             |   122.6220 |         0 |   33.7139 |    7.6639 |
|          Energy DRAM [J] STAT          |    54.8800 |         0 |   16.8188 |    3.4300 |
|           Power DRAM [W] STAT          |    15.5498 |         0 |    4.7654 |    0.9719 |
|            DP [MFLOP/s] STAT           |  3246.8550 |  198.4662 |  260.6945 |  202.9284 |
|          AVX DP [MFLOP/s] STAT         |    18.9262 |         0 |   18.9262 |    1.1829 |
|          Packed [MUOPS/s] STAT         |     2.6384 |         0 |    2.6384 |    0.1649 |
|          Scalar [MUOPS/s] STAT         |  3227.4976 |  198.4662 |  241.3371 |  201.7186 |
|  Memory read bandwidth [MBytes/s] STAT |  1051.6560 |         0 |  470.3384 |   65.7285 |
|  Memory read data volume [GBytes] STAT |     3.7116 |         0 |    1.6600 |    0.2320 |
| Memory write bandwidth [MBytes/s] STAT |  1646.8721 |         0 |  893.8587 |  102.9295 |
| Memory write data volume [GBytes] STAT |     5.8123 |         0 |    3.1547 |    0.3633 |
|    Memory bandwidth [MBytes/s] STAT    |  2698.5282 |         0 | 1364.1971 |  168.6580 |
|    Memory data volume [GBytes] STAT    |     9.5238 |         0 |    4.8147 |    0.5952 |
|       Operational intensity STAT       |     6.0091 |    0.1465 |    0.4614 |    0.3756 |
+----------------------------------------+------------+-----------+-----------+-----------+
--------------------------------------------------------------------------------
CPU name:	Intel(R) Xeon(R) Gold 6132 CPU @ 2.60GHz
CPU type:	Intel Skylake SP processor
CPU clock:	2.59 GHz
--------------------------------------------------------------------------------
Region Solve, Group 1: MEM_DP
+-------------------+------------+------------+------------+------------+------------+------------+------------+------------+------------+------------+------------+------------+------------+------------+------------+------------+
|    Region Info    |   Core 0   |   Core 1   |   Core 2   |   Core 3   |   Core 14  |   Core 15  |   Core 16  |   Core 17  |   Core 28  |   Core 29  |   Core 30  |   Core 31  |   Core 42  |   Core 43  |   Core 44  |   Core 45  |
+-------------------+------------+------------+------------+------------+------------+------------+------------+------------+------------+------------+------------+------------+------------+------------+------------+------------+
| RDTSC Runtime [s] | 141.617100 | 141.619500 | 141.619500 | 141.619500 | 141.617000 | 141.619500 | 141.619500 | 141.619500 | 141.617000 | 141.619500 | 141.619500 | 141.619500 | 141.617100 | 141.619500 | 141.619500 | 141.619500 |
|     call count    |          1 |          1 |          1 |          1 |          1 |          1 |          1 |          1 |          1 |          1 |          1 |          1 |          1 |          1 |          1 |          1 |
+-------------------+------------+------------+------------+------------+------------+------------+------------+------------+------------+------------+------------+------------+------------+------------+------------+------------+
+------------------------------------------+---------+--------------+--------------+--------------+--------------+--------------+--------------+--------------+--------------+--------------+--------------+--------------+--------------+--------------+--------------+--------------+--------------+
|                   Event                  | Counter |    Core 0    |    Core 1    |    Core 2    |    Core 3    |    Core 14   |    Core 15   |    Core 16   |    Core 17   |    Core 28   |    Core 29   |    Core 30   |    Core 31   |    Core 42   |    Core 43   |    Core 44   |    Core 45   |
+------------------------------------------+---------+--------------+--------------+--------------+--------------+--------------+--------------+--------------+--------------+--------------+--------------+--------------+--------------+--------------+--------------+--------------+--------------+
|             INSTR_RETIRED_ANY            |  FIXC0  | 532548400000 | 531392100000 | 531507000000 | 529941400000 | 528075700000 | 528365100000 | 528261400000 | 527225600000 | 527218200000 | 528232300000 | 527468400000 | 526628800000 | 528615200000 | 530198800000 | 530230300000 | 535868800000 |
|           CPU_CLK_UNHALTED_CORE          |  FIXC1  | 258139600000 | 258771800000 | 258863300000 | 259540000000 | 261189600000 | 261516300000 | 262173400000 | 262046800000 | 261927500000 | 262122100000 | 262167600000 | 262152000000 | 260930700000 | 260020600000 | 258493100000 | 251612400000 |
|           CPU_CLK_UNHALTED_REF           |  FIXC2  | 353280800000 | 354146300000 | 354271400000 | 355197000000 | 357439300000 | 357886300000 | 358785600000 | 358612300000 | 358449300000 | 358715900000 | 358778500000 | 358756500000 | 357083600000 | 355838600000 | 353748800000 | 344332500000 |
|              PWR_PKG_ENERGY              |   PWR0  |    6188.3890 |            0 |            0 |            0 |    5551.5860 |            0 |            0 |            0 |    5933.2510 |            0 |            0 |            0 |    5674.9820 |            0 |            0 |            0 |
|              PWR_DRAM_ENERGY             |   PWR3  |     753.3607 |            0 |            0 |            0 |     829.0565 |            0 |            0 |            0 |     680.0345 |            0 |            0 |            0 |     748.9883 |            0 |            0 |            0 |
| FP_ARITH_INST_RETIRED_128B_PACKED_DOUBLE |   PMC0  |       714138 |            0 |            0 |            0 |            0 |            0 |            0 |            0 |            0 |            0 |            0 |            0 |            0 |            0 |            0 |            0 |
|    FP_ARITH_INST_RETIRED_SCALAR_DOUBLE   |   PMC1  | 158256700000 | 158750800000 | 158744500000 | 157779500000 | 157302500000 | 157305100000 | 156743400000 | 156162500000 | 156137300000 | 156708500000 | 157031700000 | 156835600000 | 157317900000 | 158355500000 | 158430100000 | 157039300000 |
| FP_ARITH_INST_RETIRED_256B_PACKED_DOUBLE |   PMC2  |      1138324 |            0 |            0 |            0 |            0 |            0 |            0 |            0 |            0 |            0 |            0 |            0 |            0 |            0 |            0 |            0 |
| FP_ARITH_INST_RETIRED_512B_PACKED_DOUBLE |   PMC3  |     10452010 |            0 |            0 |            0 |            0 |            0 |            0 |            0 |            0 |            0 |            0 |            0 |            0 |            0 |            0 |            0 |
|               CAS_COUNT_RD               | MBOX0C0 |    602408800 |            0 |            0 |            0 |    690809000 |            0 |            0 |            0 |    666785700 |            0 |            0 |            0 |    679469100 |            0 |            0 |            0 |
|               CAS_COUNT_WR               | MBOX0C1 |    362315600 |            0 |            0 |            0 |    480399300 |            0 |            0 |            0 |    402058500 |            0 |            0 |            0 |    389613600 |            0 |            0 |            0 |
|               CAS_COUNT_RD               | MBOX1C0 |    608126700 |            0 |            0 |            0 |    690286600 |            0 |            0 |            0 |    666880200 |            0 |            0 |            0 |    677893800 |            0 |            0 |            0 |
|               CAS_COUNT_WR               | MBOX1C1 |    365357000 |            0 |            0 |            0 |    479837800 |            0 |            0 |            0 |    402285400 |            0 |            0 |            0 |    388376700 |            0 |            0 |            0 |
|               CAS_COUNT_RD               | MBOX2C0 |    610187500 |            0 |            0 |            0 |    690410400 |            0 |            0 |            0 |    666476500 |            0 |            0 |            0 |    678377900 |            0 |            0 |            0 |
|               CAS_COUNT_WR               | MBOX2C1 |    364133200 |            0 |            0 |            0 |    480030600 |            0 |            0 |            0 |    402122900 |            0 |            0 |            0 |    388750200 |            0 |            0 |            0 |
|               CAS_COUNT_RD               | MBOX3C0 |    616542700 |            0 |            0 |            0 |    688013600 |            0 |            0 |            0 |    664140900 |            0 |            0 |            0 |    675943400 |            0 |            0 |            0 |
|               CAS_COUNT_WR               | MBOX3C1 |    365773900 |            0 |            0 |            0 |    478625100 |            0 |            0 |            0 |    400489800 |            0 |            0 |            0 |    387196200 |            0 |            0 |            0 |
|               CAS_COUNT_RD               | MBOX4C0 |    601757500 |            0 |            0 |            0 |    688139700 |            0 |            0 |            0 |    664402400 |            0 |            0 |            0 |    680466100 |            0 |            0 |            0 |
|               CAS_COUNT_WR               | MBOX4C1 |    362593400 |            0 |            0 |            0 |    478730800 |            0 |            0 |            0 |    400470000 |            0 |            0 |            0 |    391559600 |            0 |            0 |            0 |
|               CAS_COUNT_RD               | MBOX5C0 |    604826900 |            0 |            0 |            0 |    687894400 |            0 |            0 |            0 |    666414100 |            0 |            0 |            0 |    675378600 |            0 |            0 |            0 |
|               CAS_COUNT_WR               | MBOX5C1 |    363023700 |            0 |            0 |            0 |    478420200 |            0 |            0 |            0 |    402765800 |            0 |            0 |            0 |    386757200 |            0 |            0 |            0 |
+------------------------------------------+---------+--------------+--------------+--------------+--------------+--------------+--------------+--------------+--------------+--------------+--------------+--------------+--------------+--------------+--------------+--------------+--------------+
+-----------------------------------------------+---------+---------------+--------------+--------------+--------------+
|                     Event                     | Counter |      Sum      |      Min     |      Max     |      Avg     |
+-----------------------------------------------+---------+---------------+--------------+--------------+--------------+
|             INSTR_RETIRED_ANY STAT            |  FIXC0  | 8471777500000 | 526628800000 | 535868800000 | 529486093750 |
|           CPU_CLK_UNHALTED_CORE STAT          |  FIXC1  | 4161666800000 | 251612400000 | 262173400000 | 260104175000 |
|           CPU_CLK_UNHALTED_REF STAT           |  FIXC2  | 5695322700000 | 344332500000 | 358785600000 | 355957668750 |
|              PWR_PKG_ENERGY STAT              |   PWR0  |    23348.2080 |            0 |    6188.3890 |    1459.2630 |
|              PWR_DRAM_ENERGY STAT             |   PWR3  |     3011.4400 |            0 |     829.0565 |     188.2150 |
| FP_ARITH_INST_RETIRED_128B_PACKED_DOUBLE STAT |   PMC0  |        714138 |            0 |       714138 |   44633.6250 |
|    FP_ARITH_INST_RETIRED_SCALAR_DOUBLE STAT   |   PMC1  | 2518900900000 | 156137300000 | 158750800000 | 157431306250 |
| FP_ARITH_INST_RETIRED_256B_PACKED_DOUBLE STAT |   PMC2  |       1138324 |            0 |      1138324 |   71145.2500 |
| FP_ARITH_INST_RETIRED_512B_PACKED_DOUBLE STAT |   PMC3  |      10452010 |            0 |     10452010 |  653250.6250 |
|               CAS_COUNT_RD STAT               | MBOX0C0 |    2639472600 |            0 |    690809000 | 1.649670e+08 |
|               CAS_COUNT_WR STAT               | MBOX0C1 |    1634387000 |            0 |    480399300 | 1.021492e+08 |
|               CAS_COUNT_RD STAT               | MBOX1C0 |    2643187300 |            0 |    690286600 | 1.651992e+08 |
|               CAS_COUNT_WR STAT               | MBOX1C1 |    1635856900 |            0 |    479837800 | 1.022411e+08 |
|               CAS_COUNT_RD STAT               | MBOX2C0 |    2645452300 |            0 |    690410400 | 1.653408e+08 |
|               CAS_COUNT_WR STAT               | MBOX2C1 |    1635036900 |            0 |    480030600 | 1.021898e+08 |
|               CAS_COUNT_RD STAT               | MBOX3C0 |    2644640600 |            0 |    688013600 | 1.652900e+08 |
|               CAS_COUNT_WR STAT               | MBOX3C1 |    1632085000 |            0 |    478625100 | 1.020053e+08 |
|               CAS_COUNT_RD STAT               | MBOX4C0 |    2634765700 |            0 |    688139700 | 1.646729e+08 |
|               CAS_COUNT_WR STAT               | MBOX4C1 |    1633353800 |            0 |    478730800 | 1.020846e+08 |
|               CAS_COUNT_RD STAT               | MBOX5C0 |    2634514000 |            0 |    687894400 |    164657125 |
|               CAS_COUNT_WR STAT               | MBOX5C1 |    1630966900 |            0 |    478420200 | 1.019354e+08 |
+-----------------------------------------------+---------+---------------+--------------+--------------+--------------+
+-----------------------------------+-----------+-----------+-----------+-----------+-----------+-----------+-----------+-----------+-----------+-----------+-----------+-----------+-----------+-----------+-----------+-----------+
|               Metric              |   Core 0  |   Core 1  |   Core 2  |   Core 3  |  Core 14  |  Core 15  |  Core 16  |  Core 17  |  Core 28  |  Core 29  |  Core 30  |  Core 31  |  Core 42  |  Core 43  |  Core 44  |  Core 45  |
+-----------------------------------+-----------+-----------+-----------+-----------+-----------+-----------+-----------+-----------+-----------+-----------+-----------+-----------+-----------+-----------+-----------+-----------+
|        Runtime (RDTSC) [s]        |  141.6171 |  141.6195 |  141.6195 |  141.6195 |  141.6170 |  141.6195 |  141.6195 |  141.6195 |  141.6170 |  141.6195 |  141.6195 |  141.6195 |  141.6171 |  141.6195 |  141.6195 |  141.6195 |
|        Runtime unhalted [s]       |   99.5256 |   99.7693 |   99.8046 |  100.0655 |  100.7015 |  100.8275 |  101.0808 |  101.0320 |  100.9860 |  101.0610 |  101.0786 |  101.0726 |  100.6017 |  100.2508 |   99.6619 |   97.0090 |
|            Clock [MHz]            | 1895.1975 | 1895.1959 | 1895.1966 | 1895.1993 | 1895.2803 | 1895.2808 | 1895.2805 | 1895.2808 | 1895.2794 | 1895.2779 | 1895.2761 | 1895.2795 | 1895.2877 | 1895.2852 | 1895.2821 | 1895.2823 |
|                CPI                |    0.4847 |    0.4870 |    0.4870 |    0.4898 |    0.4946 |    0.4950 |    0.4963 |    0.4970 |    0.4968 |    0.4962 |    0.4970 |    0.4978 |    0.4936 |    0.4904 |    0.4875 |    0.4695 |
|             Energy [J]            | 6188.3890 |         0 |         0 |         0 | 5551.5860 |         0 |         0 |         0 | 5933.2510 |         0 |         0 |         0 | 5674.9820 |         0 |         0 |         0 |
|             Power [W]             |   43.6980 |         0 |         0 |         0 |   39.2014 |         0 |         0 |         0 |   41.8965 |         0 |         0 |         0 |   40.0727 |         0 |         0 |         0 |
|          Energy DRAM [J]          |  753.3607 |         0 |         0 |         0 |  829.0565 |         0 |         0 |         0 |  680.0345 |         0 |         0 |         0 |  748.9883 |         0 |         0 |         0 |
|           Power DRAM [W]          |    5.3197 |         0 |         0 |         0 |    5.8542 |         0 |         0 |         0 |    4.8019 |         0 |         0 |         0 |    5.2888 |         0 |         0 |         0 |
|            DP [MFLOP/s]           | 1118.1298 | 1120.9671 | 1120.9226 | 1114.1086 | 1110.7600 | 1110.7588 | 1106.7925 | 1102.6907 | 1102.5322 | 1106.5461 | 1108.8282 | 1107.4435 | 1110.8680 | 1118.1758 | 1118.7026 | 1108.8819 |
|          AVX DP [MFLOP/s]         |    0.6226 |         0 |         0 |         0 |         0 |         0 |         0 |         0 |         0 |         0 |         0 |         0 |         0 |         0 |         0 |         0 |
|          Packed [MUOPS/s]         |    0.0869 |         0 |         0 |         0 |         0 |         0 |         0 |         0 |         0 |         0 |         0 |         0 |         0 |         0 |         0 |         0 |
|          Scalar [MUOPS/s]         | 1117.4971 | 1120.9671 | 1120.9226 | 1114.1086 | 1110.7600 | 1110.7588 | 1106.7925 | 1102.6907 | 1102.5322 | 1106.5461 | 1108.8282 | 1107.4435 | 1110.8680 | 1118.1758 | 1118.7026 | 1108.8819 |
|  Memory read bandwidth [MBytes/s] | 1646.7390 |         0 |         0 |         0 | 1868.9524 |         0 |         0 |         0 | 1805.4781 |         0 |         0 |         0 | 1838.2092 |         0 |         0 |         0 |
|  Memory read data volume [GBytes] |  233.2064 |         0 |         0 |         0 |  264.6754 |         0 |         0 |         0 |  255.6864 |         0 |         0 |         0 |  260.3218 |         0 |         0 |         0 |
| Memory write bandwidth [MBytes/s] |  986.6365 |         0 |         0 |         0 | 1299.7508 |         0 |         0 |         0 | 1089.2217 |         0 |         0 |         0 | 1053.9986 |         0 |         0 |         0 |
| Memory write data volume [GBytes] |  139.7246 |         0 |         0 |         0 |  184.0668 |         0 |         0 |         0 |  154.2523 |         0 |         0 |         0 |  149.2642 |         0 |         0 |         0 |
|    Memory bandwidth [MBytes/s]    | 2633.3755 |         0 |         0 |         0 | 3168.7032 |         0 |         0 |         0 | 2894.6998 |         0 |         0 |         0 | 2892.2077 |         0 |         0 |         0 |
|    Memory data volume [GBytes]    |  372.9310 |         0 |         0 |         0 |  448.7422 |         0 |         0 |         0 |  409.9387 |         0 |         0 |         0 |  409.5861 |         0 |         0 |         0 |
|       Operational intensity       |    0.4246 |    0.4257 |    0.4257 |    0.4231 |    0.3505 |    0.3505 |    0.3493 |    0.3480 |    0.3809 |    0.3823 |    0.3831 |    0.3826 |    0.3841 |    0.3866 |    0.3868 |    0.3834 |
+-----------------------------------+-----------+-----------+-----------+-----------+-----------+-----------+-----------+-----------+-----------+-----------+-----------+-----------+-----------+-----------+-----------+-----------+
+----------------------------------------+------------+-----------+-----------+-----------+
|                 Metric                 |     Sum    |    Min    |    Max    |    Avg    |
+----------------------------------------+------------+-----------+-----------+-----------+
|        Runtime (RDTSC) [s] STAT        |  2265.9022 |  141.6170 |  141.6195 |  141.6189 |
|        Runtime unhalted [s] STAT       |  1604.5284 |   97.0090 |  101.0808 |  100.2830 |
|            Clock [MHz] STAT            | 30324.1619 | 1895.1959 | 1895.2877 | 1895.2601 |
|                CPI STAT                |     7.8602 |    0.4695 |    0.4978 |    0.4913 |
|             Energy [J] STAT            | 23348.2080 |         0 | 6188.3890 | 1459.2630 |
|             Power [W] STAT             |   164.8686 |         0 |   43.6980 |   10.3043 |
|          Energy DRAM [J] STAT          |  3011.4400 |         0 |  829.0565 |  188.2150 |
|           Power DRAM [W] STAT          |    21.2646 |         0 |    5.8542 |    1.3290 |
|            DP [MFLOP/s] STAT           | 17787.1084 | 1102.5322 | 1120.9671 | 1111.6943 |
|          AVX DP [MFLOP/s] STAT         |     0.6226 |         0 |    0.6226 |    0.0389 |
|          Packed [MUOPS/s] STAT         |     0.0869 |         0 |    0.0869 |    0.0054 |
|          Scalar [MUOPS/s] STAT         | 17786.4757 | 1102.5322 | 1120.9671 | 1111.6547 |
|  Memory read bandwidth [MBytes/s] STAT |  7159.3787 |         0 | 1868.9524 |  447.4612 |
|  Memory read data volume [GBytes] STAT |  1013.8900 |         0 |  264.6754 |   63.3681 |
| Memory write bandwidth [MBytes/s] STAT |  4429.6076 |         0 | 1299.7508 |  276.8505 |
| Memory write data volume [GBytes] STAT |   627.3079 |         0 |  184.0668 |   39.2067 |
|    Memory bandwidth [MBytes/s] STAT    | 11588.9862 |         0 | 3168.7032 |  724.3116 |
|    Memory data volume [GBytes] STAT    |  1641.1980 |         0 |  448.7422 |  102.5749 |
|       Operational intensity STAT       |     6.1672 |    0.3480 |    0.4257 |    0.3854 |
+----------------------------------------+------------+-----------+-----------+-----------+
