--------------------------------------------------------------------------------
CPU name:	Intel(R) Xeon(R) Gold 6132 CPU @ 2.60GHz
CPU type:	Intel Skylake SP processor
CPU clock:	2.59 GHz
--------------------------------------------------------------------------------
Region Setup, Group 1: MEM_DP
+-------------------+----------+----------+----------+----------+----------+----------+----------+----------+----------+----------+----------+----------+----------+----------+
|    Region Info    |  Core 0  |  Core 1  |  Core 2  |  Core 3  |  Core 14 |  Core 15 |  Core 16 |  Core 17 |  Core 28 |  Core 29 |  Core 30 |  Core 42 |  Core 43 |  Core 44 |
+-------------------+----------+----------+----------+----------+----------+----------+----------+----------+----------+----------+----------+----------+----------+----------+
| RDTSC Runtime [s] | 3.551081 | 3.555872 | 3.555841 | 3.555888 | 3.551115 | 3.555920 | 3.555935 | 3.555895 | 3.551117 | 3.555934 | 3.555918 | 3.551122 | 3.555922 | 3.555880 |
|     call count    |        2 |        2 |        2 |        2 |        2 |        2 |        2 |        2 |        2 |        2 |        2 |        2 |        2 |        2 |
+-------------------+----------+----------+----------+----------+----------+----------+----------+----------+----------+----------+----------+----------+----------+----------+
+------------------------------------------+---------+------------+------------+------------+------------+------------+------------+------------+------------+------------+------------+------------+------------+------------+------------+
|                   Event                  | Counter |   Core 0   |   Core 1   |   Core 2   |   Core 3   |   Core 14  |   Core 15  |   Core 16  |   Core 17  |   Core 28  |   Core 29  |   Core 30  |   Core 42  |   Core 43  |   Core 44  |
+------------------------------------------+---------+------------+------------+------------+------------+------------+------------+------------+------------+------------+------------+------------+------------+------------+------------+
|             INSTR_RETIRED_ANY            |  FIXC0  | 4608631000 | 2787034000 | 2781176000 | 2780576000 | 2772341000 | 2769372000 | 2768829000 | 2765251000 | 2759393000 | 2758254000 | 2757084000 | 2756942000 | 2757127000 | 2754690000 |
|           CPU_CLK_UNHALTED_CORE          |  FIXC1  | 2522502000 | 1686665000 | 1690192000 | 1701135000 | 1671361000 | 1676063000 | 1668614000 | 1671332000 | 1682017000 | 1677734000 | 1677602000 | 1672572000 | 1679609000 | 1671431000 |
|           CPU_CLK_UNHALTED_REF           |  FIXC2  | 3454127000 | 2309377000 | 2314469000 | 2329364000 | 2289012000 | 2295425000 | 2285278000 | 2288935000 | 2304028000 | 2298539000 | 2298250000 | 2292501000 | 2302004000 | 2290770000 |
|              PWR_PKG_ENERGY              |   PWR0  |   120.1647 |          0 |          0 |          0 |   102.1878 |          0 |          0 |          0 |   106.4011 |          0 |          0 |   102.4941 |          0 |          0 |
|              PWR_DRAM_ENERGY             |   PWR3  |    17.0868 |          0 |          0 |          0 |    14.6112 |          0 |          0 |          0 |    10.8317 |          0 |          0 |    12.2947 |          0 |          0 |
| FP_ARITH_INST_RETIRED_128B_PACKED_DOUBLE |   PMC0  |     761098 |          0 |          0 |          0 |          0 |          0 |          0 |          0 |          0 |          0 |          0 |          0 |          0 |          0 |
|    FP_ARITH_INST_RETIRED_SCALAR_DOUBLE   |   PMC1  |  953183700 |  809097200 |  807505000 |  807123500 |  805096300 |  804026500 |  803977000 |  802871100 |  802115700 |  801930800 |  801452100 |  801502400 |  801454000 |  800597600 |
| FP_ARITH_INST_RETIRED_256B_PACKED_DOUBLE |   PMC2  |     402100 |          0 |          0 |          0 |          0 |          0 |          0 |          0 |          0 |          0 |          0 |          0 |          0 |          0 |
| FP_ARITH_INST_RETIRED_512B_PACKED_DOUBLE |   PMC3  |    8148557 |          0 |          0 |          0 |          0 |          0 |          0 |          0 |          0 |          0 |          0 |          0 |          0 |          0 |
|               CAS_COUNT_RD               | MBOX0C0 |    4297400 |          0 |          0 |          0 |    1882308 |          0 |          0 |          0 |    1416413 |          0 |          0 |    1527771 |          0 |          0 |
|               CAS_COUNT_WR               | MBOX0C1 |    9298909 |          0 |          0 |          0 |    2349726 |          0 |          0 |          0 |    1817493 |          0 |          0 |    1884332 |          0 |          0 |
|               CAS_COUNT_RD               | MBOX1C0 |    3815484 |          0 |          0 |          0 |    1921005 |          0 |          0 |          0 |    1391673 |          0 |          0 |    1454644 |          0 |          0 |
|               CAS_COUNT_WR               | MBOX1C1 |    8819314 |          0 |          0 |          0 |    2398490 |          0 |          0 |          0 |    1790963 |          0 |          0 |    1830287 |          0 |          0 |
|               CAS_COUNT_RD               | MBOX2C0 |    5303489 |          0 |          0 |          0 |    1907273 |          0 |          0 |          0 |    1415525 |          0 |          0 |    1437033 |          0 |          0 |
|               CAS_COUNT_WR               | MBOX2C1 |   10015640 |          0 |          0 |          0 |    2390183 |          0 |          0 |          0 |    1818325 |          0 |          0 |    1826472 |          0 |          0 |
|               CAS_COUNT_RD               | MBOX3C0 |    4830305 |          0 |          0 |          0 |    1752553 |          0 |          0 |          0 |    1276735 |          0 |          0 |    1368824 |          0 |          0 |
|               CAS_COUNT_WR               | MBOX3C1 |    9804080 |          0 |          0 |          0 |    2266893 |          0 |          0 |          0 |    1706341 |          0 |          0 |    1766087 |          0 |          0 |
|               CAS_COUNT_RD               | MBOX4C0 |    3184998 |          0 |          0 |          0 |    1753945 |          0 |          0 |          0 |    1278075 |          0 |          0 |    1390761 |          0 |          0 |
|               CAS_COUNT_WR               | MBOX4C1 |    8370847 |          0 |          0 |          0 |    2268083 |          0 |          0 |          0 |    1708034 |          0 |          0 |    1796611 |          0 |          0 |
|               CAS_COUNT_RD               | MBOX5C0 |    3387014 |          0 |          0 |          0 |    1737323 |          0 |          0 |          0 |    1285992 |          0 |          0 |    1310026 |          0 |          0 |
|               CAS_COUNT_WR               | MBOX5C1 |    8513260 |          0 |          0 |          0 |    2250706 |          0 |          0 |          0 |    1715665 |          0 |          0 |    1734557 |          0 |          0 |
+------------------------------------------+---------+------------+------------+------------+------------+------------+------------+------------+------------+------------+------------+------------+------------+------------+------------+
+-----------------------------------------------+---------+-------------+------------+------------+--------------+
|                     Event                     | Counter |     Sum     |     Min    |     Max    |      Avg     |
+-----------------------------------------------+---------+-------------+------------+------------+--------------+
|             INSTR_RETIRED_ANY STAT            |  FIXC0  | 40576700000 | 2754690000 | 4608631000 | 2.898336e+09 |
|           CPU_CLK_UNHALTED_CORE STAT          |  FIXC1  | 24348829000 | 1668614000 | 2522502000 | 1.739202e+09 |
|           CPU_CLK_UNHALTED_REF STAT           |  FIXC2  | 33352079000 | 2285278000 | 3454127000 | 2.382291e+09 |
|              PWR_PKG_ENERGY STAT              |   PWR0  |    431.2477 |          0 |   120.1647 |      30.8034 |
|              PWR_DRAM_ENERGY STAT             |   PWR3  |     54.8244 |          0 |    17.0868 |       3.9160 |
| FP_ARITH_INST_RETIRED_128B_PACKED_DOUBLE STAT |   PMC0  |      761098 |          0 |     761098 |   54364.1429 |
|    FP_ARITH_INST_RETIRED_SCALAR_DOUBLE STAT   |   PMC1  | 11401932900 |  800597600 |  953183700 | 8.144238e+08 |
| FP_ARITH_INST_RETIRED_256B_PACKED_DOUBLE STAT |   PMC2  |      402100 |          0 |     402100 |   28721.4286 |
| FP_ARITH_INST_RETIRED_512B_PACKED_DOUBLE STAT |   PMC3  |     8148557 |          0 |    8148557 |  582039.7857 |
|               CAS_COUNT_RD STAT               | MBOX0C0 |     9123892 |          0 |    4297400 |  651706.5714 |
|               CAS_COUNT_WR STAT               | MBOX0C1 |    15350460 |          0 |    9298909 | 1.096461e+06 |
|               CAS_COUNT_RD STAT               | MBOX1C0 |     8582806 |          0 |    3815484 |  613057.5714 |
|               CAS_COUNT_WR STAT               | MBOX1C1 |    14839054 |          0 |    8819314 | 1.059932e+06 |
|               CAS_COUNT_RD STAT               | MBOX2C0 |    10063320 |          0 |    5303489 |  718808.5714 |
|               CAS_COUNT_WR STAT               | MBOX2C1 |    16050620 |          0 |   10015640 | 1.146473e+06 |
|               CAS_COUNT_RD STAT               | MBOX3C0 |     9228417 |          0 |    4830305 |  659172.6429 |
|               CAS_COUNT_WR STAT               | MBOX3C1 |    15543401 |          0 |    9804080 | 1.110243e+06 |
|               CAS_COUNT_RD STAT               | MBOX4C0 |     7607779 |          0 |    3184998 |  543412.7857 |
|               CAS_COUNT_WR STAT               | MBOX4C1 |    14143575 |          0 |    8370847 | 1.010255e+06 |
|               CAS_COUNT_RD STAT               | MBOX5C0 |     7720355 |          0 |    3387014 |  551453.9286 |
|               CAS_COUNT_WR STAT               | MBOX5C1 |    14214188 |          0 |    8513260 | 1.015299e+06 |
+-----------------------------------------------+---------+-------------+------------+------------+--------------+
+-----------------------------------+-----------+-----------+-----------+-----------+-----------+-----------+-----------+-----------+-----------+-----------+-----------+-----------+-----------+-----------+
|               Metric              |   Core 0  |   Core 1  |   Core 2  |   Core 3  |  Core 14  |  Core 15  |  Core 16  |  Core 17  |  Core 28  |  Core 29  |  Core 30  |  Core 42  |  Core 43  |  Core 44  |
+-----------------------------------+-----------+-----------+-----------+-----------+-----------+-----------+-----------+-----------+-----------+-----------+-----------+-----------+-----------+-----------+
|        Runtime (RDTSC) [s]        |    3.5511 |    3.5559 |    3.5558 |    3.5559 |    3.5511 |    3.5559 |    3.5559 |    3.5559 |    3.5511 |    3.5559 |    3.5559 |    3.5511 |    3.5559 |    3.5559 |
|        Runtime unhalted [s]       |    0.9726 |    0.6503 |    0.6517 |    0.6559 |    0.6444 |    0.6462 |    0.6434 |    0.6444 |    0.6485 |    0.6469 |    0.6468 |    0.6449 |    0.6476 |    0.6444 |
|            Clock [MHz]            | 1894.0656 | 1894.2434 | 1894.0283 | 1894.1014 | 1893.7559 | 1893.7778 | 1893.7325 | 1893.7867 | 1893.4089 | 1893.0977 | 1893.1868 | 1892.2438 | 1892.3607 | 1892.3818 |
|                CPI                |    0.5473 |    0.6052 |    0.6077 |    0.6118 |    0.6029 |    0.6052 |    0.6026 |    0.6044 |    0.6096 |    0.6083 |    0.6085 |    0.6067 |    0.6092 |    0.6068 |
|             Energy [J]            |  120.1647 |         0 |         0 |         0 |  102.1878 |         0 |         0 |         0 |  106.4011 |         0 |         0 |  102.4941 |         0 |         0 |
|             Power [W]             |   33.8389 |         0 |         0 |         0 |   28.7763 |         0 |         0 |         0 |   29.9627 |         0 |         0 |   28.8625 |         0 |         0 |
|          Energy DRAM [J]          |   17.0868 |         0 |         0 |         0 |   14.6112 |         0 |         0 |         0 |   10.8317 |         0 |         0 |   12.2947 |         0 |         0 |
|           Power DRAM [W]          |    4.8117 |         0 |         0 |         0 |    4.1145 |         0 |         0 |         0 |    3.0502 |         0 |         0 |    3.4622 |         0 |         0 |
|            DP [MFLOP/s]           |  287.6597 |  227.5383 |  227.0925 |  226.9823 |  226.7165 |  226.1093 |  226.0944 |  225.7859 |  225.8770 |  225.5190 |  225.3854 |  225.7040 |  225.3857 |  225.1475 |
|          AVX DP [MFLOP/s]         |   18.8103 |         0 |         0 |         0 |         0 |         0 |         0 |         0 |         0 |         0 |         0 |         0 |         0 |         0 |
|          Packed [MUOPS/s]         |    2.6222 |         0 |         0 |         0 |         0 |         0 |         0 |         0 |         0 |         0 |         0 |         0 |         0 |         0 |
|          Scalar [MUOPS/s]         |  268.4207 |  227.5383 |  227.0925 |  226.9823 |  226.7165 |  226.1093 |  226.0944 |  225.7859 |  225.8770 |  225.5190 |  225.3854 |  225.7040 |  225.3857 |  225.1475 |
|  Memory read bandwidth [MBytes/s] |  447.2993 |         0 |         0 |         0 |  197.4259 |         0 |         0 |         0 |  145.3409 |         0 |         0 |  152.9938 |         0 |         0 |
|  Memory read data volume [GBytes] |    1.5884 |         0 |         0 |         0 |    0.7011 |         0 |         0 |         0 |    0.5161 |         0 |         0 |    0.5433 |         0 |         0 |
| Memory write bandwidth [MBytes/s] |  988.0403 |         0 |         0 |         0 |  250.9469 |         0 |         0 |         0 |  190.2603 |         0 |         0 |  195.3338 |         0 |         0 |
| Memory write data volume [GBytes] |    3.5086 |         0 |         0 |         0 |    0.8911 |         0 |         0 |         0 |    0.6756 |         0 |         0 |    0.6937 |         0 |         0 |
|    Memory bandwidth [MBytes/s]    | 1435.3397 |         0 |         0 |         0 |  448.3728 |         0 |         0 |         0 |  335.6012 |         0 |         0 |  348.3276 |         0 |         0 |
|    Memory data volume [GBytes]    |    5.0970 |         0 |         0 |         0 |    1.5922 |         0 |         0 |         0 |    1.1918 |         0 |         0 |    1.2370 |         0 |         0 |
|       Operational intensity       |    0.2004 |    0.1587 |    0.1584 |    0.1584 |    0.5056 |    0.5050 |    0.5049 |    0.5042 |    0.6731 |    0.6729 |    0.6725 |    0.6480 |    0.6479 |    0.6472 |
+-----------------------------------+-----------+-----------+-----------+-----------+-----------+-----------+-----------+-----------+-----------+-----------+-----------+-----------+-----------+-----------+
+----------------------------------------+------------+-----------+-----------+-----------+
|                 Metric                 |     Sum    |    Min    |    Max    |    Avg    |
+----------------------------------------+------------+-----------+-----------+-----------+
|        Runtime (RDTSC) [s] STAT        |    49.7633 |    3.5511 |    3.5559 |    3.5545 |
|        Runtime unhalted [s] STAT       |     9.3880 |    0.6434 |    0.9726 |    0.6706 |
|            Clock [MHz] STAT            | 26508.1713 | 1892.2438 | 1894.2434 | 1893.4408 |
|                CPI STAT                |     8.4362 |    0.5473 |    0.6118 |    0.6026 |
|             Energy [J] STAT            |   431.2477 |         0 |  120.1647 |   30.8034 |
|             Power [W] STAT             |   121.4404 |         0 |   33.8389 |    8.6743 |
|          Energy DRAM [J] STAT          |    54.8244 |         0 |   17.0868 |    3.9160 |
|           Power DRAM [W] STAT          |    15.4386 |         0 |    4.8117 |    1.1028 |
|            DP [MFLOP/s] STAT           |  3226.9975 |  225.1475 |  287.6597 |  230.4998 |
|          AVX DP [MFLOP/s] STAT         |    18.8103 |         0 |   18.8103 |    1.3436 |
|          Packed [MUOPS/s] STAT         |     2.6222 |         0 |    2.6222 |    0.1873 |
|          Scalar [MUOPS/s] STAT         |  3207.7585 |  225.1475 |  268.4207 |  229.1256 |
|  Memory read bandwidth [MBytes/s] STAT |   943.0599 |         0 |  447.2993 |   67.3614 |
|  Memory read data volume [GBytes] STAT |     3.3489 |         0 |    1.5884 |    0.2392 |
| Memory write bandwidth [MBytes/s] STAT |  1624.5813 |         0 |  988.0403 |  116.0415 |
| Memory write data volume [GBytes] STAT |     5.7690 |         0 |    3.5086 |    0.4121 |
|    Memory bandwidth [MBytes/s] STAT    |  2567.6413 |         0 | 1435.3397 |  183.4030 |
|    Memory data volume [GBytes] STAT    |     9.1180 |         0 |    5.0970 |    0.6513 |
|       Operational intensity STAT       |     6.6572 |    0.1584 |    0.6731 |    0.4755 |
+----------------------------------------+------------+-----------+-----------+-----------+
--------------------------------------------------------------------------------
CPU name:	Intel(R) Xeon(R) Gold 6132 CPU @ 2.60GHz
CPU type:	Intel Skylake SP processor
CPU clock:	2.59 GHz
--------------------------------------------------------------------------------
Region Solve, Group 1: MEM_DP
+-------------------+------------+------------+------------+------------+------------+------------+------------+------------+------------+------------+------------+------------+------------+------------+
|    Region Info    |   Core 0   |   Core 1   |   Core 2   |   Core 3   |   Core 14  |   Core 15  |   Core 16  |   Core 17  |   Core 28  |   Core 29  |   Core 30  |   Core 42  |   Core 43  |   Core 44  |
+-------------------+------------+------------+------------+------------+------------+------------+------------+------------+------------+------------+------------+------------+------------+------------+
| RDTSC Runtime [s] | 160.686500 | 160.689000 | 160.689000 | 160.689000 | 160.686500 | 160.689000 | 160.689000 | 160.689000 | 160.686500 | 160.689000 | 160.689000 | 160.686500 | 160.689000 | 160.689000 |
|     call count    |          1 |          1 |          1 |          1 |          1 |          1 |          1 |          1 |          1 |          1 |          1 |          1 |          1 |          1 |
+-------------------+------------+------------+------------+------------+------------+------------+------------+------------+------------+------------+------------+------------+------------+------------+
+------------------------------------------+---------+--------------+--------------+--------------+--------------+--------------+--------------+--------------+--------------+--------------+--------------+--------------+--------------+--------------+--------------+
|                   Event                  | Counter |    Core 0    |    Core 1    |    Core 2    |    Core 3    |    Core 14   |    Core 15   |    Core 16   |    Core 17   |    Core 28   |    Core 29   |    Core 30   |    Core 42   |    Core 43   |    Core 44   |
+------------------------------------------+---------+--------------+--------------+--------------+--------------+--------------+--------------+--------------+--------------+--------------+--------------+--------------+--------------+--------------+--------------+
|             INSTR_RETIRED_ANY            |  FIXC0  | 609258800000 | 610495300000 | 608438200000 | 606363000000 | 603955100000 | 604306700000 | 602659400000 | 601850000000 | 602546400000 | 601709500000 | 601871900000 | 603248100000 | 604306800000 | 608909200000 |
|           CPU_CLK_UNHALTED_CORE          |  FIXC1  | 293691500000 | 294299100000 | 294277500000 | 296726200000 | 297563300000 | 298240200000 | 297753300000 | 297686000000 | 298266800000 | 298275400000 | 297602000000 | 296160500000 | 294052000000 | 287077400000 |
|           CPU_CLK_UNHALTED_REF           |  FIXC2  | 401936800000 | 402768000000 | 402737800000 | 406088700000 | 407210400000 | 408137300000 | 407471000000 | 407379400000 | 408175200000 | 408187500000 | 407265900000 | 405288300000 | 402403300000 | 392859300000 |
|              PWR_PKG_ENERGY              |   PWR0  |    7152.3830 |            0 |            0 |            0 |    6221.2660 |            0 |            0 |            0 |    6273.4070 |            0 |            0 |    6016.6220 |            0 |            0 |
|              PWR_DRAM_ENERGY             |   PWR3  |    1066.1040 |            0 |            0 |            0 |     842.6730 |            0 |            0 |            0 |     626.3940 |            0 |            0 |     712.1467 |            0 |            0 |
| FP_ARITH_INST_RETIRED_128B_PACKED_DOUBLE |   PMC0  |       714138 |            0 |            0 |            0 |            0 |            0 |            0 |            0 |            0 |            0 |            0 |            0 |            0 |            0 |
|    FP_ARITH_INST_RETIRED_SCALAR_DOUBLE   |   PMC1  | 181162800000 | 182619900000 | 181495900000 | 180622900000 | 179918000000 | 179531300000 | 178508000000 | 178245400000 | 178975000000 | 179215300000 | 179209800000 | 179908200000 | 180671700000 | 178816800000 |
| FP_ARITH_INST_RETIRED_256B_PACKED_DOUBLE |   PMC2  |      1138324 |            0 |            0 |            0 |            0 |            0 |            0 |            0 |            0 |            0 |            0 |            0 |            0 |            0 |
| FP_ARITH_INST_RETIRED_512B_PACKED_DOUBLE |   PMC3  |     10452010 |            0 |            0 |            0 |            0 |            0 |            0 |            0 |            0 |            0 |            0 |            0 |            0 |            0 |
|               CAS_COUNT_RD               | MBOX0C0 |   1244866000 |            0 |            0 |            0 |    562058500 |            0 |            0 |            0 |    398592100 |            0 |            0 |    443112100 |            0 |            0 |
|               CAS_COUNT_WR               | MBOX0C1 |    875690600 |            0 |            0 |            0 |    352484700 |            0 |            0 |            0 |    229676000 |            0 |            0 |    247067900 |            0 |            0 |
|               CAS_COUNT_RD               | MBOX1C0 |   1245063000 |            0 |            0 |            0 |    562100100 |            0 |            0 |            0 |    398605100 |            0 |            0 |    442589400 |            0 |            0 |
|               CAS_COUNT_WR               | MBOX1C1 |    875821400 |            0 |            0 |            0 |    352459100 |            0 |            0 |            0 |    229552600 |            0 |            0 |    246644100 |            0 |            0 |
|               CAS_COUNT_RD               | MBOX2C0 |   1250341000 |            0 |            0 |            0 |    561792400 |            0 |            0 |            0 |    398517300 |            0 |            0 |    442589300 |            0 |            0 |
|               CAS_COUNT_WR               | MBOX2C1 |    877937100 |            0 |            0 |            0 |    352276600 |            0 |            0 |            0 |    229675200 |            0 |            0 |    246667300 |            0 |            0 |
|               CAS_COUNT_RD               | MBOX3C0 |   1249981000 |            0 |            0 |            0 |    559957200 |            0 |            0 |            0 |    397174000 |            0 |            0 |    441313100 |            0 |            0 |
|               CAS_COUNT_WR               | MBOX3C1 |    877873200 |            0 |            0 |            0 |    351035600 |            0 |            0 |            0 |    228672900 |            0 |            0 |    245884200 |            0 |            0 |
|               CAS_COUNT_RD               | MBOX4C0 |   1241486000 |            0 |            0 |            0 |    560205500 |            0 |            0 |            0 |    397277800 |            0 |            0 |    443523700 |            0 |            0 |
|               CAS_COUNT_WR               | MBOX4C1 |    874862000 |            0 |            0 |            0 |    351243400 |            0 |            0 |            0 |    228694700 |            0 |            0 |    247796200 |            0 |            0 |
|               CAS_COUNT_RD               | MBOX5C0 |   1240351000 |            0 |            0 |            0 |    560366600 |            0 |            0 |            0 |    398010700 |            0 |            0 |    441109700 |            0 |            0 |
|               CAS_COUNT_WR               | MBOX5C1 |    873517500 |            0 |            0 |            0 |    351287200 |            0 |            0 |            0 |    229454800 |            0 |            0 |    245667700 |            0 |            0 |
+------------------------------------------+---------+--------------+--------------+--------------+--------------+--------------+--------------+--------------+--------------+--------------+--------------+--------------+--------------+--------------+--------------+
+-----------------------------------------------+---------+---------------+--------------+--------------+--------------+
|                     Event                     | Counter |      Sum      |      Min     |      Max     |      Avg     |
+-----------------------------------------------+---------+---------------+--------------+--------------+--------------+
|             INSTR_RETIRED_ANY STAT            |  FIXC0  | 8469918400000 | 601709500000 | 610495300000 | 6.049942e+11 |
|           CPU_CLK_UNHALTED_CORE STAT          |  FIXC1  | 4141671200000 | 287077400000 | 298275400000 | 2.958337e+11 |
|           CPU_CLK_UNHALTED_REF STAT           |  FIXC2  | 5667908900000 | 392859300000 | 408187500000 | 4.048506e+11 |
|              PWR_PKG_ENERGY STAT              |   PWR0  |    25663.6780 |            0 |    7152.3830 |    1833.1199 |
|              PWR_DRAM_ENERGY STAT             |   PWR3  |     3247.3177 |            0 |    1066.1040 |     231.9513 |
| FP_ARITH_INST_RETIRED_128B_PACKED_DOUBLE STAT |   PMC0  |        714138 |            0 |       714138 |   51009.8571 |
|    FP_ARITH_INST_RETIRED_SCALAR_DOUBLE STAT   |   PMC1  | 2518901000000 | 178245400000 | 182619900000 | 179921500000 |
| FP_ARITH_INST_RETIRED_256B_PACKED_DOUBLE STAT |   PMC2  |       1138324 |            0 |      1138324 |   81308.8571 |
| FP_ARITH_INST_RETIRED_512B_PACKED_DOUBLE STAT |   PMC3  |      10452010 |            0 |     10452010 |  746572.1429 |
|               CAS_COUNT_RD STAT               | MBOX0C0 |    2648628700 |            0 |   1244866000 | 1.891878e+08 |
|               CAS_COUNT_WR STAT               | MBOX0C1 |    1704919200 |            0 |    875690600 | 1.217799e+08 |
|               CAS_COUNT_RD STAT               | MBOX1C0 |    2648357600 |            0 |   1245063000 |    189168400 |
|               CAS_COUNT_WR STAT               | MBOX1C1 |    1704477200 |            0 |    875821400 | 1.217484e+08 |
|               CAS_COUNT_RD STAT               | MBOX2C0 |    2653240000 |            0 |   1250341000 | 1.895171e+08 |
|               CAS_COUNT_WR STAT               | MBOX2C1 |    1706556200 |            0 |    877937100 | 1.218969e+08 |
|               CAS_COUNT_RD STAT               | MBOX3C0 |    2648425300 |            0 |   1249981000 | 1.891732e+08 |
|               CAS_COUNT_WR STAT               | MBOX3C1 |    1703465900 |            0 |    877873200 | 1.216761e+08 |
|               CAS_COUNT_RD STAT               | MBOX4C0 |    2642493000 |            0 |   1241486000 |    188749500 |
|               CAS_COUNT_WR STAT               | MBOX4C1 |    1702596300 |            0 |    874862000 | 1.216140e+08 |
|               CAS_COUNT_RD STAT               | MBOX5C0 |    2639838000 |            0 |   1240351000 | 1.885599e+08 |
|               CAS_COUNT_WR STAT               | MBOX5C1 |    1699927200 |            0 |    873517500 | 1.214234e+08 |
+-----------------------------------------------+---------+---------------+--------------+--------------+--------------+
+-----------------------------------+-----------+-----------+-----------+-----------+-----------+-----------+-----------+-----------+-----------+-----------+-----------+-----------+-----------+-----------+
|               Metric              |   Core 0  |   Core 1  |   Core 2  |   Core 3  |  Core 14  |  Core 15  |  Core 16  |  Core 17  |  Core 28  |  Core 29  |  Core 30  |  Core 42  |  Core 43  |  Core 44  |
+-----------------------------------+-----------+-----------+-----------+-----------+-----------+-----------+-----------+-----------+-----------+-----------+-----------+-----------+-----------+-----------+
|        Runtime (RDTSC) [s]        |  160.6865 |  160.6890 |  160.6890 |  160.6890 |  160.6865 |  160.6890 |  160.6890 |  160.6890 |  160.6865 |  160.6890 |  160.6890 |  160.6865 |  160.6890 |  160.6890 |
|        Runtime unhalted [s]       |  113.2373 |  113.4716 |  113.4633 |  114.4074 |  114.7302 |  114.9911 |  114.8034 |  114.7775 |  115.0014 |  115.0047 |  114.7451 |  114.1893 |  113.3763 |  110.6872 |
|            Clock [MHz]            | 1895.1143 | 1895.1159 | 1895.1189 | 1895.1203 | 1895.2316 | 1895.2290 | 1895.2289 | 1895.2266 | 1895.2220 | 1895.2196 | 1895.2198 | 1895.2428 | 1895.2408 | 1895.2380 |
|                CPI                |    0.4820 |    0.4821 |    0.4837 |    0.4894 |    0.4927 |    0.4935 |    0.4941 |    0.4946 |    0.4950 |    0.4957 |    0.4945 |    0.4909 |    0.4866 |    0.4715 |
|             Energy [J]            | 7152.3830 |         0 |         0 |         0 | 6221.2660 |         0 |         0 |         0 | 6273.4070 |         0 |         0 | 6016.6220 |         0 |         0 |
|             Power [W]             |   44.5114 |         0 |         0 |         0 |   38.7168 |         0 |         0 |         0 |   39.0413 |         0 |         0 |   37.4432 |         0 |         0 |
|          Energy DRAM [J]          | 1066.1040 |         0 |         0 |         0 |  842.6730 |         0 |         0 |         0 |  626.3940 |         0 |         0 |  712.1467 |         0 |         0 |
|           Power DRAM [W]          |    6.6347 |         0 |         0 |         0 |    5.2442 |         0 |         0 |         0 |    3.8982 |         0 |         0 |    4.4319 |         0 |         0 |
|            DP [MFLOP/s]           | 1127.9877 | 1136.4804 | 1129.4855 | 1124.0527 | 1119.6834 | 1117.2594 | 1110.8912 | 1109.2570 | 1113.8148 | 1115.2929 | 1115.2587 | 1119.6224 | 1124.3564 | 1112.8129 |
|          AVX DP [MFLOP/s]         |    0.5487 |         0 |         0 |         0 |         0 |         0 |         0 |         0 |         0 |         0 |         0 |         0 |         0 |         0 |
|          Packed [MUOPS/s]         |    0.0766 |         0 |         0 |         0 |         0 |         0 |         0 |         0 |         0 |         0 |         0 |         0 |         0 |         0 |
|          Scalar [MUOPS/s]         | 1127.4301 | 1136.4804 | 1129.4855 | 1124.0527 | 1119.6834 | 1117.2594 | 1110.8912 | 1109.2570 | 1113.8148 | 1115.2929 | 1115.2587 | 1119.6224 | 1124.3564 | 1112.8129 |
|  Memory read bandwidth [MBytes/s] | 2976.0660 |         0 |         0 |         0 | 1340.8391 |         0 |         0 |         0 |  951.1896 |         0 |         0 | 1057.1590 |         0 |         0 |
|  Memory read data volume [GBytes] |  478.2136 |         0 |         0 |         0 |  215.4547 |         0 |         0 |         0 |  152.8433 |         0 |         0 |  169.8712 |         0 |         0 |
| Memory write bandwidth [MBytes/s] | 2093.2992 |         0 |         0 |         0 |  840.7075 |         0 |         0 |         0 |  547.9395 |         0 |         0 |  589.3622 |         0 |         0 |
| Memory write data volume [GBytes] |  336.3649 |         0 |         0 |         0 |  135.0903 |         0 |         0 |         0 |   88.0465 |         0 |         0 |   94.7026 |         0 |         0 |
|    Memory bandwidth [MBytes/s]    | 5069.3652 |         0 |         0 |         0 | 2181.5466 |         0 |         0 |         0 | 1499.1291 |         0 |         0 | 1646.5213 |         0 |         0 |
|    Memory data volume [GBytes]    |  814.5785 |         0 |         0 |         0 |  350.5451 |         0 |         0 |         0 |  240.8898 |         0 |         0 |  264.5737 |         0 |         0 |
|       Operational intensity       |    0.2225 |    0.2242 |    0.2228 |    0.2217 |    0.5133 |    0.5121 |    0.5092 |    0.5085 |    0.7430 |    0.7440 |    0.7439 |    0.6800 |    0.6829 |    0.6759 |
+-----------------------------------+-----------+-----------+-----------+-----------+-----------+-----------+-----------+-----------+-----------+-----------+-----------+-----------+-----------+-----------+
+----------------------------------------+------------+-----------+-----------+-----------+
|                 Metric                 |     Sum    |    Min    |    Max    |    Avg    |
+----------------------------------------+------------+-----------+-----------+-----------+
|        Runtime (RDTSC) [s] STAT        |  2249.6360 |  160.6865 |  160.6890 |  160.6883 |
|        Runtime unhalted [s] STAT       |  1596.8858 |  110.6872 |  115.0047 |  114.0633 |
|            Clock [MHz] STAT            | 26532.7685 | 1895.1143 | 1895.2428 | 1895.1978 |
|                CPI STAT                |     6.8463 |    0.4715 |    0.4957 |    0.4890 |
|             Energy [J] STAT            | 25663.6780 |         0 | 7152.3830 | 1833.1199 |
|             Power [W] STAT             |   159.7127 |         0 |   44.5114 |   11.4080 |
|          Energy DRAM [J] STAT          |  3247.3177 |         0 | 1066.1040 |  231.9513 |
|           Power DRAM [W] STAT          |    20.2090 |         0 |    6.6347 |    1.4435 |
|            DP [MFLOP/s] STAT           | 15676.2554 | 1109.2570 | 1136.4804 | 1119.7325 |
|          AVX DP [MFLOP/s] STAT         |     0.5487 |         0 |    0.5487 |    0.0392 |
|          Packed [MUOPS/s] STAT         |     0.0766 |         0 |    0.0766 |    0.0055 |
|          Scalar [MUOPS/s] STAT         | 15675.6978 | 1109.2570 | 1136.4804 | 1119.6927 |
|  Memory read bandwidth [MBytes/s] STAT |  6325.2537 |         0 | 2976.0660 |  451.8038 |
|  Memory read data volume [GBytes] STAT |  1016.3828 |         0 |  478.2136 |   72.5988 |
| Memory write bandwidth [MBytes/s] STAT |  4071.3084 |         0 | 2093.2992 |  290.8077 |
| Memory write data volume [GBytes] STAT |   654.2043 |         0 |  336.3649 |   46.7289 |
|    Memory bandwidth [MBytes/s] STAT    | 10396.5622 |         0 | 5069.3652 |  742.6116 |
|    Memory data volume [GBytes] STAT    |  1670.5871 |         0 |  814.5785 |  119.3276 |
|       Operational intensity STAT       |     7.2040 |    0.2217 |    0.7440 |    0.5146 |
+----------------------------------------+------------+-----------+-----------+-----------+
