--------------------------------------------------------------------------------
CPU name:	Intel(R) Xeon(R) Gold 6132 CPU @ 2.60GHz
CPU type:	Intel Skylake SP processor
CPU clock:	2.59 GHz
--------------------------------------------------------------------------------
Region Setup, Group 1: MEM_DP
+-------------------+----------+----------+----------+----------+----------+----------+----------+----------+----------+----------+----------+----------+----------+----------+----------+----------+----------+
|    Region Info    |  Core 0  |  Core 1  |  Core 2  |  Core 3  |  Core 4  |  Core 14 |  Core 15 |  Core 16 |  Core 17 |  Core 28 |  Core 29 |  Core 30 |  Core 31 |  Core 42 |  Core 43 |  Core 44 |  Core 45 |
+-------------------+----------+----------+----------+----------+----------+----------+----------+----------+----------+----------+----------+----------+----------+----------+----------+----------+----------+
| RDTSC Runtime [s] | 3.509561 | 3.513767 | 3.513904 | 3.513830 | 3.513899 | 3.509442 | 3.513902 | 3.513882 | 3.513923 | 3.509423 | 3.513863 | 3.513907 | 3.513820 | 3.509379 | 3.513819 | 3.513878 | 3.513819 |
|     call count    |        2 |        2 |        2 |        2 |        2 |        2 |        2 |        2 |        2 |        2 |        2 |        2 |        2 |        2 |        2 |        2 |        2 |
+-------------------+----------+----------+----------+----------+----------+----------+----------+----------+----------+----------+----------+----------+----------+----------+----------+----------+----------+
+------------------------------------------+---------+------------+------------+------------+------------+------------+------------+------------+------------+------------+------------+------------+------------+------------+------------+------------+------------+------------+
|                   Event                  | Counter |   Core 0   |   Core 1   |   Core 2   |   Core 3   |   Core 4   |   Core 14  |   Core 15  |   Core 16  |   Core 17  |   Core 28  |   Core 29  |   Core 30  |   Core 31  |   Core 42  |   Core 43  |   Core 44  |   Core 45  |
+------------------------------------------+---------+------------+------------+------------+------------+------------+------------+------------+------------+------------+------------+------------+------------+------------+------------+------------+------------+------------+
|             INSTR_RETIRED_ANY            |  FIXC0  | 4125727000 | 2299429000 | 2294462000 | 2295755000 | 2292875000 | 2287137000 | 2287187000 | 2287721000 | 2286999000 | 2284091000 | 2277111000 | 2276673000 | 2276009000 | 2276022000 | 2275059000 | 2273782000 | 2268535000 |
|           CPU_CLK_UNHALTED_CORE          |  FIXC1  | 2291696000 | 1487731000 | 1485401000 | 1504720000 | 1504160000 | 1436502000 | 1449106000 | 1449359000 | 1455289000 | 1444967000 | 1453707000 | 1457392000 | 1453257000 | 1472538000 | 1476733000 | 1481232000 | 1484416000 |
|           CPU_CLK_UNHALTED_REF           |  FIXC2  | 3138751000 | 2037277000 | 2034244000 | 2060841000 | 2060008000 | 1968415000 | 1985902000 | 1986198000 | 1994277000 | 1979529000 | 1991710000 | 1996502000 | 1990860000 | 2017620000 | 2023059000 | 2029033000 | 2033417000 |
|              PWR_PKG_ENERGY              |   PWR0  |   120.2359 |          0 |          0 |          0 |          0 |   100.4474 |          0 |          0 |          0 |   107.0832 |          0 |          0 |          0 |   103.8170 |          0 |          0 |          0 |
|              PWR_DRAM_ENERGY             |   PWR3  |    16.5250 |          0 |          0 |          0 |          0 |    14.4701 |          0 |          0 |          0 |    10.9658 |          0 |          0 |          0 |    13.2148 |          0 |          0 |          0 |
| FP_ARITH_INST_RETIRED_128B_PACKED_DOUBLE |   PMC0  |     761098 |          0 |          0 |          0 |          0 |          0 |          0 |          0 |          0 |          0 |          0 |          0 |          0 |          0 |          0 |          0 |          0 |
|    FP_ARITH_INST_RETIRED_SCALAR_DOUBLE   |   PMC1  |  811983400 |  666014800 |  664674200 |  664788300 |  664050800 |  663300600 |  663180800 |  663303700 |  663085700 |  662306300 |  660150200 |  659942100 |  659869600 |  659506300 |  659213500 |  658691100 |  657871500 |
| FP_ARITH_INST_RETIRED_256B_PACKED_DOUBLE |   PMC2  |     402100 |          0 |          0 |          0 |          0 |          0 |          0 |          0 |          0 |          0 |          0 |          0 |          0 |          0 |          0 |          0 |          0 |
| FP_ARITH_INST_RETIRED_512B_PACKED_DOUBLE |   PMC3  |    8148557 |          0 |          0 |          0 |          0 |          0 |          0 |          0 |          0 |          0 |          0 |          0 |          0 |          0 |          0 |          0 |          0 |
|               CAS_COUNT_RD               | MBOX0C0 |    3688430 |          0 |          0 |          0 |          0 |    1722761 |          0 |          0 |          0 |    1652486 |          0 |          0 |          0 |    2560672 |          0 |          0 |          0 |
|               CAS_COUNT_WR               | MBOX0C1 |    8313393 |          0 |          0 |          0 |          0 |    2165846 |          0 |          0 |          0 |    2130458 |          0 |          0 |          0 |    2583642 |          0 |          0 |          0 |
|               CAS_COUNT_RD               | MBOX1C0 |    3683540 |          0 |          0 |          0 |          0 |    1730557 |          0 |          0 |          0 |    1674038 |          0 |          0 |          0 |    3784376 |          0 |          0 |          0 |
|               CAS_COUNT_WR               | MBOX1C1 |    8384096 |          0 |          0 |          0 |          0 |    2196383 |          0 |          0 |          0 |    2160994 |          0 |          0 |          0 |    3720143 |          0 |          0 |          0 |
|               CAS_COUNT_RD               | MBOX2C0 |    4194350 |          0 |          0 |          0 |          0 |    1696453 |          0 |          0 |          0 |    1674965 |          0 |          0 |          0 |    2558320 |          0 |          0 |          0 |
|               CAS_COUNT_WR               | MBOX2C1 |    8365234 |          0 |          0 |          0 |          0 |    2176914 |          0 |          0 |          0 |    2170805 |          0 |          0 |          0 |    2579142 |          0 |          0 |          0 |
|               CAS_COUNT_RD               | MBOX3C0 |    4174449 |          0 |          0 |          0 |          0 |    1608478 |          0 |          0 |          0 |    1511056 |          0 |          0 |          0 |    4228617 |          0 |          0 |          0 |
|               CAS_COUNT_WR               | MBOX3C1 |    7952071 |          0 |          0 |          0 |          0 |    2088917 |          0 |          0 |          0 |    2029910 |          0 |          0 |          0 |    3830492 |          0 |          0 |          0 |
|               CAS_COUNT_RD               | MBOX4C0 |    2913683 |          0 |          0 |          0 |          0 |    1608583 |          0 |          0 |          0 |    1526805 |          0 |          0 |          0 |    2940891 |          0 |          0 |          0 |
|               CAS_COUNT_WR               | MBOX4C1 |    7693639 |          0 |          0 |          0 |          0 |    2092332 |          0 |          0 |          0 |    2047261 |          0 |          0 |          0 |    2909064 |          0 |          0 |          0 |
|               CAS_COUNT_RD               | MBOX5C0 |    2898635 |          0 |          0 |          0 |          0 |    1530544 |          0 |          0 |          0 |    1523770 |          0 |          0 |          0 |    2304701 |          0 |          0 |          0 |
|               CAS_COUNT_WR               | MBOX5C1 |    7717385 |          0 |          0 |          0 |          0 |    2023382 |          0 |          0 |          0 |    2043575 |          0 |          0 |          0 |    2519529 |          0 |          0 |          0 |
+------------------------------------------+---------+------------+------------+------------+------------+------------+------------+------------+------------+------------+------------+------------+------------+------------+------------+------------+------------+------------+
+-----------------------------------------------+---------+-------------+------------+------------+--------------+
|                     Event                     | Counter |     Sum     |     Min    |     Max    |      Avg     |
+-----------------------------------------------+---------+-------------+------------+------------+--------------+
|             INSTR_RETIRED_ANY STAT            |  FIXC0  | 40664574000 | 2268535000 | 4125727000 | 2.392034e+09 |
|           CPU_CLK_UNHALTED_CORE STAT          |  FIXC1  | 25788206000 | 1436502000 | 2291696000 | 1.516953e+09 |
|           CPU_CLK_UNHALTED_REF STAT           |  FIXC2  | 35327643000 | 1968415000 | 3138751000 | 2.078097e+09 |
|              PWR_PKG_ENERGY STAT              |   PWR0  |    431.5835 |          0 |   120.2359 |      25.3873 |
|              PWR_DRAM_ENERGY STAT             |   PWR3  |     55.1757 |          0 |    16.5250 |       3.2456 |
| FP_ARITH_INST_RETIRED_128B_PACKED_DOUBLE STAT |   PMC0  |      761098 |          0 |     761098 |   44770.4706 |
|    FP_ARITH_INST_RETIRED_SCALAR_DOUBLE STAT   |   PMC1  | 11401932900 |  657871500 |  811983400 | 6.707019e+08 |
| FP_ARITH_INST_RETIRED_256B_PACKED_DOUBLE STAT |   PMC2  |      402100 |          0 |     402100 |   23652.9412 |
| FP_ARITH_INST_RETIRED_512B_PACKED_DOUBLE STAT |   PMC3  |     8148557 |          0 |    8148557 |  479326.8824 |
|               CAS_COUNT_RD STAT               | MBOX0C0 |     9624349 |          0 |    3688430 |  566138.1765 |
|               CAS_COUNT_WR STAT               | MBOX0C1 |    15193339 |          0 |    8313393 |  893725.8235 |
|               CAS_COUNT_RD STAT               | MBOX1C0 |    10872511 |          0 |    3784376 |  639559.4706 |
|               CAS_COUNT_WR STAT               | MBOX1C1 |    16461616 |          0 |    8384096 |  968330.3529 |
|               CAS_COUNT_RD STAT               | MBOX2C0 |    10124088 |          0 |    4194350 |  595534.5882 |
|               CAS_COUNT_WR STAT               | MBOX2C1 |    15292095 |          0 |    8365234 |       899535 |
|               CAS_COUNT_RD STAT               | MBOX3C0 |    11522600 |          0 |    4228617 |       677800 |
|               CAS_COUNT_WR STAT               | MBOX3C1 |    15901390 |          0 |    7952071 |  935375.8824 |
|               CAS_COUNT_RD STAT               | MBOX4C0 |     8989962 |          0 |    2940891 |  528821.2941 |
|               CAS_COUNT_WR STAT               | MBOX4C1 |    14742296 |          0 |    7693639 |  867193.8824 |
|               CAS_COUNT_RD STAT               | MBOX5C0 |     8257650 |          0 |    2898635 |  485744.1176 |
|               CAS_COUNT_WR STAT               | MBOX5C1 |    14303871 |          0 |    7717385 |  841404.1765 |
+-----------------------------------------------+---------+-------------+------------+------------+--------------+
+-----------------------------------+-----------+-----------+-----------+-----------+-----------+-----------+-----------+-----------+-----------+-----------+-----------+-----------+-----------+-----------+-----------+-----------+-----------+
|               Metric              |   Core 0  |   Core 1  |   Core 2  |   Core 3  |   Core 4  |  Core 14  |  Core 15  |  Core 16  |  Core 17  |  Core 28  |  Core 29  |  Core 30  |  Core 31  |  Core 42  |  Core 43  |  Core 44  |  Core 45  |
+-----------------------------------+-----------+-----------+-----------+-----------+-----------+-----------+-----------+-----------+-----------+-----------+-----------+-----------+-----------+-----------+-----------+-----------+-----------+
|        Runtime (RDTSC) [s]        |    3.5096 |    3.5138 |    3.5139 |    3.5138 |    3.5139 |    3.5094 |    3.5139 |    3.5139 |    3.5139 |    3.5094 |    3.5139 |    3.5139 |    3.5138 |    3.5094 |    3.5138 |    3.5139 |    3.5138 |
|        Runtime unhalted [s]       |    0.8835 |    0.5736 |    0.5727 |    0.5801 |    0.5799 |    0.5538 |    0.5587 |    0.5588 |    0.5611 |    0.5571 |    0.5605 |    0.5619 |    0.5603 |    0.5677 |    0.5693 |    0.5711 |    0.5723 |
|            Clock [MHz]            | 1893.7865 | 1894.1101 | 1893.9633 | 1893.8348 | 1893.8955 | 1892.8685 | 1892.6627 | 1892.7110 | 1892.7561 | 1893.3327 | 1893.1353 | 1893.3788 | 1893.3573 | 1893.0323 | 1893.3213 | 1893.4980 | 1893.4771 |
|                CPI                |    0.5555 |    0.6470 |    0.6474 |    0.6554 |    0.6560 |    0.6281 |    0.6336 |    0.6335 |    0.6363 |    0.6326 |    0.6384 |    0.6401 |    0.6385 |    0.6470 |    0.6491 |    0.6514 |    0.6544 |
|             Energy [J]            |  120.2359 |         0 |         0 |         0 |         0 |  100.4474 |         0 |         0 |         0 |  107.0832 |         0 |         0 |         0 |  103.8170 |         0 |         0 |         0 |
|             Power [W]             |   34.2595 |         0 |         0 |         0 |         0 |   28.6220 |         0 |         0 |         0 |   30.5131 |         0 |         0 |         0 |   29.5827 |         0 |         0 |         0 |
|          Energy DRAM [J]          |   16.5250 |         0 |         0 |         0 |         0 |   14.4701 |         0 |         0 |         0 |   10.9658 |         0 |         0 |         0 |   13.2148 |         0 |         0 |         0 |
|           Power DRAM [W]          |    4.7086 |         0 |         0 |         0 |         0 |    4.1232 |         0 |         0 |         0 |    3.1247 |         0 |         0 |         0 |    3.7656 |         0 |         0 |         0 |
|            DP [MFLOP/s]           |  250.8298 |  189.5444 |  189.1555 |  189.1919 |  188.9783 |  189.0046 |  188.7306 |  188.7666 |  188.7024 |  188.7223 |  187.8702 |  187.8086 |  187.7927 |  187.9268 |  187.6060 |  187.4542 |  187.2241 |
|          AVX DP [MFLOP/s]         |   19.0328 |         0 |         0 |         0 |         0 |         0 |         0 |         0 |         0 |         0 |         0 |         0 |         0 |         0 |         0 |         0 |         0 |
|          Packed [MUOPS/s]         |    2.6533 |         0 |         0 |         0 |         0 |         0 |         0 |         0 |         0 |         0 |         0 |         0 |         0 |         0 |         0 |         0 |         0 |
|          Scalar [MUOPS/s]         |  231.3632 |  189.5444 |  189.1555 |  189.1919 |  188.9783 |  189.0046 |  188.7306 |  188.7666 |  188.7024 |  188.7223 |  187.8702 |  187.8086 |  187.7927 |  187.9268 |  187.6060 |  187.4542 |  187.2241 |
|  Memory read bandwidth [MBytes/s] |  393.0399 |         0 |         0 |         0 |         0 |  180.4937 |         0 |         0 |         0 |  174.3989 |         0 |         0 |         0 |  335.1490 |         0 |         0 |         0 |
|  Memory read data volume [GBytes] |    1.3794 |         0 |         0 |         0 |         0 |    0.6334 |         0 |         0 |         0 |    0.6120 |         0 |         0 |         0 |    1.1762 |         0 |         0 |         0 |
| Memory write bandwidth [MBytes/s] |  883.0883 |         0 |         0 |         0 |         0 |  232.4021 |         0 |         0 |         0 |  229.4714 |         0 |         0 |         0 |  330.8531 |         0 |         0 |         0 |
| Memory write data volume [GBytes] |    3.0993 |         0 |         0 |         0 |         0 |    0.8156 |         0 |         0 |         0 |    0.8053 |         0 |         0 |         0 |    1.1611 |         0 |         0 |         0 |
|    Memory bandwidth [MBytes/s]    | 1276.1282 |         0 |         0 |         0 |         0 |  412.8957 |         0 |         0 |         0 |  403.8703 |         0 |         0 |         0 |  666.0021 |         0 |         0 |         0 |
|    Memory data volume [GBytes]    |    4.4786 |         0 |         0 |         0 |         0 |    1.4490 |         0 |         0 |         0 |    1.4174 |         0 |         0 |         0 |    2.3373 |         0 |         0 |         0 |
|       Operational intensity       |    0.1966 |    0.1487 |    0.1484 |    0.1484 |    0.1483 |    0.4578 |    0.4577 |    0.4578 |    0.4576 |    0.4673 |    0.4658 |    0.4656 |    0.4656 |    0.2822 |    0.2820 |    0.2818 |    0.2815 |
+-----------------------------------+-----------+-----------+-----------+-----------+-----------+-----------+-----------+-----------+-----------+-----------+-----------+-----------+-----------+-----------+-----------+-----------+-----------+
+----------------------------------------+------------+-----------+-----------+-----------+
|                 Metric                 |     Sum    |    Min    |    Max    |    Avg    |
+----------------------------------------+------------+-----------+-----------+-----------+
|        Runtime (RDTSC) [s] STAT        |    59.7180 |    3.5094 |    3.5139 |    3.5128 |
|        Runtime unhalted [s] STAT       |     9.9424 |    0.5538 |    0.8835 |    0.5848 |
|            Clock [MHz] STAT            | 32187.1213 | 1892.6627 | 1894.1101 | 1893.3601 |
|                CPI STAT                |    10.8443 |    0.5555 |    0.6560 |    0.6379 |
|             Energy [J] STAT            |   431.5835 |         0 |  120.2359 |   25.3873 |
|             Power [W] STAT             |   122.9773 |         0 |   34.2595 |    7.2340 |
|          Energy DRAM [J] STAT          |    55.1757 |         0 |   16.5250 |    3.2456 |
|           Power DRAM [W] STAT          |    15.7221 |         0 |    4.7086 |    0.9248 |
|            DP [MFLOP/s] STAT           |  3265.3090 |  187.2241 |  250.8298 |  192.0770 |
|          AVX DP [MFLOP/s] STAT         |    19.0328 |         0 |   19.0328 |    1.1196 |
|          Packed [MUOPS/s] STAT         |     2.6533 |         0 |    2.6533 |    0.1561 |
|          Scalar [MUOPS/s] STAT         |  3245.8424 |  187.2241 |  231.3632 |  190.9319 |
|  Memory read bandwidth [MBytes/s] STAT |  1083.0815 |         0 |  393.0399 |   63.7107 |
|  Memory read data volume [GBytes] STAT |     3.8010 |         0 |    1.3794 |    0.2236 |
| Memory write bandwidth [MBytes/s] STAT |  1675.8149 |         0 |  883.0883 |   98.5773 |
| Memory write data volume [GBytes] STAT |     5.8813 |         0 |    3.0993 |    0.3460 |
|    Memory bandwidth [MBytes/s] STAT    |  2758.8963 |         0 | 1276.1282 |  162.2880 |
|    Memory data volume [GBytes] STAT    |     9.6823 |         0 |    4.4786 |    0.5695 |
|       Operational intensity STAT       |     5.6131 |    0.1483 |    0.4673 |    0.3302 |
+----------------------------------------+------------+-----------+-----------+-----------+
--------------------------------------------------------------------------------
CPU name:	Intel(R) Xeon(R) Gold 6132 CPU @ 2.60GHz
CPU type:	Intel Skylake SP processor
CPU clock:	2.59 GHz
--------------------------------------------------------------------------------
Region Solve, Group 1: MEM_DP
+-------------------+------------+------------+------------+------------+------------+------------+------------+------------+------------+------------+------------+------------+------------+------------+------------+------------+------------+
|    Region Info    |   Core 0   |   Core 1   |   Core 2   |   Core 3   |   Core 4   |   Core 14  |   Core 15  |   Core 16  |   Core 17  |   Core 28  |   Core 29  |   Core 30  |   Core 31  |   Core 42  |   Core 43  |   Core 44  |   Core 45  |
+-------------------+------------+------------+------------+------------+------------+------------+------------+------------+------------+------------+------------+------------+------------+------------+------------+------------+------------+
| RDTSC Runtime [s] | 134.123800 | 134.126200 | 134.126200 | 134.126200 | 134.126200 | 134.123800 | 134.126200 | 134.126200 | 134.126200 | 134.123800 | 134.126200 | 134.126200 | 134.126200 | 134.123800 | 134.126200 | 134.126200 | 134.126200 |
|     call count    |          1 |          1 |          1 |          1 |          1 |          1 |          1 |          1 |          1 |          1 |          1 |          1 |          1 |          1 |          1 |          1 |          1 |
+-------------------+------------+------------+------------+------------+------------+------------+------------+------------+------------+------------+------------+------------+------------+------------+------------+------------+------------+
+------------------------------------------+---------+--------------+--------------+--------------+--------------+--------------+--------------+--------------+--------------+--------------+--------------+--------------+--------------+--------------+--------------+--------------+--------------+--------------+
|                   Event                  | Counter |    Core 0    |    Core 1    |    Core 2    |    Core 3    |    Core 4    |    Core 14   |    Core 15   |    Core 16   |    Core 17   |    Core 28   |    Core 29   |    Core 30   |    Core 31   |    Core 42   |    Core 43   |    Core 44   |    Core 45   |
+------------------------------------------+---------+--------------+--------------+--------------+--------------+--------------+--------------+--------------+--------------+--------------+--------------+--------------+--------------+--------------+--------------+--------------+--------------+--------------+
|             INSTR_RETIRED_ANY            |  FIXC0  | 503149100000 | 503049200000 | 502875400000 | 501311600000 | 499524600000 | 498166600000 | 498338800000 | 497400600000 | 495824700000 | 496134800000 | 495998500000 | 494659100000 | 494782300000 | 495742600000 | 497294700000 | 496712400000 | 502149700000 |
|           CPU_CLK_UNHALTED_CORE          |  FIXC1  | 244722500000 | 245180000000 | 245208000000 | 245502700000 | 247847000000 | 247713000000 | 248078700000 | 248069500000 | 247942800000 | 248000500000 | 248073200000 | 248076700000 | 247855900000 | 246985100000 | 246057700000 | 244839400000 | 238051200000 |
|           CPU_CLK_UNHALTED_REF           |  FIXC2  | 334919400000 | 335545400000 | 335583700000 | 335986800000 | 339194600000 | 338992500000 | 339493300000 | 339481400000 | 339308000000 | 339388400000 | 339488500000 | 339493700000 | 339191700000 | 337995500000 | 336726900000 | 335060200000 | 325770700000 |
|              PWR_PKG_ENERGY              |   PWR0  |    6196.6470 |            0 |            0 |            0 |            0 |    5245.5920 |            0 |            0 |            0 |    5616.9290 |            0 |            0 |            0 |    5387.3210 |            0 |            0 |            0 |
|              PWR_DRAM_ENERGY             |   PWR3  |     781.3184 |            0 |            0 |            0 |            0 |     761.3752 |            0 |            0 |            0 |     644.7610 |            0 |            0 |            0 |     703.3865 |            0 |            0 |            0 |
| FP_ARITH_INST_RETIRED_128B_PACKED_DOUBLE |   PMC0  |       714138 |            0 |            0 |            0 |            0 |            0 |            0 |            0 |            0 |            0 |            0 |            0 |            0 |            0 |            0 |            0 |            0 |
|    FP_ARITH_INST_RETIRED_SCALAR_DOUBLE   |   PMC1  | 149516400000 | 150242000000 | 150294100000 | 149287900000 | 148786300000 | 148358600000 | 148141900000 | 147290800000 | 146927000000 | 146881500000 | 147359700000 | 147240500000 | 147232700000 | 147549800000 | 148573500000 | 148279900000 | 146938500000 |
| FP_ARITH_INST_RETIRED_256B_PACKED_DOUBLE |   PMC2  |      1138324 |            0 |            0 |            0 |            0 |            0 |            0 |            0 |            0 |            0 |            0 |            0 |            0 |            0 |            0 |            0 |            0 |
| FP_ARITH_INST_RETIRED_512B_PACKED_DOUBLE |   PMC3  |     10452010 |            0 |            0 |            0 |            0 |            0 |            0 |            0 |            0 |            0 |            0 |            0 |            0 |            0 |            0 |            0 |            0 |
|               CAS_COUNT_RD               | MBOX0C0 |    750117400 |            0 |            0 |            0 |            0 |    625607500 |            0 |            0 |            0 |    631133400 |            0 |            0 |            0 |    628954000 |            0 |            0 |            0 |
|               CAS_COUNT_WR               | MBOX0C1 |    467231900 |            0 |            0 |            0 |            0 |    402362900 |            0 |            0 |            0 |    377670700 |            0 |            0 |            0 |    351989300 |            0 |            0 |            0 |
|               CAS_COUNT_RD               | MBOX1C0 |    750155600 |            0 |            0 |            0 |            0 |    625354500 |            0 |            0 |            0 |    630935400 |            0 |            0 |            0 |    631029600 |            0 |            0 |            0 |
|               CAS_COUNT_WR               | MBOX1C1 |    466963600 |            0 |            0 |            0 |            0 |    402201500 |            0 |            0 |            0 |    377617200 |            0 |            0 |            0 |    353732000 |            0 |            0 |            0 |
|               CAS_COUNT_RD               | MBOX2C0 |    755860300 |            0 |            0 |            0 |            0 |    625592000 |            0 |            0 |            0 |    630671600 |            0 |            0 |            0 |    629879000 |            0 |            0 |            0 |
|               CAS_COUNT_WR               | MBOX2C1 |    468172800 |            0 |            0 |            0 |            0 |    402419500 |            0 |            0 |            0 |    377468300 |            0 |            0 |            0 |    352033900 |            0 |            0 |            0 |
|               CAS_COUNT_RD               | MBOX3C0 |    759530000 |            0 |            0 |            0 |            0 |    623344100 |            0 |            0 |            0 |    628432400 |            0 |            0 |            0 |    633763100 |            0 |            0 |            0 |
|               CAS_COUNT_WR               | MBOX3C1 |    468096500 |            0 |            0 |            0 |            0 |    401009900 |            0 |            0 |            0 |    375983500 |            0 |            0 |            0 |    355558300 |            0 |            0 |            0 |
|               CAS_COUNT_RD               | MBOX4C0 |    748492600 |            0 |            0 |            0 |            0 |    623674200 |            0 |            0 |            0 |    628900500 |            0 |            0 |            0 |    629602300 |            0 |            0 |            0 |
|               CAS_COUNT_WR               | MBOX4C1 |    466867000 |            0 |            0 |            0 |            0 |    401304000 |            0 |            0 |            0 |    376226200 |            0 |            0 |            0 |    352833900 |            0 |            0 |            0 |
|               CAS_COUNT_RD               | MBOX5C0 |    748099300 |            0 |            0 |            0 |            0 |    623225500 |            0 |            0 |            0 |    628884200 |            0 |            0 |            0 |    627758400 |            0 |            0 |            0 |
|               CAS_COUNT_WR               | MBOX5C1 |    466321800 |            0 |            0 |            0 |            0 |    400859700 |            0 |            0 |            0 |    376247800 |            0 |            0 |            0 |    351842100 |            0 |            0 |            0 |
+------------------------------------------+---------+--------------+--------------+--------------+--------------+--------------+--------------+--------------+--------------+--------------+--------------+--------------+--------------+--------------+--------------+--------------+--------------+--------------+
+-----------------------------------------------+---------+---------------+--------------+--------------+--------------+
|                     Event                     | Counter |      Sum      |      Min     |      Max     |      Avg     |
+-----------------------------------------------+---------+---------------+--------------+--------------+--------------+
|             INSTR_RETIRED_ANY STAT            |  FIXC0  | 8473114700000 | 494659100000 | 503149100000 | 4.984185e+11 |
|           CPU_CLK_UNHALTED_CORE STAT          |  FIXC1  | 4188203900000 | 238051200000 | 248078700000 | 2.463649e+11 |
|           CPU_CLK_UNHALTED_REF STAT           |  FIXC2  | 5731620700000 | 325770700000 | 339493700000 | 3.371542e+11 |
|              PWR_PKG_ENERGY STAT              |   PWR0  |    22446.4890 |            0 |    6196.6470 |    1320.3817 |
|              PWR_DRAM_ENERGY STAT             |   PWR3  |     2890.8411 |            0 |     781.3184 |     170.0495 |
| FP_ARITH_INST_RETIRED_128B_PACKED_DOUBLE STAT |   PMC0  |        714138 |            0 |       714138 |   42008.1176 |
|    FP_ARITH_INST_RETIRED_SCALAR_DOUBLE STAT   |   PMC1  | 2518901100000 | 146881500000 | 150294100000 | 1.481707e+11 |
| FP_ARITH_INST_RETIRED_256B_PACKED_DOUBLE STAT |   PMC2  |       1138324 |            0 |      1138324 |   66960.2353 |
| FP_ARITH_INST_RETIRED_512B_PACKED_DOUBLE STAT |   PMC3  |      10452010 |            0 |     10452010 |  614824.1176 |
|               CAS_COUNT_RD STAT               | MBOX0C0 |    2635812300 |            0 |    750117400 | 1.550478e+08 |
|               CAS_COUNT_WR STAT               | MBOX0C1 |    1599254800 |            0 |    467231900 | 9.407381e+07 |
|               CAS_COUNT_RD STAT               | MBOX1C0 |    2637475100 |            0 |    750155600 | 1.551456e+08 |
|               CAS_COUNT_WR STAT               | MBOX1C1 |    1600514300 |            0 |    466963600 |     94147900 |
|               CAS_COUNT_RD STAT               | MBOX2C0 |    2642002900 |            0 |    755860300 | 1.554119e+08 |
|               CAS_COUNT_WR STAT               | MBOX2C1 |    1600094500 |            0 |    468172800 | 9.412321e+07 |
|               CAS_COUNT_RD STAT               | MBOX3C0 |    2645069600 |            0 |    759530000 | 1.555923e+08 |
|               CAS_COUNT_WR STAT               | MBOX3C1 |    1600648200 |            0 |    468096500 | 9.415578e+07 |
|               CAS_COUNT_RD STAT               | MBOX4C0 |    2630669600 |            0 |    748492600 | 1.547453e+08 |
|               CAS_COUNT_WR STAT               | MBOX4C1 |    1597231100 |            0 |    466867000 | 9.395477e+07 |
|               CAS_COUNT_RD STAT               | MBOX5C0 |    2627967400 |            0 |    748099300 | 1.545863e+08 |
|               CAS_COUNT_WR STAT               | MBOX5C1 |    1595271400 |            0 |    466321800 | 9.383949e+07 |
+-----------------------------------------------+---------+---------------+--------------+--------------+--------------+
+-----------------------------------+-----------+-----------+-----------+-----------+-----------+-----------+-----------+-----------+-----------+-----------+-----------+-----------+-----------+-----------+-----------+-----------+-----------+
|               Metric              |   Core 0  |   Core 1  |   Core 2  |   Core 3  |   Core 4  |  Core 14  |  Core 15  |  Core 16  |  Core 17  |  Core 28  |  Core 29  |  Core 30  |  Core 31  |  Core 42  |  Core 43  |  Core 44  |  Core 45  |
+-----------------------------------+-----------+-----------+-----------+-----------+-----------+-----------+-----------+-----------+-----------+-----------+-----------+-----------+-----------+-----------+-----------+-----------+-----------+
|        Runtime (RDTSC) [s]        |  134.1238 |  134.1262 |  134.1262 |  134.1262 |  134.1262 |  134.1238 |  134.1262 |  134.1262 |  134.1262 |  134.1238 |  134.1262 |  134.1262 |  134.1262 |  134.1238 |  134.1262 |  134.1262 |  134.1262 |
|        Runtime unhalted [s]       |   94.3502 |   94.5266 |   94.5374 |   94.6510 |   95.5549 |   95.5032 |   95.6442 |   95.6406 |   95.5918 |   95.6140 |   95.6421 |   95.6434 |   95.5583 |   95.2226 |   94.8650 |   94.3953 |   91.7782 |
|            Clock [MHz]            | 1895.2412 | 1895.2418 | 1895.2419 | 1895.2432 | 1895.2461 | 1895.3508 | 1895.3488 | 1895.3450 | 1895.3450 | 1895.3370 | 1895.3336 | 1895.3313 | 1895.3304 | 1895.3557 | 1895.3527 | 1895.3497 | 1895.3492 |
|                CPI                |    0.4864 |    0.4874 |    0.4876 |    0.4897 |    0.4962 |    0.4972 |    0.4978 |    0.4987 |    0.5001 |    0.4999 |    0.5001 |    0.5015 |    0.5009 |    0.4982 |    0.4948 |    0.4929 |    0.4741 |
|             Energy [J]            | 6196.6470 |         0 |         0 |         0 |         0 | 5245.5920 |         0 |         0 |         0 | 5616.9290 |         0 |         0 |         0 | 5387.3210 |         0 |         0 |         0 |
|             Power [W]             |   46.2010 |         0 |         0 |         0 |         0 |   39.1101 |         0 |         0 |         0 |   41.8787 |         0 |         0 |         0 |   40.1668 |         0 |         0 |         0 |
|          Energy DRAM [J]          |  781.3184 |         0 |         0 |         0 |         0 |  761.3752 |         0 |         0 |         0 |  644.7610 |         0 |         0 |         0 |  703.3865 |         0 |         0 |         0 |
|           Power DRAM [W]          |    5.8254 |         0 |         0 |         0 |         0 |    5.6767 |         0 |         0 |         0 |    4.8072 |         0 |         0 |         0 |    5.2443 |         0 |         0 |         0 |
|            DP [MFLOP/s]           | 1115.4321 | 1120.1540 | 1120.5424 | 1113.0406 | 1109.3008 | 1106.1318 | 1104.4964 | 1098.1508 | 1095.4385 | 1095.1188 | 1098.6645 | 1097.7758 | 1097.7177 | 1100.1015 | 1107.7142 | 1105.5252 | 1095.5242 |
|          AVX DP [MFLOP/s]         |    0.6574 |         0 |         0 |         0 |         0 |         0 |         0 |         0 |         0 |         0 |         0 |         0 |         0 |         0 |         0 |         0 |         0 |
|          Packed [MUOPS/s]         |    0.0917 |         0 |         0 |         0 |         0 |         0 |         0 |         0 |         0 |         0 |         0 |         0 |         0 |         0 |         0 |         0 |         0 |
|          Scalar [MUOPS/s]         | 1114.7641 | 1120.1540 | 1120.5424 | 1113.0406 | 1109.3008 | 1106.1318 | 1104.4964 | 1098.1508 | 1095.4385 | 1095.1188 | 1098.6645 | 1097.7758 | 1097.7177 | 1100.1015 | 1107.7142 | 1105.5252 | 1095.5242 |
|  Memory read bandwidth [MBytes/s] | 2153.1177 |         0 |         0 |         0 |         0 | 1787.8636 |         0 |         0 |         0 | 1803.2093 |         0 |         0 |         0 | 1804.1774 |         0 |         0 |         0 |
|  Memory read data volume [GBytes] |  288.7843 |         0 |         0 |         0 |         0 |  239.7951 |         0 |         0 |         0 |  241.8533 |         0 |         0 |         0 |  241.9831 |         0 |         0 |         0 |
| Memory write bandwidth [MBytes/s] | 1337.8224 |         0 |         0 |         0 |         0 | 1150.0575 |         0 |         0 |         0 | 1078.9858 |         0 |         0 |         0 | 1010.6434 |         0 |         0 |         0 |
| Memory write data volume [GBytes] |  179.4338 |         0 |         0 |         0 |         0 |  154.2501 |         0 |         0 |         0 |  144.7177 |         0 |         0 |         0 |  135.5513 |         0 |         0 |         0 |
|    Memory bandwidth [MBytes/s]    | 3490.9402 |         0 |         0 |         0 |         0 | 2937.9211 |         0 |         0 |         0 | 2882.1951 |         0 |         0 |         0 | 2814.8208 |         0 |         0 |         0 |
|    Memory data volume [GBytes]    |  468.2182 |         0 |         0 |         0 |         0 |  394.0451 |         0 |         0 |         0 |  386.5710 |         0 |         0 |         0 |  377.5345 |         0 |         0 |         0 |
|       Operational intensity       |    0.3195 |    0.3209 |    0.3210 |    0.3188 |    0.3178 |    0.3765 |    0.3760 |    0.3738 |    0.3729 |    0.3800 |    0.3812 |    0.3809 |    0.3809 |    0.3908 |    0.3935 |    0.3928 |    0.3892 |
+-----------------------------------+-----------+-----------+-----------+-----------+-----------+-----------+-----------+-----------+-----------+-----------+-----------+-----------+-----------+-----------+-----------+-----------+-----------+
+----------------------------------------+------------+-----------+-----------+-----------+
|                 Metric                 |     Sum    |    Min    |    Max    |    Avg    |
+----------------------------------------+------------+-----------+-----------+-----------+
|        Runtime (RDTSC) [s] STAT        |  2280.1358 |  134.1238 |  134.1262 |  134.1256 |
|        Runtime unhalted [s] STAT       |  1614.7188 |   91.7782 |   95.6442 |   94.9835 |
|            Clock [MHz] STAT            | 32220.3434 | 1895.2412 | 1895.3557 | 1895.3143 |
|                CPI STAT                |     8.4035 |    0.4741 |    0.5015 |    0.4943 |
|             Energy [J] STAT            | 22446.4890 |         0 | 6196.6470 | 1320.3817 |
|             Power [W] STAT             |   167.3566 |         0 |   46.2010 |    9.8445 |
|          Energy DRAM [J] STAT          |  2890.8411 |         0 |  781.3184 |  170.0495 |
|           Power DRAM [W] STAT          |    21.5536 |         0 |    5.8254 |    1.2679 |
|            DP [MFLOP/s] STAT           | 18780.8293 | 1095.1188 | 1120.5424 | 1104.7547 |
|          AVX DP [MFLOP/s] STAT         |     0.6574 |         0 |    0.6574 |    0.0387 |
|          Packed [MUOPS/s] STAT         |     0.0917 |         0 |    0.0917 |    0.0054 |
|          Scalar [MUOPS/s] STAT         | 18780.1613 | 1095.1188 | 1120.5424 | 1104.7154 |
|  Memory read bandwidth [MBytes/s] STAT |  7548.3680 |         0 | 2153.1177 |  444.0216 |
|  Memory read data volume [GBytes] STAT |  1012.4158 |         0 |  288.7843 |   59.5539 |
| Memory write bandwidth [MBytes/s] STAT |  4577.5091 |         0 | 1337.8224 |  269.2652 |
| Memory write data volume [GBytes] STAT |   613.9529 |         0 |  179.4338 |   36.1149 |
|    Memory bandwidth [MBytes/s] STAT    | 12125.8772 |         0 | 3490.9402 |  713.2869 |
|    Memory data volume [GBytes] STAT    |  1626.3688 |         0 |  468.2182 |   95.6688 |
|       Operational intensity STAT       |     6.1865 |    0.3178 |    0.3935 |    0.3639 |
+----------------------------------------+------------+-----------+-----------+-----------+
