--------------------------------------------------------------------------------
CPU name:	Intel(R) Xeon(R) Gold 6132 CPU @ 2.60GHz
CPU type:	Intel Skylake SP processor
CPU clock:	2.59 GHz
--------------------------------------------------------------------------------
Region Setup, Group 1: MEM_DP
+-------------------+----------+----------+----------+----------+----------+----------+----------+----------+----------+----------+----------+----------+----------+----------+----------+----------+----------+----------+----------+----------+----------+----------+----------+----------+----------+----------+----------+----------+----------+----------+----------+----------+----------+
|    Region Info    |  Core 0  |  Core 1  |  Core 2  |  Core 3  |  Core 4  |  Core 5  |  Core 6  |  Core 7  |  Core 8  |  Core 9  |  Core 10 |  Core 11 |  Core 12 |  Core 13 |  Core 14 |  Core 15 |  Core 16 |  Core 17 |  Core 18 |  Core 19 |  Core 20 |  Core 21 |  Core 22 |  Core 23 |  Core 24 |  Core 25 |  Core 26 |  Core 27 |  Core 28 |  Core 29 |  Core 30 |  Core 31 |  Core 32 |
+-------------------+----------+----------+----------+----------+----------+----------+----------+----------+----------+----------+----------+----------+----------+----------+----------+----------+----------+----------+----------+----------+----------+----------+----------+----------+----------+----------+----------+----------+----------+----------+----------+----------+----------+
| RDTSC Runtime [s] | 0.105253 | 0.108715 | 0.108810 | 0.108852 | 0.108778 | 0.108827 | 0.108809 | 0.108801 | 0.108774 | 0.108776 | 0.108825 | 0.108727 | 0.108849 | 0.108811 | 0.105228 | 0.108745 | 0.108719 | 0.108814 | 0.108754 | 0.108806 | 0.108847 | 0.108804 | 0.108795 | 0.108826 | 0.108838 | 0.108781 | 0.108789 | 0.108809 | 0.105219 | 0.108775 | 0.108750 | 0.108785 | 0.108814 |
|     call count    |        2 |        2 |        2 |        2 |        2 |        2 |        2 |        2 |        2 |        2 |        2 |        2 |        2 |        2 |        2 |        2 |        2 |        2 |        2 |        2 |        2 |        2 |        2 |        2 |        2 |        2 |        2 |        2 |        2 |        2 |        2 |        2 |        2 |
+-------------------+----------+----------+----------+----------+----------+----------+----------+----------+----------+----------+----------+----------+----------+----------+----------+----------+----------+----------+----------+----------+----------+----------+----------+----------+----------+----------+----------+----------+----------+----------+----------+----------+----------+
+------------------------------------------+---------+----------+-----------+-----------+-----------+-----------+-----------+-----------+-----------+-----------+-----------+-----------+-----------+-----------+-----------+-----------+-----------+-----------+-----------+-----------+-----------+-----------+-----------+-----------+-----------+-----------+-----------+-----------+-----------+-----------+-----------+-----------+-----------+-----------+
|                   Event                  | Counter |  Core 0  |   Core 1  |   Core 2  |   Core 3  |   Core 4  |   Core 5  |   Core 6  |   Core 7  |   Core 8  |   Core 9  |  Core 10  |  Core 11  |  Core 12  |  Core 13  |  Core 14  |  Core 15  |  Core 16  |  Core 17  |  Core 18  |  Core 19  |  Core 20  |  Core 21  |  Core 22  |  Core 23  |  Core 24  |  Core 25  |  Core 26  |  Core 27  |  Core 28  |  Core 29  |  Core 30  |  Core 31  |  Core 32  |
+------------------------------------------+---------+----------+-----------+-----------+-----------+-----------+-----------+-----------+-----------+-----------+-----------+-----------+-----------+-----------+-----------+-----------+-----------+-----------+-----------+-----------+-----------+-----------+-----------+-----------+-----------+-----------+-----------+-----------+-----------+-----------+-----------+-----------+-----------+-----------+
|             INSTR_RETIRED_ANY            |  FIXC0  | 78015530 |  23067180 |  22870410 |  23367160 |  23249390 |  22948520 |  23168640 |  22876840 |  23118180 |  22837110 |  23080440 |  22930190 |  22996460 |  22895220 |  22613870 |  23260450 |  22571960 |  22662350 |  22484900 |  22498240 |  23092620 |  23048990 |  22460910 |  22549780 |  22773820 |  22297680 |  22665680 |  22793540 |  22528970 |  22377860 |  22668700 |  22112470 |  22339580 |
|           CPU_CLK_UNHALTED_CORE          |  FIXC1  | 63180710 | 152542700 | 149080800 | 158887000 | 157251300 | 150383900 | 155589000 | 149044200 | 154775000 | 148202100 | 154047800 | 150285300 | 152351000 | 150066800 | 145863400 | 158648400 | 150169500 | 153303100 | 150241400 | 149774700 | 162958000 | 161405700 | 149720400 | 150895600 | 156325400 | 147320200 | 155783200 | 157865300 | 152099700 | 148431600 | 155278500 | 152015800 | 156555200 |
|           CPU_CLK_UNHALTED_REF           |  FIXC2  | 86432630 | 208753600 | 204009400 | 217428800 | 215195900 | 205797600 | 212916500 | 203992600 | 211799700 | 202803500 | 210819300 | 205662000 | 208484100 | 205355500 | 199757500 | 217249700 | 205650100 | 209937700 | 205756200 | 205114300 | 223150000 | 221023700 | 205036300 | 206645800 | 214072200 | 201753600 | 213333800 | 216187400 | 208600200 | 203879300 | 212981200 | 208496400 | 214959900 |
|              PWR_PKG_ENERGY              |   PWR0  |   5.1354 |         0 |         0 |         0 |         0 |         0 |         0 |         0 |         0 |         0 |         0 |         0 |         0 |         0 |    5.1883 |         0 |         0 |         0 |         0 |         0 |         0 |         0 |         0 |         0 |         0 |         0 |         0 |         0 |    3.9110 |         0 |         0 |         0 |         0 |
|              PWR_DRAM_ENERGY             |   PWR3  |   0.5074 |         0 |         0 |         0 |         0 |         0 |         0 |         0 |         0 |         0 |         0 |         0 |         0 |         0 |    0.3985 |         0 |         0 |         0 |         0 |         0 |         0 |         0 |         0 |         0 |         0 |         0 |         0 |         0 |    0.3457 |         0 |         0 |         0 |         0 |
| FP_ARITH_INST_RETIRED_128B_PACKED_DOUBLE |   PMC0  |     4800 |         0 |         0 |         0 |         0 |         0 |         0 |         0 |         0 |         0 |         0 |         0 |         0 |         0 |         0 |         0 |         0 |         0 |         0 |         0 |         0 |         0 |         0 |         0 |         0 |         0 |         0 |         0 |         0 |         0 |         0 |         0 |         0 |
|    FP_ARITH_INST_RETIRED_SCALAR_DOUBLE   |   PMC1  |  6411314 |   4102343 |   4096869 |   4101951 |   4095538 |   4101141 |   4095555 |   4099317 |   4093654 |   4099409 |   4093662 |   4099199 |   4093737 |   4096027 |   4090361 |   4095913 |   4072265 |   4067171 |   4061549 |   4067137 |   4061589 |   4067321 |   4061733 |   4067409 |   4061657 |   4055827 |   4050317 |   4055905 |   4050317 |   4053749 |   4048161 |   3934863 |   3940925 |
| FP_ARITH_INST_RETIRED_256B_PACKED_DOUBLE |   PMC2  |     2800 |         0 |         0 |         0 |         0 |         0 |         0 |         0 |         0 |         0 |         0 |         0 |         0 |         0 |         0 |         0 |         0 |         0 |         0 |         0 |         0 |         0 |         0 |         0 |         0 |         0 |         0 |         0 |         0 |         0 |         0 |         0 |         0 |
| FP_ARITH_INST_RETIRED_512B_PACKED_DOUBLE |   PMC3  |    11152 |         0 |         0 |         0 |         0 |         0 |         0 |         0 |         0 |         0 |         0 |         0 |         0 |         0 |         0 |         0 |         0 |         0 |         0 |         0 |         0 |         0 |         0 |         0 |         0 |         0 |         0 |         0 |         0 |         0 |         0 |         0 |         0 |
|               CAS_COUNT_RD               | MBOX0C0 |   163916 |         0 |         0 |         0 |         0 |         0 |         0 |         0 |         0 |         0 |         0 |         0 |         0 |         0 |      8759 |         0 |         0 |         0 |         0 |         0 |         0 |         0 |         0 |         0 |         0 |         0 |         0 |         0 |      5234 |         0 |         0 |         0 |         0 |
|               CAS_COUNT_WR               | MBOX0C1 |   298515 |         0 |         0 |         0 |         0 |         0 |         0 |         0 |         0 |         0 |         0 |         0 |         0 |         0 |     23534 |         0 |         0 |         0 |         0 |         0 |         0 |         0 |         0 |         0 |         0 |         0 |         0 |         0 |     14964 |         0 |         0 |         0 |         0 |
|               CAS_COUNT_RD               | MBOX1C0 |   164597 |         0 |         0 |         0 |         0 |         0 |         0 |         0 |         0 |         0 |         0 |         0 |         0 |         0 |      8815 |         0 |         0 |         0 |         0 |         0 |         0 |         0 |         0 |         0 |         0 |         0 |         0 |         0 |      2852 |         0 |         0 |         0 |         0 |
|               CAS_COUNT_WR               | MBOX1C1 |   300752 |         0 |         0 |         0 |         0 |         0 |         0 |         0 |         0 |         0 |         0 |         0 |         0 |         0 |     24117 |         0 |         0 |         0 |         0 |         0 |         0 |         0 |         0 |         0 |         0 |         0 |         0 |         0 |     12981 |         0 |         0 |         0 |         0 |
|               CAS_COUNT_RD               | MBOX2C0 |   175456 |         0 |         0 |         0 |         0 |         0 |         0 |         0 |         0 |         0 |         0 |         0 |         0 |         0 |     12746 |         0 |         0 |         0 |         0 |         0 |         0 |         0 |         0 |         0 |         0 |         0 |         0 |         0 |      6602 |         0 |         0 |         0 |         0 |
|               CAS_COUNT_WR               | MBOX2C1 |   308567 |         0 |         0 |         0 |         0 |         0 |         0 |         0 |         0 |         0 |         0 |         0 |         0 |         0 |     29041 |         0 |         0 |         0 |         0 |         0 |         0 |         0 |         0 |         0 |         0 |         0 |         0 |         0 |     18135 |         0 |         0 |         0 |         0 |
|               CAS_COUNT_RD               | MBOX3C0 |   171122 |         0 |         0 |         0 |         0 |         0 |         0 |         0 |         0 |         0 |         0 |         0 |         0 |         0 |      5877 |         0 |         0 |         0 |         0 |         0 |         0 |         0 |         0 |         0 |         0 |         0 |         0 |         0 |      1883 |         0 |         0 |         0 |         0 |
|               CAS_COUNT_WR               | MBOX3C1 |   320140 |         0 |         0 |         0 |         0 |         0 |         0 |         0 |         0 |         0 |         0 |         0 |         0 |         0 |     22610 |         0 |         0 |         0 |         0 |         0 |         0 |         0 |         0 |         0 |         0 |         0 |         0 |         0 |     12694 |         0 |         0 |         0 |         0 |
|               CAS_COUNT_RD               | MBOX4C0 |   141670 |         0 |         0 |         0 |         0 |         0 |         0 |         0 |         0 |         0 |         0 |         0 |         0 |         0 |      5899 |         0 |         0 |         0 |         0 |         0 |         0 |         0 |         0 |         0 |         0 |         0 |         0 |         0 |      1616 |         0 |         0 |         0 |         0 |
|               CAS_COUNT_WR               | MBOX4C1 |   287793 |         0 |         0 |         0 |         0 |         0 |         0 |         0 |         0 |         0 |         0 |         0 |         0 |         0 |     22490 |         0 |         0 |         0 |         0 |         0 |         0 |         0 |         0 |         0 |         0 |         0 |         0 |         0 |     12869 |         0 |         0 |         0 |         0 |
|               CAS_COUNT_RD               | MBOX5C0 |   142229 |         0 |         0 |         0 |         0 |         0 |         0 |         0 |         0 |         0 |         0 |         0 |         0 |         0 |      5363 |         0 |         0 |         0 |         0 |         0 |         0 |         0 |         0 |         0 |         0 |         0 |         0 |         0 |      1932 |         0 |         0 |         0 |         0 |
|               CAS_COUNT_WR               | MBOX5C1 |   286759 |         0 |         0 |         0 |         0 |         0 |         0 |         0 |         0 |         0 |         0 |         0 |         0 |         0 |     21911 |         0 |         0 |         0 |         0 |         0 |         0 |         0 |         0 |         0 |         0 |         0 |         0 |         0 |     12754 |         0 |         0 |         0 |         0 |
+------------------------------------------+---------+----------+-----------+-----------+-----------+-----------+-----------+-----------+-----------+-----------+-----------+-----------+-----------+-----------+-----------+-----------+-----------+-----------+-----------+-----------+-----------+-----------+-----------+-----------+-----------+-----------+-----------+-----------+-----------+-----------+-----------+-----------+-----------+-----------+
+-----------------------------------------------+---------+------------+----------+-----------+--------------+
|                     Event                     | Counter |     Sum    |    Min   |    Max    |      Avg     |
+-----------------------------------------------+---------+------------+----------+-----------+--------------+
|             INSTR_RETIRED_ANY STAT            |  FIXC0  |  807223640 | 22112470 |  78015530 | 2.446132e+07 |
|           CPU_CLK_UNHALTED_CORE STAT          |  FIXC1  | 4960342710 | 63180710 | 162958000 | 1.503134e+08 |
|           CPU_CLK_UNHALTED_REF STAT           |  FIXC2  | 6793036430 | 86432630 | 223150000 | 2.058496e+08 |
|              PWR_PKG_ENERGY STAT              |   PWR0  |    14.2347 |        0 |    5.1883 |       0.4314 |
|              PWR_DRAM_ENERGY STAT             |   PWR3  |     1.2516 |        0 |    0.5074 |       0.0379 |
| FP_ARITH_INST_RETIRED_128B_PACKED_DOUBLE STAT |   PMC0  |       4800 |        0 |      4800 |     145.4545 |
|    FP_ARITH_INST_RETIRED_SCALAR_DOUBLE STAT   |   PMC1  |  136643885 |  3934863 |   6411314 | 4.140724e+06 |
| FP_ARITH_INST_RETIRED_256B_PACKED_DOUBLE STAT |   PMC2  |       2800 |        0 |      2800 |      84.8485 |
| FP_ARITH_INST_RETIRED_512B_PACKED_DOUBLE STAT |   PMC3  |      11152 |        0 |     11152 |     337.9394 |
|               CAS_COUNT_RD STAT               | MBOX0C0 |     177909 |        0 |    163916 |    5391.1818 |
|               CAS_COUNT_WR STAT               | MBOX0C1 |     337013 |        0 |    298515 |   10212.5152 |
|               CAS_COUNT_RD STAT               | MBOX1C0 |     176264 |        0 |    164597 |    5341.3333 |
|               CAS_COUNT_WR STAT               | MBOX1C1 |     337850 |        0 |    300752 |   10237.8788 |
|               CAS_COUNT_RD STAT               | MBOX2C0 |     194804 |        0 |    175456 |    5903.1515 |
|               CAS_COUNT_WR STAT               | MBOX2C1 |     355743 |        0 |    308567 |   10780.0909 |
|               CAS_COUNT_RD STAT               | MBOX3C0 |     178882 |        0 |    171122 |    5420.6667 |
|               CAS_COUNT_WR STAT               | MBOX3C1 |     355444 |        0 |    320140 |   10771.0303 |
|               CAS_COUNT_RD STAT               | MBOX4C0 |     149185 |        0 |    141670 |    4520.7576 |
|               CAS_COUNT_WR STAT               | MBOX4C1 |     323152 |        0 |    287793 |    9792.4848 |
|               CAS_COUNT_RD STAT               | MBOX5C0 |     149524 |        0 |    142229 |    4531.0303 |
|               CAS_COUNT_WR STAT               | MBOX5C1 |     321424 |        0 |    286759 |    9740.1212 |
+-----------------------------------------------+---------+------------+----------+-----------+--------------+
+-----------------------------------+-----------+-----------+-----------+-----------+-----------+-----------+-----------+-----------+-----------+-----------+-----------+-----------+-----------+-----------+-----------+-----------+-----------+-----------+-----------+-----------+-----------+-----------+-----------+-----------+-----------+-----------+-----------+-----------+-----------+-----------+-----------+-----------+-----------+
|               Metric              |   Core 0  |   Core 1  |   Core 2  |   Core 3  |   Core 4  |   Core 5  |   Core 6  |   Core 7  |   Core 8  |   Core 9  |  Core 10  |  Core 11  |  Core 12  |  Core 13  |  Core 14  |  Core 15  |  Core 16  |  Core 17  |  Core 18  |  Core 19  |  Core 20  |  Core 21  |  Core 22  |  Core 23  |  Core 24  |  Core 25  |  Core 26  |  Core 27  |  Core 28  |  Core 29  |  Core 30  |  Core 31  |  Core 32  |
+-----------------------------------+-----------+-----------+-----------+-----------+-----------+-----------+-----------+-----------+-----------+-----------+-----------+-----------+-----------+-----------+-----------+-----------+-----------+-----------+-----------+-----------+-----------+-----------+-----------+-----------+-----------+-----------+-----------+-----------+-----------+-----------+-----------+-----------+-----------+
|        Runtime (RDTSC) [s]        |    0.1053 |    0.1087 |    0.1088 |    0.1089 |    0.1088 |    0.1088 |    0.1088 |    0.1088 |    0.1088 |    0.1088 |    0.1088 |    0.1087 |    0.1088 |    0.1088 |    0.1052 |    0.1087 |    0.1087 |    0.1088 |    0.1088 |    0.1088 |    0.1088 |    0.1088 |    0.1088 |    0.1088 |    0.1088 |    0.1088 |    0.1088 |    0.1088 |    0.1052 |    0.1088 |    0.1087 |    0.1088 |    0.1088 |
|        Runtime unhalted [s]       |    0.0244 |    0.0588 |    0.0575 |    0.0613 |    0.0606 |    0.0580 |    0.0600 |    0.0575 |    0.0597 |    0.0571 |    0.0594 |    0.0579 |    0.0587 |    0.0579 |    0.0562 |    0.0612 |    0.0579 |    0.0591 |    0.0579 |    0.0577 |    0.0628 |    0.0622 |    0.0577 |    0.0582 |    0.0603 |    0.0568 |    0.0601 |    0.0609 |    0.0586 |    0.0572 |    0.0599 |    0.0586 |    0.0604 |
|            Clock [MHz]            | 1895.9814 | 1895.3296 | 1895.3911 | 1895.3900 | 1895.3418 | 1895.3453 | 1895.3825 | 1895.0818 | 1895.4083 | 1895.4233 | 1895.2759 | 1895.3514 | 1895.3947 | 1895.4205 | 1893.9588 | 1894.1039 | 1894.0006 | 1894.0341 | 1893.9303 | 1893.9557 | 1894.1139 | 1894.1193 | 1893.9893 | 1893.9883 | 1894.0724 | 1893.9491 | 1894.0361 | 1894.0158 | 1891.2151 | 1888.3415 | 1891.0254 | 1891.1129 | 1889.0234 |
|                CPI                |    0.8098 |    6.6130 |    6.5185 |    6.7996 |    6.7637 |    6.5531 |    6.7155 |    6.5151 |    6.6949 |    6.4895 |    6.6744 |    6.5540 |    6.6250 |    6.5545 |    6.4502 |    6.8205 |    6.6529 |    6.7647 |    6.6819 |    6.6572 |    7.0567 |    7.0027 |    6.6658 |    6.6917 |    6.8643 |    6.6070 |    6.8731 |    6.9259 |    6.7513 |    6.6330 |    6.8499 |    6.8747 |    7.0080 |
|             Energy [J]            |    5.1354 |         0 |         0 |         0 |         0 |         0 |         0 |         0 |         0 |         0 |         0 |         0 |         0 |         0 |    5.1883 |         0 |         0 |         0 |         0 |         0 |         0 |         0 |         0 |         0 |         0 |         0 |         0 |         0 |    3.9110 |         0 |         0 |         0 |         0 |
|             Power [W]             |   48.7906 |         0 |         0 |         0 |         0 |         0 |         0 |         0 |         0 |         0 |         0 |         0 |         0 |         0 |   49.3055 |         0 |         0 |         0 |         0 |         0 |         0 |         0 |         0 |         0 |         0 |         0 |         0 |         0 |   37.1702 |         0 |         0 |         0 |         0 |
|          Energy DRAM [J]          |    0.5074 |         0 |         0 |         0 |         0 |         0 |         0 |         0 |         0 |         0 |         0 |         0 |         0 |         0 |    0.3985 |         0 |         0 |         0 |         0 |         0 |         0 |         0 |         0 |         0 |         0 |         0 |         0 |         0 |    0.3457 |         0 |         0 |         0 |         0 |
|           Power DRAM [W]          |    4.8208 |         0 |         0 |         0 |         0 |         0 |         0 |         0 |         0 |         0 |         0 |         0 |         0 |         0 |    3.7873 |         0 |         0 |         0 |         0 |         0 |         0 |         0 |         0 |         0 |         0 |         0 |         0 |         0 |    3.2860 |         0 |         0 |         0 |         0 |
|            DP [MFLOP/s]           |   61.9584 |   37.7350 |   37.6517 |   37.6837 |   37.6504 |   37.6849 |   37.6399 |   37.6771 |   37.6345 |   37.6866 |   37.6168 |   37.7019 |   37.6095 |   37.6437 |   38.8716 |   37.6654 |   37.4567 |   37.3772 |   37.3463 |   37.3796 |   37.3146 |   37.3822 |   37.3338 |   37.3753 |   37.3184 |   37.2844 |   37.2308 |   37.2756 |   38.4942 |   37.2674 |   37.2246 |   36.1712 |   36.2170 |
|          AVX DP [MFLOP/s]         |    0.9540 |         0 |         0 |         0 |         0 |         0 |         0 |         0 |         0 |         0 |         0 |         0 |         0 |         0 |         0 |         0 |         0 |         0 |         0 |         0 |         0 |         0 |         0 |         0 |         0 |         0 |         0 |         0 |         0 |         0 |         0 |         0 |         0 |
|          Packed [MUOPS/s]         |    0.1782 |         0 |         0 |         0 |         0 |         0 |         0 |         0 |         0 |         0 |         0 |         0 |         0 |         0 |         0 |         0 |         0 |         0 |         0 |         0 |         0 |         0 |         0 |         0 |         0 |         0 |         0 |         0 |         0 |         0 |         0 |         0 |         0 |
|          Scalar [MUOPS/s]         |   60.9132 |   37.7350 |   37.6517 |   37.6837 |   37.6504 |   37.6849 |   37.6399 |   37.6771 |   37.6345 |   37.6866 |   37.6168 |   37.7019 |   37.6095 |   37.6437 |   38.8716 |   37.6654 |   37.4567 |   37.3772 |   37.3463 |   37.3796 |   37.3146 |   37.3822 |   37.3338 |   37.3753 |   37.3184 |   37.2844 |   37.2308 |   37.2756 |   38.4942 |   37.2674 |   37.2246 |   36.1712 |   36.2170 |
|  Memory read bandwidth [MBytes/s] |  583.1205 |         0 |         0 |         0 |         0 |         0 |         0 |         0 |         0 |         0 |         0 |         0 |         0 |         0 |   28.8648 |         0 |         0 |         0 |         0 |         0 |         0 |         0 |         0 |         0 |         0 |         0 |         0 |         0 |   12.2375 |         0 |         0 |         0 |         0 |
|  Memory read data volume [GBytes] |    0.0614 |         0 |         0 |         0 |         0 |         0 |         0 |         0 |         0 |         0 |         0 |         0 |         0 |         0 |    0.0030 |         0 |         0 |         0 |         0 |         0 |         0 |         0 |         0 |         0 |         0 |         0 |         0 |         0 |    0.0013 |         0 |         0 |         0 |         0 |
| Memory write bandwidth [MBytes/s] | 1096.0385 |         0 |         0 |         0 |         0 |         0 |         0 |         0 |         0 |         0 |         0 |         0 |         0 |         0 |   87.4010 |         0 |         0 |         0 |         0 |         0 |         0 |         0 |         0 |         0 |         0 |         0 |         0 |         0 |   51.3349 |         0 |         0 |         0 |         0 |
| Memory write data volume [GBytes] |    0.1154 |         0 |         0 |         0 |         0 |         0 |         0 |         0 |         0 |         0 |         0 |         0 |         0 |         0 |    0.0092 |         0 |         0 |         0 |         0 |         0 |         0 |         0 |         0 |         0 |         0 |         0 |         0 |         0 |    0.0054 |         0 |         0 |         0 |         0 |
|    Memory bandwidth [MBytes/s]    | 1679.1590 |         0 |         0 |         0 |         0 |         0 |         0 |         0 |         0 |         0 |         0 |         0 |         0 |         0 |  116.2659 |         0 |         0 |         0 |         0 |         0 |         0 |         0 |         0 |         0 |         0 |         0 |         0 |         0 |   63.5724 |         0 |         0 |         0 |         0 |
|    Memory data volume [GBytes]    |    0.1767 |         0 |         0 |         0 |         0 |         0 |         0 |         0 |         0 |         0 |         0 |         0 |         0 |         0 |    0.0122 |         0 |         0 |         0 |         0 |         0 |         0 |         0 |         0 |         0 |         0 |         0 |         0 |         0 |    0.0067 |         0 |         0 |         0 |         0 |
|       Operational intensity       |    0.0369 |    0.0232 |    0.0232 |    0.0232 |    0.0232 |    0.0232 |    0.0232 |    0.0232 |    0.0232 |    0.0232 |    0.0232 |    0.0232 |    0.0232 |    0.0232 |    0.3343 |    0.3348 |    0.3329 |    0.3324 |    0.3320 |    0.3324 |    0.3320 |    0.3325 |    0.3320 |    0.3325 |    0.3320 |    0.3315 |    0.3311 |    0.3315 |    0.6055 |    0.6060 |    0.6052 |    0.5883 |    0.5892 |
+-----------------------------------+-----------+-----------+-----------+-----------+-----------+-----------+-----------+-----------+-----------+-----------+-----------+-----------+-----------+-----------+-----------+-----------+-----------+-----------+-----------+-----------+-----------+-----------+-----------+-----------+-----------+-----------+-----------+-----------+-----------+-----------+-----------+-----------+-----------+
+----------------------------------------+------------+-----------+-----------+-----------+
|                 Metric                 |     Sum    |    Min    |    Max    |    Avg    |
+----------------------------------------+------------+-----------+-----------+-----------+
|        Runtime (RDTSC) [s] STAT        |     3.5793 |    0.1052 |    0.1089 |    0.1085 |
|        Runtime unhalted [s] STAT       |     1.9125 |    0.0244 |    0.0628 |    0.0580 |
|            Clock [MHz] STAT            | 62502.5035 | 1888.3415 | 1895.9814 | 1894.0153 |
|                CPI STAT                |   215.7121 |    0.8098 |    7.0567 |    6.5367 |
|             Energy [J] STAT            |    14.2347 |         0 |    5.1883 |    0.4314 |
|             Power [W] STAT             |   135.2663 |         0 |   49.3055 |    4.0990 |
|          Energy DRAM [J] STAT          |     1.2516 |         0 |    0.5074 |    0.0379 |
|           Power DRAM [W] STAT          |    11.8941 |         0 |    4.8208 |    0.3604 |
|            DP [MFLOP/s] STAT           |  1261.5604 |   36.1712 |   61.9584 |   38.2291 |
|          AVX DP [MFLOP/s] STAT         |     0.9540 |         0 |    0.9540 |    0.0289 |
|          Packed [MUOPS/s] STAT         |     0.1782 |         0 |    0.1782 |    0.0054 |
|          Scalar [MUOPS/s] STAT         |  1260.5152 |   36.1712 |   60.9132 |   38.1974 |
|  Memory read bandwidth [MBytes/s] STAT |   624.2228 |         0 |  583.1205 |   18.9158 |
|  Memory read data volume [GBytes] STAT |     0.0657 |         0 |    0.0614 |    0.0020 |
| Memory write bandwidth [MBytes/s] STAT |  1234.7744 |         0 | 1096.0385 |   37.4174 |
| Memory write data volume [GBytes] STAT |     0.1300 |         0 |    0.1154 |    0.0039 |
|    Memory bandwidth [MBytes/s] STAT    |  1858.9973 |         0 | 1679.1590 |   56.3333 |
|    Memory data volume [GBytes] STAT    |     0.1956 |         0 |    0.1767 |    0.0059 |
|       Operational intensity STAT       |     7.9866 |    0.0232 |    0.6060 |    0.2420 |
+----------------------------------------+------------+-----------+-----------+-----------+
--------------------------------------------------------------------------------
CPU name:	Intel(R) Xeon(R) Gold 6132 CPU @ 2.60GHz
CPU type:	Intel Skylake SP processor
CPU clock:	2.59 GHz
--------------------------------------------------------------------------------
Region Solve, Group 1: MEM_DP
+-------------------+----------+----------+----------+----------+----------+----------+----------+----------+----------+----------+----------+----------+----------+----------+----------+----------+----------+----------+----------+----------+----------+----------+----------+----------+----------+----------+----------+----------+----------+----------+----------+----------+----------+
|    Region Info    |  Core 0  |  Core 1  |  Core 2  |  Core 3  |  Core 4  |  Core 5  |  Core 6  |  Core 7  |  Core 8  |  Core 9  |  Core 10 |  Core 11 |  Core 12 |  Core 13 |  Core 14 |  Core 15 |  Core 16 |  Core 17 |  Core 18 |  Core 19 |  Core 20 |  Core 21 |  Core 22 |  Core 23 |  Core 24 |  Core 25 |  Core 26 |  Core 27 |  Core 28 |  Core 29 |  Core 30 |  Core 31 |  Core 32 |
+-------------------+----------+----------+----------+----------+----------+----------+----------+----------+----------+----------+----------+----------+----------+----------+----------+----------+----------+----------+----------+----------+----------+----------+----------+----------+----------+----------+----------+----------+----------+----------+----------+----------+----------+
| RDTSC Runtime [s] | 1.724816 | 1.726839 | 1.726840 | 1.726778 | 1.726776 | 1.726840 | 1.726839 | 1.726783 | 1.726776 | 1.726844 | 1.726780 | 1.726838 | 1.726779 | 1.726790 | 1.724820 | 1.726845 | 1.726845 | 1.726785 | 1.726781 | 1.726847 | 1.726845 | 1.726782 | 1.726782 | 1.726779 | 1.726856 | 1.726843 | 1.726841 | 1.726858 | 1.724823 | 1.726778 | 1.726846 | 1.726843 | 1.726848 |
|     call count    |        1 |        1 |        1 |        1 |        1 |        1 |        1 |        1 |        1 |        1 |        1 |        1 |        1 |        1 |        1 |        1 |        1 |        1 |        1 |        1 |        1 |        1 |        1 |        1 |        1 |        1 |        1 |        1 |        1 |        1 |        1 |        1 |        1 |
+-------------------+----------+----------+----------+----------+----------+----------+----------+----------+----------+----------+----------+----------+----------+----------+----------+----------+----------+----------+----------+----------+----------+----------+----------+----------+----------+----------+----------+----------+----------+----------+----------+----------+----------+
+------------------------------------------+---------+------------+------------+------------+------------+------------+------------+------------+------------+------------+------------+------------+------------+------------+------------+------------+------------+------------+------------+------------+------------+------------+------------+------------+------------+------------+------------+------------+------------+------------+------------+------------+------------+------------+
|                   Event                  | Counter |   Core 0   |   Core 1   |   Core 2   |   Core 3   |   Core 4   |   Core 5   |   Core 6   |   Core 7   |   Core 8   |   Core 9   |   Core 10  |   Core 11  |   Core 12  |   Core 13  |   Core 14  |   Core 15  |   Core 16  |   Core 17  |   Core 18  |   Core 19  |   Core 20  |   Core 21  |   Core 22  |   Core 23  |   Core 24  |   Core 25  |   Core 26  |   Core 27  |   Core 28  |   Core 29  |   Core 30  |   Core 31  |   Core 32  |
+------------------------------------------+---------+------------+------------+------------+------------+------------+------------+------------+------------+------------+------------+------------+------------+------------+------------+------------+------------+------------+------------+------------+------------+------------+------------+------------+------------+------------+------------+------------+------------+------------+------------+------------+------------+------------+
|             INSTR_RETIRED_ANY            |  FIXC0  | 3385257000 | 2051278000 | 2058903000 | 2065703000 | 2065163000 | 2060698000 | 2048497000 | 2043902000 | 2035943000 | 2027403000 | 2030141000 | 2037188000 | 2036553000 | 2026032000 | 2019605000 | 2003225000 | 1965205000 | 1945251000 | 1945993000 | 1950452000 | 1955192000 | 1951971000 | 1944683000 | 1941657000 | 1942408000 | 1926439000 | 1929545000 | 1939470000 | 1945700000 | 1940030000 | 1933967000 | 1877431000 | 1869486000 |
|           CPU_CLK_UNHALTED_CORE          |  FIXC1  | 1634314000 | 3248890000 | 3249166000 | 3249145000 | 3250421000 | 3250816000 | 3249434000 | 3251041000 | 3249402000 | 3249494000 | 3250484000 | 3248763000 | 3248066000 | 3247050000 | 3214497000 | 3215772000 | 3217719000 | 3218304000 | 3218365000 | 3219411000 | 3218500000 | 3218662000 | 3218790000 | 3219370000 | 3217839000 | 3218533000 | 3218556000 | 3217966000 | 3208232000 | 3221294000 | 3221764000 | 3222256000 | 3219167000 |
|           CPU_CLK_UNHALTED_REF           |  FIXC2  | 2236907000 | 4445848000 | 4446228000 | 4446197000 | 4447945000 | 4448483000 | 4446591000 | 4448791000 | 4446546000 | 4446678000 | 4448031000 | 4445677000 | 4444726000 | 4443331000 | 4398788000 | 4400528000 | 4403196000 | 4403993000 | 4404080000 | 4405513000 | 4404263000 | 4404486000 | 4404662000 | 4405450000 | 4403357000 | 4404310000 | 4404341000 | 4403530000 | 4390220000 | 4408085000 | 4408732000 | 4409407000 | 4405180000 |
|              PWR_PKG_ENERGY              |   PWR0  |    91.7524 |          0 |          0 |          0 |          0 |          0 |          0 |          0 |          0 |          0 |          0 |          0 |          0 |          0 |    92.6375 |          0 |          0 |          0 |          0 |          0 |          0 |          0 |          0 |          0 |          0 |          0 |          0 |          0 |    64.7802 |          0 |          0 |          0 |          0 |
|              PWR_DRAM_ENERGY             |   PWR3  |     7.9037 |          0 |          0 |          0 |          0 |          0 |          0 |          0 |          0 |          0 |          0 |          0 |          0 |          0 |     6.8510 |          0 |          0 |          0 |          0 |          0 |          0 |          0 |          0 |          0 |          0 |          0 |          0 |          0 |     5.4942 |          0 |          0 |          0 |          0 |
| FP_ARITH_INST_RETIRED_128B_PACKED_DOUBLE |   PMC0  |      22816 |          0 |          0 |          0 |          0 |          0 |          0 |          0 |          0 |          0 |          0 |          0 |          0 |          0 |          0 |          0 |          0 |          0 |          0 |          0 |          0 |          0 |          0 |          0 |          0 |          0 |          0 |          0 |          0 |          0 |          0 |          0 |          0 |
|    FP_ARITH_INST_RETIRED_SCALAR_DOUBLE   |   PMC1  |  514837000 |  520296000 |  526507000 |  532595700 |  532401100 |  527770300 |  521429800 |  519792300 |  517945000 |  515621100 |  516154100 |  518195000 |  516282100 |  509626300 |  505890300 |  502285600 |  492717400 |  489435300 |  488866000 |  492715100 |  497947400 |  498918200 |  496812300 |  496217000 |  496474400 |  492912000 |  494348100 |  500364200 |  505385500 |  503991400 |  498104000 |  476522800 |  473711100 |
| FP_ARITH_INST_RETIRED_256B_PACKED_DOUBLE |   PMC2  |      26128 |          0 |          0 |          0 |          0 |          0 |          0 |          0 |          0 |          0 |          0 |          0 |          0 |          0 |          0 |          0 |          0 |          0 |          0 |          0 |          0 |          0 |          0 |          0 |          0 |          0 |          0 |          0 |          0 |          0 |          0 |          0 |          0 |
| FP_ARITH_INST_RETIRED_512B_PACKED_DOUBLE |   PMC3  |      58742 |          0 |          0 |          0 |          0 |          0 |          0 |          0 |          0 |          0 |          0 |          0 |          0 |          0 |          0 |          0 |          0 |          0 |          0 |          0 |          0 |          0 |          0 |          0 |          0 |          0 |          0 |          0 |          0 |          0 |          0 |          0 |          0 |
|               CAS_COUNT_RD               | MBOX0C0 |    6134759 |          0 |          0 |          0 |          0 |          0 |          0 |          0 |          0 |          0 |          0 |          0 |          0 |          0 |    2640828 |          0 |          0 |          0 |          0 |          0 |          0 |          0 |          0 |          0 |          0 |          0 |          0 |          0 |     244230 |          0 |          0 |          0 |          0 |
|               CAS_COUNT_WR               | MBOX0C1 |    2891544 |          0 |          0 |          0 |          0 |          0 |          0 |          0 |          0 |          0 |          0 |          0 |          0 |          0 |    1059072 |          0 |          0 |          0 |          0 |          0 |          0 |          0 |          0 |          0 |          0 |          0 |          0 |          0 |     254262 |          0 |          0 |          0 |          0 |
|               CAS_COUNT_RD               | MBOX1C0 |    6144731 |          0 |          0 |          0 |          0 |          0 |          0 |          0 |          0 |          0 |          0 |          0 |          0 |          0 |    2644755 |          0 |          0 |          0 |          0 |          0 |          0 |          0 |          0 |          0 |          0 |          0 |          0 |          0 |     254041 |          0 |          0 |          0 |          0 |
|               CAS_COUNT_WR               | MBOX1C1 |    2914889 |          0 |          0 |          0 |          0 |          0 |          0 |          0 |          0 |          0 |          0 |          0 |          0 |          0 |    1055811 |          0 |          0 |          0 |          0 |          0 |          0 |          0 |          0 |          0 |          0 |          0 |          0 |          0 |     260164 |          0 |          0 |          0 |          0 |
|               CAS_COUNT_RD               | MBOX2C0 |    6203023 |          0 |          0 |          0 |          0 |          0 |          0 |          0 |          0 |          0 |          0 |          0 |          0 |          0 |    2646781 |          0 |          0 |          0 |          0 |          0 |          0 |          0 |          0 |          0 |          0 |          0 |          0 |          0 |     247508 |          0 |          0 |          0 |          0 |
|               CAS_COUNT_WR               | MBOX2C1 |    2976431 |          0 |          0 |          0 |          0 |          0 |          0 |          0 |          0 |          0 |          0 |          0 |          0 |          0 |    1045595 |          0 |          0 |          0 |          0 |          0 |          0 |          0 |          0 |          0 |          0 |          0 |          0 |          0 |     249344 |          0 |          0 |          0 |          0 |
|               CAS_COUNT_RD               | MBOX3C0 |    6165486 |          0 |          0 |          0 |          0 |          0 |          0 |          0 |          0 |          0 |          0 |          0 |          0 |          0 |    2712810 |          0 |          0 |          0 |          0 |          0 |          0 |          0 |          0 |          0 |          0 |          0 |          0 |          0 |     273803 |          0 |          0 |          0 |          0 |
|               CAS_COUNT_WR               | MBOX3C1 |    2928789 |          0 |          0 |          0 |          0 |          0 |          0 |          0 |          0 |          0 |          0 |          0 |          0 |          0 |    1121748 |          0 |          0 |          0 |          0 |          0 |          0 |          0 |          0 |          0 |          0 |          0 |          0 |          0 |     293781 |          0 |          0 |          0 |          0 |
|               CAS_COUNT_RD               | MBOX4C0 |    6218371 |          0 |          0 |          0 |          0 |          0 |          0 |          0 |          0 |          0 |          0 |          0 |          0 |          0 |    2653537 |          0 |          0 |          0 |          0 |          0 |          0 |          0 |          0 |          0 |          0 |          0 |          0 |          0 |     223348 |          0 |          0 |          0 |          0 |
|               CAS_COUNT_WR               | MBOX4C1 |    2952555 |          0 |          0 |          0 |          0 |          0 |          0 |          0 |          0 |          0 |          0 |          0 |          0 |          0 |    1087611 |          0 |          0 |          0 |          0 |          0 |          0 |          0 |          0 |          0 |          0 |          0 |          0 |          0 |     225763 |          0 |          0 |          0 |          0 |
|               CAS_COUNT_RD               | MBOX5C0 |    6075907 |          0 |          0 |          0 |          0 |          0 |          0 |          0 |          0 |          0 |          0 |          0 |          0 |          0 |    2605187 |          0 |          0 |          0 |          0 |          0 |          0 |          0 |          0 |          0 |          0 |          0 |          0 |          0 |     280828 |          0 |          0 |          0 |          0 |
|               CAS_COUNT_WR               | MBOX5C1 |    2885254 |          0 |          0 |          0 |          0 |          0 |          0 |          0 |          0 |          0 |          0 |          0 |          0 |          0 |    1017388 |          0 |          0 |          0 |          0 |          0 |          0 |          0 |          0 |          0 |          0 |          0 |          0 |          0 |     304348 |          0 |          0 |          0 |          0 |
+------------------------------------------+---------+------------+------------+------------+------------+------------+------------+------------+------------+------------+------------+------------+------------+------------+------------+------------+------------+------------+------------+------------+------------+------------+------------+------------+------------+------------+------------+------------+------------+------------+------------+------------+------------+------------+
+-----------------------------------------------+---------+--------------+------------+------------+--------------+
|                     Event                     | Counter |      Sum     |     Min    |     Max    |      Avg     |
+-----------------------------------------------+---------+--------------+------------+------------+--------------+
|             INSTR_RETIRED_ANY STAT            |  FIXC0  |  66900371000 | 1869486000 | 3385257000 | 2.027284e+09 |
|           CPU_CLK_UNHALTED_CORE STAT          |  FIXC1  | 105021483000 | 1634314000 | 3251041000 | 3.182469e+09 |
|           CPU_CLK_UNHALTED_REF STAT           |  FIXC2  | 143714100000 | 2236907000 | 4448791000 | 4.354973e+09 |
|              PWR_PKG_ENERGY STAT              |   PWR0  |     249.1701 |          0 |    92.6375 |       7.5506 |
|              PWR_DRAM_ENERGY STAT             |   PWR3  |      20.2489 |          0 |     7.9037 |       0.6136 |
| FP_ARITH_INST_RETIRED_128B_PACKED_DOUBLE STAT |   PMC0  |        22816 |          0 |      22816 |     691.3939 |
|    FP_ARITH_INST_RETIRED_SCALAR_DOUBLE STAT   |   PMC1  |  16693070900 |  473711100 |  532595700 | 5.058506e+08 |
| FP_ARITH_INST_RETIRED_256B_PACKED_DOUBLE STAT |   PMC2  |        26128 |          0 |      26128 |     791.7576 |
| FP_ARITH_INST_RETIRED_512B_PACKED_DOUBLE STAT |   PMC3  |        58742 |          0 |      58742 |    1780.0606 |
|               CAS_COUNT_RD STAT               | MBOX0C0 |      9019817 |          0 |    6134759 |  273327.7879 |
|               CAS_COUNT_WR STAT               | MBOX0C1 |      4204878 |          0 |    2891544 |  127420.5455 |
|               CAS_COUNT_RD STAT               | MBOX1C0 |      9043527 |          0 |    6144731 |  274046.2727 |
|               CAS_COUNT_WR STAT               | MBOX1C1 |      4230864 |          0 |    2914889 |       128208 |
|               CAS_COUNT_RD STAT               | MBOX2C0 |      9097312 |          0 |    6203023 |  275676.1212 |
|               CAS_COUNT_WR STAT               | MBOX2C1 |      4271370 |          0 |    2976431 |  129435.4545 |
|               CAS_COUNT_RD STAT               | MBOX3C0 |      9152099 |          0 |    6165486 |  277336.3333 |
|               CAS_COUNT_WR STAT               | MBOX3C1 |      4344318 |          0 |    2928789 |       131646 |
|               CAS_COUNT_RD STAT               | MBOX4C0 |      9095256 |          0 |    6218371 |  275613.8182 |
|               CAS_COUNT_WR STAT               | MBOX4C1 |      4265929 |          0 |    2952555 |  129270.5758 |
|               CAS_COUNT_RD STAT               | MBOX5C0 |      8961922 |          0 |    6075907 |  271573.3939 |
|               CAS_COUNT_WR STAT               | MBOX5C1 |      4206990 |          0 |    2885254 |  127484.5455 |
+-----------------------------------------------+---------+--------------+------------+------------+--------------+
+-----------------------------------+-----------+-----------+-----------+-----------+-----------+-----------+-----------+-----------+-----------+-----------+-----------+-----------+-----------+-----------+-----------+-----------+-----------+-----------+-----------+-----------+-----------+-----------+-----------+-----------+-----------+-----------+-----------+-----------+-----------+-----------+-----------+-----------+-----------+
|               Metric              |   Core 0  |   Core 1  |   Core 2  |   Core 3  |   Core 4  |   Core 5  |   Core 6  |   Core 7  |   Core 8  |   Core 9  |  Core 10  |  Core 11  |  Core 12  |  Core 13  |  Core 14  |  Core 15  |  Core 16  |  Core 17  |  Core 18  |  Core 19  |  Core 20  |  Core 21  |  Core 22  |  Core 23  |  Core 24  |  Core 25  |  Core 26  |  Core 27  |  Core 28  |  Core 29  |  Core 30  |  Core 31  |  Core 32  |
+-----------------------------------+-----------+-----------+-----------+-----------+-----------+-----------+-----------+-----------+-----------+-----------+-----------+-----------+-----------+-----------+-----------+-----------+-----------+-----------+-----------+-----------+-----------+-----------+-----------+-----------+-----------+-----------+-----------+-----------+-----------+-----------+-----------+-----------+-----------+
|        Runtime (RDTSC) [s]        |    1.7248 |    1.7268 |    1.7268 |    1.7268 |    1.7268 |    1.7268 |    1.7268 |    1.7268 |    1.7268 |    1.7268 |    1.7268 |    1.7268 |    1.7268 |    1.7268 |    1.7248 |    1.7268 |    1.7268 |    1.7268 |    1.7268 |    1.7268 |    1.7268 |    1.7268 |    1.7268 |    1.7268 |    1.7269 |    1.7268 |    1.7268 |    1.7269 |    1.7248 |    1.7268 |    1.7268 |    1.7268 |    1.7268 |
|        Runtime unhalted [s]       |    0.6301 |    1.2526 |    1.2527 |    1.2527 |    1.2532 |    1.2533 |    1.2528 |    1.2534 |    1.2528 |    1.2528 |    1.2532 |    1.2525 |    1.2523 |    1.2519 |    1.2393 |    1.2398 |    1.2406 |    1.2408 |    1.2408 |    1.2412 |    1.2409 |    1.2409 |    1.2410 |    1.2412 |    1.2406 |    1.2409 |    1.2409 |    1.2407 |    1.2369 |    1.2419 |    1.2421 |    1.2423 |    1.2411 |
|            Clock [MHz]            | 1895.0247 | 1895.4297 | 1895.4288 | 1895.4297 | 1895.4289 | 1895.4300 | 1895.4304 | 1895.4300 | 1895.4309 | 1895.4283 | 1895.4290 | 1895.4286 | 1895.4274 | 1895.4294 | 1895.4280 | 1895.4300 | 1895.4284 | 1895.4300 | 1895.4284 | 1895.4277 | 1895.4292 | 1895.4286 | 1895.4283 | 1895.4307 | 1895.4298 | 1895.4284 | 1895.4286 | 1895.4302 | 1895.4258 | 1895.4298 | 1895.4281 | 1895.4274 | 1895.4274 |
|                CPI                |    0.4828 |    1.5838 |    1.5781 |    1.5729 |    1.5739 |    1.5775 |    1.5863 |    1.5906 |    1.5960 |    1.6028 |    1.6011 |    1.5947 |    1.5949 |    1.6027 |    1.5916 |    1.6053 |    1.6373 |    1.6544 |    1.6538 |    1.6506 |    1.6461 |    1.6489 |    1.6552 |    1.6581 |    1.6566 |    1.6707 |    1.6680 |    1.6592 |    1.6489 |    1.6604 |    1.6659 |    1.7163 |    1.7220 |
|             Energy [J]            |   91.7524 |         0 |         0 |         0 |         0 |         0 |         0 |         0 |         0 |         0 |         0 |         0 |         0 |         0 |   92.6375 |         0 |         0 |         0 |         0 |         0 |         0 |         0 |         0 |         0 |         0 |         0 |         0 |         0 |   64.7802 |         0 |         0 |         0 |         0 |
|             Power [W]             |   53.1955 |         0 |         0 |         0 |         0 |         0 |         0 |         0 |         0 |         0 |         0 |         0 |         0 |         0 |   53.7085 |         0 |         0 |         0 |         0 |         0 |         0 |         0 |         0 |         0 |         0 |         0 |         0 |         0 |   37.5576 |         0 |         0 |         0 |         0 |
|          Energy DRAM [J]          |    7.9037 |         0 |         0 |         0 |         0 |         0 |         0 |         0 |         0 |         0 |         0 |         0 |         0 |         0 |    6.8510 |         0 |         0 |         0 |         0 |         0 |         0 |         0 |         0 |         0 |         0 |         0 |         0 |         0 |    5.4942 |         0 |         0 |         0 |         0 |
|           Power DRAM [W]          |    4.5823 |         0 |         0 |         0 |         0 |         0 |         0 |         0 |         0 |         0 |         0 |         0 |         0 |         0 |    3.9720 |         0 |         0 |         0 |         0 |         0 |         0 |         0 |         0 |         0 |         0 |         0 |         0 |         0 |    3.1854 |         0 |         0 |         0 |         0 |
|            DP [MFLOP/s]           |  298.8476 |  301.2997 |  304.8962 |  308.4332 |  308.3209 |  305.6278 |  301.9562 |  301.0177 |  299.9492 |  298.5916 |  298.9113 |  300.0832 |  298.9856 |  295.1293 |  293.3003 |  290.8690 |  285.3281 |  283.4373 |  283.1083 |  285.3264 |  288.3567 |  288.9295 |  287.7099 |  287.3657 |  287.5019 |  285.4411 |  286.2731 |  289.7541 |  293.0072 |  291.8681 |  288.4473 |  275.9503 |  274.3212 |
|          AVX DP [MFLOP/s]         |    0.3330 |         0 |         0 |         0 |         0 |         0 |         0 |         0 |         0 |         0 |         0 |         0 |         0 |         0 |         0 |         0 |         0 |         0 |         0 |         0 |         0 |         0 |         0 |         0 |         0 |         0 |         0 |         0 |         0 |         0 |         0 |         0 |         0 |
|          Packed [MUOPS/s]         |    0.0624 |         0 |         0 |         0 |         0 |         0 |         0 |         0 |         0 |         0 |         0 |         0 |         0 |         0 |         0 |         0 |         0 |         0 |         0 |         0 |         0 |         0 |         0 |         0 |         0 |         0 |         0 |         0 |         0 |         0 |         0 |         0 |         0 |
|          Scalar [MUOPS/s]         |  298.4881 |  301.2997 |  304.8962 |  308.4332 |  308.3209 |  305.6278 |  301.9562 |  301.0177 |  299.9492 |  298.5916 |  298.9113 |  300.0832 |  298.9856 |  295.1293 |  293.3003 |  290.8690 |  285.3281 |  283.4373 |  283.1083 |  285.3264 |  288.3567 |  288.9295 |  287.7099 |  287.3657 |  287.5019 |  285.4411 |  286.2731 |  289.7541 |  293.0072 |  291.8681 |  288.4473 |  275.9503 |  274.3212 |
|  Memory read bandwidth [MBytes/s] | 1370.7582 |         0 |         0 |         0 |         0 |         0 |         0 |         0 |         0 |         0 |         0 |         0 |         0 |         0 |  590.1192 |         0 |         0 |         0 |         0 |         0 |         0 |         0 |         0 |         0 |         0 |         0 |         0 |         0 |   56.5394 |         0 |         0 |         0 |         0 |
|  Memory read data volume [GBytes] |    2.3643 |         0 |         0 |         0 |         0 |         0 |         0 |         0 |         0 |         0 |         0 |         0 |         0 |         0 |    1.0178 |         0 |         0 |         0 |         0 |         0 |         0 |         0 |         0 |         0 |         0 |         0 |         0 |         0 |    0.0975 |         0 |         0 |         0 |         0 |
| Memory write bandwidth [MBytes/s] |  651.1799 |         0 |         0 |         0 |         0 |         0 |         0 |         0 |         0 |         0 |         0 |         0 |         0 |         0 |  237.0000 |         0 |         0 |         0 |         0 |         0 |         0 |         0 |         0 |         0 |         0 |         0 |         0 |         0 |   58.9106 |         0 |         0 |         0 |         0 |
| Memory write data volume [GBytes] |    1.1232 |         0 |         0 |         0 |         0 |         0 |         0 |         0 |         0 |         0 |         0 |         0 |         0 |         0 |    0.4088 |         0 |         0 |         0 |         0 |         0 |         0 |         0 |         0 |         0 |         0 |         0 |         0 |         0 |    0.1016 |         0 |         0 |         0 |         0 |
|    Memory bandwidth [MBytes/s]    | 2021.9382 |         0 |         0 |         0 |         0 |         0 |         0 |         0 |         0 |         0 |         0 |         0 |         0 |         0 |  827.1193 |         0 |         0 |         0 |         0 |         0 |         0 |         0 |         0 |         0 |         0 |         0 |         0 |         0 |  115.4500 |         0 |         0 |         0 |         0 |
|    Memory data volume [GBytes]    |    3.4875 |         0 |         0 |         0 |         0 |         0 |         0 |         0 |         0 |         0 |         0 |         0 |         0 |         0 |    1.4266 |         0 |         0 |         0 |         0 |         0 |         0 |         0 |         0 |         0 |         0 |         0 |         0 |         0 |    0.1991 |         0 |         0 |         0 |         0 |
|       Operational intensity       |    0.1478 |    0.1492 |    0.1510 |    0.1527 |    0.1527 |    0.1513 |    0.1495 |    0.1490 |    0.1485 |    0.1478 |    0.1480 |    0.1486 |    0.1480 |    0.1461 |    0.3546 |    0.3521 |    0.3454 |    0.3431 |    0.3427 |    0.3454 |    0.3490 |    0.3497 |    0.3482 |    0.3478 |    0.3480 |    0.3455 |    0.3465 |    0.3507 |    2.5380 |    2.5310 |    2.5014 |    2.3930 |    2.3789 |
+-----------------------------------+-----------+-----------+-----------+-----------+-----------+-----------+-----------+-----------+-----------+-----------+-----------+-----------+-----------+-----------+-----------+-----------+-----------+-----------+-----------+-----------+-----------+-----------+-----------+-----------+-----------+-----------+-----------+-----------+-----------+-----------+-----------+-----------+-----------+
+----------------------------------------+------------+-----------+-----------+-----------+
|                 Metric                 |     Sum    |    Min    |    Max    |    Avg    |
+----------------------------------------+------------+-----------+-----------+-----------+
|        Runtime (RDTSC) [s] STAT        |    56.9786 |    1.7248 |    1.7269 |    1.7266 |
|        Runtime unhalted [s] STAT       |    40.4902 |    0.6301 |    1.2534 |    1.2270 |
|            Clock [MHz] STAT            | 62548.7506 | 1895.0247 | 1895.4309 | 1895.4167 |
|                CPI STAT                |    52.6074 |    0.4828 |    1.7220 |    1.5942 |
|             Energy [J] STAT            |   249.1701 |         0 |   92.6375 |    7.5506 |
|             Power [W] STAT             |   144.4616 |         0 |   53.7085 |    4.3776 |
|          Energy DRAM [J] STAT          |    20.2489 |         0 |    7.9037 |    0.6136 |
|           Power DRAM [W] STAT          |    11.7397 |         0 |    4.5823 |    0.3557 |
|            DP [MFLOP/s] STAT           |  9668.3450 |  274.3212 |  308.4332 |  292.9802 |
|          AVX DP [MFLOP/s] STAT         |     0.3330 |         0 |    0.3330 |    0.0101 |
|          Packed [MUOPS/s] STAT         |     0.0624 |         0 |    0.0624 |    0.0019 |
|          Scalar [MUOPS/s] STAT         |  9667.9855 |  274.3212 |  308.4332 |  292.9693 |
|  Memory read bandwidth [MBytes/s] STAT |  2017.4168 |         0 | 1370.7582 |   61.1338 |
|  Memory read data volume [GBytes] STAT |     3.4796 |         0 |    2.3643 |    0.1054 |
| Memory write bandwidth [MBytes/s] STAT |   947.0905 |         0 |  651.1799 |   28.6997 |
| Memory write data volume [GBytes] STAT |     1.6336 |         0 |    1.1232 |    0.0495 |
|    Memory bandwidth [MBytes/s] STAT    |  2964.5075 |         0 | 2021.9382 |   89.8336 |
|    Memory data volume [GBytes] STAT    |     5.1132 |         0 |    3.4875 |    0.1549 |
|       Operational intensity STAT       |    19.3012 |    0.1461 |    2.5380 |    0.5849 |
+----------------------------------------+------------+-----------+-----------+-----------+
