--------------------------------------------------------------------------------
CPU name:	Intel(R) Xeon(R) Gold 6132 CPU @ 2.60GHz
CPU type:	Intel Skylake SP processor
CPU clock:	2.59 GHz
--------------------------------------------------------------------------------
Region Setup, Group 1: MEM_DP
+-------------------+----------+----------+----------+----------+----------+----------+----------+----------+----------+----------+----------+----------+----------+----------+----------+----------+----------+----------+----------+----------+----------+----------+----------+
|    Region Info    |  Core 0  |  Core 1  |  Core 2  |  Core 3  |  Core 4  |  Core 5  |  Core 6  |  Core 7  |  Core 8  |  Core 9  |  Core 10 |  Core 11 |  Core 12 |  Core 13 |  Core 14 |  Core 15 |  Core 16 |  Core 17 |  Core 18 |  Core 19 |  Core 20 |  Core 21 |  Core 22 |
+-------------------+----------+----------+----------+----------+----------+----------+----------+----------+----------+----------+----------+----------+----------+----------+----------+----------+----------+----------+----------+----------+----------+----------+----------+
| RDTSC Runtime [s] | 0.103955 | 0.105711 | 0.105715 | 0.105723 | 0.105721 | 0.105716 | 0.105708 | 0.105720 | 0.105756 | 0.105790 | 0.105755 | 0.105752 | 0.105765 | 0.105758 | 0.103890 | 0.105709 | 0.105784 | 0.105751 | 0.105773 | 0.105761 | 0.105787 | 0.105738 | 0.105768 |
|     call count    |        2 |        2 |        2 |        2 |        2 |        2 |        2 |        2 |        2 |        2 |        2 |        2 |        2 |        2 |        2 |        2 |        2 |        2 |        2 |        2 |        2 |        2 |        2 |
+-------------------+----------+----------+----------+----------+----------+----------+----------+----------+----------+----------+----------+----------+----------+----------+----------+----------+----------+----------+----------+----------+----------+----------+----------+
+------------------------------------------+---------+----------+-----------+-----------+-----------+-----------+-----------+-----------+-----------+-----------+-----------+-----------+-----------+-----------+-----------+-----------+-----------+-----------+-----------+-----------+-----------+-----------+-----------+-----------+
|                   Event                  | Counter |  Core 0  |   Core 1  |   Core 2  |   Core 3  |   Core 4  |   Core 5  |   Core 6  |   Core 7  |   Core 8  |   Core 9  |  Core 10  |  Core 11  |  Core 12  |  Core 13  |  Core 14  |  Core 15  |  Core 16  |  Core 17  |  Core 18  |  Core 19  |  Core 20  |  Core 21  |  Core 22  |
+------------------------------------------+---------+----------+-----------+-----------+-----------+-----------+-----------+-----------+-----------+-----------+-----------+-----------+-----------+-----------+-----------+-----------+-----------+-----------+-----------+-----------+-----------+-----------+-----------+-----------+
|             INSTR_RETIRED_ANY            |  FIXC0  | 85073500 |  30286810 |  30255600 |  30187640 |  30029420 |  29674900 |  29510920 |  29542220 |  29559570 |  29507840 |  29527570 |  29598840 |  29205770 |  29108080 |  28823390 |  29162480 |  28954270 |  28919760 |  28881820 |  29091290 |  28913770 |  28927450 |  29002680 |
|           CPU_CLK_UNHALTED_CORE          |  FIXC1  | 65814460 | 148770500 | 150551900 | 151326000 | 149556300 | 149615500 | 148404700 | 148901500 | 149652100 | 148199600 | 149119400 | 150316100 | 150642500 | 149527000 | 144355100 | 151336800 | 149392600 | 148696300 | 148053700 | 152421000 | 148714900 | 149010000 | 150598700 |
|           CPU_CLK_UNHALTED_REF           |  FIXC2  | 90038310 | 203581600 | 206019500 | 207076600 | 204656400 | 204736000 | 203079100 | 203760000 | 204788100 | 202798100 | 204058700 | 205695400 | 206142200 | 204615000 | 197860100 | 207405300 | 204749700 | 203793600 | 202927800 | 208903300 | 203813700 | 204235300 | 206391400 |
|              PWR_PKG_ENERGY              |   PWR0  |   5.0159 |         0 |         0 |         0 |         0 |         0 |         0 |         0 |         0 |         0 |         0 |         0 |         0 |         0 |    4.3480 |         0 |         0 |         0 |         0 |         0 |         0 |         0 |         0 |
|              PWR_DRAM_ENERGY             |   PWR3  |   0.4944 |         0 |         0 |         0 |         0 |         0 |         0 |         0 |         0 |         0 |         0 |         0 |         0 |         0 |    0.3782 |         0 |         0 |         0 |         0 |         0 |         0 |         0 |         0 |
| FP_ARITH_INST_RETIRED_128B_PACKED_DOUBLE |   PMC0  |     4800 |         0 |         0 |         0 |         0 |         0 |         0 |         0 |         0 |         0 |         0 |         0 |         0 |         0 |         0 |         0 |         0 |         0 |         0 |         0 |         0 |         0 |         0 |
|    FP_ARITH_INST_RETIRED_SCALAR_DOUBLE   |   PMC1  |  8220975 |   6034837 |   6008795 |   6005689 |   5985832 |   5886749 |   5869495 |   5874489 |   5867912 |   5874481 |   5867516 |   5873955 |   5757824 |   5752082 |   5752220 |   5752342 |   5751898 |   5751804 |   5750914 |   5750914 |   5750914 |   5750914 |   5750794 |
| FP_ARITH_INST_RETIRED_256B_PACKED_DOUBLE |   PMC2  |     2800 |         0 |         0 |         0 |         0 |         0 |         0 |         0 |         0 |         0 |         0 |         0 |         0 |         0 |         0 |         0 |         0 |         0 |         0 |         0 |         0 |         0 |         0 |
| FP_ARITH_INST_RETIRED_512B_PACKED_DOUBLE |   PMC3  |    11152 |         0 |         0 |         0 |         0 |         0 |         0 |         0 |         0 |         0 |         0 |         0 |         0 |         0 |         0 |         0 |         0 |         0 |         0 |         0 |         0 |         0 |         0 |
|               CAS_COUNT_RD               | MBOX0C0 |   156608 |         0 |         0 |         0 |         0 |         0 |         0 |         0 |         0 |         0 |         0 |         0 |         0 |         0 |      8412 |         0 |         0 |         0 |         0 |         0 |         0 |         0 |         0 |
|               CAS_COUNT_WR               | MBOX0C1 |   256049 |         0 |         0 |         0 |         0 |         0 |         0 |         0 |         0 |         0 |         0 |         0 |         0 |         0 |     21377 |         0 |         0 |         0 |         0 |         0 |         0 |         0 |         0 |
|               CAS_COUNT_RD               | MBOX1C0 |   189071 |         0 |         0 |         0 |         0 |         0 |         0 |         0 |         0 |         0 |         0 |         0 |         0 |         0 |      8459 |         0 |         0 |         0 |         0 |         0 |         0 |         0 |         0 |
|               CAS_COUNT_WR               | MBOX1C1 |   298080 |         0 |         0 |         0 |         0 |         0 |         0 |         0 |         0 |         0 |         0 |         0 |         0 |         0 |     21403 |         0 |         0 |         0 |         0 |         0 |         0 |         0 |         0 |
|               CAS_COUNT_RD               | MBOX2C0 |   163371 |         0 |         0 |         0 |         0 |         0 |         0 |         0 |         0 |         0 |         0 |         0 |         0 |         0 |      8356 |         0 |         0 |         0 |         0 |         0 |         0 |         0 |         0 |
|               CAS_COUNT_WR               | MBOX2C1 |   264180 |         0 |         0 |         0 |         0 |         0 |         0 |         0 |         0 |         0 |         0 |         0 |         0 |         0 |     21294 |         0 |         0 |         0 |         0 |         0 |         0 |         0 |         0 |
|               CAS_COUNT_RD               | MBOX3C0 |   131932 |         0 |         0 |         0 |         0 |         0 |         0 |         0 |         0 |         0 |         0 |         0 |         0 |         0 |      4054 |         0 |         0 |         0 |         0 |         0 |         0 |         0 |         0 |
|               CAS_COUNT_WR               | MBOX3C1 |   244609 |         0 |         0 |         0 |         0 |         0 |         0 |         0 |         0 |         0 |         0 |         0 |         0 |         0 |     18172 |         0 |         0 |         0 |         0 |         0 |         0 |         0 |         0 |
|               CAS_COUNT_RD               | MBOX4C0 |   134301 |         0 |         0 |         0 |         0 |         0 |         0 |         0 |         0 |         0 |         0 |         0 |         0 |         0 |      4293 |         0 |         0 |         0 |         0 |         0 |         0 |         0 |         0 |
|               CAS_COUNT_WR               | MBOX4C1 |   247808 |         0 |         0 |         0 |         0 |         0 |         0 |         0 |         0 |         0 |         0 |         0 |         0 |         0 |     18365 |         0 |         0 |         0 |         0 |         0 |         0 |         0 |         0 |
|               CAS_COUNT_RD               | MBOX5C0 |   132272 |         0 |         0 |         0 |         0 |         0 |         0 |         0 |         0 |         0 |         0 |         0 |         0 |         0 |      3529 |         0 |         0 |         0 |         0 |         0 |         0 |         0 |         0 |
|               CAS_COUNT_WR               | MBOX5C1 |   245120 |         0 |         0 |         0 |         0 |         0 |         0 |         0 |         0 |         0 |         0 |         0 |         0 |         0 |     17695 |         0 |         0 |         0 |         0 |         0 |         0 |         0 |         0 |
+------------------------------------------+---------+----------+-----------+-----------+-----------+-----------+-----------+-----------+-----------+-----------+-----------+-----------+-----------+-----------+-----------+-----------+-----------+-----------+-----------+-----------+-----------+-----------+-----------+-----------+
+-----------------------------------------------+---------+------------+----------+-----------+--------------+
|                     Event                     | Counter |     Sum    |    Min   |    Max    |      Avg     |
+-----------------------------------------------+---------+------------+----------+-----------+--------------+
|             INSTR_RETIRED_ANY STAT            |  FIXC0  |  731745590 | 28823390 |  85073500 | 3.181503e+07 |
|           CPU_CLK_UNHALTED_CORE STAT          |  FIXC1  | 3352976660 | 65814460 | 152421000 | 1.457816e+08 |
|           CPU_CLK_UNHALTED_REF STAT           |  FIXC2  | 4591125210 | 90038310 | 208903300 | 1.996141e+08 |
|              PWR_PKG_ENERGY STAT              |   PWR0  |     9.3639 |        0 |    5.0159 |       0.4071 |
|              PWR_DRAM_ENERGY STAT             |   PWR3  |     0.8726 |        0 |    0.4944 |       0.0379 |
| FP_ARITH_INST_RETIRED_128B_PACKED_DOUBLE STAT |   PMC0  |       4800 |        0 |      4800 |     208.6957 |
|    FP_ARITH_INST_RETIRED_SCALAR_DOUBLE STAT   |   PMC1  |  136643345 |  5750794 |   8220975 |      5941015 |
| FP_ARITH_INST_RETIRED_256B_PACKED_DOUBLE STAT |   PMC2  |       2800 |        0 |      2800 |     121.7391 |
| FP_ARITH_INST_RETIRED_512B_PACKED_DOUBLE STAT |   PMC3  |      11152 |        0 |     11152 |     484.8696 |
|               CAS_COUNT_RD STAT               | MBOX0C0 |     165020 |        0 |    156608 |    7174.7826 |
|               CAS_COUNT_WR STAT               | MBOX0C1 |     277426 |        0 |    256049 |        12062 |
|               CAS_COUNT_RD STAT               | MBOX1C0 |     197530 |        0 |    189071 |    8588.2609 |
|               CAS_COUNT_WR STAT               | MBOX1C1 |     319483 |        0 |    298080 |   13890.5652 |
|               CAS_COUNT_RD STAT               | MBOX2C0 |     171727 |        0 |    163371 |    7466.3913 |
|               CAS_COUNT_WR STAT               | MBOX2C1 |     285474 |        0 |    264180 |   12411.9130 |
|               CAS_COUNT_RD STAT               | MBOX3C0 |     135986 |        0 |    131932 |    5912.4348 |
|               CAS_COUNT_WR STAT               | MBOX3C1 |     262781 |        0 |    244609 |   11425.2609 |
|               CAS_COUNT_RD STAT               | MBOX4C0 |     138594 |        0 |    134301 |    6025.8261 |
|               CAS_COUNT_WR STAT               | MBOX4C1 |     266173 |        0 |    247808 |   11572.7391 |
|               CAS_COUNT_RD STAT               | MBOX5C0 |     135801 |        0 |    132272 |    5904.3913 |
|               CAS_COUNT_WR STAT               | MBOX5C1 |     262815 |        0 |    245120 |   11426.7391 |
+-----------------------------------------------+---------+------------+----------+-----------+--------------+
+-----------------------------------+-----------+-----------+-----------+-----------+-----------+-----------+-----------+-----------+-----------+-----------+-----------+-----------+-----------+-----------+-----------+-----------+-----------+-----------+-----------+-----------+-----------+-----------+-----------+
|               Metric              |   Core 0  |   Core 1  |   Core 2  |   Core 3  |   Core 4  |   Core 5  |   Core 6  |   Core 7  |   Core 8  |   Core 9  |  Core 10  |  Core 11  |  Core 12  |  Core 13  |  Core 14  |  Core 15  |  Core 16  |  Core 17  |  Core 18  |  Core 19  |  Core 20  |  Core 21  |  Core 22  |
+-----------------------------------+-----------+-----------+-----------+-----------+-----------+-----------+-----------+-----------+-----------+-----------+-----------+-----------+-----------+-----------+-----------+-----------+-----------+-----------+-----------+-----------+-----------+-----------+-----------+
|        Runtime (RDTSC) [s]        |    0.1040 |    0.1057 |    0.1057 |    0.1057 |    0.1057 |    0.1057 |    0.1057 |    0.1057 |    0.1058 |    0.1058 |    0.1058 |    0.1058 |    0.1058 |    0.1058 |    0.1039 |    0.1057 |    0.1058 |    0.1058 |    0.1058 |    0.1058 |    0.1058 |    0.1057 |    0.1058 |
|        Runtime unhalted [s]       |    0.0254 |    0.0574 |    0.0580 |    0.0583 |    0.0577 |    0.0577 |    0.0572 |    0.0574 |    0.0577 |    0.0571 |    0.0575 |    0.0580 |    0.0581 |    0.0576 |    0.0557 |    0.0583 |    0.0576 |    0.0573 |    0.0571 |    0.0588 |    0.0573 |    0.0574 |    0.0581 |
|            Clock [MHz]            | 1895.9421 | 1895.4372 | 1895.4355 | 1895.4556 | 1895.4419 | 1895.4550 | 1895.4552 | 1895.4452 | 1895.4363 | 1895.4583 | 1895.4404 | 1895.4486 | 1895.4472 | 1895.4540 | 1892.3654 | 1892.5867 | 1892.5044 | 1892.5210 | 1892.3820 | 1892.4770 | 1892.5711 | 1892.4120 | 1892.6082 |
|                CPI                |    0.7736 |    4.9121 |    4.9760 |    5.0128 |    4.9803 |    5.0418 |    5.0288 |    5.0403 |    5.0627 |    5.0224 |    5.0502 |    5.0784 |    5.1580 |    5.1370 |    5.0083 |    5.1894 |    5.1596 |    5.1417 |    5.1262 |    5.2394 |    5.1434 |    5.1512 |    5.1926 |
|             Energy [J]            |    5.0159 |         0 |         0 |         0 |         0 |         0 |         0 |         0 |         0 |         0 |         0 |         0 |         0 |         0 |    4.3480 |         0 |         0 |         0 |         0 |         0 |         0 |         0 |         0 |
|             Power [W]             |   48.2511 |         0 |         0 |         0 |         0 |         0 |         0 |         0 |         0 |         0 |         0 |         0 |         0 |         0 |   41.8520 |         0 |         0 |         0 |         0 |         0 |         0 |         0 |         0 |
|          Energy DRAM [J]          |    0.4944 |         0 |         0 |         0 |         0 |         0 |         0 |         0 |         0 |         0 |         0 |         0 |         0 |         0 |    0.3782 |         0 |         0 |         0 |         0 |         0 |         0 |         0 |         0 |
|           Power DRAM [W]          |    4.7558 |         0 |         0 |         0 |         0 |         0 |         0 |         0 |         0 |         0 |         0 |         0 |         0 |         0 |    3.6406 |         0 |         0 |         0 |         0 |         0 |         0 |         0 |         0 |
|            DP [MFLOP/s]           |   80.1405 |   57.0879 |   56.8396 |   56.8059 |   56.6192 |   55.6846 |   55.5256 |   55.5665 |   55.4853 |   55.5296 |   55.4822 |   55.5448 |   54.4397 |   54.3892 |   55.3681 |   54.4165 |   54.3740 |   54.3899 |   54.3704 |   54.3763 |   54.3632 |   54.3882 |   54.3719 |
|          AVX DP [MFLOP/s]         |    0.9660 |         0 |         0 |         0 |         0 |         0 |         0 |         0 |         0 |         0 |         0 |         0 |         0 |         0 |         0 |         0 |         0 |         0 |         0 |         0 |         0 |         0 |         0 |
|          Packed [MUOPS/s]         |    0.1804 |         0 |         0 |         0 |         0 |         0 |         0 |         0 |         0 |         0 |         0 |         0 |         0 |         0 |         0 |         0 |         0 |         0 |         0 |         0 |         0 |         0 |         0 |
|          Scalar [MUOPS/s]         |   79.0822 |   57.0879 |   56.8396 |   56.8059 |   56.6192 |   55.6846 |   55.5256 |   55.5665 |   55.4853 |   55.5296 |   55.4822 |   55.5448 |   54.4397 |   54.3892 |   55.3681 |   54.4165 |   54.3740 |   54.3899 |   54.3704 |   54.3763 |   54.3632 |   54.3882 |   54.3719 |
|  Memory read bandwidth [MBytes/s] |  558.7382 |         0 |         0 |         0 |         0 |         0 |         0 |         0 |         0 |         0 |         0 |         0 |         0 |         0 |   22.8567 |         0 |         0 |         0 |         0 |         0 |         0 |         0 |         0 |
|  Memory read data volume [GBytes] |    0.0581 |         0 |         0 |         0 |         0 |         0 |         0 |         0 |         0 |         0 |         0 |         0 |         0 |         0 |    0.0024 |         0 |         0 |         0 |         0 |         0 |         0 |         0 |         0 |
| Memory write bandwidth [MBytes/s] |  957.8600 |         0 |         0 |         0 |         0 |         0 |         0 |         0 |         0 |         0 |         0 |         0 |         0 |         0 |   72.8804 |         0 |         0 |         0 |         0 |         0 |         0 |         0 |         0 |
| Memory write data volume [GBytes] |    0.0996 |         0 |         0 |         0 |         0 |         0 |         0 |         0 |         0 |         0 |         0 |         0 |         0 |         0 |    0.0076 |         0 |         0 |         0 |         0 |         0 |         0 |         0 |         0 |
|    Memory bandwidth [MBytes/s]    | 1516.5982 |         0 |         0 |         0 |         0 |         0 |         0 |         0 |         0 |         0 |         0 |         0 |         0 |         0 |   95.7371 |         0 |         0 |         0 |         0 |         0 |         0 |         0 |         0 |
|    Memory data volume [GBytes]    |    0.1577 |         0 |         0 |         0 |         0 |         0 |         0 |         0 |         0 |         0 |         0 |         0 |         0 |         0 |    0.0099 |         0 |         0 |         0 |         0 |         0 |         0 |         0 |         0 |
|       Operational intensity       |    0.0528 |    0.0383 |    0.0381 |    0.0381 |    0.0380 |    0.0373 |    0.0372 |    0.0373 |    0.0372 |    0.0373 |    0.0372 |    0.0373 |    0.0365 |    0.0365 |    0.5783 |    0.5783 |    0.5783 |    0.5783 |    0.5782 |    0.5782 |    0.5782 |    0.5782 |    0.5782 |
+-----------------------------------+-----------+-----------+-----------+-----------+-----------+-----------+-----------+-----------+-----------+-----------+-----------+-----------+-----------+-----------+-----------+-----------+-----------+-----------+-----------+-----------+-----------+-----------+-----------+
+----------------------------------------+------------+-----------+-----------+-----------+
|                 Metric                 |     Sum    |    Min    |    Max    |    Avg    |
+----------------------------------------+------------+-----------+-----------+-----------+
|        Runtime (RDTSC) [s] STAT        |     2.4288 |    0.1039 |    0.1058 |    0.1056 |
|        Runtime unhalted [s] STAT       |     1.2927 |    0.0254 |    0.0588 |    0.0562 |
|            Clock [MHz] STAT            | 43569.1803 | 1892.3654 | 1895.9421 | 1894.3122 |
|                CPI STAT                |   112.6262 |    0.7736 |    5.2394 |    4.8968 |
|             Energy [J] STAT            |     9.3639 |         0 |    5.0159 |    0.4071 |
|             Power [W] STAT             |    90.1031 |         0 |   48.2511 |    3.9175 |
|          Energy DRAM [J] STAT          |     0.8726 |         0 |    0.4944 |    0.0379 |
|           Power DRAM [W] STAT          |     8.3964 |         0 |    4.7558 |    0.3651 |
|            DP [MFLOP/s] STAT           |  1295.5591 |   54.3632 |   80.1405 |   56.3287 |
|          AVX DP [MFLOP/s] STAT         |     0.9660 |         0 |    0.9660 |    0.0420 |
|          Packed [MUOPS/s] STAT         |     0.1804 |         0 |    0.1804 |    0.0078 |
|          Scalar [MUOPS/s] STAT         |  1294.5008 |   54.3632 |   79.0822 |   56.2826 |
|  Memory read bandwidth [MBytes/s] STAT |   581.5949 |         0 |  558.7382 |   25.2867 |
|  Memory read data volume [GBytes] STAT |     0.0605 |         0 |    0.0581 |    0.0026 |
| Memory write bandwidth [MBytes/s] STAT |  1030.7404 |         0 |  957.8600 |   44.8148 |
| Memory write data volume [GBytes] STAT |     0.1072 |         0 |    0.0996 |    0.0047 |
|    Memory bandwidth [MBytes/s] STAT    |  1612.3353 |         0 | 1516.5982 |   70.1015 |
|    Memory data volume [GBytes] STAT    |     0.1676 |         0 |    0.1577 |    0.0073 |
|       Operational intensity STAT       |     5.7433 |    0.0365 |    0.5783 |    0.2497 |
+----------------------------------------+------------+-----------+-----------+-----------+
--------------------------------------------------------------------------------
CPU name:	Intel(R) Xeon(R) Gold 6132 CPU @ 2.60GHz
CPU type:	Intel Skylake SP processor
CPU clock:	2.59 GHz
--------------------------------------------------------------------------------
Region Solve, Group 1: MEM_DP
+-------------------+----------+----------+----------+----------+----------+----------+----------+----------+----------+----------+----------+----------+----------+----------+----------+----------+----------+----------+----------+----------+----------+----------+----------+
|    Region Info    |  Core 0  |  Core 1  |  Core 2  |  Core 3  |  Core 4  |  Core 5  |  Core 6  |  Core 7  |  Core 8  |  Core 9  |  Core 10 |  Core 11 |  Core 12 |  Core 13 |  Core 14 |  Core 15 |  Core 16 |  Core 17 |  Core 18 |  Core 19 |  Core 20 |  Core 21 |  Core 22 |
+-------------------+----------+----------+----------+----------+----------+----------+----------+----------+----------+----------+----------+----------+----------+----------+----------+----------+----------+----------+----------+----------+----------+----------+----------+
| RDTSC Runtime [s] | 1.927779 | 1.928831 | 1.928829 | 1.928838 | 1.928842 | 1.928833 | 1.928887 | 1.928837 | 1.928832 | 1.928891 | 1.928840 | 1.928883 | 1.928831 | 1.928835 | 1.927763 | 1.928898 | 1.928827 | 1.928829 | 1.928894 | 1.928835 | 1.928898 | 1.928829 | 1.928843 |
|     call count    |        1 |        1 |        1 |        1 |        1 |        1 |        1 |        1 |        1 |        1 |        1 |        1 |        1 |        1 |        1 |        1 |        1 |        1 |        1 |        1 |        1 |        1 |        1 |
+-------------------+----------+----------+----------+----------+----------+----------+----------+----------+----------+----------+----------+----------+----------+----------+----------+----------+----------+----------+----------+----------+----------+----------+----------+
+------------------------------------------+---------+------------+------------+------------+------------+------------+------------+------------+------------+------------+------------+------------+------------+------------+------------+------------+------------+------------+------------+------------+------------+------------+------------+------------+
|                   Event                  | Counter |   Core 0   |   Core 1   |   Core 2   |   Core 3   |   Core 4   |   Core 5   |   Core 6   |   Core 7   |   Core 8   |   Core 9   |   Core 10  |   Core 11  |   Core 12  |   Core 13  |   Core 14  |   Core 15  |   Core 16  |   Core 17  |   Core 18  |   Core 19  |   Core 20  |   Core 21  |   Core 22  |
+------------------------------------------+---------+------------+------------+------------+------------+------------+------------+------------+------------+------------+------------+------------+------------+------------+------------+------------+------------+------------+------------+------------+------------+------------+------------+------------+
|             INSTR_RETIRED_ANY            |  FIXC0  | 4211281000 | 2963481000 | 2950126000 | 2907344000 | 2887378000 | 2839425000 | 2783607000 | 2788519000 | 2800294000 | 2790597000 | 2784685000 | 2774771000 | 2750567000 | 2745314000 | 2750819000 | 2739378000 | 2733542000 | 2756996000 | 2758626000 | 2776346000 | 2779414000 | 2765693000 | 2749830000 |
|           CPU_CLK_UNHALTED_CORE          |  FIXC1  | 1978018000 | 3630561000 | 3632460000 | 3632590000 | 3633560000 | 3632664000 | 3632264000 | 3633186000 | 3633175000 | 3632813000 | 3632750000 | 3632198000 | 3632242000 | 3631576000 | 3616981000 | 3621438000 | 3621689000 | 3621980000 | 3613741000 | 3622200000 | 3621031000 | 3623162000 | 3594367000 |
|           CPU_CLK_UNHALTED_REF           |  FIXC2  | 2707354000 | 4968136000 | 4970738000 | 4970912000 | 4972243000 | 4971017000 | 4970467000 | 4971730000 | 4971707000 | 4971222000 | 4971134000 | 4970382000 | 4970441000 | 4969525000 | 4949558000 | 4955654000 | 4955998000 | 4956396000 | 4945120000 | 4956699000 | 4955099000 | 4958010000 | 4918617000 |
|              PWR_PKG_ENERGY              |   PWR0  |   101.3965 |          0 |          0 |          0 |          0 |          0 |          0 |          0 |          0 |          0 |          0 |          0 |          0 |          0 |    86.5000 |          0 |          0 |          0 |          0 |          0 |          0 |          0 |          0 |
|              PWR_DRAM_ENERGY             |   PWR3  |     9.3893 |          0 |          0 |          0 |          0 |          0 |          0 |          0 |          0 |          0 |          0 |          0 |          0 |          0 |     7.7258 |          0 |          0 |          0 |          0 |          0 |          0 |          0 |          0 |
| FP_ARITH_INST_RETIRED_128B_PACKED_DOUBLE |   PMC0  |      22816 |          0 |          0 |          0 |          0 |          0 |          0 |          0 |          0 |          0 |          0 |          0 |          0 |          0 |          0 |          0 |          0 |          0 |          0 |          0 |          0 |          0 |          0 |
|    FP_ARITH_INST_RETIRED_SCALAR_DOUBLE   |   PMC1  |  749811900 |  770251900 |  775201600 |  762842100 |  750754300 |  735056800 |  721955200 |  723156200 |  724389000 |  714369700 |  710597800 |  708595000 |  699906600 |  702894200 |  711314000 |  708886100 |  707414100 |  713652800 |  715731400 |  727253200 |  730257800 |  718454600 |  710321100 |
| FP_ARITH_INST_RETIRED_256B_PACKED_DOUBLE |   PMC2  |      26128 |          0 |          0 |          0 |          0 |          0 |          0 |          0 |          0 |          0 |          0 |          0 |          0 |          0 |          0 |          0 |          0 |          0 |          0 |          0 |          0 |          0 |          0 |
| FP_ARITH_INST_RETIRED_512B_PACKED_DOUBLE |   PMC3  |      58742 |          0 |          0 |          0 |          0 |          0 |          0 |          0 |          0 |          0 |          0 |          0 |          0 |          0 |          0 |          0 |          0 |          0 |          0 |          0 |          0 |          0 |          0 |
|               CAS_COUNT_RD               | MBOX0C0 |    9932416 |          0 |          0 |          0 |          0 |          0 |          0 |          0 |          0 |          0 |          0 |          0 |          0 |          0 |    3236587 |          0 |          0 |          0 |          0 |          0 |          0 |          0 |          0 |
|               CAS_COUNT_WR               | MBOX0C1 |    2832827 |          0 |          0 |          0 |          0 |          0 |          0 |          0 |          0 |          0 |          0 |          0 |          0 |          0 |     936395 |          0 |          0 |          0 |          0 |          0 |          0 |          0 |          0 |
|               CAS_COUNT_RD               | MBOX1C0 |    9996958 |          0 |          0 |          0 |          0 |          0 |          0 |          0 |          0 |          0 |          0 |          0 |          0 |          0 |    3262580 |          0 |          0 |          0 |          0 |          0 |          0 |          0 |          0 |
|               CAS_COUNT_WR               | MBOX1C1 |    2898834 |          0 |          0 |          0 |          0 |          0 |          0 |          0 |          0 |          0 |          0 |          0 |          0 |          0 |     952409 |          0 |          0 |          0 |          0 |          0 |          0 |          0 |          0 |
|               CAS_COUNT_RD               | MBOX2C0 |    9994355 |          0 |          0 |          0 |          0 |          0 |          0 |          0 |          0 |          0 |          0 |          0 |          0 |          0 |    3263120 |          0 |          0 |          0 |          0 |          0 |          0 |          0 |          0 |
|               CAS_COUNT_WR               | MBOX2C1 |    2904111 |          0 |          0 |          0 |          0 |          0 |          0 |          0 |          0 |          0 |          0 |          0 |          0 |          0 |     967213 |          0 |          0 |          0 |          0 |          0 |          0 |          0 |          0 |
|               CAS_COUNT_RD               | MBOX3C0 |    9901027 |          0 |          0 |          0 |          0 |          0 |          0 |          0 |          0 |          0 |          0 |          0 |          0 |          0 |    3200822 |          0 |          0 |          0 |          0 |          0 |          0 |          0 |          0 |
|               CAS_COUNT_WR               | MBOX3C1 |    2829299 |          0 |          0 |          0 |          0 |          0 |          0 |          0 |          0 |          0 |          0 |          0 |          0 |          0 |     934560 |          0 |          0 |          0 |          0 |          0 |          0 |          0 |          0 |
|               CAS_COUNT_RD               | MBOX4C0 |    9853870 |          0 |          0 |          0 |          0 |          0 |          0 |          0 |          0 |          0 |          0 |          0 |          0 |          0 |    3193026 |          0 |          0 |          0 |          0 |          0 |          0 |          0 |          0 |
|               CAS_COUNT_WR               | MBOX4C1 |    2789749 |          0 |          0 |          0 |          0 |          0 |          0 |          0 |          0 |          0 |          0 |          0 |          0 |          0 |     928689 |          0 |          0 |          0 |          0 |          0 |          0 |          0 |          0 |
|               CAS_COUNT_RD               | MBOX5C0 |    9886092 |          0 |          0 |          0 |          0 |          0 |          0 |          0 |          0 |          0 |          0 |          0 |          0 |          0 |    3219527 |          0 |          0 |          0 |          0 |          0 |          0 |          0 |          0 |
|               CAS_COUNT_WR               | MBOX5C1 |    2827289 |          0 |          0 |          0 |          0 |          0 |          0 |          0 |          0 |          0 |          0 |          0 |          0 |          0 |     946819 |          0 |          0 |          0 |          0 |          0 |          0 |          0 |          0 |
+------------------------------------------+---------+------------+------------+------------+------------+------------+------------+------------+------------+------------+------------+------------+------------+------------+------------+------------+------------+------------+------------+------------+------------+------------+------------+------------+
+-----------------------------------------------+---------+--------------+------------+------------+--------------+
|                     Event                     | Counter |      Sum     |     Min    |     Max    |      Avg     |
+-----------------------------------------------+---------+--------------+------------+------------+--------------+
|             INSTR_RETIRED_ANY STAT            |  FIXC0  |  65788033000 | 2733542000 | 4211281000 | 2.860349e+09 |
|           CPU_CLK_UNHALTED_CORE STAT          |  FIXC1  |  81756646000 | 1978018000 | 3633560000 | 3.554637e+09 |
|           CPU_CLK_UNHALTED_REF STAT           |  FIXC2  | 111878159000 | 2707354000 | 4972243000 | 4.864268e+09 |
|              PWR_PKG_ENERGY STAT              |   PWR0  |     187.8965 |          0 |   101.3965 |       8.1694 |
|              PWR_DRAM_ENERGY STAT             |   PWR3  |      17.1151 |          0 |     9.3893 |       0.7441 |
| FP_ARITH_INST_RETIRED_128B_PACKED_DOUBLE STAT |   PMC0  |        22816 |          0 |      22816 |          992 |
|    FP_ARITH_INST_RETIRED_SCALAR_DOUBLE STAT   |   PMC1  |  16693067400 |  699906600 |  775201600 | 7.257855e+08 |
| FP_ARITH_INST_RETIRED_256B_PACKED_DOUBLE STAT |   PMC2  |        26128 |          0 |      26128 |         1136 |
| FP_ARITH_INST_RETIRED_512B_PACKED_DOUBLE STAT |   PMC3  |        58742 |          0 |      58742 |         2554 |
|               CAS_COUNT_RD STAT               | MBOX0C0 |     13169003 |          0 |    9932416 |  572565.3478 |
|               CAS_COUNT_WR STAT               | MBOX0C1 |      3769222 |          0 |    2832827 |  163879.2174 |
|               CAS_COUNT_RD STAT               | MBOX1C0 |     13259538 |          0 |    9996958 |  576501.6522 |
|               CAS_COUNT_WR STAT               | MBOX1C1 |      3851243 |          0 |    2898834 |  167445.3478 |
|               CAS_COUNT_RD STAT               | MBOX2C0 |     13257475 |          0 |    9994355 |  576411.9565 |
|               CAS_COUNT_WR STAT               | MBOX2C1 |      3871324 |          0 |    2904111 |  168318.4348 |
|               CAS_COUNT_RD STAT               | MBOX3C0 |     13101849 |          0 |    9901027 |  569645.6087 |
|               CAS_COUNT_WR STAT               | MBOX3C1 |      3763859 |          0 |    2829299 |  163646.0435 |
|               CAS_COUNT_RD STAT               | MBOX4C0 |     13046896 |          0 |    9853870 |  567256.3478 |
|               CAS_COUNT_WR STAT               | MBOX4C1 |      3718438 |          0 |    2789749 |  161671.2174 |
|               CAS_COUNT_RD STAT               | MBOX5C0 |     13105619 |          0 |    9886092 |  569809.5217 |
|               CAS_COUNT_WR STAT               | MBOX5C1 |      3774108 |          0 |    2827289 |  164091.6522 |
+-----------------------------------------------+---------+--------------+------------+------------+--------------+
+-----------------------------------+-----------+-----------+-----------+-----------+-----------+-----------+-----------+-----------+-----------+-----------+-----------+-----------+-----------+-----------+-----------+-----------+-----------+-----------+-----------+-----------+-----------+-----------+-----------+
|               Metric              |   Core 0  |   Core 1  |   Core 2  |   Core 3  |   Core 4  |   Core 5  |   Core 6  |   Core 7  |   Core 8  |   Core 9  |  Core 10  |  Core 11  |  Core 12  |  Core 13  |  Core 14  |  Core 15  |  Core 16  |  Core 17  |  Core 18  |  Core 19  |  Core 20  |  Core 21  |  Core 22  |
+-----------------------------------+-----------+-----------+-----------+-----------+-----------+-----------+-----------+-----------+-----------+-----------+-----------+-----------+-----------+-----------+-----------+-----------+-----------+-----------+-----------+-----------+-----------+-----------+-----------+
|        Runtime (RDTSC) [s]        |    1.9278 |    1.9288 |    1.9288 |    1.9288 |    1.9288 |    1.9288 |    1.9289 |    1.9288 |    1.9288 |    1.9289 |    1.9288 |    1.9289 |    1.9288 |    1.9288 |    1.9278 |    1.9289 |    1.9288 |    1.9288 |    1.9289 |    1.9288 |    1.9289 |    1.9288 |    1.9288 |
|        Runtime unhalted [s]       |    0.7626 |    1.3997 |    1.4005 |    1.4005 |    1.4009 |    1.4005 |    1.4004 |    1.4007 |    1.4007 |    1.4006 |    1.4006 |    1.4004 |    1.4004 |    1.4001 |    1.3945 |    1.3962 |    1.3963 |    1.3964 |    1.3932 |    1.3965 |    1.3961 |    1.3969 |    1.3858 |
|            Clock [MHz]            | 1895.0309 | 1895.4457 | 1895.4444 | 1895.4459 | 1895.4445 | 1895.4445 | 1895.4455 | 1895.4450 | 1895.4480 | 1895.4441 | 1895.4448 | 1895.4435 | 1895.4439 | 1895.4457 | 1895.4438 | 1895.4449 | 1895.4447 | 1895.4448 | 1895.4454 | 1895.4441 | 1895.4442 | 1895.4461 | 1895.4420 |
|                CPI                |    0.4697 |    1.2251 |    1.2313 |    1.2495 |    1.2584 |    1.2794 |    1.3049 |    1.3029 |    1.2974 |    1.3018 |    1.3045 |    1.3090 |    1.3205 |    1.3228 |    1.3149 |    1.3220 |    1.3249 |    1.3137 |    1.3100 |    1.3047 |    1.3028 |    1.3100 |    1.3071 |
|             Energy [J]            |  101.3965 |         0 |         0 |         0 |         0 |         0 |         0 |         0 |         0 |         0 |         0 |         0 |         0 |         0 |   86.5000 |         0 |         0 |         0 |         0 |         0 |         0 |         0 |         0 |
|             Power [W]             |   52.5976 |         0 |         0 |         0 |         0 |         0 |         0 |         0 |         0 |         0 |         0 |         0 |         0 |         0 |   44.8707 |         0 |         0 |         0 |         0 |         0 |         0 |         0 |         0 |
|          Energy DRAM [J]          |    9.3893 |         0 |         0 |         0 |         0 |         0 |         0 |         0 |         0 |         0 |         0 |         0 |         0 |         0 |    7.7258 |         0 |         0 |         0 |         0 |         0 |         0 |         0 |         0 |
|           Power DRAM [W]          |    4.8705 |         0 |         0 |         0 |         0 |         0 |         0 |         0 |         0 |         0 |         0 |         0 |         0 |         0 |    4.0076 |         0 |         0 |         0 |         0 |         0 |         0 |         0 |         0 |
|            DP [MFLOP/s]           |  389.2728 |  399.3361 |  401.9027 |  395.4931 |  389.2254 |  381.0889 |  374.2859 |  374.9183 |  375.5584 |  370.3525 |  368.4068 |  367.3603 |  362.8657 |  364.4139 |  368.9842 |  367.5083 |  366.7587 |  369.9928 |  371.0579 |  377.0427 |  378.5881 |  372.4823 |  368.2628 |
|          AVX DP [MFLOP/s]         |    0.2980 |         0 |         0 |         0 |         0 |         0 |         0 |         0 |         0 |         0 |         0 |         0 |         0 |         0 |         0 |         0 |         0 |         0 |         0 |         0 |         0 |         0 |         0 |
|          Packed [MUOPS/s]         |    0.0559 |         0 |         0 |         0 |         0 |         0 |         0 |         0 |         0 |         0 |         0 |         0 |         0 |         0 |         0 |         0 |         0 |         0 |         0 |         0 |         0 |         0 |         0 |
|          Scalar [MUOPS/s]         |  388.9512 |  399.3361 |  401.9027 |  395.4931 |  389.2254 |  381.0889 |  374.2859 |  374.9183 |  375.5584 |  370.3525 |  368.4068 |  367.3603 |  362.8657 |  364.4139 |  368.9842 |  367.5083 |  366.7587 |  369.9928 |  371.0579 |  377.0427 |  378.5881 |  372.4823 |  368.2628 |
|  Memory read bandwidth [MBytes/s] | 1977.4787 |         0 |         0 |         0 |         0 |         0 |         0 |         0 |         0 |         0 |         0 |         0 |         0 |         0 |  643.2546 |         0 |         0 |         0 |         0 |         0 |         0 |         0 |         0 |
|  Memory read data volume [GBytes] |    3.8121 |         0 |         0 |         0 |         0 |         0 |         0 |         0 |         0 |         0 |         0 |         0 |         0 |         0 |    1.2400 |         0 |         0 |         0 |         0 |         0 |         0 |         0 |         0 |
| Memory write bandwidth [MBytes/s] |  567.1060 |         0 |         0 |         0 |         0 |         0 |         0 |         0 |         0 |         0 |         0 |         0 |         0 |         0 |  188.1089 |         0 |         0 |         0 |         0 |         0 |         0 |         0 |         0 |
| Memory write data volume [GBytes] |    1.0933 |         0 |         0 |         0 |         0 |         0 |         0 |         0 |         0 |         0 |         0 |         0 |         0 |         0 |    0.3626 |         0 |         0 |         0 |         0 |         0 |         0 |         0 |         0 |
|    Memory bandwidth [MBytes/s]    | 2544.5847 |         0 |         0 |         0 |         0 |         0 |         0 |         0 |         0 |         0 |         0 |         0 |         0 |         0 |  831.3635 |         0 |         0 |         0 |         0 |         0 |         0 |         0 |         0 |
|    Memory data volume [GBytes]    |    4.9054 |         0 |         0 |         0 |         0 |         0 |         0 |         0 |         0 |         0 |         0 |         0 |         0 |         0 |    1.6027 |         0 |         0 |         0 |         0 |         0 |         0 |         0 |         0 |
|       Operational intensity       |    0.1530 |    0.1570 |    0.1580 |    0.1555 |    0.1530 |    0.1498 |    0.1472 |    0.1474 |    0.1477 |    0.1456 |    0.1449 |    0.1445 |    0.1427 |    0.1433 |    0.4438 |    0.4423 |    0.4414 |    0.4453 |    0.4466 |    0.4538 |    0.4557 |    0.4483 |    0.4432 |
+-----------------------------------+-----------+-----------+-----------+-----------+-----------+-----------+-----------+-----------+-----------+-----------+-----------+-----------+-----------+-----------+-----------+-----------+-----------+-----------+-----------+-----------+-----------+-----------+-----------+
+----------------------------------------+------------+-----------+-----------+-----------+
|                 Metric                 |     Sum    |    Min    |    Max    |    Avg    |
+----------------------------------------+------------+-----------+-----------+-----------+
|        Runtime (RDTSC) [s] STAT        |    44.3610 |    1.9278 |    1.9289 |    1.9287 |
|        Runtime unhalted [s] STAT       |    31.5205 |    0.7626 |    1.4009 |    1.3705 |
|            Clock [MHz] STAT            | 43594.8164 | 1895.0309 | 1895.4480 | 1895.4268 |
|                CPI STAT                |    28.9873 |    0.4697 |    1.3249 |    1.2603 |
|             Energy [J] STAT            |   187.8965 |         0 |  101.3965 |    8.1694 |
|             Power [W] STAT             |    97.4683 |         0 |   52.5976 |    4.2378 |
|          Energy DRAM [J] STAT          |    17.1151 |         0 |    9.3893 |    0.7441 |
|           Power DRAM [W] STAT          |     8.8781 |         0 |    4.8705 |    0.3860 |
|            DP [MFLOP/s] STAT           |  8655.1586 |  362.8657 |  401.9027 |  376.3112 |
|          AVX DP [MFLOP/s] STAT         |     0.2980 |         0 |    0.2980 |    0.0130 |
|          Packed [MUOPS/s] STAT         |     0.0559 |         0 |    0.0559 |    0.0024 |
|          Scalar [MUOPS/s] STAT         |  8654.8370 |  362.8657 |  401.9027 |  376.2973 |
|  Memory read bandwidth [MBytes/s] STAT |  2620.7333 |         0 | 1977.4787 |  113.9449 |
|  Memory read data volume [GBytes] STAT |     5.0521 |         0 |    3.8121 |    0.2197 |
| Memory write bandwidth [MBytes/s] STAT |   755.2149 |         0 |  567.1060 |   32.8354 |
| Memory write data volume [GBytes] STAT |     1.4559 |         0 |    1.0933 |    0.0633 |
|    Memory bandwidth [MBytes/s] STAT    |  3375.9482 |         0 | 2544.5847 |  146.7804 |
|    Memory data volume [GBytes] STAT    |     6.5081 |         0 |    4.9054 |    0.2830 |
|       Operational intensity STAT       |     6.1100 |    0.1427 |    0.4557 |    0.2657 |
+----------------------------------------+------------+-----------+-----------+-----------+
