--------------------------------------------------------------------------------
CPU name:	Intel(R) Xeon(R) Gold 6132 CPU @ 2.60GHz
CPU type:	Intel Skylake SP processor
CPU clock:	2.59 GHz
--------------------------------------------------------------------------------
Region Setup, Group 1: MEM_DP
+-------------------+----------+----------+----------+----------+----------+----------+----------+----------+----------+----------+----------+----------+----------+----------+----------+
|    Region Info    |  Core 0  |  Core 1  |  Core 2  |  Core 3  |  Core 4  |  Core 5  |  Core 6  |  Core 7  |  Core 8  |  Core 9  |  Core 10 |  Core 11 |  Core 12 |  Core 13 |  Core 14 |
+-------------------+----------+----------+----------+----------+----------+----------+----------+----------+----------+----------+----------+----------+----------+----------+----------+
| RDTSC Runtime [s] | 0.106222 | 0.108107 | 0.108116 | 0.108097 | 0.108105 | 0.108095 | 0.108088 | 0.108098 | 0.108080 | 0.108097 | 0.108081 | 0.108104 | 0.108091 | 0.108101 | 0.106123 |
|     call count    |        2 |        2 |        2 |        2 |        2 |        2 |        2 |        2 |        2 |        2 |        2 |        2 |        2 |        2 |        2 |
+-------------------+----------+----------+----------+----------+----------+----------+----------+----------+----------+----------+----------+----------+----------+----------+----------+
+------------------------------------------+---------+----------+-----------+-----------+-----------+-----------+-----------+-----------+-----------+-----------+-----------+-----------+-----------+-----------+-----------+-----------+
|                   Event                  | Counter |  Core 0  |   Core 1  |   Core 2  |   Core 3  |   Core 4  |   Core 5  |   Core 6  |   Core 7  |   Core 8  |   Core 9  |  Core 10  |  Core 11  |  Core 12  |  Core 13  |  Core 14  |
+------------------------------------------+---------+----------+-----------+-----------+-----------+-----------+-----------+-----------+-----------+-----------+-----------+-----------+-----------+-----------+-----------+-----------+
|             INSTR_RETIRED_ANY            |  FIXC0  | 96701270 |  42333530 |  42143410 |  42224350 |  41630550 |  41704240 |  41680210 |  41264640 |  41086150 |  41068360 |  41038610 |  41054350 |  41003770 |  41059160 |  40832880 |
|           CPU_CLK_UNHALTED_CORE          |  FIXC1  | 65754640 | 153206200 | 152557300 | 152933800 | 153295900 | 153683300 | 154301700 | 153667100 | 153052300 | 152625000 | 153062600 | 153375800 | 152289400 | 154010100 | 149392600 |
|           CPU_CLK_UNHALTED_REF           |  FIXC2  | 89944190 | 209649100 | 208763900 | 209275900 | 209774700 | 210303400 | 211152200 | 210283200 | 209440900 | 208855100 | 209452800 | 209884200 | 208397800 | 210749200 | 205778400 |
|              PWR_PKG_ENERGY              |   PWR0  |   5.1931 |         0 |         0 |         0 |         0 |         0 |         0 |         0 |         0 |         0 |         0 |         0 |         0 |         0 |    3.3232 |
|              PWR_DRAM_ENERGY             |   PWR3  |   0.5089 |         0 |         0 |         0 |         0 |         0 |         0 |         0 |         0 |         0 |         0 |         0 |         0 |         0 |    0.3863 |
| FP_ARITH_INST_RETIRED_128B_PACKED_DOUBLE |   PMC0  |     4800 |         0 |         0 |         0 |         0 |         0 |         0 |         0 |         0 |         0 |         0 |         0 |         0 |         0 |         0 |
|    FP_ARITH_INST_RETIRED_SCALAR_DOUBLE   |   PMC1  | 11333990 |   9143217 |   9113315 |   9131569 |   8983919 |   8996410 |   8984606 |   8876946 |   8874164 |   8874372 |   8867480 |   8867386 |   8867608 |   8864024 |   8863904 |
| FP_ARITH_INST_RETIRED_256B_PACKED_DOUBLE |   PMC2  |     2800 |         0 |         0 |         0 |         0 |         0 |         0 |         0 |         0 |         0 |         0 |         0 |         0 |         0 |         0 |
| FP_ARITH_INST_RETIRED_512B_PACKED_DOUBLE |   PMC3  |    11152 |         0 |         0 |         0 |         0 |         0 |         0 |         0 |         0 |         0 |         0 |         0 |         0 |         0 |         0 |
|               CAS_COUNT_RD               | MBOX0C0 |   187513 |         0 |         0 |         0 |         0 |         0 |         0 |         0 |         0 |         0 |         0 |         0 |         0 |         0 |      3552 |
|               CAS_COUNT_WR               | MBOX0C1 |   242669 |         0 |         0 |         0 |         0 |         0 |         0 |         0 |         0 |         0 |         0 |         0 |         0 |         0 |      7578 |
|               CAS_COUNT_RD               | MBOX1C0 |   180938 |         0 |         0 |         0 |         0 |         0 |         0 |         0 |         0 |         0 |         0 |         0 |         0 |         0 |      4149 |
|               CAS_COUNT_WR               | MBOX1C1 |   233217 |         0 |         0 |         0 |         0 |         0 |         0 |         0 |         0 |         0 |         0 |         0 |         0 |         0 |      8303 |
|               CAS_COUNT_RD               | MBOX2C0 |   182142 |         0 |         0 |         0 |         0 |         0 |         0 |         0 |         0 |         0 |         0 |         0 |         0 |         0 |      4098 |
|               CAS_COUNT_WR               | MBOX2C1 |   235509 |         0 |         0 |         0 |         0 |         0 |         0 |         0 |         0 |         0 |         0 |         0 |         0 |         0 |      8247 |
|               CAS_COUNT_RD               | MBOX3C0 |   155278 |         0 |         0 |         0 |         0 |         0 |         0 |         0 |         0 |         0 |         0 |         0 |         0 |         0 |      3181 |
|               CAS_COUNT_WR               | MBOX3C1 |   226173 |         0 |         0 |         0 |         0 |         0 |         0 |         0 |         0 |         0 |         0 |         0 |         0 |         0 |      7624 |
|               CAS_COUNT_RD               | MBOX4C0 |   154707 |         0 |         0 |         0 |         0 |         0 |         0 |         0 |         0 |         0 |         0 |         0 |         0 |         0 |      3436 |
|               CAS_COUNT_WR               | MBOX4C1 |   225794 |         0 |         0 |         0 |         0 |         0 |         0 |         0 |         0 |         0 |         0 |         0 |         0 |         0 |      7929 |
|               CAS_COUNT_RD               | MBOX5C0 |   153846 |         0 |         0 |         0 |         0 |         0 |         0 |         0 |         0 |         0 |         0 |         0 |         0 |         0 |      3060 |
|               CAS_COUNT_WR               | MBOX5C1 |   224909 |         0 |         0 |         0 |         0 |         0 |         0 |         0 |         0 |         0 |         0 |         0 |         0 |         0 |      7464 |
+------------------------------------------+---------+----------+-----------+-----------+-----------+-----------+-----------+-----------+-----------+-----------+-----------+-----------+-----------+-----------+-----------+-----------+
+-----------------------------------------------+---------+------------+----------+-----------+--------------+
|                     Event                     | Counter |     Sum    |    Min   |    Max    |      Avg     |
+-----------------------------------------------+---------+------------+----------+-----------+--------------+
|             INSTR_RETIRED_ANY STAT            |  FIXC0  |  676825480 | 40832880 |  96701270 | 4.512170e+07 |
|           CPU_CLK_UNHALTED_CORE STAT          |  FIXC1  | 2207207740 | 65754640 | 154301700 | 1.471472e+08 |
|           CPU_CLK_UNHALTED_REF STAT           |  FIXC2  | 3021704990 | 89944190 | 211152200 | 2.014470e+08 |
|              PWR_PKG_ENERGY STAT              |   PWR0  |     8.5163 |        0 |    5.1931 |       0.5678 |
|              PWR_DRAM_ENERGY STAT             |   PWR3  |     0.8952 |        0 |    0.5089 |       0.0597 |
| FP_ARITH_INST_RETIRED_128B_PACKED_DOUBLE STAT |   PMC0  |       4800 |        0 |      4800 |          320 |
|    FP_ARITH_INST_RETIRED_SCALAR_DOUBLE STAT   |   PMC1  |  136642910 |  8863904 |  11333990 | 9.109527e+06 |
| FP_ARITH_INST_RETIRED_256B_PACKED_DOUBLE STAT |   PMC2  |       2800 |        0 |      2800 |     186.6667 |
| FP_ARITH_INST_RETIRED_512B_PACKED_DOUBLE STAT |   PMC3  |      11152 |        0 |     11152 |     743.4667 |
|               CAS_COUNT_RD STAT               | MBOX0C0 |     191065 |        0 |    187513 |   12737.6667 |
|               CAS_COUNT_WR STAT               | MBOX0C1 |     250247 |        0 |    242669 |   16683.1333 |
|               CAS_COUNT_RD STAT               | MBOX1C0 |     185087 |        0 |    180938 |   12339.1333 |
|               CAS_COUNT_WR STAT               | MBOX1C1 |     241520 |        0 |    233217 |   16101.3333 |
|               CAS_COUNT_RD STAT               | MBOX2C0 |     186240 |        0 |    182142 |        12416 |
|               CAS_COUNT_WR STAT               | MBOX2C1 |     243756 |        0 |    235509 |   16250.4000 |
|               CAS_COUNT_RD STAT               | MBOX3C0 |     158459 |        0 |    155278 |   10563.9333 |
|               CAS_COUNT_WR STAT               | MBOX3C1 |     233797 |        0 |    226173 |   15586.4667 |
|               CAS_COUNT_RD STAT               | MBOX4C0 |     158143 |        0 |    154707 |   10542.8667 |
|               CAS_COUNT_WR STAT               | MBOX4C1 |     233723 |        0 |    225794 |   15581.5333 |
|               CAS_COUNT_RD STAT               | MBOX5C0 |     156906 |        0 |    153846 |   10460.4000 |
|               CAS_COUNT_WR STAT               | MBOX5C1 |     232373 |        0 |    224909 |   15491.5333 |
+-----------------------------------------------+---------+------------+----------+-----------+--------------+
+-----------------------------------+-----------+-----------+-----------+-----------+-----------+-----------+-----------+-----------+-----------+-----------+-----------+-----------+-----------+-----------+-----------+
|               Metric              |   Core 0  |   Core 1  |   Core 2  |   Core 3  |   Core 4  |   Core 5  |   Core 6  |   Core 7  |   Core 8  |   Core 9  |  Core 10  |  Core 11  |  Core 12  |  Core 13  |  Core 14  |
+-----------------------------------+-----------+-----------+-----------+-----------+-----------+-----------+-----------+-----------+-----------+-----------+-----------+-----------+-----------+-----------+-----------+
|        Runtime (RDTSC) [s]        |    0.1062 |    0.1081 |    0.1081 |    0.1081 |    0.1081 |    0.1081 |    0.1081 |    0.1081 |    0.1081 |    0.1081 |    0.1081 |    0.1081 |    0.1081 |    0.1081 |    0.1061 |
|        Runtime unhalted [s]       |    0.0254 |    0.0591 |    0.0588 |    0.0590 |    0.0591 |    0.0593 |    0.0595 |    0.0592 |    0.0590 |    0.0588 |    0.0590 |    0.0591 |    0.0587 |    0.0594 |    0.0576 |
|            Clock [MHz]            | 1896.1602 | 1895.4183 | 1895.3932 | 1895.4223 | 1895.3925 | 1895.4054 | 1895.3824 | 1895.3877 | 1895.3966 | 1895.4063 | 1895.4165 | 1895.3911 | 1895.3887 | 1895.4180 | 1883.0031 |
|                CPI                |    0.6800 |    3.6190 |    3.6200 |    3.6219 |    3.6823 |    3.6851 |    3.7020 |    3.7239 |    3.7252 |    3.7164 |    3.7297 |    3.7359 |    3.7140 |    3.7509 |    3.6586 |
|             Energy [J]            |    5.1931 |         0 |         0 |         0 |         0 |         0 |         0 |         0 |         0 |         0 |         0 |         0 |         0 |         0 |    3.3232 |
|             Power [W]             |   48.8886 |         0 |         0 |         0 |         0 |         0 |         0 |         0 |         0 |         0 |         0 |         0 |         0 |         0 |   31.3151 |
|          Energy DRAM [J]          |    0.5089 |         0 |         0 |         0 |         0 |         0 |         0 |         0 |         0 |         0 |         0 |         0 |         0 |         0 |    0.3863 |
|           Power DRAM [W]          |    4.7909 |         0 |         0 |         0 |         0 |         0 |         0 |         0 |         0 |         0 |         0 |         0 |         0 |         0 |    3.6400 |
|            DP [MFLOP/s]           |  107.7365 |   84.5755 |   84.2922 |   84.4754 |   83.1036 |   83.2272 |   83.1231 |   82.1193 |   82.1073 |   82.0961 |   82.0446 |   82.0268 |   82.0386 |   81.9975 |   83.5251 |
|          AVX DP [MFLOP/s]         |    0.9453 |         0 |         0 |         0 |         0 |         0 |         0 |         0 |         0 |         0 |         0 |         0 |         0 |         0 |         0 |
|          Packed [MUOPS/s]         |    0.1765 |         0 |         0 |         0 |         0 |         0 |         0 |         0 |         0 |         0 |         0 |         0 |         0 |         0 |         0 |
|          Scalar [MUOPS/s]         |  106.7008 |   84.5755 |   84.2922 |   84.4754 |   83.1036 |   83.2272 |   83.1231 |   82.1193 |   82.1073 |   82.0961 |   82.0446 |   82.0268 |   82.0386 |   81.9975 |   83.5251 |
|  Memory read bandwidth [MBytes/s] |  611.2012 |         0 |         0 |         0 |         0 |         0 |         0 |         0 |         0 |         0 |         0 |         0 |         0 |         0 |   12.9516 |
|  Memory read data volume [GBytes] |    0.0649 |         0 |         0 |         0 |         0 |         0 |         0 |         0 |         0 |         0 |         0 |         0 |         0 |         0 |    0.0014 |
| Memory write bandwidth [MBytes/s] |  836.4480 |         0 |         0 |         0 |         0 |         0 |         0 |         0 |         0 |         0 |         0 |         0 |         0 |         0 |   28.4320 |
| Memory write data volume [GBytes] |    0.0888 |         0 |         0 |         0 |         0 |         0 |         0 |         0 |         0 |         0 |         0 |         0 |         0 |         0 |    0.0030 |
|    Memory bandwidth [MBytes/s]    | 1447.6492 |         0 |         0 |         0 |         0 |         0 |         0 |         0 |         0 |         0 |         0 |         0 |         0 |         0 |   41.3836 |
|    Memory data volume [GBytes]    |    0.1538 |         0 |         0 |         0 |         0 |         0 |         0 |         0 |         0 |         0 |         0 |         0 |         0 |         0 |    0.0044 |
|       Operational intensity       |    0.0744 |    0.0595 |    0.0593 |    0.0594 |    0.0584 |    0.0585 |    0.0584 |    0.0577 |    0.0577 |    0.0577 |    0.0577 |    0.0577 |    0.0577 |    0.0576 |    2.0183 |
+-----------------------------------+-----------+-----------+-----------+-----------+-----------+-----------+-----------+-----------+-----------+-----------+-----------+-----------+-----------+-----------+-----------+
+----------------------------------------+------------+-----------+-----------+-----------+
|                 Metric                 |     Sum    |    Min    |    Max    |    Avg    |
+----------------------------------------+------------+-----------+-----------+-----------+
|        Runtime (RDTSC) [s] STAT        |     1.6176 |    0.1061 |    0.1081 |    0.1078 |
|        Runtime unhalted [s] STAT       |     0.8510 |    0.0254 |    0.0595 |    0.0567 |
|            Clock [MHz] STAT            | 28419.3823 | 1883.0031 | 1896.1602 | 1894.6255 |
|                CPI STAT                |    52.3649 |    0.6800 |    3.7509 |    3.4910 |
|             Energy [J] STAT            |     8.5163 |         0 |    5.1931 |    0.5678 |
|             Power [W] STAT             |    80.2037 |         0 |   48.8886 |    5.3469 |
|          Energy DRAM [J] STAT          |     0.8952 |         0 |    0.5089 |    0.0597 |
|           Power DRAM [W] STAT          |     8.4309 |         0 |    4.7909 |    0.5621 |
|            DP [MFLOP/s] STAT           |  1268.4888 |   81.9975 |  107.7365 |   84.5659 |
|          AVX DP [MFLOP/s] STAT         |     0.9453 |         0 |    0.9453 |    0.0630 |
|          Packed [MUOPS/s] STAT         |     0.1765 |         0 |    0.1765 |    0.0118 |
|          Scalar [MUOPS/s] STAT         |  1267.4531 |   81.9975 |  106.7008 |   84.4969 |
|  Memory read bandwidth [MBytes/s] STAT |   624.1528 |         0 |  611.2012 |   41.6102 |
|  Memory read data volume [GBytes] STAT |     0.0663 |         0 |    0.0649 |    0.0044 |
| Memory write bandwidth [MBytes/s] STAT |   864.8800 |         0 |  836.4480 |   57.6587 |
| Memory write data volume [GBytes] STAT |     0.0918 |         0 |    0.0888 |    0.0061 |
|    Memory bandwidth [MBytes/s] STAT    |  1489.0328 |         0 | 1447.6492 |   99.2689 |
|    Memory data volume [GBytes] STAT    |     0.1582 |         0 |    0.1538 |    0.0105 |
|       Operational intensity STAT       |     2.8500 |    0.0576 |    2.0183 |    0.1900 |
+----------------------------------------+------------+-----------+-----------+-----------+
--------------------------------------------------------------------------------
CPU name:	Intel(R) Xeon(R) Gold 6132 CPU @ 2.60GHz
CPU type:	Intel Skylake SP processor
CPU clock:	2.59 GHz
--------------------------------------------------------------------------------
Region Solve, Group 1: MEM_DP
+-------------------+----------+----------+----------+----------+----------+----------+----------+----------+----------+----------+----------+----------+----------+----------+----------+
|    Region Info    |  Core 0  |  Core 1  |  Core 2  |  Core 3  |  Core 4  |  Core 5  |  Core 6  |  Core 7  |  Core 8  |  Core 9  |  Core 10 |  Core 11 |  Core 12 |  Core 13 |  Core 14 |
+-------------------+----------+----------+----------+----------+----------+----------+----------+----------+----------+----------+----------+----------+----------+----------+----------+
| RDTSC Runtime [s] | 2.193277 | 2.194323 | 2.194327 | 2.194328 | 2.194325 | 2.194324 | 2.194320 | 2.194321 | 2.194320 | 2.194326 | 2.194321 | 2.194321 | 2.194329 | 2.194324 | 2.193290 |
|     call count    |        1 |        1 |        1 |        1 |        1 |        1 |        1 |        1 |        1 |        1 |        1 |        1 |        1 |        1 |        1 |
+-------------------+----------+----------+----------+----------+----------+----------+----------+----------+----------+----------+----------+----------+----------+----------+----------+
+------------------------------------------+---------+------------+------------+------------+------------+------------+------------+------------+------------+------------+------------+------------+------------+------------+------------+------------+
|                   Event                  | Counter |   Core 0   |   Core 1   |   Core 2   |   Core 3   |   Core 4   |   Core 5   |   Core 6   |   Core 7   |   Core 8   |   Core 9   |   Core 10  |   Core 11  |   Core 12  |   Core 13  |   Core 14  |
+------------------------------------------+---------+------------+------------+------------+------------+------------+------------+------------+------------+------------+------------+------------+------------+------------+------------+------------+
|             INSTR_RETIRED_ANY            |  FIXC0  | 5672583000 | 4394940000 | 4355840000 | 4305073000 | 4217128000 | 4240674000 | 4224396000 | 4163614000 | 4171835000 | 4178316000 | 4143376000 | 4170401000 | 4201396000 | 4203374000 | 4170424000 |
|           CPU_CLK_UNHALTED_CORE          |  FIXC1  | 2476383000 | 4132431000 | 4139060000 | 4139131000 | 4138926000 | 4139741000 | 4139476000 | 4140031000 | 4139634000 | 4139706000 | 4139307000 | 4139427000 | 4138891000 | 4139742000 | 4113217000 |
|           CPU_CLK_UNHALTED_REF           |  FIXC2  | 3390041000 | 5654904000 | 5663978000 | 5664070000 | 5663793000 | 5664909000 | 5664546000 | 5665309000 | 5664757000 | 5664865000 | 5664315000 | 5664484000 | 5663752000 | 5664916000 | 5628607000 |
|              PWR_PKG_ENERGY              |   PWR0  |   119.7638 |          0 |          0 |          0 |          0 |          0 |          0 |          0 |          0 |          0 |          0 |          0 |          0 |          0 |    68.8384 |
|              PWR_DRAM_ENERGY             |   PWR3  |    12.4770 |          0 |          0 |          0 |          0 |          0 |          0 |          0 |          0 |          0 |          0 |          0 |          0 |          0 |     8.1120 |
| FP_ARITH_INST_RETIRED_128B_PACKED_DOUBLE |   PMC0  |      22816 |          0 |          0 |          0 |          0 |          0 |          0 |          0 |          0 |          0 |          0 |          0 |          0 |          0 |          0 |
|    FP_ARITH_INST_RETIRED_SCALAR_DOUBLE   |   PMC1  | 1133658000 | 1170178000 | 1156653000 | 1135477000 | 1111565000 | 1115031000 | 1096772000 | 1078445000 | 1081061000 | 1097053000 | 1090084000 | 1097462000 | 1114408000 | 1119963000 | 1095255000 |
| FP_ARITH_INST_RETIRED_256B_PACKED_DOUBLE |   PMC2  |      26128 |          0 |          0 |          0 |          0 |          0 |          0 |          0 |          0 |          0 |          0 |          0 |          0 |          0 |          0 |
| FP_ARITH_INST_RETIRED_512B_PACKED_DOUBLE |   PMC3  |      58742 |          0 |          0 |          0 |          0 |          0 |          0 |          0 |          0 |          0 |          0 |          0 |          0 |          0 |          0 |
|               CAS_COUNT_RD               | MBOX0C0 |   20559150 |          0 |          0 |          0 |          0 |          0 |          0 |          0 |          0 |          0 |          0 |          0 |          0 |          0 |    1291452 |
|               CAS_COUNT_WR               | MBOX0C1 |    4727610 |          0 |          0 |          0 |          0 |          0 |          0 |          0 |          0 |          0 |          0 |          0 |          0 |          0 |     916011 |
|               CAS_COUNT_RD               | MBOX1C0 |   20464500 |          0 |          0 |          0 |          0 |          0 |          0 |          0 |          0 |          0 |          0 |          0 |          0 |          0 |    1290278 |
|               CAS_COUNT_WR               | MBOX1C1 |    4660596 |          0 |          0 |          0 |          0 |          0 |          0 |          0 |          0 |          0 |          0 |          0 |          0 |          0 |     903647 |
|               CAS_COUNT_RD               | MBOX2C0 |   20430310 |          0 |          0 |          0 |          0 |          0 |          0 |          0 |          0 |          0 |          0 |          0 |          0 |          0 |    1292214 |
|               CAS_COUNT_WR               | MBOX2C1 |    4628813 |          0 |          0 |          0 |          0 |          0 |          0 |          0 |          0 |          0 |          0 |          0 |          0 |          0 |     909202 |
|               CAS_COUNT_RD               | MBOX3C0 |   20368160 |          0 |          0 |          0 |          0 |          0 |          0 |          0 |          0 |          0 |          0 |          0 |          0 |          0 |    1218415 |
|               CAS_COUNT_WR               | MBOX3C1 |    4647583 |          0 |          0 |          0 |          0 |          0 |          0 |          0 |          0 |          0 |          0 |          0 |          0 |          0 |     941299 |
|               CAS_COUNT_RD               | MBOX4C0 |   20433200 |          0 |          0 |          0 |          0 |          0 |          0 |          0 |          0 |          0 |          0 |          0 |          0 |          0 |    1231396 |
|               CAS_COUNT_WR               | MBOX4C1 |    4648659 |          0 |          0 |          0 |          0 |          0 |          0 |          0 |          0 |          0 |          0 |          0 |          0 |          0 |     963294 |
|               CAS_COUNT_RD               | MBOX5C0 |   20375040 |          0 |          0 |          0 |          0 |          0 |          0 |          0 |          0 |          0 |          0 |          0 |          0 |          0 |    1226801 |
|               CAS_COUNT_WR               | MBOX5C1 |    4651852 |          0 |          0 |          0 |          0 |          0 |          0 |          0 |          0 |          0 |          0 |          0 |          0 |          0 |     950508 |
+------------------------------------------+---------+------------+------------+------------+------------+------------+------------+------------+------------+------------+------------+------------+------------+------------+------------+------------+
+-----------------------------------------------+---------+-------------+------------+------------+--------------+
|                     Event                     | Counter |     Sum     |     Min    |     Max    |      Avg     |
+-----------------------------------------------+---------+-------------+------------+------------+--------------+
|             INSTR_RETIRED_ANY STAT            |  FIXC0  | 64813370000 | 4143376000 | 5672583000 | 4.320891e+09 |
|           CPU_CLK_UNHALTED_CORE STAT          |  FIXC1  | 60395103000 | 2476383000 | 4140031000 |   4026340200 |
|           CPU_CLK_UNHALTED_REF STAT           |  FIXC2  | 82647246000 | 3390041000 | 5665309000 |   5509816400 |
|              PWR_PKG_ENERGY STAT              |   PWR0  |    188.6022 |          0 |   119.7638 |      12.5735 |
|              PWR_DRAM_ENERGY STAT             |   PWR3  |     20.5890 |          0 |    12.4770 |       1.3726 |
| FP_ARITH_INST_RETIRED_128B_PACKED_DOUBLE STAT |   PMC0  |       22816 |          0 |      22816 |    1521.0667 |
|    FP_ARITH_INST_RETIRED_SCALAR_DOUBLE STAT   |   PMC1  | 16693065000 | 1078445000 | 1170178000 |   1112871000 |
| FP_ARITH_INST_RETIRED_256B_PACKED_DOUBLE STAT |   PMC2  |       26128 |          0 |      26128 |    1741.8667 |
| FP_ARITH_INST_RETIRED_512B_PACKED_DOUBLE STAT |   PMC3  |       58742 |          0 |      58742 |    3916.1333 |
|               CAS_COUNT_RD STAT               | MBOX0C0 |    21850602 |          0 |   20559150 | 1.456707e+06 |
|               CAS_COUNT_WR STAT               | MBOX0C1 |     5643621 |          0 |    4727610 |  376241.4000 |
|               CAS_COUNT_RD STAT               | MBOX1C0 |    21754778 |          0 |   20464500 | 1.450319e+06 |
|               CAS_COUNT_WR STAT               | MBOX1C1 |     5564243 |          0 |    4660596 |  370949.5333 |
|               CAS_COUNT_RD STAT               | MBOX2C0 |    21722524 |          0 |   20430310 | 1.448168e+06 |
|               CAS_COUNT_WR STAT               | MBOX2C1 |     5538015 |          0 |    4628813 |       369201 |
|               CAS_COUNT_RD STAT               | MBOX3C0 |    21586575 |          0 |   20368160 |      1439105 |
|               CAS_COUNT_WR STAT               | MBOX3C1 |     5588882 |          0 |    4647583 |  372592.1333 |
|               CAS_COUNT_RD STAT               | MBOX4C0 |    21664596 |          0 |   20433200 | 1.444306e+06 |
|               CAS_COUNT_WR STAT               | MBOX4C1 |     5611953 |          0 |    4648659 |  374130.2000 |
|               CAS_COUNT_RD STAT               | MBOX5C0 |    21601841 |          0 |   20375040 | 1.440123e+06 |
|               CAS_COUNT_WR STAT               | MBOX5C1 |     5602360 |          0 |    4651852 |  373490.6667 |
+-----------------------------------------------+---------+-------------+------------+------------+--------------+
+-----------------------------------+-----------+-----------+-----------+-----------+-----------+-----------+-----------+-----------+-----------+-----------+-----------+-----------+-----------+-----------+-----------+
|               Metric              |   Core 0  |   Core 1  |   Core 2  |   Core 3  |   Core 4  |   Core 5  |   Core 6  |   Core 7  |   Core 8  |   Core 9  |  Core 10  |  Core 11  |  Core 12  |  Core 13  |  Core 14  |
+-----------------------------------+-----------+-----------+-----------+-----------+-----------+-----------+-----------+-----------+-----------+-----------+-----------+-----------+-----------+-----------+-----------+
|        Runtime (RDTSC) [s]        |    2.1933 |    2.1943 |    2.1943 |    2.1943 |    2.1943 |    2.1943 |    2.1943 |    2.1943 |    2.1943 |    2.1943 |    2.1943 |    2.1943 |    2.1943 |    2.1943 |    2.1933 |
|        Runtime unhalted [s]       |    0.9548 |    1.5932 |    1.5958 |    1.5958 |    1.5958 |    1.5961 |    1.5960 |    1.5962 |    1.5960 |    1.5961 |    1.5959 |    1.5959 |    1.5957 |    1.5961 |    1.5858 |
|            Clock [MHz]            | 1894.6744 | 1895.4054 | 1895.4045 | 1895.4062 | 1895.4050 | 1895.4048 | 1895.4049 | 1895.4037 | 1895.4066 | 1895.4035 | 1895.4048 | 1895.4032 | 1895.4027 | 1895.4029 | 1895.4068 |
|                CPI                |    0.4366 |    0.9403 |    0.9502 |    0.9615 |    0.9815 |    0.9762 |    0.9799 |    0.9943 |    0.9923 |    0.9908 |    0.9990 |    0.9926 |    0.9851 |    0.9849 |    0.9863 |
|             Energy [J]            |  119.7638 |         0 |         0 |         0 |         0 |         0 |         0 |         0 |         0 |         0 |         0 |         0 |         0 |         0 |   68.8384 |
|             Power [W]             |   54.6050 |         0 |         0 |         0 |         0 |         0 |         0 |         0 |         0 |         0 |         0 |         0 |         0 |         0 |   31.3859 |
|          Energy DRAM [J]          |   12.4770 |         0 |         0 |         0 |         0 |         0 |         0 |         0 |         0 |         0 |         0 |         0 |         0 |         0 |    8.1120 |
|           Power DRAM [W]          |    5.6888 |         0 |         0 |         0 |         0 |         0 |         0 |         0 |         0 |         0 |         0 |         0 |         0 |         0 |    3.6985 |
|            DP [MFLOP/s]           |  517.1613 |  533.2752 |  527.1106 |  517.4600 |  506.5635 |  508.1433 |  499.8232 |  491.4709 |  492.6633 |  499.9499 |  496.7751 |  500.1374 |  507.8582 |  510.3909 |  499.3662 |
|          AVX DP [MFLOP/s]         |    0.2619 |         0 |         0 |         0 |         0 |         0 |         0 |         0 |         0 |         0 |         0 |         0 |         0 |         0 |         0 |
|          Packed [MUOPS/s]         |    0.0491 |         0 |         0 |         0 |         0 |         0 |         0 |         0 |         0 |         0 |         0 |         0 |         0 |         0 |         0 |
|          Scalar [MUOPS/s]         |  516.8786 |  533.2752 |  527.1106 |  517.4600 |  506.5635 |  508.1433 |  499.8232 |  491.4709 |  492.6633 |  499.9499 |  496.7751 |  500.1374 |  507.8582 |  510.3909 |  499.3662 |
|  Memory read bandwidth [MBytes/s] | 3578.3638 |         0 |         0 |         0 |         0 |         0 |         0 |         0 |         0 |         0 |         0 |         0 |         0 |         0 |  220.3245 |
|  Memory read data volume [GBytes] |    7.8483 |         0 |         0 |         0 |         0 |         0 |         0 |         0 |         0 |         0 |         0 |         0 |         0 |         0 |    0.4832 |
| Memory write bandwidth [MBytes/s] |  816.0243 |         0 |         0 |         0 |         0 |         0 |         0 |         0 |         0 |         0 |         0 |         0 |         0 |         0 |  162.9395 |
| Memory write data volume [GBytes] |    1.7898 |         0 |         0 |         0 |         0 |         0 |         0 |         0 |         0 |         0 |         0 |         0 |         0 |         0 |    0.3574 |
|    Memory bandwidth [MBytes/s]    | 4394.3881 |         0 |         0 |         0 |         0 |         0 |         0 |         0 |         0 |         0 |         0 |         0 |         0 |         0 |  383.2640 |
|    Memory data volume [GBytes]    |    9.6381 |         0 |         0 |         0 |         0 |         0 |         0 |         0 |         0 |         0 |         0 |         0 |         0 |         0 |    0.8406 |
|       Operational intensity       |    0.1177 |    0.1214 |    0.1200 |    0.1178 |    0.1153 |    0.1157 |    0.1138 |    0.1119 |    0.1122 |    0.1138 |    0.1131 |    0.1139 |    0.1156 |    0.1162 |    1.3029 |
+-----------------------------------+-----------+-----------+-----------+-----------+-----------+-----------+-----------+-----------+-----------+-----------+-----------+-----------+-----------+-----------+-----------+
+----------------------------------------+------------+-----------+-----------+-----------+
|                 Metric                 |     Sum    |    Min    |    Max    |    Avg    |
+----------------------------------------+------------+-----------+-----------+-----------+
|        Runtime (RDTSC) [s] STAT        |    32.9125 |    2.1933 |    2.1943 |    2.1942 |
|        Runtime unhalted [s] STAT       |    23.2852 |    0.9548 |    1.5962 |    1.5523 |
|            Clock [MHz] STAT            | 28430.3394 | 1894.6744 | 1895.4068 | 1895.3560 |
|                CPI STAT                |    14.1515 |    0.4366 |    0.9990 |    0.9434 |
|             Energy [J] STAT            |   188.6022 |         0 |  119.7638 |   12.5735 |
|             Power [W] STAT             |    85.9909 |         0 |   54.6050 |    5.7327 |
|          Energy DRAM [J] STAT          |    20.5890 |         0 |   12.4770 |    1.3726 |
|           Power DRAM [W] STAT          |     9.3873 |         0 |    5.6888 |    0.6258 |
|            DP [MFLOP/s] STAT           |  7608.1490 |  491.4709 |  533.2752 |  507.2099 |
|          AVX DP [MFLOP/s] STAT         |     0.2619 |         0 |    0.2619 |    0.0175 |
|          Packed [MUOPS/s] STAT         |     0.0491 |         0 |    0.0491 |    0.0033 |
|          Scalar [MUOPS/s] STAT         |  7607.8663 |  491.4709 |  533.2752 |  507.1911 |
|  Memory read bandwidth [MBytes/s] STAT |  3798.6883 |         0 | 3578.3638 |  253.2459 |
|  Memory read data volume [GBytes] STAT |     8.3315 |         0 |    7.8483 |    0.5554 |
| Memory write bandwidth [MBytes/s] STAT |   978.9638 |         0 |  816.0243 |   65.2643 |
| Memory write data volume [GBytes] STAT |     2.1472 |         0 |    1.7898 |    0.1431 |
|    Memory bandwidth [MBytes/s] STAT    |  4777.6521 |         0 | 4394.3881 |  318.5101 |
|    Memory data volume [GBytes] STAT    |    10.4787 |         0 |    9.6381 |    0.6986 |
|       Operational intensity STAT       |     2.9213 |    0.1119 |    1.3029 |    0.1948 |
+----------------------------------------+------------+-----------+-----------+-----------+
