--------------------------------------------------------------------------------
CPU name:	Intel(R) Xeon(R) Gold 6132 CPU @ 2.60GHz
CPU type:	Intel Skylake SP processor
CPU clock:	2.59 GHz
--------------------------------------------------------------------------------
Region Setup, Group 1: MEM_DP
+-------------------+----------+----------+----------+----------+----------+----------+----------+----------+----------+----------+----------+----------+----------+----------+----------+----------+----------+----------+----------+----------+
|    Region Info    |  Core 0  |  Core 1  |  Core 2  |  Core 3  |  Core 4  |  Core 5  |  Core 6  |  Core 7  |  Core 8  |  Core 9  |  Core 10 |  Core 11 |  Core 12 |  Core 13 |  Core 14 |  Core 15 |  Core 16 |  Core 17 |  Core 18 |  Core 19 |
+-------------------+----------+----------+----------+----------+----------+----------+----------+----------+----------+----------+----------+----------+----------+----------+----------+----------+----------+----------+----------+----------+
| RDTSC Runtime [s] | 0.103659 | 0.105463 | 0.105482 | 0.105472 | 0.105491 | 0.105480 | 0.105479 | 0.105537 | 0.105480 | 0.105465 | 0.105518 | 0.105445 | 0.105517 | 0.105457 | 0.103639 | 0.105528 | 0.105527 | 0.105501 | 0.105431 | 0.105442 |
|     call count    |        2 |        2 |        2 |        2 |        2 |        2 |        2 |        2 |        2 |        2 |        2 |        2 |        2 |        2 |        2 |        2 |        2 |        2 |        2 |        2 |
+-------------------+----------+----------+----------+----------+----------+----------+----------+----------+----------+----------+----------+----------+----------+----------+----------+----------+----------+----------+----------+----------+
+------------------------------------------+---------+----------+-----------+-----------+-----------+-----------+-----------+-----------+-----------+-----------+-----------+-----------+-----------+-----------+-----------+-----------+-----------+-----------+-----------+-----------+-----------+
|                   Event                  | Counter |  Core 0  |   Core 1  |   Core 2  |   Core 3  |   Core 4  |   Core 5  |   Core 6  |   Core 7  |   Core 8  |   Core 9  |  Core 10  |  Core 11  |  Core 12  |  Core 13  |  Core 14  |  Core 15  |  Core 16  |  Core 17  |  Core 18  |  Core 19  |
+------------------------------------------+---------+----------+-----------+-----------+-----------+-----------+-----------+-----------+-----------+-----------+-----------+-----------+-----------+-----------+-----------+-----------+-----------+-----------+-----------+-----------+-----------+
|             INSTR_RETIRED_ANY            |  FIXC0  | 88399740 |  33397410 |  33396810 |  33395680 |  32992620 |  32935960 |  32872740 |  33009400 |  32910120 |  32789470 |  32763580 |  32778100 |  32618710 |  32695460 |  32502480 |  32794400 |  32499820 |  32209190 |  32244310 |  32099230 |
|           CPU_CLK_UNHALTED_CORE          |  FIXC1  | 70469850 | 148847600 | 149810300 | 148853000 | 150307900 | 148882500 | 148933100 | 150512600 | 150262400 | 149100300 | 150186400 | 149001100 | 149076800 | 149741000 | 147375500 | 152017400 | 150413700 | 151701200 | 152797800 | 149383100 |
|           CPU_CLK_UNHALTED_REF           |  FIXC2  | 96383140 | 203685700 | 205005300 | 203694300 | 205684500 | 203733400 | 203802600 | 205965300 | 205620400 | 204032600 | 205517800 | 203897600 | 203999400 | 204908900 | 202339200 | 208692800 | 206493000 | 208269300 | 209767100 | 205078700 |
|              PWR_PKG_ENERGY              |   PWR0  |   4.9564 |         0 |         0 |         0 |         0 |         0 |         0 |         0 |         0 |         0 |         0 |         0 |         0 |         0 |    3.8942 |         0 |         0 |         0 |         0 |         0 |
|              PWR_DRAM_ENERGY             |   PWR3  |   0.4942 |         0 |         0 |         0 |         0 |         0 |         0 |         0 |         0 |         0 |         0 |         0 |         0 |         0 |    0.3558 |         0 |         0 |         0 |         0 |         0 |
| FP_ARITH_INST_RETIRED_128B_PACKED_DOUBLE |   PMC0  |     4800 |         0 |         0 |         0 |         0 |         0 |         0 |         0 |         0 |         0 |         0 |         0 |         0 |         0 |         0 |         0 |         0 |         0 |         0 |         0 |
|    FP_ARITH_INST_RETIRED_SCALAR_DOUBLE   |   PMC1  |  9053830 |   6860992 |   6848882 |   6860808 |   6730292 |   6742097 |   6723219 |   6740651 |   6719854 |   6721175 |   6701964 |   6720855 |   6690781 |   6706395 |   6687431 |   6706419 |   6682715 |   6583881 |   6577181 |   6583761 |
| FP_ARITH_INST_RETIRED_256B_PACKED_DOUBLE |   PMC2  |     2800 |         0 |         0 |         0 |         0 |         0 |         0 |         0 |         0 |         0 |         0 |         0 |         0 |         0 |         0 |         0 |         0 |         0 |         0 |         0 |
| FP_ARITH_INST_RETIRED_512B_PACKED_DOUBLE |   PMC3  |    11152 |         0 |         0 |         0 |         0 |         0 |         0 |         0 |         0 |         0 |         0 |         0 |         0 |         0 |         0 |         0 |         0 |         0 |         0 |         0 |
|               CAS_COUNT_RD               | MBOX0C0 |   165107 |         0 |         0 |         0 |         0 |         0 |         0 |         0 |         0 |         0 |         0 |         0 |         0 |         0 |      6175 |         0 |         0 |         0 |         0 |         0 |
|               CAS_COUNT_WR               | MBOX0C1 |   253620 |         0 |         0 |         0 |         0 |         0 |         0 |         0 |         0 |         0 |         0 |         0 |         0 |         0 |     19389 |         0 |         0 |         0 |         0 |         0 |
|               CAS_COUNT_RD               | MBOX1C0 |   193633 |         0 |         0 |         0 |         0 |         0 |         0 |         0 |         0 |         0 |         0 |         0 |         0 |         0 |      6266 |         0 |         0 |         0 |         0 |         0 |
|               CAS_COUNT_WR               | MBOX1C1 |   289296 |         0 |         0 |         0 |         0 |         0 |         0 |         0 |         0 |         0 |         0 |         0 |         0 |         0 |     19570 |         0 |         0 |         0 |         0 |         0 |
|               CAS_COUNT_RD               | MBOX2C0 |   167412 |         0 |         0 |         0 |         0 |         0 |         0 |         0 |         0 |         0 |         0 |         0 |         0 |         0 |      6357 |         0 |         0 |         0 |         0 |         0 |
|               CAS_COUNT_WR               | MBOX2C1 |   256023 |         0 |         0 |         0 |         0 |         0 |         0 |         0 |         0 |         0 |         0 |         0 |         0 |         0 |     19624 |         0 |         0 |         0 |         0 |         0 |
|               CAS_COUNT_RD               | MBOX3C0 |   141286 |         0 |         0 |         0 |         0 |         0 |         0 |         0 |         0 |         0 |         0 |         0 |         0 |         0 |      3409 |         0 |         0 |         0 |         0 |         0 |
|               CAS_COUNT_WR               | MBOX3C1 |   244298 |         0 |         0 |         0 |         0 |         0 |         0 |         0 |         0 |         0 |         0 |         0 |         0 |         0 |     17053 |         0 |         0 |         0 |         0 |         0 |
|               CAS_COUNT_RD               | MBOX4C0 |   139004 |         0 |         0 |         0 |         0 |         0 |         0 |         0 |         0 |         0 |         0 |         0 |         0 |         0 |      3524 |         0 |         0 |         0 |         0 |         0 |
|               CAS_COUNT_WR               | MBOX4C1 |   242374 |         0 |         0 |         0 |         0 |         0 |         0 |         0 |         0 |         0 |         0 |         0 |         0 |         0 |     17065 |         0 |         0 |         0 |         0 |         0 |
|               CAS_COUNT_RD               | MBOX5C0 |   138093 |         0 |         0 |         0 |         0 |         0 |         0 |         0 |         0 |         0 |         0 |         0 |         0 |         0 |      3278 |         0 |         0 |         0 |         0 |         0 |
|               CAS_COUNT_WR               | MBOX5C1 |   240354 |         0 |         0 |         0 |         0 |         0 |         0 |         0 |         0 |         0 |         0 |         0 |         0 |         0 |     16877 |         0 |         0 |         0 |         0 |         0 |
+------------------------------------------+---------+----------+-----------+-----------+-----------+-----------+-----------+-----------+-----------+-----------+-----------+-----------+-----------+-----------+-----------+-----------+-----------+-----------+-----------+-----------+-----------+
+-----------------------------------------------+---------+------------+----------+-----------+--------------+
|                     Event                     | Counter |     Sum    |    Min   |    Max    |      Avg     |
+-----------------------------------------------+---------+------------+----------+-----------+--------------+
|             INSTR_RETIRED_ANY STAT            |  FIXC0  |  711305230 | 32099230 |  88399740 | 3.556526e+07 |
|           CPU_CLK_UNHALTED_CORE STAT          |  FIXC1  | 2917673550 | 70469850 | 152797800 | 1.458837e+08 |
|           CPU_CLK_UNHALTED_REF STAT           |  FIXC2  | 3996571040 | 96383140 | 209767100 |    199828552 |
|              PWR_PKG_ENERGY STAT              |   PWR0  |     8.8506 |        0 |    4.9564 |       0.4425 |
|              PWR_DRAM_ENERGY STAT             |   PWR3  |     0.8500 |        0 |    0.4942 |       0.0425 |
| FP_ARITH_INST_RETIRED_128B_PACKED_DOUBLE STAT |   PMC0  |       4800 |        0 |      4800 |          240 |
|    FP_ARITH_INST_RETIRED_SCALAR_DOUBLE STAT   |   PMC1  |  136643183 |  6577181 |   9053830 | 6.832159e+06 |
| FP_ARITH_INST_RETIRED_256B_PACKED_DOUBLE STAT |   PMC2  |       2800 |        0 |      2800 |          140 |
| FP_ARITH_INST_RETIRED_512B_PACKED_DOUBLE STAT |   PMC3  |      11152 |        0 |     11152 |     557.6000 |
|               CAS_COUNT_RD STAT               | MBOX0C0 |     171282 |        0 |    165107 |    8564.1000 |
|               CAS_COUNT_WR STAT               | MBOX0C1 |     273009 |        0 |    253620 |   13650.4500 |
|               CAS_COUNT_RD STAT               | MBOX1C0 |     199899 |        0 |    193633 |    9994.9500 |
|               CAS_COUNT_WR STAT               | MBOX1C1 |     308866 |        0 |    289296 |   15443.3000 |
|               CAS_COUNT_RD STAT               | MBOX2C0 |     173769 |        0 |    167412 |    8688.4500 |
|               CAS_COUNT_WR STAT               | MBOX2C1 |     275647 |        0 |    256023 |   13782.3500 |
|               CAS_COUNT_RD STAT               | MBOX3C0 |     144695 |        0 |    141286 |    7234.7500 |
|               CAS_COUNT_WR STAT               | MBOX3C1 |     261351 |        0 |    244298 |   13067.5500 |
|               CAS_COUNT_RD STAT               | MBOX4C0 |     142528 |        0 |    139004 |    7126.4000 |
|               CAS_COUNT_WR STAT               | MBOX4C1 |     259439 |        0 |    242374 |   12971.9500 |
|               CAS_COUNT_RD STAT               | MBOX5C0 |     141371 |        0 |    138093 |    7068.5500 |
|               CAS_COUNT_WR STAT               | MBOX5C1 |     257231 |        0 |    240354 |   12861.5500 |
+-----------------------------------------------+---------+------------+----------+-----------+--------------+
+-----------------------------------+-----------+-----------+-----------+-----------+-----------+-----------+-----------+-----------+-----------+-----------+-----------+-----------+-----------+-----------+-----------+-----------+-----------+-----------+-----------+-----------+
|               Metric              |   Core 0  |   Core 1  |   Core 2  |   Core 3  |   Core 4  |   Core 5  |   Core 6  |   Core 7  |   Core 8  |   Core 9  |  Core 10  |  Core 11  |  Core 12  |  Core 13  |  Core 14  |  Core 15  |  Core 16  |  Core 17  |  Core 18  |  Core 19  |
+-----------------------------------+-----------+-----------+-----------+-----------+-----------+-----------+-----------+-----------+-----------+-----------+-----------+-----------+-----------+-----------+-----------+-----------+-----------+-----------+-----------+-----------+
|        Runtime (RDTSC) [s]        |    0.1037 |    0.1055 |    0.1055 |    0.1055 |    0.1055 |    0.1055 |    0.1055 |    0.1055 |    0.1055 |    0.1055 |    0.1055 |    0.1054 |    0.1055 |    0.1055 |    0.1036 |    0.1055 |    0.1055 |    0.1055 |    0.1054 |    0.1054 |
|        Runtime unhalted [s]       |    0.0272 |    0.0574 |    0.0578 |    0.0574 |    0.0579 |    0.0574 |    0.0574 |    0.0580 |    0.0579 |    0.0575 |    0.0579 |    0.0574 |    0.0575 |    0.0577 |    0.0568 |    0.0586 |    0.0580 |    0.0585 |    0.0589 |    0.0576 |
|            Clock [MHz]            | 1896.4150 | 1895.4503 | 1895.4298 | 1895.4391 | 1895.4457 | 1895.4509 | 1895.4513 | 1895.4394 | 1895.4627 | 1895.4401 | 1895.4498 | 1895.4332 | 1895.4498 | 1895.4443 | 1889.1932 | 1889.3697 | 1889.3533 | 1889.2737 | 1889.3431 | 1889.3483 |
|                CPI                |    0.7972 |    4.4569 |    4.4858 |    4.4573 |    4.5558 |    4.5204 |    4.5306 |    4.5597 |    4.5658 |    4.5472 |    4.5839 |    4.5458 |    4.5703 |    4.5799 |    4.5343 |    4.6355 |    4.6281 |    4.7099 |    4.7388 |    4.6538 |
|             Energy [J]            |    4.9564 |         0 |         0 |         0 |         0 |         0 |         0 |         0 |         0 |         0 |         0 |         0 |         0 |         0 |    3.8942 |         0 |         0 |         0 |         0 |         0 |
|             Power [W]             |   47.8141 |         0 |         0 |         0 |         0 |         0 |         0 |         0 |         0 |         0 |         0 |         0 |         0 |         0 |   37.5748 |         0 |         0 |         0 |         0 |         0 |
|          Energy DRAM [J]          |    0.4942 |         0 |         0 |         0 |         0 |         0 |         0 |         0 |         0 |         0 |         0 |         0 |         0 |         0 |    0.3558 |         0 |         0 |         0 |         0 |         0 |
|           Power DRAM [W]          |    4.7679 |         0 |         0 |         0 |         0 |         0 |         0 |         0 |         0 |         0 |         0 |         0 |         0 |         0 |    3.4328 |         0 |         0 |         0 |         0 |         0 |
|            DP [MFLOP/s]           |   88.4039 |   65.0561 |   64.9291 |   65.0484 |   63.7999 |   63.9184 |   63.7400 |   63.8702 |   63.7075 |   63.7290 |   63.5150 |   63.7380 |   63.4097 |   63.5937 |   64.5261 |   63.5510 |   63.3270 |   62.4057 |   62.3837 |   62.4398 |
|          AVX DP [MFLOP/s]         |    0.9687 |         0 |         0 |         0 |         0 |         0 |         0 |         0 |         0 |         0 |         0 |         0 |         0 |         0 |         0 |         0 |         0 |         0 |         0 |         0 |
|          Packed [MUOPS/s]         |    0.1809 |         0 |         0 |         0 |         0 |         0 |         0 |         0 |         0 |         0 |         0 |         0 |         0 |         0 |         0 |         0 |         0 |         0 |         0 |         0 |
|          Scalar [MUOPS/s]         |   87.3425 |   65.0561 |   64.9291 |   65.0484 |   63.7999 |   63.9184 |   63.7400 |   63.8702 |   63.7075 |   63.7290 |   63.5150 |   63.7380 |   63.4097 |   63.5937 |   64.5261 |   63.5510 |   63.3270 |   62.4057 |   62.3837 |   62.4398 |
|  Memory read bandwidth [MBytes/s] |  583.1650 |         0 |         0 |         0 |         0 |         0 |         0 |         0 |         0 |         0 |         0 |         0 |         0 |         0 |   17.9138 |         0 |         0 |         0 |         0 |         0 |
|  Memory read data volume [GBytes] |    0.0605 |         0 |         0 |         0 |         0 |         0 |         0 |         0 |         0 |         0 |         0 |         0 |         0 |         0 |    0.0019 |         0 |         0 |         0 |         0 |         0 |
| Memory write bandwidth [MBytes/s] |  942.1454 |         0 |         0 |         0 |         0 |         0 |         0 |         0 |         0 |         0 |         0 |         0 |         0 |         0 |   67.6674 |         0 |         0 |         0 |         0 |         0 |
| Memory write data volume [GBytes] |    0.0977 |         0 |         0 |         0 |         0 |         0 |         0 |         0 |         0 |         0 |         0 |         0 |         0 |         0 |    0.0070 |         0 |         0 |         0 |         0 |         0 |
|    Memory bandwidth [MBytes/s]    | 1525.3104 |         0 |         0 |         0 |         0 |         0 |         0 |         0 |         0 |         0 |         0 |         0 |         0 |         0 |   85.5812 |         0 |         0 |         0 |         0 |         0 |
|    Memory data volume [GBytes]    |    0.1581 |         0 |         0 |         0 |         0 |         0 |         0 |         0 |         0 |         0 |         0 |         0 |         0 |         0 |    0.0089 |         0 |         0 |         0 |         0 |         0 |
|       Operational intensity       |    0.0580 |    0.0434 |    0.0433 |    0.0434 |    0.0426 |    0.0426 |    0.0425 |    0.0426 |    0.0425 |    0.0425 |    0.0424 |    0.0425 |    0.0423 |    0.0424 |    0.7540 |    0.7561 |    0.7534 |    0.7423 |    0.7415 |    0.7423 |
+-----------------------------------+-----------+-----------+-----------+-----------+-----------+-----------+-----------+-----------+-----------+-----------+-----------+-----------+-----------+-----------+-----------+-----------+-----------+-----------+-----------+-----------+
+----------------------------------------+------------+-----------+-----------+-----------+
|                 Metric                 |     Sum    |    Min    |    Max    |    Avg    |
+----------------------------------------+------------+-----------+-----------+-----------+
|        Runtime (RDTSC) [s] STAT        |     2.1060 |    0.1036 |    0.1055 |    0.1053 |
|        Runtime unhalted [s] STAT       |     1.1248 |    0.0272 |    0.0589 |    0.0562 |
|            Clock [MHz] STAT            | 37873.0827 | 1889.1932 | 1896.4150 | 1893.6541 |
|                CPI STAT                |    87.6570 |    0.7972 |    4.7388 |    4.3829 |
|             Energy [J] STAT            |     8.8506 |         0 |    4.9564 |    0.4425 |
|             Power [W] STAT             |    85.3889 |         0 |   47.8141 |    4.2694 |
|          Energy DRAM [J] STAT          |     0.8500 |         0 |    0.4942 |    0.0425 |
|           Power DRAM [W] STAT          |     8.2007 |         0 |    4.7679 |    0.4100 |
|            DP [MFLOP/s] STAT           |  1299.0922 |   62.3837 |   88.4039 |   64.9546 |
|          AVX DP [MFLOP/s] STAT         |     0.9687 |         0 |    0.9687 |    0.0484 |
|          Packed [MUOPS/s] STAT         |     0.1809 |         0 |    0.1809 |    0.0090 |
|          Scalar [MUOPS/s] STAT         |  1298.0308 |   62.3837 |   87.3425 |   64.9015 |
|  Memory read bandwidth [MBytes/s] STAT |   601.0788 |         0 |  583.1650 |   30.0539 |
|  Memory read data volume [GBytes] STAT |     0.0624 |         0 |    0.0605 |    0.0031 |
| Memory write bandwidth [MBytes/s] STAT |  1009.8128 |         0 |  942.1454 |   50.4906 |
| Memory write data volume [GBytes] STAT |     0.1047 |         0 |    0.0977 |    0.0052 |
|    Memory bandwidth [MBytes/s] STAT    |  1610.8916 |         0 | 1525.3104 |   80.5446 |
|    Memory data volume [GBytes] STAT    |     0.1670 |         0 |    0.1581 |    0.0083 |
|       Operational intensity STAT       |     5.1026 |    0.0423 |    0.7561 |    0.2551 |
+----------------------------------------+------------+-----------+-----------+-----------+
--------------------------------------------------------------------------------
CPU name:	Intel(R) Xeon(R) Gold 6132 CPU @ 2.60GHz
CPU type:	Intel Skylake SP processor
CPU clock:	2.59 GHz
--------------------------------------------------------------------------------
Region Solve, Group 1: MEM_DP
+-------------------+----------+----------+----------+----------+----------+----------+----------+----------+----------+----------+----------+----------+----------+----------+----------+----------+----------+----------+----------+----------+
|    Region Info    |  Core 0  |  Core 1  |  Core 2  |  Core 3  |  Core 4  |  Core 5  |  Core 6  |  Core 7  |  Core 8  |  Core 9  |  Core 10 |  Core 11 |  Core 12 |  Core 13 |  Core 14 |  Core 15 |  Core 16 |  Core 17 |  Core 18 |  Core 19 |
+-------------------+----------+----------+----------+----------+----------+----------+----------+----------+----------+----------+----------+----------+----------+----------+----------+----------+----------+----------+----------+----------+
| RDTSC Runtime [s] | 1.979920 | 1.980975 | 1.980974 | 1.980971 | 1.980969 | 1.980973 | 1.980982 | 1.980978 | 1.980970 | 1.980977 | 1.980976 | 1.980971 | 1.980975 | 1.980974 | 1.979906 | 1.980971 | 1.980972 | 1.981012 | 1.980971 | 1.981015 |
|     call count    |        1 |        1 |        1 |        1 |        1 |        1 |        1 |        1 |        1 |        1 |        1 |        1 |        1 |        1 |        1 |        1 |        1 |        1 |        1 |        1 |
+-------------------+----------+----------+----------+----------+----------+----------+----------+----------+----------+----------+----------+----------+----------+----------+----------+----------+----------+----------+----------+----------+
+------------------------------------------+---------+------------+------------+------------+------------+------------+------------+------------+------------+------------+------------+------------+------------+------------+------------+------------+------------+------------+------------+------------+------------+
|                   Event                  | Counter |   Core 0   |   Core 1   |   Core 2   |   Core 3   |   Core 4   |   Core 5   |   Core 6   |   Core 7   |   Core 8   |   Core 9   |   Core 10  |   Core 11  |   Core 12  |   Core 13  |   Core 14  |   Core 15  |   Core 16  |   Core 17  |   Core 18  |   Core 19  |
+------------------------------------------+---------+------------+------------+------------+------------+------------+------------+------------+------------+------------+------------+------------+------------+------------+------------+------------+------------+------------+------------+------------+------------+
|             INSTR_RETIRED_ANY            |  FIXC0  | 4614252000 | 3324182000 | 3336183000 | 3324218000 | 3264184000 | 3227583000 | 3232026000 | 3243090000 | 3208840000 | 3171627000 | 3174831000 | 3183054000 | 3157985000 | 3137599000 | 3133341000 | 3159151000 | 3165390000 | 3131810000 | 3119178000 | 3099810000 |
|           CPU_CLK_UNHALTED_CORE          |  FIXC1  | 2093635000 | 3730770000 | 3732428000 | 3731294000 | 3732596000 | 3732490000 | 3731965000 | 3732832000 | 3731284000 | 3733053000 | 3732525000 | 3732317000 | 3731755000 | 3731248000 | 3719245000 | 3723199000 | 3722427000 | 3715321000 | 3722289000 | 3720526000 |
|           CPU_CLK_UNHALTED_REF           |  FIXC2  | 2865608000 | 5105266000 | 5107536000 | 5105986000 | 5107764000 | 5107621000 | 5106900000 | 5108088000 | 5105966000 | 5108390000 | 5107668000 | 5107385000 | 5106619000 | 5105918000 | 5089497000 | 5094906000 | 5093852000 | 5084125000 | 5093658000 | 5091248000 |
|              PWR_PKG_ENERGY              |   PWR0  |   105.4284 |          0 |          0 |          0 |          0 |          0 |          0 |          0 |          0 |          0 |          0 |          0 |          0 |          0 |    77.9898 |          0 |          0 |          0 |          0 |          0 |
|              PWR_DRAM_ENERGY             |   PWR3  |    10.2971 |          0 |          0 |          0 |          0 |          0 |          0 |          0 |          0 |          0 |          0 |          0 |          0 |          0 |     7.2573 |          0 |          0 |          0 |          0 |          0 |
| FP_ARITH_INST_RETIRED_128B_PACKED_DOUBLE |   PMC0  |      22816 |          0 |          0 |          0 |          0 |          0 |          0 |          0 |          0 |          0 |          0 |          0 |          0 |          0 |          0 |          0 |          0 |          0 |          0 |          0 |
|    FP_ARITH_INST_RETIRED_SCALAR_DOUBLE   |   PMC1  |  845125200 |  872091300 |  882866100 |  871785700 |  850123000 |  840997600 |  841871700 |  842044900 |  823975500 |  814114700 |  815348500 |  818459900 |  823143000 |  820262500 |  819220500 |  825623200 |  832917200 |  829128300 |  818333600 |  805634500 |
| FP_ARITH_INST_RETIRED_256B_PACKED_DOUBLE |   PMC2  |      26128 |          0 |          0 |          0 |          0 |          0 |          0 |          0 |          0 |          0 |          0 |          0 |          0 |          0 |          0 |          0 |          0 |          0 |          0 |          0 |
| FP_ARITH_INST_RETIRED_512B_PACKED_DOUBLE |   PMC3  |      58742 |          0 |          0 |          0 |          0 |          0 |          0 |          0 |          0 |          0 |          0 |          0 |          0 |          0 |          0 |          0 |          0 |          0 |          0 |          0 |
|               CAS_COUNT_RD               | MBOX0C0 |   13574440 |          0 |          0 |          0 |          0 |          0 |          0 |          0 |          0 |          0 |          0 |          0 |          0 |          0 |    1308958 |          0 |          0 |          0 |          0 |          0 |
|               CAS_COUNT_WR               | MBOX0C1 |    3306625 |          0 |          0 |          0 |          0 |          0 |          0 |          0 |          0 |          0 |          0 |          0 |          0 |          0 |     634391 |          0 |          0 |          0 |          0 |          0 |
|               CAS_COUNT_RD               | MBOX1C0 |   13568990 |          0 |          0 |          0 |          0 |          0 |          0 |          0 |          0 |          0 |          0 |          0 |          0 |          0 |    1260898 |          0 |          0 |          0 |          0 |          0 |
|               CAS_COUNT_WR               | MBOX1C1 |    3365220 |          0 |          0 |          0 |          0 |          0 |          0 |          0 |          0 |          0 |          0 |          0 |          0 |          0 |     558189 |          0 |          0 |          0 |          0 |          0 |
|               CAS_COUNT_RD               | MBOX2C0 |   13515980 |          0 |          0 |          0 |          0 |          0 |          0 |          0 |          0 |          0 |          0 |          0 |          0 |          0 |    1254802 |          0 |          0 |          0 |          0 |          0 |
|               CAS_COUNT_WR               | MBOX2C1 |    3245391 |          0 |          0 |          0 |          0 |          0 |          0 |          0 |          0 |          0 |          0 |          0 |          0 |          0 |     548814 |          0 |          0 |          0 |          0 |          0 |
|               CAS_COUNT_RD               | MBOX3C0 |   13550140 |          0 |          0 |          0 |          0 |          0 |          0 |          0 |          0 |          0 |          0 |          0 |          0 |          0 |    1235719 |          0 |          0 |          0 |          0 |          0 |
|               CAS_COUNT_WR               | MBOX3C1 |    3369600 |          0 |          0 |          0 |          0 |          0 |          0 |          0 |          0 |          0 |          0 |          0 |          0 |          0 |     530599 |          0 |          0 |          0 |          0 |          0 |
|               CAS_COUNT_RD               | MBOX4C0 |   13473700 |          0 |          0 |          0 |          0 |          0 |          0 |          0 |          0 |          0 |          0 |          0 |          0 |          0 |    1244235 |          0 |          0 |          0 |          0 |          0 |
|               CAS_COUNT_WR               | MBOX4C1 |    3287201 |          0 |          0 |          0 |          0 |          0 |          0 |          0 |          0 |          0 |          0 |          0 |          0 |          0 |     554860 |          0 |          0 |          0 |          0 |          0 |
|               CAS_COUNT_RD               | MBOX5C0 |   13445380 |          0 |          0 |          0 |          0 |          0 |          0 |          0 |          0 |          0 |          0 |          0 |          0 |          0 |    1239950 |          0 |          0 |          0 |          0 |          0 |
|               CAS_COUNT_WR               | MBOX5C1 |    3297198 |          0 |          0 |          0 |          0 |          0 |          0 |          0 |          0 |          0 |          0 |          0 |          0 |          0 |     535262 |          0 |          0 |          0 |          0 |          0 |
+------------------------------------------+---------+------------+------------+------------+------------+------------+------------+------------+------------+------------+------------+------------+------------+------------+------------+------------+------------+------------+------------+------------+------------+
+-----------------------------------------------+---------+-------------+------------+------------+-------------+
|                     Event                     | Counter |     Sum     |     Min    |     Max    |     Avg     |
+-----------------------------------------------+---------+-------------+------------+------------+-------------+
|             INSTR_RETIRED_ANY STAT            |  FIXC0  | 65408334000 | 3099810000 | 4614252000 |  3270416700 |
|           CPU_CLK_UNHALTED_CORE STAT          |  FIXC1  | 72933199000 | 2093635000 | 3733053000 |  3646659950 |
|           CPU_CLK_UNHALTED_REF STAT           |  FIXC2  | 99804001000 | 2865608000 | 5108390000 |  4990200050 |
|              PWR_PKG_ENERGY STAT              |   PWR0  |    183.4182 |          0 |   105.4284 |      9.1709 |
|              PWR_DRAM_ENERGY STAT             |   PWR3  |     17.5544 |          0 |    10.2971 |      0.8777 |
| FP_ARITH_INST_RETIRED_128B_PACKED_DOUBLE STAT |   PMC0  |       22816 |          0 |      22816 |   1140.8000 |
|    FP_ARITH_INST_RETIRED_SCALAR_DOUBLE STAT   |   PMC1  | 16693066900 |  805634500 |  882866100 |   834653345 |
| FP_ARITH_INST_RETIRED_256B_PACKED_DOUBLE STAT |   PMC2  |       26128 |          0 |      26128 |   1306.4000 |
| FP_ARITH_INST_RETIRED_512B_PACKED_DOUBLE STAT |   PMC3  |       58742 |          0 |      58742 |   2937.1000 |
|               CAS_COUNT_RD STAT               | MBOX0C0 |    14883398 |          0 |   13574440 | 744169.9000 |
|               CAS_COUNT_WR STAT               | MBOX0C1 |     3941016 |          0 |    3306625 | 197050.8000 |
|               CAS_COUNT_RD STAT               | MBOX1C0 |    14829888 |          0 |   13568990 | 741494.4000 |
|               CAS_COUNT_WR STAT               | MBOX1C1 |     3923409 |          0 |    3365220 | 196170.4500 |
|               CAS_COUNT_RD STAT               | MBOX2C0 |    14770782 |          0 |   13515980 | 738539.1000 |
|               CAS_COUNT_WR STAT               | MBOX2C1 |     3794205 |          0 |    3245391 | 189710.2500 |
|               CAS_COUNT_RD STAT               | MBOX3C0 |    14785859 |          0 |   13550140 | 739292.9500 |
|               CAS_COUNT_WR STAT               | MBOX3C1 |     3900199 |          0 |    3369600 | 195009.9500 |
|               CAS_COUNT_RD STAT               | MBOX4C0 |    14717935 |          0 |   13473700 | 735896.7500 |
|               CAS_COUNT_WR STAT               | MBOX4C1 |     3842061 |          0 |    3287201 | 192103.0500 |
|               CAS_COUNT_RD STAT               | MBOX5C0 |    14685330 |          0 |   13445380 | 734266.5000 |
|               CAS_COUNT_WR STAT               | MBOX5C1 |     3832460 |          0 |    3297198 |      191623 |
+-----------------------------------------------+---------+-------------+------------+------------+-------------+
+-----------------------------------+-----------+-----------+-----------+-----------+-----------+-----------+-----------+-----------+-----------+-----------+-----------+-----------+-----------+-----------+-----------+-----------+-----------+-----------+-----------+-----------+
|               Metric              |   Core 0  |   Core 1  |   Core 2  |   Core 3  |   Core 4  |   Core 5  |   Core 6  |   Core 7  |   Core 8  |   Core 9  |  Core 10  |  Core 11  |  Core 12  |  Core 13  |  Core 14  |  Core 15  |  Core 16  |  Core 17  |  Core 18  |  Core 19  |
+-----------------------------------+-----------+-----------+-----------+-----------+-----------+-----------+-----------+-----------+-----------+-----------+-----------+-----------+-----------+-----------+-----------+-----------+-----------+-----------+-----------+-----------+
|        Runtime (RDTSC) [s]        |    1.9799 |    1.9810 |    1.9810 |    1.9810 |    1.9810 |    1.9810 |    1.9810 |    1.9810 |    1.9810 |    1.9810 |    1.9810 |    1.9810 |    1.9810 |    1.9810 |    1.9799 |    1.9810 |    1.9810 |    1.9810 |    1.9810 |    1.9810 |
|        Runtime unhalted [s]       |    0.8072 |    1.4384 |    1.4390 |    1.4386 |    1.4391 |    1.4390 |    1.4388 |    1.4392 |    1.4386 |    1.4392 |    1.4390 |    1.4390 |    1.4387 |    1.4385 |    1.4339 |    1.4354 |    1.4351 |    1.4324 |    1.4351 |    1.4344 |
|            Clock [MHz]            | 1895.0266 | 1895.4451 | 1895.4447 | 1895.4440 | 1895.4454 | 1895.4446 | 1895.4456 | 1895.4450 | 1895.4464 | 1895.4452 | 1895.4450 | 1895.4444 | 1895.4432 | 1895.4459 | 1895.4444 | 1895.4450 | 1895.4441 | 1895.4452 | 1895.4460 | 1895.4451 |
|                CPI                |    0.4537 |    1.1223 |    1.1188 |    1.1225 |    1.1435 |    1.1564 |    1.1547 |    1.1510 |    1.1628 |    1.1770 |    1.1757 |    1.1726 |    1.1817 |    1.1892 |    1.1870 |    1.1785 |    1.1760 |    1.1863 |    1.1934 |    1.2002 |
|             Energy [J]            |  105.4284 |         0 |         0 |         0 |         0 |         0 |         0 |         0 |         0 |         0 |         0 |         0 |         0 |         0 |   77.9898 |         0 |         0 |         0 |         0 |         0 |
|             Power [W]             |   53.2488 |         0 |         0 |         0 |         0 |         0 |         0 |         0 |         0 |         0 |         0 |         0 |         0 |         0 |   39.3907 |         0 |         0 |         0 |         0 |         0 |
|          Energy DRAM [J]          |   10.2971 |         0 |         0 |         0 |         0 |         0 |         0 |         0 |         0 |         0 |         0 |         0 |         0 |         0 |    7.2573 |         0 |         0 |         0 |         0 |         0 |
|           Power DRAM [W]          |    5.2008 |         0 |         0 |         0 |         0 |         0 |         0 |         0 |         0 |         0 |         0 |         0 |         0 |         0 |    3.6655 |         0 |         0 |         0 |         0 |         0 |
|            DP [MFLOP/s]           |  427.1613 |  440.2334 |  445.6727 |  440.0800 |  429.1450 |  424.5376 |  424.9770 |  425.0652 |  415.9455 |  410.9663 |  411.5893 |  413.1610 |  415.5242 |  414.0703 |  413.7674 |  416.7770 |  420.4588 |  418.5377 |  413.0972 |  406.6776 |
|          AVX DP [MFLOP/s]         |    0.2901 |         0 |         0 |         0 |         0 |         0 |         0 |         0 |         0 |         0 |         0 |         0 |         0 |         0 |         0 |         0 |         0 |         0 |         0 |         0 |
|          Packed [MUOPS/s]         |    0.0544 |         0 |         0 |         0 |         0 |         0 |         0 |         0 |         0 |         0 |         0 |         0 |         0 |         0 |         0 |         0 |         0 |         0 |         0 |         0 |
|          Scalar [MUOPS/s]         |  426.8482 |  440.2334 |  445.6727 |  440.0800 |  429.1450 |  424.5376 |  424.9770 |  425.0652 |  415.9455 |  410.9663 |  411.5893 |  413.1610 |  415.5242 |  414.0703 |  413.7674 |  416.7770 |  420.4588 |  418.5377 |  413.0972 |  406.6776 |
|  Memory read bandwidth [MBytes/s] | 2622.4455 |         0 |         0 |         0 |         0 |         0 |         0 |         0 |         0 |         0 |         0 |         0 |         0 |         0 |  243.8762 |         0 |         0 |         0 |         0 |         0 |
|  Memory read data volume [GBytes] |    5.1922 |         0 |         0 |         0 |         0 |         0 |         0 |         0 |         0 |         0 |         0 |         0 |         0 |         0 |    0.4829 |         0 |         0 |         0 |         0 |         0 |
| Memory write bandwidth [MBytes/s] |  642.3285 |         0 |         0 |         0 |         0 |         0 |         0 |         0 |         0 |         0 |         0 |         0 |         0 |         0 |  108.6796 |         0 |         0 |         0 |         0 |         0 |
| Memory write data volume [GBytes] |    1.2718 |         0 |         0 |         0 |         0 |         0 |         0 |         0 |         0 |         0 |         0 |         0 |         0 |         0 |    0.2152 |         0 |         0 |         0 |         0 |         0 |
|    Memory bandwidth [MBytes/s]    | 3264.7740 |         0 |         0 |         0 |         0 |         0 |         0 |         0 |         0 |         0 |         0 |         0 |         0 |         0 |  352.5558 |         0 |         0 |         0 |         0 |         0 |
|    Memory data volume [GBytes]    |    6.4640 |         0 |         0 |         0 |         0 |         0 |         0 |         0 |         0 |         0 |         0 |         0 |         0 |         0 |    0.6980 |         0 |         0 |         0 |         0 |         0 |
|       Operational intensity       |    0.1308 |    0.1349 |    0.1366 |    0.1349 |    0.1315 |    0.1301 |    0.1302 |    0.1303 |    0.1275 |    0.1259 |    0.1261 |    0.1266 |    0.1273 |    0.1269 |    1.1736 |    1.1828 |    1.1932 |    1.1878 |    1.1724 |    1.1542 |
+-----------------------------------+-----------+-----------+-----------+-----------+-----------+-----------+-----------+-----------+-----------+-----------+-----------+-----------+-----------+-----------+-----------+-----------+-----------+-----------+-----------+-----------+
+----------------------------------------+------------+-----------+-----------+-----------+
|                 Metric                 |     Sum    |    Min    |    Max    |    Avg    |
+----------------------------------------+------------+-----------+-----------+-----------+
|        Runtime (RDTSC) [s] STAT        |    39.6178 |    1.9799 |    1.9810 |    1.9809 |
|        Runtime unhalted [s] STAT       |    28.1186 |    0.8072 |    1.4392 |    1.4059 |
|            Clock [MHz] STAT            | 37908.4809 | 1895.0266 | 1895.4464 | 1895.4240 |
|                CPI STAT                |    22.6033 |    0.4537 |    1.2002 |    1.1302 |
|             Energy [J] STAT            |   183.4182 |         0 |  105.4284 |    9.1709 |
|             Power [W] STAT             |    92.6395 |         0 |   53.2488 |    4.6320 |
|          Energy DRAM [J] STAT          |    17.5544 |         0 |   10.2971 |    0.8777 |
|           Power DRAM [W] STAT          |     8.8663 |         0 |    5.2008 |    0.4433 |
|            DP [MFLOP/s] STAT           |  8427.4445 |  406.6776 |  445.6727 |  421.3722 |
|          AVX DP [MFLOP/s] STAT         |     0.2901 |         0 |    0.2901 |    0.0145 |
|          Packed [MUOPS/s] STAT         |     0.0544 |         0 |    0.0544 |    0.0027 |
|          Scalar [MUOPS/s] STAT         |  8427.1314 |  406.6776 |  445.6727 |  421.3566 |
|  Memory read bandwidth [MBytes/s] STAT |  2866.3217 |         0 | 2622.4455 |  143.3161 |
|  Memory read data volume [GBytes] STAT |     5.6751 |         0 |    5.1922 |    0.2838 |
| Memory write bandwidth [MBytes/s] STAT |   751.0081 |         0 |  642.3285 |   37.5504 |
| Memory write data volume [GBytes] STAT |     1.4870 |         0 |    1.2718 |    0.0743 |
|    Memory bandwidth [MBytes/s] STAT    |  3617.3298 |         0 | 3264.7740 |  180.8665 |
|    Memory data volume [GBytes] STAT    |     7.1620 |         0 |    6.4640 |    0.3581 |
|       Operational intensity STAT       |     8.8836 |    0.1259 |    1.1932 |    0.4442 |
+----------------------------------------+------------+-----------+-----------+-----------+
