--------------------------------------------------------------------------------
CPU name:	Intel(R) Xeon(R) Gold 6132 CPU @ 2.60GHz
CPU type:	Intel Skylake SP processor
CPU clock:	2.59 GHz
--------------------------------------------------------------------------------
Region Setup, Group 1: MEM_DP
+-------------------+----------+----------+----------+----------+----------+----------+----------+----------+----------+----------+----------+----------+----------+----------+----------+----------+----------+----------+----------+----------+
|    Region Info    |  Core 0  |  Core 1  |  Core 2  |  Core 3  |  Core 4  |  Core 14 |  Core 15 |  Core 16 |  Core 17 |  Core 18 |  Core 28 |  Core 29 |  Core 30 |  Core 31 |  Core 32 |  Core 42 |  Core 43 |  Core 44 |  Core 45 |  Core 46 |
+-------------------+----------+----------+----------+----------+----------+----------+----------+----------+----------+----------+----------+----------+----------+----------+----------+----------+----------+----------+----------+----------+
| RDTSC Runtime [s] | 0.109621 | 0.114287 | 0.114273 | 0.114320 | 0.114272 | 0.109591 | 0.114237 | 0.114254 | 0.114275 | 0.114236 | 0.109542 | 0.114277 | 0.114238 | 0.114270 | 0.114268 | 0.109554 | 0.114281 | 0.114304 | 0.114272 | 0.114273 |
|     call count    |        2 |        2 |        2 |        2 |        2 |        2 |        2 |        2 |        2 |        2 |        2 |        2 |        2 |        2 |        2 |        2 |        2 |        2 |        2 |        2 |
+-------------------+----------+----------+----------+----------+----------+----------+----------+----------+----------+----------+----------+----------+----------+----------+----------+----------+----------+----------+----------+----------+
+------------------------------------------+---------+----------+-----------+-----------+-----------+-----------+-----------+-----------+-----------+-----------+-----------+-----------+-----------+-----------+-----------+-----------+-----------+-----------+-----------+-----------+-----------+
|                   Event                  | Counter |  Core 0  |   Core 1  |   Core 2  |   Core 3  |   Core 4  |  Core 14  |  Core 15  |  Core 16  |  Core 17  |  Core 18  |  Core 28  |  Core 29  |  Core 30  |  Core 31  |  Core 32  |  Core 42  |  Core 43  |  Core 44  |  Core 45  |  Core 46  |
+------------------------------------------+---------+----------+-----------+-----------+-----------+-----------+-----------+-----------+-----------+-----------+-----------+-----------+-----------+-----------+-----------+-----------+-----------+-----------+-----------+-----------+-----------+
|             INSTR_RETIRED_ANY            |  FIXC0  | 88230370 |  33951840 |  33632530 |  33709920 |  33181760 |  33092490 |  33111740 |  33061280 |  33172220 |  33163710 |  32657140 |  33087740 |  32760240 |  32832130 |  32837910 |  32453240 |  32955610 |  32309240 |  32306420 |  32421260 |
|           CPU_CLK_UNHALTED_CORE          |  FIXC1  | 66974270 | 160728400 | 155071700 | 155723800 | 154607300 | 153226200 | 154972900 | 152725500 | 156775400 | 158010300 | 149027800 | 156589200 | 153029100 | 153631900 | 155165400 | 145676800 | 160345400 | 154251400 | 154253300 | 156608100 |
|           CPU_CLK_UNHALTED_REF           |  FIXC2  | 91699500 | 219958000 | 212232800 | 213108200 | 211577100 | 210019800 | 212383700 | 209327400 | 214884600 | 216555000 | 204414800 | 214745800 | 209885400 | 210696000 | 212811400 | 199605300 | 219690200 | 211339200 | 211342400 | 214567300 |
|              PWR_PKG_ENERGY              |   PWR0  |   4.2770 |         0 |         0 |         0 |         0 |    3.7416 |         0 |         0 |         0 |         0 |    3.9510 |         0 |         0 |         0 |         0 |    3.8178 |         0 |         0 |         0 |         0 |
|              PWR_DRAM_ENERGY             |   PWR3  |   0.5432 |         0 |         0 |         0 |         0 |    0.4383 |         0 |         0 |         0 |         0 |    0.3167 |         0 |         0 |         0 |         0 |    0.3676 |         0 |         0 |         0 |         0 |
| FP_ARITH_INST_RETIRED_128B_PACKED_DOUBLE |   PMC0  |     4800 |         0 |         0 |         0 |         0 |         0 |         0 |         0 |         0 |         0 |         0 |         0 |         0 |         0 |         0 |         0 |         0 |         0 |         0 |         0 |
|    FP_ARITH_INST_RETIRED_SCALAR_DOUBLE   |   PMC1  |  9053830 |   6860992 |   6848882 |   6860808 |   6730292 |   6742097 |   6723219 |   6740651 |   6719854 |   6721175 |   6701964 |   6720855 |   6690781 |   6706395 |   6687431 |   6706419 |   6682715 |   6583881 |   6577181 |   6583761 |
| FP_ARITH_INST_RETIRED_256B_PACKED_DOUBLE |   PMC2  |     2800 |         0 |         0 |         0 |         0 |         0 |         0 |         0 |         0 |         0 |         0 |         0 |         0 |         0 |         0 |         0 |         0 |         0 |         0 |         0 |
| FP_ARITH_INST_RETIRED_512B_PACKED_DOUBLE |   PMC3  |    11152 |         0 |         0 |         0 |         0 |         0 |         0 |         0 |         0 |         0 |         0 |         0 |         0 |         0 |         0 |         0 |         0 |         0 |         0 |         0 |
|               CAS_COUNT_RD               | MBOX0C0 |   202018 |         0 |         0 |         0 |         0 |      6178 |         0 |         0 |         0 |         0 |      5485 |         0 |         0 |         0 |         0 |      7175 |         0 |         0 |         0 |         0 |
|               CAS_COUNT_WR               | MBOX0C1 |   325046 |         0 |         0 |         0 |         0 |     17103 |         0 |         0 |         0 |         0 |     16470 |         0 |         0 |         0 |         0 |     19001 |         0 |         0 |         0 |         0 |
|               CAS_COUNT_RD               | MBOX1C0 |   185855 |         0 |         0 |         0 |         0 |      6069 |         0 |         0 |         0 |         0 |      5141 |         0 |         0 |         0 |         0 |      8667 |         0 |         0 |         0 |         0 |
|               CAS_COUNT_WR               | MBOX1C1 |   315852 |         0 |         0 |         0 |         0 |     17002 |         0 |         0 |         0 |         0 |     16212 |         0 |         0 |         0 |         0 |     20135 |         0 |         0 |         0 |         0 |
|               CAS_COUNT_RD               | MBOX2C0 |   175952 |         0 |         0 |         0 |         0 |      9933 |         0 |         0 |         0 |         0 |      9649 |         0 |         0 |         0 |         0 |     11732 |         0 |         0 |         0 |         0 |
|               CAS_COUNT_WR               | MBOX2C1 |   302860 |         0 |         0 |         0 |         0 |     23458 |         0 |         0 |         0 |         0 |     23130 |         0 |         0 |         0 |         0 |     26368 |         0 |         0 |         0 |         0 |
|               CAS_COUNT_RD               | MBOX3C0 |   225057 |         0 |         0 |         0 |         0 |      3061 |         0 |         0 |         0 |         0 |      2648 |         0 |         0 |         0 |         0 |      5279 |         0 |         0 |         0 |         0 |
|               CAS_COUNT_WR               | MBOX3C1 |   344220 |         0 |         0 |         0 |         0 |     15092 |         0 |         0 |         0 |         0 |     14266 |         0 |         0 |         0 |         0 |     17961 |         0 |         0 |         0 |         0 |
|               CAS_COUNT_RD               | MBOX4C0 |   158606 |         0 |         0 |         0 |         0 |      2878 |         0 |         0 |         0 |         0 |      2811 |         0 |         0 |         0 |         0 |      6919 |         0 |         0 |         0 |         0 |
|               CAS_COUNT_WR               | MBOX4C1 |   290450 |         0 |         0 |         0 |         0 |     14821 |         0 |         0 |         0 |         0 |     14442 |         0 |         0 |         0 |         0 |     19445 |         0 |         0 |         0 |         0 |
|               CAS_COUNT_RD               | MBOX5C0 |   155518 |         0 |         0 |         0 |         0 |      2887 |         0 |         0 |         0 |         0 |      2896 |         0 |         0 |         0 |         0 |      7721 |         0 |         0 |         0 |         0 |
|               CAS_COUNT_WR               | MBOX5C1 |   288218 |         0 |         0 |         0 |         0 |     14847 |         0 |         0 |         0 |         0 |     14527 |         0 |         0 |         0 |         0 |     19999 |         0 |         0 |         0 |         0 |
+------------------------------------------+---------+----------+-----------+-----------+-----------+-----------+-----------+-----------+-----------+-----------+-----------+-----------+-----------+-----------+-----------+-----------+-----------+-----------+-----------+-----------+-----------+
+-----------------------------------------------+---------+------------+----------+-----------+--------------+
|                     Event                     | Counter |     Sum    |    Min   |    Max    |      Avg     |
+-----------------------------------------------+---------+------------+----------+-----------+--------------+
|             INSTR_RETIRED_ANY STAT            |  FIXC0  |  714928790 | 32306420 |  88230370 | 3.574644e+07 |
|           CPU_CLK_UNHALTED_CORE STAT          |  FIXC1  | 3007394170 | 66974270 | 160728400 | 1.503697e+08 |
|           CPU_CLK_UNHALTED_REF STAT           |  FIXC2  | 4120843900 | 91699500 | 219958000 |    206042195 |
|              PWR_PKG_ENERGY STAT              |   PWR0  |    15.7874 |        0 |    4.2770 |       0.7894 |
|              PWR_DRAM_ENERGY STAT             |   PWR3  |     1.6658 |        0 |    0.5432 |       0.0833 |
| FP_ARITH_INST_RETIRED_128B_PACKED_DOUBLE STAT |   PMC0  |       4800 |        0 |      4800 |          240 |
|    FP_ARITH_INST_RETIRED_SCALAR_DOUBLE STAT   |   PMC1  |  136643183 |  6577181 |   9053830 | 6.832159e+06 |
| FP_ARITH_INST_RETIRED_256B_PACKED_DOUBLE STAT |   PMC2  |       2800 |        0 |      2800 |          140 |
| FP_ARITH_INST_RETIRED_512B_PACKED_DOUBLE STAT |   PMC3  |      11152 |        0 |     11152 |     557.6000 |
|               CAS_COUNT_RD STAT               | MBOX0C0 |     220856 |        0 |    202018 |   11042.8000 |
|               CAS_COUNT_WR STAT               | MBOX0C1 |     377620 |        0 |    325046 |        18881 |
|               CAS_COUNT_RD STAT               | MBOX1C0 |     205732 |        0 |    185855 |   10286.6000 |
|               CAS_COUNT_WR STAT               | MBOX1C1 |     369201 |        0 |    315852 |   18460.0500 |
|               CAS_COUNT_RD STAT               | MBOX2C0 |     207266 |        0 |    175952 |   10363.3000 |
|               CAS_COUNT_WR STAT               | MBOX2C1 |     375816 |        0 |    302860 |   18790.8000 |
|               CAS_COUNT_RD STAT               | MBOX3C0 |     236045 |        0 |    225057 |   11802.2500 |
|               CAS_COUNT_WR STAT               | MBOX3C1 |     391539 |        0 |    344220 |   19576.9500 |
|               CAS_COUNT_RD STAT               | MBOX4C0 |     171214 |        0 |    158606 |    8560.7000 |
|               CAS_COUNT_WR STAT               | MBOX4C1 |     339158 |        0 |    290450 |   16957.9000 |
|               CAS_COUNT_RD STAT               | MBOX5C0 |     169022 |        0 |    155518 |    8451.1000 |
|               CAS_COUNT_WR STAT               | MBOX5C1 |     337591 |        0 |    288218 |   16879.5500 |
+-----------------------------------------------+---------+------------+----------+-----------+--------------+
+-----------------------------------+-----------+-----------+-----------+-----------+-----------+-----------+-----------+-----------+-----------+-----------+-----------+-----------+-----------+-----------+-----------+-----------+-----------+-----------+-----------+-----------+
|               Metric              |   Core 0  |   Core 1  |   Core 2  |   Core 3  |   Core 4  |  Core 14  |  Core 15  |  Core 16  |  Core 17  |  Core 18  |  Core 28  |  Core 29  |  Core 30  |  Core 31  |  Core 32  |  Core 42  |  Core 43  |  Core 44  |  Core 45  |  Core 46  |
+-----------------------------------+-----------+-----------+-----------+-----------+-----------+-----------+-----------+-----------+-----------+-----------+-----------+-----------+-----------+-----------+-----------+-----------+-----------+-----------+-----------+-----------+
|        Runtime (RDTSC) [s]        |    0.1096 |    0.1143 |    0.1143 |    0.1143 |    0.1143 |    0.1096 |    0.1142 |    0.1143 |    0.1143 |    0.1142 |    0.1095 |    0.1143 |    0.1142 |    0.1143 |    0.1143 |    0.1096 |    0.1143 |    0.1143 |    0.1143 |    0.1143 |
|        Runtime unhalted [s]       |    0.0258 |    0.0620 |    0.0598 |    0.0600 |    0.0596 |    0.0591 |    0.0597 |    0.0589 |    0.0604 |    0.0609 |    0.0575 |    0.0604 |    0.0590 |    0.0592 |    0.0598 |    0.0562 |    0.0618 |    0.0595 |    0.0595 |    0.0604 |
|            Clock [MHz]            | 1894.4034 | 1895.3277 | 1895.1845 | 1895.3363 | 1895.3647 | 1892.3621 | 1892.6313 | 1892.4173 | 1892.3613 | 1892.5555 | 1890.9777 | 1891.3355 | 1891.1381 | 1891.2832 | 1891.1738 | 1892.9963 | 1893.1162 | 1893.1303 | 1893.1249 | 1893.1374 |
|                CPI                |    0.7591 |    4.7340 |    4.6108 |    4.6195 |    4.6594 |    4.6302 |    4.6803 |    4.6195 |    4.7261 |    4.7646 |    4.5634 |    4.7325 |    4.6712 |    4.6793 |    4.7252 |    4.4888 |    4.8655 |    4.7742 |    4.7747 |    4.8304 |
|             Energy [J]            |    4.2770 |         0 |         0 |         0 |         0 |    3.7416 |         0 |         0 |         0 |         0 |    3.9510 |         0 |         0 |         0 |         0 |    3.8178 |         0 |         0 |         0 |         0 |
|             Power [W]             |   39.0166 |         0 |         0 |         0 |         0 |   34.1418 |         0 |         0 |         0 |         0 |   36.0681 |         0 |         0 |         0 |         0 |   34.8485 |         0 |         0 |         0 |         0 |
|          Energy DRAM [J]          |    0.5432 |         0 |         0 |         0 |         0 |    0.4383 |         0 |         0 |         0 |         0 |    0.3167 |         0 |         0 |         0 |         0 |    0.3676 |         0 |         0 |         0 |         0 |
|           Power DRAM [W]          |    4.9551 |         0 |         0 |         0 |         0 |    3.9998 |         0 |         0 |         0 |         0 |    2.8915 |         0 |         0 |         0 |         0 |    3.3554 |         0 |         0 |         0 |         0 |
|            DP [MFLOP/s]           |   83.5956 |   60.0332 |   59.9342 |   60.0143 |   58.8970 |   61.5205 |   58.8535 |   58.9970 |   58.8041 |   58.8357 |   61.1815 |   58.8119 |   58.5690 |   58.6890 |   58.5240 |   61.2154 |   58.4759 |   57.5998 |   57.5570 |   57.6144 |
|          AVX DP [MFLOP/s]         |    0.9160 |         0 |         0 |         0 |         0 |         0 |         0 |         0 |         0 |         0 |         0 |         0 |         0 |         0 |         0 |         0 |         0 |         0 |         0 |         0 |
|          Packed [MUOPS/s]         |    0.1711 |         0 |         0 |         0 |         0 |         0 |         0 |         0 |         0 |         0 |         0 |         0 |         0 |         0 |         0 |         0 |         0 |         0 |         0 |         0 |
|          Scalar [MUOPS/s]         |   82.5920 |   60.0332 |   59.9342 |   60.0143 |   58.8970 |   61.5205 |   58.8535 |   58.9970 |   58.8041 |   58.8357 |   61.1815 |   58.8119 |   58.5690 |   58.6890 |   58.5240 |   61.2154 |   58.4759 |   57.5998 |   57.5570 |   57.6144 |
|  Memory read bandwidth [MBytes/s] |  643.9671 |         0 |         0 |         0 |         0 |   18.1072 |         0 |         0 |         0 |         0 |   16.7270 |         0 |         0 |         0 |         0 |   27.7447 |         0 |         0 |         0 |         0 |
|  Memory read data volume [GBytes] |    0.0706 |         0 |         0 |         0 |         0 |    0.0020 |         0 |         0 |         0 |         0 |    0.0018 |         0 |         0 |         0 |         0 |    0.0030 |         0 |         0 |         0 |         0 |
| Memory write bandwidth [MBytes/s] | 1089.8025 |         0 |         0 |         0 |         0 |   59.7556 |         0 |         0 |         0 |         0 |   57.8681 |         0 |         0 |         0 |         0 |   71.8016 |         0 |         0 |         0 |         0 |
| Memory write data volume [GBytes] |    0.1195 |         0 |         0 |         0 |         0 |    0.0065 |         0 |         0 |         0 |         0 |    0.0063 |         0 |         0 |         0 |         0 |    0.0079 |         0 |         0 |         0 |         0 |
|    Memory bandwidth [MBytes/s]    | 1733.7696 |         0 |         0 |         0 |         0 |   77.8627 |         0 |         0 |         0 |         0 |   74.5951 |         0 |         0 |         0 |         0 |   99.5462 |         0 |         0 |         0 |         0 |
|    Memory data volume [GBytes]    |    0.1901 |         0 |         0 |         0 |         0 |    0.0085 |         0 |         0 |         0 |         0 |    0.0082 |         0 |         0 |         0 |         0 |    0.0109 |         0 |         0 |         0 |         0 |
|       Operational intensity       |    0.0482 |    0.0361 |    0.0360 |    0.0361 |    0.0354 |    0.7901 |    0.7879 |    0.7899 |    0.7875 |    0.7877 |    0.8202 |    0.8225 |    0.8188 |    0.8207 |    0.8184 |    0.6149 |    0.6128 |    0.6037 |    0.6031 |    0.6037 |
+-----------------------------------+-----------+-----------+-----------+-----------+-----------+-----------+-----------+-----------+-----------+-----------+-----------+-----------+-----------+-----------+-----------+-----------+-----------+-----------+-----------+-----------+
+----------------------------------------+------------+-----------+-----------+-----------+
|                 Metric                 |     Sum    |    Min    |    Max    |    Avg    |
+----------------------------------------+------------+-----------+-----------+-----------+
|        Runtime (RDTSC) [s] STAT        |     2.2668 |    0.1095 |    0.1143 |    0.1133 |
|        Runtime unhalted [s] STAT       |     1.1595 |    0.0258 |    0.0620 |    0.0580 |
|            Clock [MHz] STAT            | 37859.3575 | 1890.9777 | 1895.3647 | 1892.9679 |
|                CPI STAT                |    89.9087 |    0.7591 |    4.8655 |    4.4954 |
|             Energy [J] STAT            |    15.7874 |         0 |    4.2770 |    0.7894 |
|             Power [W] STAT             |   144.0750 |         0 |   39.0166 |    7.2037 |
|          Energy DRAM [J] STAT          |     1.6658 |         0 |    0.5432 |    0.0833 |
|           Power DRAM [W] STAT          |    15.2018 |         0 |    4.9551 |    0.7601 |
|            DP [MFLOP/s] STAT           |  1207.7230 |   57.5570 |   83.5956 |   60.3862 |
|          AVX DP [MFLOP/s] STAT         |     0.9160 |         0 |    0.9160 |    0.0458 |
|          Packed [MUOPS/s] STAT         |     0.1711 |         0 |    0.1711 |    0.0086 |
|          Scalar [MUOPS/s] STAT         |  1206.7194 |   57.5570 |   82.5920 |   60.3360 |
|  Memory read bandwidth [MBytes/s] STAT |   706.5460 |         0 |  643.9671 |   35.3273 |
|  Memory read data volume [GBytes] STAT |     0.0774 |         0 |    0.0706 |    0.0039 |
| Memory write bandwidth [MBytes/s] STAT |  1279.2278 |         0 | 1089.8025 |   63.9614 |
| Memory write data volume [GBytes] STAT |     0.1402 |         0 |    0.1195 |    0.0070 |
|    Memory bandwidth [MBytes/s] STAT    |  1985.7736 |         0 | 1733.7696 |   99.2887 |
|    Memory data volume [GBytes] STAT    |     0.2177 |         0 |    0.1901 |    0.0109 |
|       Operational intensity STAT       |    11.2737 |    0.0354 |    0.8225 |    0.5637 |
+----------------------------------------+------------+-----------+-----------+-----------+
--------------------------------------------------------------------------------
CPU name:	Intel(R) Xeon(R) Gold 6132 CPU @ 2.60GHz
CPU type:	Intel Skylake SP processor
CPU clock:	2.59 GHz
--------------------------------------------------------------------------------
Region Solve, Group 1: MEM_DP
+-------------------+----------+----------+----------+----------+----------+----------+----------+----------+----------+----------+----------+----------+----------+----------+----------+----------+----------+----------+----------+----------+
|    Region Info    |  Core 0  |  Core 1  |  Core 2  |  Core 3  |  Core 4  |  Core 14 |  Core 15 |  Core 16 |  Core 17 |  Core 18 |  Core 28 |  Core 29 |  Core 30 |  Core 31 |  Core 32 |  Core 42 |  Core 43 |  Core 44 |  Core 45 |  Core 46 |
+-------------------+----------+----------+----------+----------+----------+----------+----------+----------+----------+----------+----------+----------+----------+----------+----------+----------+----------+----------+----------+----------+
| RDTSC Runtime [s] | 1.973293 | 1.975753 | 1.975754 | 1.975747 | 1.975752 | 1.973302 | 1.975752 | 1.975750 | 1.975756 | 1.975757 | 1.973283 | 1.975756 | 1.975748 | 1.975763 | 1.975751 | 1.973284 | 1.975740 | 1.975746 | 1.975758 | 1.975748 |
|     call count    |        1 |        1 |        1 |        1 |        1 |        1 |        1 |        1 |        1 |        1 |        1 |        1 |        1 |        1 |        1 |        1 |        1 |        1 |        1 |        1 |
+-------------------+----------+----------+----------+----------+----------+----------+----------+----------+----------+----------+----------+----------+----------+----------+----------+----------+----------+----------+----------+----------+
+------------------------------------------+---------+------------+------------+------------+------------+------------+------------+------------+------------+------------+------------+------------+------------+------------+------------+------------+------------+------------+------------+------------+------------+
|                   Event                  | Counter |   Core 0   |   Core 1   |   Core 2   |   Core 3   |   Core 4   |   Core 14  |   Core 15  |   Core 16  |   Core 17  |   Core 18  |   Core 28  |   Core 29  |   Core 30  |   Core 31  |   Core 32  |   Core 42  |   Core 43  |   Core 44  |   Core 45  |   Core 46  |
+------------------------------------------+---------+------------+------------+------------+------------+------------+------------+------------+------------+------------+------------+------------+------------+------------+------------+------------+------------+------------+------------+------------+------------+
|             INSTR_RETIRED_ANY            |  FIXC0  | 4616547000 | 3324676000 | 3337480000 | 3325129000 | 3264737000 | 3224792000 | 3229661000 | 3241282000 | 3206785000 | 3168939000 | 3172057000 | 3181198000 | 3156287000 | 3136841000 | 3131527000 | 3155307000 | 3162691000 | 3129457000 | 3116801000 | 3096573000 |
|           CPU_CLK_UNHALTED_CORE          |  FIXC1  | 2109610000 | 3718155000 | 3722595000 | 3722313000 | 3720710000 | 3664720000 | 3668809000 | 3668280000 | 3669576000 | 3667902000 | 3663618000 | 3669328000 | 3667441000 | 3671865000 | 3670472000 | 3665832000 | 3673922000 | 3673407000 | 3674920000 | 3658293000 |
|           CPU_CLK_UNHALTED_REF           |  FIXC2  | 2886945000 | 5088003000 | 5094081000 | 5093693000 | 5091498000 | 5014880000 | 5020474000 | 5019752000 | 5021526000 | 5019240000 | 5013375000 | 5021192000 | 5018605000 | 5024661000 | 5022751000 | 5016403000 | 5027478000 | 5026770000 | 5028840000 | 5006084000 |
|              PWR_PKG_ENERGY              |   PWR0  |    76.2371 |          0 |          0 |          0 |          0 |    67.7292 |          0 |          0 |          0 |          0 |    71.6567 |          0 |          0 |          0 |          0 |    67.8979 |          0 |          0 |          0 |          0 |
|              PWR_DRAM_ENERGY             |   PWR3  |     8.4259 |          0 |          0 |          0 |          0 |     7.8280 |          0 |          0 |          0 |          0 |     5.8445 |          0 |          0 |          0 |          0 |     6.6119 |          0 |          0 |          0 |          0 |
| FP_ARITH_INST_RETIRED_128B_PACKED_DOUBLE |   PMC0  |      22816 |          0 |          0 |          0 |          0 |          0 |          0 |          0 |          0 |          0 |          0 |          0 |          0 |          0 |          0 |          0 |          0 |          0 |          0 |          0 |
|    FP_ARITH_INST_RETIRED_SCALAR_DOUBLE   |   PMC1  |  845125000 |  872093600 |  882868100 |  871790400 |  850127900 |  840995500 |  841870800 |  842044200 |  823974900 |  814113400 |  815347600 |  818459500 |  823142100 |  820262200 |  819220100 |  825623300 |  832916800 |  829126400 |  818332400 |  805634300 |
| FP_ARITH_INST_RETIRED_256B_PACKED_DOUBLE |   PMC2  |      26128 |          0 |          0 |          0 |          0 |          0 |          0 |          0 |          0 |          0 |          0 |          0 |          0 |          0 |          0 |          0 |          0 |          0 |          0 |          0 |
| FP_ARITH_INST_RETIRED_512B_PACKED_DOUBLE |   PMC3  |      58742 |          0 |          0 |          0 |          0 |          0 |          0 |          0 |          0 |          0 |          0 |          0 |          0 |          0 |          0 |          0 |          0 |          0 |          0 |          0 |
|               CAS_COUNT_RD               | MBOX0C0 |    3205819 |          0 |          0 |          0 |          0 |    1436909 |          0 |          0 |          0 |          0 |    1187966 |          0 |          0 |          0 |          0 |     888035 |          0 |          0 |          0 |          0 |
|               CAS_COUNT_WR               | MBOX0C1 |    2236186 |          0 |          0 |          0 |          0 |    1061749 |          0 |          0 |          0 |          0 |     853404 |          0 |          0 |          0 |          0 |     547694 |          0 |          0 |          0 |          0 |
|               CAS_COUNT_RD               | MBOX1C0 |    3230470 |          0 |          0 |          0 |          0 |    1430524 |          0 |          0 |          0 |          0 |    1166494 |          0 |          0 |          0 |          0 |     975385 |          0 |          0 |          0 |          0 |
|               CAS_COUNT_WR               | MBOX1C1 |    2237039 |          0 |          0 |          0 |          0 |    1060141 |          0 |          0 |          0 |          0 |     825150 |          0 |          0 |          0 |          0 |     630428 |          0 |          0 |          0 |          0 |
|               CAS_COUNT_RD               | MBOX2C0 |    3306392 |          0 |          0 |          0 |          0 |    1438585 |          0 |          0 |          0 |          0 |    1158603 |          0 |          0 |          0 |          0 |     837951 |          0 |          0 |          0 |          0 |
|               CAS_COUNT_WR               | MBOX2C1 |    2238973 |          0 |          0 |          0 |          0 |    1060988 |          0 |          0 |          0 |          0 |     825696 |          0 |          0 |          0 |          0 |     504348 |          0 |          0 |          0 |          0 |
|               CAS_COUNT_RD               | MBOX3C0 |    3674759 |          0 |          0 |          0 |          0 |    1408034 |          0 |          0 |          0 |          0 |    1117203 |          0 |          0 |          0 |          0 |     849241 |          0 |          0 |          0 |          0 |
|               CAS_COUNT_WR               | MBOX3C1 |    2433862 |          0 |          0 |          0 |          0 |    1027710 |          0 |          0 |          0 |          0 |     793771 |          0 |          0 |          0 |          0 |     509653 |          0 |          0 |          0 |          0 |
|               CAS_COUNT_RD               | MBOX4C0 |    3363177 |          0 |          0 |          0 |          0 |    1402805 |          0 |          0 |          0 |          0 |    1142174 |          0 |          0 |          0 |          0 |     826197 |          0 |          0 |          0 |          0 |
|               CAS_COUNT_WR               | MBOX4C1 |    2231892 |          0 |          0 |          0 |          0 |    1034129 |          0 |          0 |          0 |          0 |     821443 |          0 |          0 |          0 |          0 |     473574 |          0 |          0 |          0 |          0 |
|               CAS_COUNT_RD               | MBOX5C0 |    3308836 |          0 |          0 |          0 |          0 |    1411537 |          0 |          0 |          0 |          0 |    1140231 |          0 |          0 |          0 |          0 |    1108180 |          0 |          0 |          0 |          0 |
|               CAS_COUNT_WR               | MBOX5C1 |    2222456 |          0 |          0 |          0 |          0 |    1039540 |          0 |          0 |          0 |          0 |     812699 |          0 |          0 |          0 |          0 |     743512 |          0 |          0 |          0 |          0 |
+------------------------------------------+---------+------------+------------+------------+------------+------------+------------+------------+------------+------------+------------+------------+------------+------------+------------+------------+------------+------------+------------+------------+------------+
+-----------------------------------------------+---------+-------------+------------+------------+-------------+
|                     Event                     | Counter |     Sum     |     Min    |     Max    |     Avg     |
+-----------------------------------------------+---------+-------------+------------+------------+-------------+
|             INSTR_RETIRED_ANY STAT            |  FIXC0  | 65378767000 | 3096573000 | 4616547000 |  3268938350 |
|           CPU_CLK_UNHALTED_CORE STAT          |  FIXC1  | 72021768000 | 2109610000 | 3722595000 |  3601088400 |
|           CPU_CLK_UNHALTED_REF STAT           |  FIXC2  | 98556251000 | 2886945000 | 5094081000 |  4927812550 |
|              PWR_PKG_ENERGY STAT              |   PWR0  |    283.5209 |          0 |    76.2371 |     14.1760 |
|              PWR_DRAM_ENERGY STAT             |   PWR3  |     28.7103 |          0 |     8.4259 |      1.4355 |
| FP_ARITH_INST_RETIRED_128B_PACKED_DOUBLE STAT |   PMC0  |       22816 |          0 |      22816 |   1140.8000 |
|    FP_ARITH_INST_RETIRED_SCALAR_DOUBLE STAT   |   PMC1  | 16693068500 |  805634300 |  882868100 |   834653425 |
| FP_ARITH_INST_RETIRED_256B_PACKED_DOUBLE STAT |   PMC2  |       26128 |          0 |      26128 |   1306.4000 |
| FP_ARITH_INST_RETIRED_512B_PACKED_DOUBLE STAT |   PMC3  |       58742 |          0 |      58742 |   2937.1000 |
|               CAS_COUNT_RD STAT               | MBOX0C0 |     6718729 |          0 |    3205819 | 335936.4500 |
|               CAS_COUNT_WR STAT               | MBOX0C1 |     4699033 |          0 |    2236186 | 234951.6500 |
|               CAS_COUNT_RD STAT               | MBOX1C0 |     6802873 |          0 |    3230470 | 340143.6500 |
|               CAS_COUNT_WR STAT               | MBOX1C1 |     4752758 |          0 |    2237039 | 237637.9000 |
|               CAS_COUNT_RD STAT               | MBOX2C0 |     6741531 |          0 |    3306392 | 337076.5500 |
|               CAS_COUNT_WR STAT               | MBOX2C1 |     4630005 |          0 |    2238973 | 231500.2500 |
|               CAS_COUNT_RD STAT               | MBOX3C0 |     7049237 |          0 |    3674759 | 352461.8500 |
|               CAS_COUNT_WR STAT               | MBOX3C1 |     4764996 |          0 |    2433862 | 238249.8000 |
|               CAS_COUNT_RD STAT               | MBOX4C0 |     6734353 |          0 |    3363177 | 336717.6500 |
|               CAS_COUNT_WR STAT               | MBOX4C1 |     4561038 |          0 |    2231892 | 228051.9000 |
|               CAS_COUNT_RD STAT               | MBOX5C0 |     6968784 |          0 |    3308836 | 348439.2000 |
|               CAS_COUNT_WR STAT               | MBOX5C1 |     4818207 |          0 |    2222456 | 240910.3500 |
+-----------------------------------------------+---------+-------------+------------+------------+-------------+
+-----------------------------------+-----------+-----------+-----------+-----------+-----------+-----------+-----------+-----------+-----------+-----------+-----------+-----------+-----------+-----------+-----------+-----------+-----------+-----------+-----------+-----------+
|               Metric              |   Core 0  |   Core 1  |   Core 2  |   Core 3  |   Core 4  |  Core 14  |  Core 15  |  Core 16  |  Core 17  |  Core 18  |  Core 28  |  Core 29  |  Core 30  |  Core 31  |  Core 32  |  Core 42  |  Core 43  |  Core 44  |  Core 45  |  Core 46  |
+-----------------------------------+-----------+-----------+-----------+-----------+-----------+-----------+-----------+-----------+-----------+-----------+-----------+-----------+-----------+-----------+-----------+-----------+-----------+-----------+-----------+-----------+
|        Runtime (RDTSC) [s]        |    1.9733 |    1.9758 |    1.9758 |    1.9757 |    1.9758 |    1.9733 |    1.9758 |    1.9757 |    1.9758 |    1.9758 |    1.9733 |    1.9758 |    1.9757 |    1.9758 |    1.9758 |    1.9733 |    1.9757 |    1.9757 |    1.9758 |    1.9757 |
|        Runtime unhalted [s]       |    0.8133 |    1.4335 |    1.4352 |    1.4351 |    1.4345 |    1.4129 |    1.4145 |    1.4143 |    1.4148 |    1.4141 |    1.4125 |    1.4147 |    1.4139 |    1.4156 |    1.4151 |    1.4133 |    1.4164 |    1.4162 |    1.4168 |    1.4104 |
|            Clock [MHz]            | 1895.3748 | 1895.4467 | 1895.4459 | 1895.4467 | 1895.4472 | 1895.4472 | 1895.4478 | 1895.4471 | 1895.4469 | 1895.4451 | 1895.4461 | 1895.4448 | 1895.4466 | 1895.4459 | 1895.4473 | 1895.4467 | 1895.4450 | 1895.4463 | 1895.4464 | 1895.4477 |
|                CPI                |    0.4570 |    1.1184 |    1.1154 |    1.1194 |    1.1397 |    1.1364 |    1.1360 |    1.1317 |    1.1443 |    1.1575 |    1.1550 |    1.1534 |    1.1619 |    1.1706 |    1.1721 |    1.1618 |    1.1616 |    1.1738 |    1.1791 |    1.1814 |
|             Energy [J]            |   76.2371 |         0 |         0 |         0 |         0 |   67.7292 |         0 |         0 |         0 |         0 |   71.6567 |         0 |         0 |         0 |         0 |   67.8979 |         0 |         0 |         0 |         0 |
|             Power [W]             |   38.6345 |         0 |         0 |         0 |         0 |   34.3228 |         0 |         0 |         0 |         0 |   36.3135 |         0 |         0 |         0 |         0 |   34.4086 |         0 |         0 |         0 |         0 |
|          Energy DRAM [J]          |    8.4259 |         0 |         0 |         0 |         0 |    7.8280 |         0 |         0 |         0 |         0 |    5.8445 |         0 |         0 |         0 |         0 |    6.6119 |         0 |         0 |         0 |         0 |
|           Power DRAM [W]          |    4.2700 |         0 |         0 |         0 |         0 |    3.9670 |         0 |         0 |         0 |         0 |    2.9618 |         0 |         0 |         0 |         0 |    3.3507 |         0 |         0 |         0 |         0 |
|            DP [MFLOP/s]           |  428.5958 |  441.3981 |  446.8512 |  441.2460 |  430.2807 |  426.1869 |  426.1015 |  426.1896 |  417.0428 |  412.0514 |  413.1934 |  414.2513 |  416.6230 |  415.1622 |  414.6373 |  418.4006 |  421.5721 |  419.6523 |  414.1866 |  407.7617 |
|          AVX DP [MFLOP/s]         |    0.2911 |         0 |         0 |         0 |         0 |         0 |         0 |         0 |         0 |         0 |         0 |         0 |         0 |         0 |         0 |         0 |         0 |         0 |         0 |         0 |
|          Packed [MUOPS/s]         |    0.0546 |         0 |         0 |         0 |         0 |         0 |         0 |         0 |         0 |         0 |         0 |         0 |         0 |         0 |         0 |         0 |         0 |         0 |         0 |         0 |
|          Scalar [MUOPS/s]         |  428.2816 |  441.3981 |  446.8512 |  441.2460 |  430.2807 |  426.1869 |  426.1015 |  426.1896 |  417.0428 |  412.0514 |  413.1934 |  414.2513 |  416.6230 |  415.1622 |  414.6373 |  418.4006 |  421.5721 |  419.6523 |  414.1866 |  407.7617 |
|  Memory read bandwidth [MBytes/s] |  651.5631 |         0 |         0 |         0 |         0 |  276.6010 |         0 |         0 |         0 |         0 |  224.2005 |         0 |         0 |         0 |         0 |  177.8960 |         0 |         0 |         0 |         0 |
|  Memory read data volume [GBytes] |    1.2857 |         0 |         0 |         0 |         0 |    0.5458 |         0 |         0 |         0 |         0 |    0.4424 |         0 |         0 |         0 |         0 |    0.3510 |         0 |         0 |         0 |         0 |
| Memory write bandwidth [MBytes/s] |  441.1033 |         0 |         0 |         0 |         0 |  203.8170 |         0 |         0 |         0 |         0 |  159.9661 |         0 |         0 |         0 |         0 |  110.5717 |         0 |         0 |         0 |         0 |
| Memory write data volume [GBytes] |    0.8704 |         0 |         0 |         0 |         0 |    0.4022 |         0 |         0 |         0 |         0 |    0.3157 |         0 |         0 |         0 |         0 |    0.2182 |         0 |         0 |         0 |         0 |
|    Memory bandwidth [MBytes/s]    | 1092.6665 |         0 |         0 |         0 |         0 |  480.4179 |         0 |         0 |         0 |         0 |  384.1666 |         0 |         0 |         0 |         0 |  288.4677 |         0 |         0 |         0 |         0 |
|    Memory data volume [GBytes]    |    2.1562 |         0 |         0 |         0 |         0 |    0.9480 |         0 |         0 |         0 |         0 |    0.7581 |         0 |         0 |         0 |         0 |    0.5692 |         0 |         0 |         0 |         0 |
|       Operational intensity       |    0.3922 |    0.4045 |    0.4095 |    0.4043 |    0.3943 |    0.8871 |    0.8880 |    0.8882 |    0.8692 |    0.8588 |    1.0756 |    1.0797 |    1.0858 |    1.0820 |    1.0807 |    1.4504 |    1.4632 |    1.4566 |    1.4376 |    1.4153 |
+-----------------------------------+-----------+-----------+-----------+-----------+-----------+-----------+-----------+-----------+-----------+-----------+-----------+-----------+-----------+-----------+-----------+-----------+-----------+-----------+-----------+-----------+
+----------------------------------------+------------+-----------+-----------+-----------+
|                 Metric                 |     Sum    |    Min    |    Max    |    Avg    |
+----------------------------------------+------------+-----------+-----------+-----------+
|        Runtime (RDTSC) [s] STAT        |    39.5054 |    1.9733 |    1.9758 |    1.9753 |
|        Runtime unhalted [s] STAT       |    27.7671 |    0.8133 |    1.4352 |    1.3884 |
|            Clock [MHz] STAT            | 37908.8582 | 1895.3748 | 1895.4478 | 1895.4429 |
|                CPI STAT                |    22.3265 |    0.4570 |    1.1814 |    1.1163 |
|             Energy [J] STAT            |   283.5209 |         0 |   76.2371 |   14.1760 |
|             Power [W] STAT             |   143.6794 |         0 |   38.6345 |    7.1840 |
|          Energy DRAM [J] STAT          |    28.7103 |         0 |    8.4259 |    1.4355 |
|           Power DRAM [W] STAT          |    14.5495 |         0 |    4.2700 |    0.7275 |
|            DP [MFLOP/s] STAT           |  8451.3845 |  407.7617 |  446.8512 |  422.5692 |
|          AVX DP [MFLOP/s] STAT         |     0.2911 |         0 |    0.2911 |    0.0146 |
|          Packed [MUOPS/s] STAT         |     0.0546 |         0 |    0.0546 |    0.0027 |
|          Scalar [MUOPS/s] STAT         |  8451.0703 |  407.7617 |  446.8512 |  422.5535 |
|  Memory read bandwidth [MBytes/s] STAT |  1330.2606 |         0 |  651.5631 |   66.5130 |
|  Memory read data volume [GBytes] STAT |     2.6249 |         0 |    1.2857 |    0.1312 |
| Memory write bandwidth [MBytes/s] STAT |   915.4581 |         0 |  441.1033 |   45.7729 |
| Memory write data volume [GBytes] STAT |     1.8065 |         0 |    0.8704 |    0.0903 |
|    Memory bandwidth [MBytes/s] STAT    |  2245.7187 |         0 | 1092.6665 |  112.2859 |
|    Memory data volume [GBytes] STAT    |     4.4315 |         0 |    2.1562 |    0.2216 |
|       Operational intensity STAT       |    19.0230 |    0.3922 |    1.4632 |    0.9512 |
+----------------------------------------+------------+-----------+-----------+-----------+
