--------------------------------------------------------------------------------
CPU name:	Intel(R) Xeon(R) Gold 6132 CPU @ 2.60GHz
CPU type:	Intel Skylake SP processor
CPU clock:	2.59 GHz
--------------------------------------------------------------------------------
Region Setup, Group 1: MEM_DP
+-------------------+----------+----------+----------+----------+----------+----------+----------+----------+----------+----------+----------+----------+----------+----------+----------+----------+----------+----------+----------+----------+----------+----------+----------+----------+----------+----------+----------+----------+
|    Region Info    |  Core 0  |  Core 1  |  Core 2  |  Core 3  |  Core 4  |  Core 5  |  Core 6  |  Core 14 |  Core 15 |  Core 16 |  Core 17 |  Core 18 |  Core 19 |  Core 20 |  Core 28 |  Core 29 |  Core 30 |  Core 31 |  Core 32 |  Core 33 |  Core 34 |  Core 42 |  Core 43 |  Core 44 |  Core 45 |  Core 46 |  Core 47 |  Core 48 |
+-------------------+----------+----------+----------+----------+----------+----------+----------+----------+----------+----------+----------+----------+----------+----------+----------+----------+----------+----------+----------+----------+----------+----------+----------+----------+----------+----------+----------+----------+
| RDTSC Runtime [s] | 0.108998 | 0.113646 | 0.113647 | 0.113546 | 0.113651 | 0.113624 | 0.113638 | 0.108999 | 0.113594 | 0.113558 | 0.113558 | 0.113589 | 0.113555 | 0.113551 | 0.108887 | 0.113497 | 0.113429 | 0.113481 | 0.113440 | 0.113452 | 0.113496 | 0.108922 | 0.113538 | 0.113568 | 0.113541 | 0.113578 | 0.113568 | 0.113564 |
|     call count    |        2 |        2 |        2 |        2 |        2 |        2 |        2 |        2 |        2 |        2 |        2 |        2 |        2 |        2 |        2 |        2 |        2 |        2 |        2 |        2 |        2 |        2 |        2 |        2 |        2 |        2 |        2 |        2 |
+-------------------+----------+----------+----------+----------+----------+----------+----------+----------+----------+----------+----------+----------+----------+----------+----------+----------+----------+----------+----------+----------+----------+----------+----------+----------+----------+----------+----------+----------+
+------------------------------------------+---------+----------+-----------+-----------+-----------+-----------+-----------+-----------+-----------+-----------+-----------+-----------+-----------+-----------+-----------+-----------+-----------+-----------+-----------+-----------+-----------+-----------+-----------+-----------+-----------+-----------+-----------+-----------+-----------+
|                   Event                  | Counter |  Core 0  |   Core 1  |   Core 2  |   Core 3  |   Core 4  |   Core 5  |   Core 6  |  Core 14  |  Core 15  |  Core 16  |  Core 17  |  Core 18  |  Core 19  |  Core 20  |  Core 28  |  Core 29  |  Core 30  |  Core 31  |  Core 32  |  Core 33  |  Core 34  |  Core 42  |  Core 43  |  Core 44  |  Core 45  |  Core 46  |  Core 47  |  Core 48  |
+------------------------------------------+---------+----------+-----------+-----------+-----------+-----------+-----------+-----------+-----------+-----------+-----------+-----------+-----------+-----------+-----------+-----------+-----------+-----------+-----------+-----------+-----------+-----------+-----------+-----------+-----------+-----------+-----------+-----------+-----------+
|             INSTR_RETIRED_ANY            |  FIXC0  | 80883690 |  26348230 |  26955850 |  26076140 |  26363690 |  26743680 |  26117000 |  25771080 |  26053130 |  26097260 |  25924140 |  26134490 |  25922350 |  25461850 |  25174040 |  25548890 |  25259480 |  25223420 |  25060450 |  25442800 |  25026780 |  24742090 |  25048150 |  25723210 |  24855440 |  24826370 |  25266870 |  25406590 |
|           CPU_CLK_UNHALTED_CORE          |  FIXC1  | 65831180 | 155307300 | 168391100 | 149623500 | 156946900 | 164630500 | 151933500 | 145294100 | 153516500 | 154121800 | 150864800 | 154975900 | 150874000 | 150330100 | 143462600 | 151973200 | 156051500 | 156379000 | 151886800 | 160973900 | 151187700 | 149236100 | 154537900 | 169810700 | 150453100 | 151945300 | 159886900 | 164306100 |
|           CPU_CLK_UNHALTED_REF           |  FIXC2  | 90127230 | 212533600 | 230447200 | 204751000 | 214773100 | 225296900 | 207915400 | 199205800 | 210439800 | 211256800 | 206771700 | 212644500 | 206802500 | 206039500 | 196836100 | 208603600 | 214141100 | 214626700 | 208530100 | 220896100 | 207493000 | 204318600 | 211580100 | 232461600 | 205974500 | 207999400 | 218883500 | 224930700 |
|              PWR_PKG_ENERGY              |   PWR0  |   4.4771 |         0 |         0 |         0 |         0 |         0 |         0 |    3.8836 |         0 |         0 |         0 |         0 |         0 |         0 |    4.0925 |         0 |         0 |         0 |         0 |         0 |         0 |    3.9719 |         0 |         0 |         0 |         0 |         0 |         0 |
|              PWR_DRAM_ENERGY             |   PWR3  |   0.5287 |         0 |         0 |         0 |         0 |         0 |         0 |    0.4355 |         0 |         0 |         0 |         0 |         0 |         0 |    0.3046 |         0 |         0 |         0 |         0 |         0 |         0 |    0.3740 |         0 |         0 |         0 |         0 |         0 |         0 |
| FP_ARITH_INST_RETIRED_128B_PACKED_DOUBLE |   PMC0  |     4800 |         0 |         0 |         0 |         0 |         0 |         0 |         0 |         0 |         0 |         0 |         0 |         0 |         0 |         0 |         0 |         0 |         0 |         0 |         0 |         0 |         0 |         0 |         0 |         0 |         0 |         0 |         0 |
|    FP_ARITH_INST_RETIRED_SCALAR_DOUBLE   |   PMC1  |  7134521 |   4936095 |   4929509 |   4935735 |   4923404 |   4930059 |   4923223 |   4928205 |   4909846 |   4916545 |   4909880 |   4916813 |   4910059 |   4795161 |   4800745 |   4795097 |   4688584 |   4676384 |   4688800 |   4676564 |   4688764 |   4659110 |   4671500 |   4659212 |   4671500 |   4652044 |   4664332 |   4651924 |
| FP_ARITH_INST_RETIRED_256B_PACKED_DOUBLE |   PMC2  |     2800 |         0 |         0 |         0 |         0 |         0 |         0 |         0 |         0 |         0 |         0 |         0 |         0 |         0 |         0 |         0 |         0 |         0 |         0 |         0 |         0 |         0 |         0 |         0 |         0 |         0 |         0 |         0 |
| FP_ARITH_INST_RETIRED_512B_PACKED_DOUBLE |   PMC3  |    11152 |         0 |         0 |         0 |         0 |         0 |         0 |         0 |         0 |         0 |         0 |         0 |         0 |         0 |         0 |         0 |         0 |         0 |         0 |         0 |         0 |         0 |         0 |         0 |         0 |         0 |         0 |         0 |
|               CAS_COUNT_RD               | MBOX0C0 |   184841 |         0 |         0 |         0 |         0 |         0 |         0 |      7056 |         0 |         0 |         0 |         0 |         0 |         0 |      4145 |         0 |         0 |         0 |         0 |         0 |         0 |      6884 |         0 |         0 |         0 |         0 |         0 |         0 |
|               CAS_COUNT_WR               | MBOX0C1 |   315374 |         0 |         0 |         0 |         0 |         0 |         0 |     17772 |         0 |         0 |         0 |         0 |         0 |         0 |     15401 |         0 |         0 |         0 |         0 |         0 |         0 |     21708 |         0 |         0 |         0 |         0 |         0 |         0 |
|               CAS_COUNT_RD               | MBOX1C0 |   168378 |         0 |         0 |         0 |         0 |         0 |         0 |      5314 |         0 |         0 |         0 |         0 |         0 |         0 |      4311 |         0 |         0 |         0 |         0 |         0 |         0 |      7344 |         0 |         0 |         0 |         0 |         0 |         0 |
|               CAS_COUNT_WR               | MBOX1C1 |   308461 |         0 |         0 |         0 |         0 |         0 |         0 |     16630 |         0 |         0 |         0 |         0 |         0 |         0 |     15895 |         0 |         0 |         0 |         0 |         0 |         0 |     21697 |         0 |         0 |         0 |         0 |         0 |         0 |
|               CAS_COUNT_RD               | MBOX2C0 |   167026 |         0 |         0 |         0 |         0 |         0 |         0 |      9472 |         0 |         0 |         0 |         0 |         0 |         0 |      8583 |         0 |         0 |         0 |         0 |         0 |         0 |     10524 |         0 |         0 |         0 |         0 |         0 |         0 |
|               CAS_COUNT_WR               | MBOX2C1 |   301645 |         0 |         0 |         0 |         0 |         0 |         0 |     23019 |         0 |         0 |         0 |         0 |         0 |         0 |     22517 |         0 |         0 |         0 |         0 |         0 |         0 |     28174 |         0 |         0 |         0 |         0 |         0 |         0 |
|               CAS_COUNT_RD               | MBOX3C0 |   193792 |         0 |         0 |         0 |         0 |         0 |         0 |      3442 |         0 |         0 |         0 |         0 |         0 |         0 |      2283 |         0 |         0 |         0 |         0 |         0 |         0 |      4697 |         0 |         0 |         0 |         0 |         0 |         0 |
|               CAS_COUNT_WR               | MBOX3C1 |   325762 |         0 |         0 |         0 |         0 |         0 |         0 |     15652 |         0 |         0 |         0 |         0 |         0 |         0 |     14606 |         0 |         0 |         0 |         0 |         0 |         0 |     20688 |         0 |         0 |         0 |         0 |         0 |         0 |
|               CAS_COUNT_RD               | MBOX4C0 |   145222 |         0 |         0 |         0 |         0 |         0 |         0 |      2810 |         0 |         0 |         0 |         0 |         0 |         0 |      2325 |         0 |         0 |         0 |         0 |         0 |         0 |      7021 |         0 |         0 |         0 |         0 |         0 |         0 |
|               CAS_COUNT_WR               | MBOX4C1 |   285632 |         0 |         0 |         0 |         0 |         0 |         0 |     15125 |         0 |         0 |         0 |         0 |         0 |         0 |     14588 |         0 |         0 |         0 |         0 |         0 |         0 |     22555 |         0 |         0 |         0 |         0 |         0 |         0 |
|               CAS_COUNT_RD               | MBOX5C0 |   137160 |         0 |         0 |         0 |         0 |         0 |         0 |      2606 |         0 |         0 |         0 |         0 |         0 |         0 |      2650 |         0 |         0 |         0 |         0 |         0 |         0 |      8276 |         0 |         0 |         0 |         0 |         0 |         0 |
|               CAS_COUNT_WR               | MBOX5C1 |   282178 |         0 |         0 |         0 |         0 |         0 |         0 |     14897 |         0 |         0 |         0 |         0 |         0 |         0 |     14726 |         0 |         0 |         0 |         0 |         0 |         0 |     23518 |         0 |         0 |         0 |         0 |         0 |         0 |
+------------------------------------------+---------+----------+-----------+-----------+-----------+-----------+-----------+-----------+-----------+-----------+-----------+-----------+-----------+-----------+-----------+-----------+-----------+-----------+-----------+-----------+-----------+-----------+-----------+-----------+-----------+-----------+-----------+-----------+-----------+
+-----------------------------------------------+---------+------------+----------+-----------+--------------+
|                     Event                     | Counter |     Sum    |    Min   |    Max    |      Avg     |
+-----------------------------------------------+---------+------------+----------+-----------+--------------+
|             INSTR_RETIRED_ANY STAT            |  FIXC0  |  773457160 | 24742090 |  80883690 |     27623470 |
|           CPU_CLK_UNHALTED_CORE STAT          |  FIXC1  | 4244731980 | 65831180 | 169810700 | 1.515976e+08 |
|           CPU_CLK_UNHALTED_REF STAT           |  FIXC2  | 5816280130 | 90127230 | 232461600 | 2.077243e+08 |
|              PWR_PKG_ENERGY STAT              |   PWR0  |    16.4251 |        0 |    4.4771 |       0.5866 |
|              PWR_DRAM_ENERGY STAT             |   PWR3  |     1.6428 |        0 |    0.5287 |       0.0587 |
| FP_ARITH_INST_RETIRED_128B_PACKED_DOUBLE STAT |   PMC0  |       4800 |        0 |      4800 |     171.4286 |
|    FP_ARITH_INST_RETIRED_SCALAR_DOUBLE STAT   |   PMC1  |  136643615 |  4651924 |   7134521 | 4.880129e+06 |
| FP_ARITH_INST_RETIRED_256B_PACKED_DOUBLE STAT |   PMC2  |       2800 |        0 |      2800 |          100 |
| FP_ARITH_INST_RETIRED_512B_PACKED_DOUBLE STAT |   PMC3  |      11152 |        0 |     11152 |     398.2857 |
|               CAS_COUNT_RD STAT               | MBOX0C0 |     202926 |        0 |    184841 |    7247.3571 |
|               CAS_COUNT_WR STAT               | MBOX0C1 |     370255 |        0 |    315374 |   13223.3929 |
|               CAS_COUNT_RD STAT               | MBOX1C0 |     185347 |        0 |    168378 |    6619.5357 |
|               CAS_COUNT_WR STAT               | MBOX1C1 |     362683 |        0 |    308461 |   12952.9643 |
|               CAS_COUNT_RD STAT               | MBOX2C0 |     195605 |        0 |    167026 |    6985.8929 |
|               CAS_COUNT_WR STAT               | MBOX2C1 |     375355 |        0 |    301645 |   13405.5357 |
|               CAS_COUNT_RD STAT               | MBOX3C0 |     204214 |        0 |    193792 |    7293.3571 |
|               CAS_COUNT_WR STAT               | MBOX3C1 |     376708 |        0 |    325762 |   13453.8571 |
|               CAS_COUNT_RD STAT               | MBOX4C0 |     157378 |        0 |    145222 |    5620.6429 |
|               CAS_COUNT_WR STAT               | MBOX4C1 |     337900 |        0 |    285632 |   12067.8571 |
|               CAS_COUNT_RD STAT               | MBOX5C0 |     150692 |        0 |    137160 |    5381.8571 |
|               CAS_COUNT_WR STAT               | MBOX5C1 |     335319 |        0 |    282178 |   11975.6786 |
+-----------------------------------------------+---------+------------+----------+-----------+--------------+
+-----------------------------------+-----------+-----------+-----------+-----------+-----------+-----------+-----------+-----------+-----------+-----------+-----------+-----------+-----------+-----------+-----------+-----------+-----------+-----------+-----------+-----------+-----------+-----------+-----------+-----------+-----------+-----------+-----------+-----------+
|               Metric              |   Core 0  |   Core 1  |   Core 2  |   Core 3  |   Core 4  |   Core 5  |   Core 6  |  Core 14  |  Core 15  |  Core 16  |  Core 17  |  Core 18  |  Core 19  |  Core 20  |  Core 28  |  Core 29  |  Core 30  |  Core 31  |  Core 32  |  Core 33  |  Core 34  |  Core 42  |  Core 43  |  Core 44  |  Core 45  |  Core 46  |  Core 47  |  Core 48  |
+-----------------------------------+-----------+-----------+-----------+-----------+-----------+-----------+-----------+-----------+-----------+-----------+-----------+-----------+-----------+-----------+-----------+-----------+-----------+-----------+-----------+-----------+-----------+-----------+-----------+-----------+-----------+-----------+-----------+-----------+
|        Runtime (RDTSC) [s]        |    0.1090 |    0.1136 |    0.1136 |    0.1135 |    0.1137 |    0.1136 |    0.1136 |    0.1090 |    0.1136 |    0.1136 |    0.1136 |    0.1136 |    0.1136 |    0.1136 |    0.1089 |    0.1135 |    0.1134 |    0.1135 |    0.1134 |    0.1135 |    0.1135 |    0.1089 |    0.1135 |    0.1136 |    0.1135 |    0.1136 |    0.1136 |    0.1136 |
|        Runtime unhalted [s]       |    0.0254 |    0.0599 |    0.0649 |    0.0577 |    0.0605 |    0.0635 |    0.0586 |    0.0560 |    0.0592 |    0.0594 |    0.0582 |    0.0597 |    0.0582 |    0.0580 |    0.0553 |    0.0586 |    0.0602 |    0.0603 |    0.0586 |    0.0621 |    0.0583 |    0.0575 |    0.0596 |    0.0655 |    0.0580 |    0.0586 |    0.0616 |    0.0633 |
|            Clock [MHz]            | 1894.5548 | 1895.3780 | 1895.3056 | 1895.4195 | 1895.4154 | 1895.3379 | 1895.3894 | 1891.8102 | 1892.1638 | 1892.2780 | 1892.4673 | 1890.3472 | 1892.3008 | 1892.4613 | 1890.4513 | 1889.6300 | 1890.1640 | 1889.8452 | 1889.2213 | 1890.1618 | 1889.9250 | 1894.5128 | 1894.4875 | 1894.7215 | 1894.6075 | 1894.7711 | 1894.6606 | 1894.6828 |
|                CPI                |    0.8139 |    5.8944 |    6.2469 |    5.7379 |    5.9531 |    6.1559 |    5.8174 |    5.6379 |    5.8924 |    5.9057 |    5.8195 |    5.9299 |    5.8202 |    5.9041 |    5.6988 |    5.9483 |    6.1779 |    6.1998 |    6.0608 |    6.3269 |    6.0410 |    6.0317 |    6.1696 |    6.6015 |    6.0531 |    6.1203 |    6.3279 |    6.4671 |
|             Energy [J]            |    4.4771 |         0 |         0 |         0 |         0 |         0 |         0 |    3.8836 |         0 |         0 |         0 |         0 |         0 |         0 |    4.0925 |         0 |         0 |         0 |         0 |         0 |         0 |    3.9719 |         0 |         0 |         0 |         0 |         0 |         0 |
|             Power [W]             |   41.0745 |         0 |         0 |         0 |         0 |         0 |         0 |   35.6298 |         0 |         0 |         0 |         0 |         0 |         0 |   37.5846 |         0 |         0 |         0 |         0 |         0 |         0 |   36.4656 |         0 |         0 |         0 |         0 |         0 |         0 |
|          Energy DRAM [J]          |    0.5287 |         0 |         0 |         0 |         0 |         0 |         0 |    0.4355 |         0 |         0 |         0 |         0 |         0 |         0 |    0.3046 |         0 |         0 |         0 |         0 |         0 |         0 |    0.3740 |         0 |         0 |         0 |         0 |         0 |         0 |
|           Power DRAM [W]          |    4.8508 |         0 |         0 |         0 |         0 |         0 |         0 |    3.9952 |         0 |         0 |         0 |         0 |         0 |         0 |    2.7975 |         0 |         0 |         0 |         0 |         0 |         0 |    3.4339 |         0 |         0 |         0 |         0 |         0 |         0 |
|            DP [MFLOP/s]           |   66.4647 |   43.4341 |   43.3757 |   43.4692 |   43.3203 |   43.3894 |   43.3239 |   45.2134 |   43.2226 |   43.2954 |   43.2368 |   43.2861 |   43.2395 |   42.2292 |   44.0893 |   42.2488 |   41.3349 |   41.2084 |   41.3329 |   41.2205 |   41.3121 |   42.7746 |   41.1447 |   41.0258 |   41.1438 |   40.9590 |   41.0710 |   40.9631 |
|          AVX DP [MFLOP/s]         |    0.9213 |         0 |         0 |         0 |         0 |         0 |         0 |         0 |         0 |         0 |         0 |         0 |         0 |         0 |         0 |         0 |         0 |         0 |         0 |         0 |         0 |         0 |         0 |         0 |         0 |         0 |         0 |         0 |
|          Packed [MUOPS/s]         |    0.1720 |         0 |         0 |         0 |         0 |         0 |         0 |         0 |         0 |         0 |         0 |         0 |         0 |         0 |         0 |         0 |         0 |         0 |         0 |         0 |         0 |         0 |         0 |         0 |         0 |         0 |         0 |         0 |
|          Scalar [MUOPS/s]         |   65.4553 |   43.4341 |   43.3757 |   43.4692 |   43.3203 |   43.3894 |   43.3239 |   45.2134 |   43.2226 |   43.2954 |   43.2368 |   43.2861 |   43.2395 |   42.2292 |   44.0893 |   42.2488 |   41.3349 |   41.2084 |   41.3329 |   41.2205 |   41.3121 |   42.7746 |   41.1447 |   41.0258 |   41.1438 |   40.9590 |   41.0710 |   40.9631 |
|  Memory read bandwidth [MBytes/s] |  585.0625 |         0 |         0 |         0 |         0 |         0 |         0 |   18.0259 |         0 |         0 |         0 |         0 |         0 |         0 |   14.2809 |         0 |         0 |         0 |         0 |         0 |         0 |   26.2916 |         0 |         0 |         0 |         0 |         0 |         0 |
|  Memory read data volume [GBytes] |    0.0638 |         0 |         0 |         0 |         0 |         0 |         0 |    0.0020 |         0 |         0 |         0 |         0 |         0 |         0 |    0.0016 |         0 |         0 |         0 |         0 |         0 |         0 |    0.0029 |         0 |         0 |         0 |         0 |         0 |         0 |
| Memory write bandwidth [MBytes/s] | 1068.0839 |         0 |         0 |         0 |         0 |         0 |         0 |   60.5336 |         0 |         0 |         0 |         0 |         0 |         0 |   57.4441 |         0 |         0 |         0 |         0 |         0 |         0 |   81.2850 |         0 |         0 |         0 |         0 |         0 |         0 |
| Memory write data volume [GBytes] |    0.1164 |         0 |         0 |         0 |         0 |         0 |         0 |    0.0066 |         0 |         0 |         0 |         0 |         0 |         0 |    0.0063 |         0 |         0 |         0 |         0 |         0 |         0 |    0.0089 |         0 |         0 |         0 |         0 |         0 |         0 |
|    Memory bandwidth [MBytes/s]    | 1653.1464 |         0 |         0 |         0 |         0 |         0 |         0 |   78.5595 |         0 |         0 |         0 |         0 |         0 |         0 |   71.7251 |         0 |         0 |         0 |         0 |         0 |         0 |  107.5766 |         0 |         0 |         0 |         0 |         0 |         0 |
|    Memory data volume [GBytes]    |    0.1802 |         0 |         0 |         0 |         0 |         0 |         0 |    0.0086 |         0 |         0 |         0 |         0 |         0 |         0 |    0.0078 |         0 |         0 |         0 |         0 |         0 |         0 |    0.0117 |         0 |         0 |         0 |         0 |         0 |         0 |
|       Operational intensity       |    0.0402 |    0.0274 |    0.0274 |    0.0274 |    0.0273 |    0.0274 |    0.0273 |    0.5755 |    0.5734 |    0.5742 |    0.5734 |    0.5742 |    0.5734 |    0.5600 |    0.6147 |    0.6140 |    0.6003 |    0.5988 |    0.6004 |    0.5988 |    0.6004 |    0.3976 |    0.3987 |    0.3976 |    0.3987 |    0.3970 |    0.3981 |    0.3970 |
+-----------------------------------+-----------+-----------+-----------+-----------+-----------+-----------+-----------+-----------+-----------+-----------+-----------+-----------+-----------+-----------+-----------+-----------+-----------+-----------+-----------+-----------+-----------+-----------+-----------+-----------+-----------+-----------+-----------+-----------+
+----------------------------------------+------------+-----------+-----------+-----------+
|                 Metric                 |     Sum    |    Min    |    Max    |    Avg    |
+----------------------------------------+------------+-----------+-----------+-----------+
|        Runtime (RDTSC) [s] STAT        |     3.1612 |    0.1089 |    0.1137 |    0.1129 |
|        Runtime unhalted [s] STAT       |     1.6367 |    0.0254 |    0.0655 |    0.0585 |
|            Clock [MHz] STAT            | 53002.4716 | 1889.2213 | 1895.4195 | 1892.9454 |
|                CPI STAT                |   163.7539 |    0.8139 |    6.6015 |    5.8484 |
|             Energy [J] STAT            |    16.4251 |         0 |    4.4771 |    0.5866 |
|             Power [W] STAT             |   150.7545 |         0 |   41.0745 |    5.3841 |
|          Energy DRAM [J] STAT          |     1.6428 |         0 |    0.5287 |    0.0587 |
|           Power DRAM [W] STAT          |    15.0774 |         0 |    4.8508 |    0.5385 |
|            DP [MFLOP/s] STAT           |  1212.3292 |   40.9590 |   66.4647 |   43.2975 |
|          AVX DP [MFLOP/s] STAT         |     0.9213 |         0 |    0.9213 |    0.0329 |
|          Packed [MUOPS/s] STAT         |     0.1720 |         0 |    0.1720 |    0.0061 |
|          Scalar [MUOPS/s] STAT         |  1211.3198 |   40.9590 |   65.4553 |   43.2614 |
|  Memory read bandwidth [MBytes/s] STAT |   643.6609 |         0 |  585.0625 |   22.9879 |
|  Memory read data volume [GBytes] STAT |     0.0703 |         0 |    0.0638 |    0.0025 |
| Memory write bandwidth [MBytes/s] STAT |  1267.3466 |         0 | 1068.0839 |   45.2624 |
| Memory write data volume [GBytes] STAT |     0.1382 |         0 |    0.1164 |    0.0049 |
|    Memory bandwidth [MBytes/s] STAT    |  1911.0076 |         0 | 1653.1464 |   68.2503 |
|    Memory data volume [GBytes] STAT    |     0.2083 |         0 |    0.1802 |    0.0074 |
|       Operational intensity STAT       |    11.2206 |    0.0273 |    0.6147 |    0.4007 |
+----------------------------------------+------------+-----------+-----------+-----------+
--------------------------------------------------------------------------------
CPU name:	Intel(R) Xeon(R) Gold 6132 CPU @ 2.60GHz
CPU type:	Intel Skylake SP processor
CPU clock:	2.59 GHz
--------------------------------------------------------------------------------
Region Solve, Group 1: MEM_DP
+-------------------+----------+----------+----------+----------+----------+----------+----------+----------+----------+----------+----------+----------+----------+----------+----------+----------+----------+----------+----------+----------+----------+----------+----------+----------+----------+----------+----------+----------+
|    Region Info    |  Core 0  |  Core 1  |  Core 2  |  Core 3  |  Core 4  |  Core 5  |  Core 6  |  Core 14 |  Core 15 |  Core 16 |  Core 17 |  Core 18 |  Core 19 |  Core 20 |  Core 28 |  Core 29 |  Core 30 |  Core 31 |  Core 32 |  Core 33 |  Core 34 |  Core 42 |  Core 43 |  Core 44 |  Core 45 |  Core 46 |  Core 47 |  Core 48 |
+-------------------+----------+----------+----------+----------+----------+----------+----------+----------+----------+----------+----------+----------+----------+----------+----------+----------+----------+----------+----------+----------+----------+----------+----------+----------+----------+----------+----------+----------+
| RDTSC Runtime [s] | 1.793591 | 1.796067 | 1.796202 | 1.795997 | 1.796242 | 1.796001 | 1.796253 | 1.793810 | 1.796272 | 1.796177 | 1.796080 | 1.796206 | 1.796265 | 1.796215 | 1.793573 | 1.796145 | 1.795987 | 1.796125 | 1.796164 | 1.796069 | 1.796135 | 1.793625 | 1.795984 | 1.795985 | 1.795991 | 1.796081 | 1.795993 | 1.796074 |
|     call count    |        1 |        1 |        1 |        1 |        1 |        1 |        1 |        1 |        1 |        1 |        1 |        1 |        1 |        1 |        1 |        1 |        1 |        1 |        1 |        1 |        1 |        1 |        1 |        1 |        1 |        1 |        1 |        1 |
+-------------------+----------+----------+----------+----------+----------+----------+----------+----------+----------+----------+----------+----------+----------+----------+----------+----------+----------+----------+----------+----------+----------+----------+----------+----------+----------+----------+----------+----------+
+------------------------------------------+---------+------------+------------+------------+------------+------------+------------+------------+------------+------------+------------+------------+------------+------------+------------+------------+------------+------------+------------+------------+------------+------------+------------+------------+------------+------------+------------+------------+------------+
|                   Event                  | Counter |   Core 0   |   Core 1   |   Core 2   |   Core 3   |   Core 4   |   Core 5   |   Core 6   |   Core 14  |   Core 15  |   Core 16  |   Core 17  |   Core 18  |   Core 19  |   Core 20  |   Core 28  |   Core 29  |   Core 30  |   Core 31  |   Core 32  |   Core 33  |   Core 34  |   Core 42  |   Core 43  |   Core 44  |   Core 45  |   Core 46  |   Core 47  |   Core 48  |
+------------------------------------------+---------+------------+------------+------------+------------+------------+------------+------------+------------+------------+------------+------------+------------+------------+------------+------------+------------+------------+------------+------------+------------+------------+------------+------------+------------+------------+------------+------------+------------+
|             INSTR_RETIRED_ANY            |  FIXC0  | 3735099000 | 2431012000 | 2442191000 | 2447855000 | 2426150000 | 2413289000 | 2411337000 | 2384947000 | 2350592000 | 2360309000 | 2366266000 | 2359952000 | 2350523000 | 2290812000 | 2299583000 | 2302050000 | 2270006000 | 2275238000 | 2266401000 | 2259861000 | 2247578000 | 2235287000 | 2240588000 | 2252761000 | 2250137000 | 2234388000 | 2223465000 | 2213057000 |
|           CPU_CLK_UNHALTED_CORE          |  FIXC1  | 1771084000 | 3380578000 | 3378150000 | 3379757000 | 3381149000 | 3379165000 | 3375545000 | 3325749000 | 3330527000 | 3330981000 | 3330574000 | 3330888000 | 3330868000 | 3331301000 | 3326810000 | 3331807000 | 3331455000 | 3332600000 | 3332661000 | 3330858000 | 3331863000 | 3331179000 | 3337270000 | 3335203000 | 3329323000 | 3339099000 | 3338361000 | 3318602000 |
|           CPU_CLK_UNHALTED_REF           |  FIXC2  | 2423684000 | 4626052000 | 4622734000 | 4624931000 | 4626835000 | 4624120000 | 4619166000 | 4551028000 | 4557564000 | 4558186000 | 4557630000 | 4558061000 | 4558034000 | 4558628000 | 4552663000 | 4559644000 | 4558856000 | 4560407000 | 4560539000 | 4558023000 | 4559527000 | 4558454000 | 4566791000 | 4563965000 | 4555920000 | 4569296000 | 4568284000 | 4541249000 |
|              PWR_PKG_ENERGY              |   PWR0  |    76.4037 |          0 |          0 |          0 |          0 |          0 |          0 |    66.1854 |          0 |          0 |          0 |          0 |          0 |          0 |    71.1839 |          0 |          0 |          0 |          0 |          0 |          0 |    67.2490 |          0 |          0 |          0 |          0 |          0 |          0 |
|              PWR_DRAM_ENERGY             |   PWR3  |     7.6962 |          0 |          0 |          0 |          0 |          0 |          0 |     7.0506 |          0 |          0 |          0 |          0 |          0 |          0 |     5.1611 |          0 |          0 |          0 |          0 |          0 |          0 |     5.9871 |          0 |          0 |          0 |          0 |          0 |          0 |
| FP_ARITH_INST_RETIRED_128B_PACKED_DOUBLE |   PMC0  |      22816 |          0 |          0 |          0 |          0 |          0 |          0 |          0 |          0 |          0 |          0 |          0 |          0 |          0 |          0 |          0 |          0 |          0 |          0 |          0 |          0 |          0 |          0 |          0 |          0 |          0 |          0 |          0 |
|    FP_ARITH_INST_RETIRED_SCALAR_DOUBLE   |   PMC1  |  606688100 |  624352800 |  633872100 |  638472800 |  629384900 |  621583300 |  620764800 |  614669400 |  607210000 |  609795500 |  609108000 |  601991200 |  597228400 |  579667700 |  582629000 |  582079500 |  576105400 |  582383900 |  581104700 |  579464000 |  576570300 |  574059600 |  576317400 |  584018800 |  587118600 |  579473200 |  570623800 |  566333900 |
| FP_ARITH_INST_RETIRED_256B_PACKED_DOUBLE |   PMC2  |      26128 |          0 |          0 |          0 |          0 |          0 |          0 |          0 |          0 |          0 |          0 |          0 |          0 |          0 |          0 |          0 |          0 |          0 |          0 |          0 |          0 |          0 |          0 |          0 |          0 |          0 |          0 |          0 |
| FP_ARITH_INST_RETIRED_512B_PACKED_DOUBLE |   PMC3  |      58742 |          0 |          0 |          0 |          0 |          0 |          0 |          0 |          0 |          0 |          0 |          0 |          0 |          0 |          0 |          0 |          0 |          0 |          0 |          0 |          0 |          0 |          0 |          0 |          0 |          0 |          0 |          0 |
|               CAS_COUNT_RD               | MBOX0C0 |    3074994 |          0 |          0 |          0 |          0 |          0 |          0 |    1196272 |          0 |          0 |          0 |          0 |          0 |          0 |     877911 |          0 |          0 |          0 |          0 |          0 |          0 |     824498 |          0 |          0 |          0 |          0 |          0 |          0 |
|               CAS_COUNT_WR               | MBOX0C1 |    2524068 |          0 |          0 |          0 |          0 |          0 |          0 |     981974 |          0 |          0 |          0 |          0 |          0 |          0 |     689262 |          0 |          0 |          0 |          0 |          0 |          0 |     530763 |          0 |          0 |          0 |          0 |          0 |          0 |
|               CAS_COUNT_RD               | MBOX1C0 |    3053666 |          0 |          0 |          0 |          0 |          0 |          0 |    1198804 |          0 |          0 |          0 |          0 |          0 |          0 |     861239 |          0 |          0 |          0 |          0 |          0 |          0 |     861498 |          0 |          0 |          0 |          0 |          0 |          0 |
|               CAS_COUNT_WR               | MBOX1C1 |    2467703 |          0 |          0 |          0 |          0 |          0 |          0 |    1004964 |          0 |          0 |          0 |          0 |          0 |          0 |     665438 |          0 |          0 |          0 |          0 |          0 |          0 |     596980 |          0 |          0 |          0 |          0 |          0 |          0 |
|               CAS_COUNT_RD               | MBOX2C0 |    3207163 |          0 |          0 |          0 |          0 |          0 |          0 |    1202925 |          0 |          0 |          0 |          0 |          0 |          0 |     884939 |          0 |          0 |          0 |          0 |          0 |          0 |     713239 |          0 |          0 |          0 |          0 |          0 |          0 |
|               CAS_COUNT_WR               | MBOX2C1 |    2496275 |          0 |          0 |          0 |          0 |          0 |          0 |     998343 |          0 |          0 |          0 |          0 |          0 |          0 |     699847 |          0 |          0 |          0 |          0 |          0 |          0 |     435852 |          0 |          0 |          0 |          0 |          0 |          0 |
|               CAS_COUNT_RD               | MBOX3C0 |    3487151 |          0 |          0 |          0 |          0 |          0 |          0 |    1175840 |          0 |          0 |          0 |          0 |          0 |          0 |     841291 |          0 |          0 |          0 |          0 |          0 |          0 |     691042 |          0 |          0 |          0 |          0 |          0 |          0 |
|               CAS_COUNT_WR               | MBOX3C1 |    2536944 |          0 |          0 |          0 |          0 |          0 |          0 |     970605 |          0 |          0 |          0 |          0 |          0 |          0 |     659826 |          0 |          0 |          0 |          0 |          0 |          0 |     431645 |          0 |          0 |          0 |          0 |          0 |          0 |
|               CAS_COUNT_RD               | MBOX4C0 |    2949949 |          0 |          0 |          0 |          0 |          0 |          0 |    1162474 |          0 |          0 |          0 |          0 |          0 |          0 |     838363 |          0 |          0 |          0 |          0 |          0 |          0 |     982806 |          0 |          0 |          0 |          0 |          0 |          0 |
|               CAS_COUNT_WR               | MBOX4C1 |    2401782 |          0 |          0 |          0 |          0 |          0 |          0 |     958393 |          0 |          0 |          0 |          0 |          0 |          0 |     661622 |          0 |          0 |          0 |          0 |          0 |          0 |     681414 |          0 |          0 |          0 |          0 |          0 |          0 |
|               CAS_COUNT_RD               | MBOX5C0 |    2948039 |          0 |          0 |          0 |          0 |          0 |          0 |    1156459 |          0 |          0 |          0 |          0 |          0 |          0 |     841202 |          0 |          0 |          0 |          0 |          0 |          0 |     968388 |          0 |          0 |          0 |          0 |          0 |          0 |
|               CAS_COUNT_WR               | MBOX5C1 |    2414610 |          0 |          0 |          0 |          0 |          0 |          0 |     960271 |          0 |          0 |          0 |          0 |          0 |          0 |     655203 |          0 |          0 |          0 |          0 |          0 |          0 |     685150 |          0 |          0 |          0 |          0 |          0 |          0 |
+------------------------------------------+---------+------------+------------+------------+------------+------------+------------+------------+------------+------------+------------+------------+------------+------------+------------+------------+------------+------------+------------+------------+------------+------------+------------+------------+------------+------------+------------+------------+------------+
+-----------------------------------------------+---------+--------------+------------+------------+--------------+
|                     Event                     | Counter |      Sum     |     Min    |     Max    |      Avg     |
+-----------------------------------------------+---------+--------------+------------+------------+--------------+
|             INSTR_RETIRED_ANY STAT            |  FIXC0  |  66340734000 | 2213057000 | 3735099000 | 2.369312e+09 |
|           CPU_CLK_UNHALTED_CORE STAT          |  FIXC1  |  92003407000 | 1771084000 | 3381149000 | 3.285836e+09 |
|           CPU_CLK_UNHALTED_REF STAT           |  FIXC2  | 125900271000 | 2423684000 | 4626835000 |   4496438250 |
|              PWR_PKG_ENERGY STAT              |   PWR0  |     281.0220 |          0 |    76.4037 |      10.0365 |
|              PWR_DRAM_ENERGY STAT             |   PWR3  |      25.8950 |          0 |     7.6962 |       0.9248 |
| FP_ARITH_INST_RETIRED_128B_PACKED_DOUBLE STAT |   PMC0  |        22816 |          0 |      22816 |     814.8571 |
|    FP_ARITH_INST_RETIRED_SCALAR_DOUBLE STAT   |   PMC1  |  16693071100 |  566333900 |  638472800 | 5.961811e+08 |
| FP_ARITH_INST_RETIRED_256B_PACKED_DOUBLE STAT |   PMC2  |        26128 |          0 |      26128 |     933.1429 |
| FP_ARITH_INST_RETIRED_512B_PACKED_DOUBLE STAT |   PMC3  |        58742 |          0 |      58742 |    2097.9286 |
|               CAS_COUNT_RD STAT               | MBOX0C0 |      5973675 |          0 |    3074994 |  213345.5357 |
|               CAS_COUNT_WR STAT               | MBOX0C1 |      4726067 |          0 |    2524068 |  168788.1071 |
|               CAS_COUNT_RD STAT               | MBOX1C0 |      5975207 |          0 |    3053666 |  213400.2500 |
|               CAS_COUNT_WR STAT               | MBOX1C1 |      4735085 |          0 |    2467703 |  169110.1786 |
|               CAS_COUNT_RD STAT               | MBOX2C0 |      6008266 |          0 |    3207163 |  214580.9286 |
|               CAS_COUNT_WR STAT               | MBOX2C1 |      4630317 |          0 |    2496275 |  165368.4643 |
|               CAS_COUNT_RD STAT               | MBOX3C0 |      6195324 |          0 |    3487151 |  221261.5714 |
|               CAS_COUNT_WR STAT               | MBOX3C1 |      4599020 |          0 |    2536944 |  164250.7143 |
|               CAS_COUNT_RD STAT               | MBOX4C0 |      5933592 |          0 |    2949949 |       211914 |
|               CAS_COUNT_WR STAT               | MBOX4C1 |      4703211 |          0 |    2401782 |  167971.8214 |
|               CAS_COUNT_RD STAT               | MBOX5C0 |      5914088 |          0 |    2948039 |  211217.4286 |
|               CAS_COUNT_WR STAT               | MBOX5C1 |      4715234 |          0 |    2414610 |  168401.2143 |
+-----------------------------------------------+---------+--------------+------------+------------+--------------+
+-----------------------------------+-----------+-----------+-----------+-----------+-----------+-----------+-----------+-----------+-----------+-----------+-----------+-----------+-----------+-----------+-----------+-----------+-----------+-----------+-----------+-----------+-----------+-----------+-----------+-----------+-----------+-----------+-----------+-----------+
|               Metric              |   Core 0  |   Core 1  |   Core 2  |   Core 3  |   Core 4  |   Core 5  |   Core 6  |  Core 14  |  Core 15  |  Core 16  |  Core 17  |  Core 18  |  Core 19  |  Core 20  |  Core 28  |  Core 29  |  Core 30  |  Core 31  |  Core 32  |  Core 33  |  Core 34  |  Core 42  |  Core 43  |  Core 44  |  Core 45  |  Core 46  |  Core 47  |  Core 48  |
+-----------------------------------+-----------+-----------+-----------+-----------+-----------+-----------+-----------+-----------+-----------+-----------+-----------+-----------+-----------+-----------+-----------+-----------+-----------+-----------+-----------+-----------+-----------+-----------+-----------+-----------+-----------+-----------+-----------+-----------+
|        Runtime (RDTSC) [s]        |    1.7936 |    1.7961 |    1.7962 |    1.7960 |    1.7962 |    1.7960 |    1.7963 |    1.7938 |    1.7963 |    1.7962 |    1.7961 |    1.7962 |    1.7963 |    1.7962 |    1.7936 |    1.7961 |    1.7960 |    1.7961 |    1.7962 |    1.7961 |    1.7961 |    1.7936 |    1.7960 |    1.7960 |    1.7960 |    1.7961 |    1.7960 |    1.7961 |
|        Runtime unhalted [s]       |    0.6828 |    1.3033 |    1.3024 |    1.3030 |    1.3036 |    1.3028 |    1.3014 |    1.2822 |    1.2840 |    1.2842 |    1.2841 |    1.2842 |    1.2842 |    1.2843 |    1.2826 |    1.2845 |    1.2844 |    1.2848 |    1.2849 |    1.2842 |    1.2846 |    1.2843 |    1.2866 |    1.2859 |    1.2836 |    1.2874 |    1.2871 |    1.2795 |
|            Clock [MHz]            | 1895.3731 | 1895.4486 | 1895.4467 | 1895.4476 | 1895.4479 | 1895.4479 | 1895.4481 | 1895.4465 | 1895.4474 | 1895.4471 | 1895.4467 | 1895.4462 | 1895.4460 | 1895.4454 | 1895.3702 | 1895.3109 | 1895.4382 | 1895.4448 | 1895.4246 | 1895.4449 | 1895.3914 | 1895.4483 | 1895.4475 | 1895.4465 | 1895.4459 | 1895.4466 | 1895.4475 | 1895.4460 |
|                CPI                |    0.4742 |    1.3906 |    1.3832 |    1.3807 |    1.3936 |    1.4002 |    1.3999 |    1.3945 |    1.4169 |    1.4112 |    1.4075 |    1.4114 |    1.4171 |    1.4542 |    1.4467 |    1.4473 |    1.4676 |    1.4647 |    1.4705 |    1.4739 |    1.4824 |    1.4903 |    1.4895 |    1.4805 |    1.4796 |    1.4944 |    1.5014 |    1.4996 |
|             Energy [J]            |   76.4037 |         0 |         0 |         0 |         0 |         0 |         0 |   66.1854 |         0 |         0 |         0 |         0 |         0 |         0 |   71.1839 |         0 |         0 |         0 |         0 |         0 |         0 |   67.2490 |         0 |         0 |         0 |         0 |         0 |         0 |
|             Power [W]             |   42.5982 |         0 |         0 |         0 |         0 |         0 |         0 |   36.8966 |         0 |         0 |         0 |         0 |         0 |         0 |   39.6883 |         0 |         0 |         0 |         0 |         0 |         0 |   37.4933 |         0 |         0 |         0 |         0 |         0 |         0 |
|          Energy DRAM [J]          |    7.6962 |         0 |         0 |         0 |         0 |         0 |         0 |    7.0506 |         0 |         0 |         0 |         0 |         0 |         0 |    5.1611 |         0 |         0 |         0 |         0 |         0 |         0 |    5.9871 |         0 |         0 |         0 |         0 |         0 |         0 |
|           Power DRAM [W]          |    4.2909 |         0 |         0 |         0 |         0 |         0 |         0 |    3.9305 |         0 |         0 |         0 |         0 |         0 |         0 |    2.8776 |         0 |         0 |         0 |         0 |         0 |         0 |    3.3380 |         0 |         0 |         0 |         0 |         0 |         0 |
|            DP [MFLOP/s]           |  338.5990 |  347.6222 |  352.8958 |  355.4977 |  350.3898 |  346.0930 |  345.5887 |  342.6614 |  338.0390 |  339.4963 |  339.1319 |  335.1460 |  332.4835 |  322.7162 |  324.8426 |  324.0716 |  320.7737 |  324.2446 |  323.5254 |  322.6290 |  321.0061 |  320.0555 |  320.8923 |  325.1802 |  326.9051 |  322.6320 |  317.7205 |  315.3177 |
|          AVX DP [MFLOP/s]         |    0.3203 |         0 |         0 |         0 |         0 |         0 |         0 |         0 |         0 |         0 |         0 |         0 |         0 |         0 |         0 |         0 |         0 |         0 |         0 |         0 |         0 |         0 |         0 |         0 |         0 |         0 |         0 |         0 |
|          Packed [MUOPS/s]         |    0.0600 |         0 |         0 |         0 |         0 |         0 |         0 |         0 |         0 |         0 |         0 |         0 |         0 |         0 |         0 |         0 |         0 |         0 |         0 |         0 |         0 |         0 |         0 |         0 |         0 |         0 |         0 |         0 |
|          Scalar [MUOPS/s]         |  338.2533 |  347.6222 |  352.8958 |  355.4977 |  350.3898 |  346.0930 |  345.5887 |  342.6614 |  338.0390 |  339.4963 |  339.1319 |  335.1460 |  332.4835 |  322.7162 |  324.8426 |  324.0716 |  320.7737 |  324.2446 |  323.5254 |  322.6290 |  321.0061 |  320.0555 |  320.8923 |  325.1802 |  326.9051 |  322.6320 |  317.7205 |  315.3177 |
|  Memory read bandwidth [MBytes/s] |  668.0127 |         0 |         0 |         0 |         0 |         0 |         0 |  253.0578 |         0 |         0 |         0 |         0 |         0 |         0 |  183.5869 |         0 |         0 |         0 |         0 |         0 |         0 |  179.8894 |         0 |         0 |         0 |         0 |         0 |         0 |
|  Memory read data volume [GBytes] |    1.1981 |         0 |         0 |         0 |         0 |         0 |         0 |    0.4539 |         0 |         0 |         0 |         0 |         0 |         0 |    0.3293 |         0 |         0 |         0 |         0 |         0 |         0 |    0.3227 |         0 |         0 |         0 |         0 |         0 |         0 |
| Memory write bandwidth [MBytes/s] |  529.5792 |         0 |         0 |         0 |         0 |         0 |         0 |  209.5937 |         0 |         0 |         0 |         0 |         0 |         0 |  143.8451 |         0 |         0 |         0 |         0 |         0 |         0 |  119.9557 |         0 |         0 |         0 |         0 |         0 |         0 |
| Memory write data volume [GBytes] |    0.9498 |         0 |         0 |         0 |         0 |         0 |         0 |    0.3760 |         0 |         0 |         0 |         0 |         0 |         0 |    0.2580 |         0 |         0 |         0 |         0 |         0 |         0 |    0.2152 |         0 |         0 |         0 |         0 |         0 |         0 |
|    Memory bandwidth [MBytes/s]    | 1197.5919 |         0 |         0 |         0 |         0 |         0 |         0 |  462.6514 |         0 |         0 |         0 |         0 |         0 |         0 |  327.4320 |         0 |         0 |         0 |         0 |         0 |         0 |  299.8451 |         0 |         0 |         0 |         0 |         0 |         0 |
|    Memory data volume [GBytes]    |    2.1480 |         0 |         0 |         0 |         0 |         0 |         0 |    0.8299 |         0 |         0 |         0 |         0 |         0 |         0 |    0.5873 |         0 |         0 |         0 |         0 |         0 |         0 |    0.5378 |         0 |         0 |         0 |         0 |         0 |         0 |
|       Operational intensity       |    0.2827 |    0.2907 |    0.2951 |    0.2972 |    0.2930 |    0.2894 |    0.2890 |    0.7406 |    0.7317 |    0.7348 |    0.7339 |    0.7254 |    0.7196 |    0.6985 |    0.9921 |    0.9912 |    0.9810 |    0.9917 |    0.9895 |    0.9867 |    0.9818 |    1.0674 |    1.0716 |    1.0859 |    1.0917 |    1.0775 |    1.0610 |    1.0530 |
+-----------------------------------+-----------+-----------+-----------+-----------+-----------+-----------+-----------+-----------+-----------+-----------+-----------+-----------+-----------+-----------+-----------+-----------+-----------+-----------+-----------+-----------+-----------+-----------+-----------+-----------+-----------+-----------+-----------+-----------+
+----------------------------------------+------------+-----------+-----------+-----------+
|                 Metric                 |     Sum    |    Min    |    Max    |    Avg    |
+----------------------------------------+------------+-----------+-----------+-----------+
|        Runtime (RDTSC) [s] STAT        |    50.2815 |    1.7936 |    1.7963 |    1.7958 |
|        Runtime unhalted [s] STAT       |    35.4709 |    0.6828 |    1.3036 |    1.2668 |
|            Clock [MHz] STAT            | 53072.1385 | 1895.3109 | 1895.4486 | 1895.4335 |
|                CPI STAT                |    39.4236 |    0.4742 |    1.5014 |    1.4080 |
|             Energy [J] STAT            |   281.0220 |         0 |   76.4037 |   10.0365 |
|             Power [W] STAT             |   156.6764 |         0 |   42.5982 |    5.5956 |
|          Energy DRAM [J] STAT          |    25.8950 |         0 |    7.6962 |    0.9248 |
|           Power DRAM [W] STAT          |    14.4370 |         0 |    4.2909 |    0.5156 |
|            DP [MFLOP/s] STAT           |  9296.1568 |  315.3177 |  355.4977 |  332.0056 |
|          AVX DP [MFLOP/s] STAT         |     0.3203 |         0 |    0.3203 |    0.0114 |
|          Packed [MUOPS/s] STAT         |     0.0600 |         0 |    0.0600 |    0.0021 |
|          Scalar [MUOPS/s] STAT         |  9295.8111 |  315.3177 |  355.4977 |  331.9933 |
|  Memory read bandwidth [MBytes/s] STAT |  1284.5468 |         0 |  668.0127 |   45.8767 |
|  Memory read data volume [GBytes] STAT |     2.3040 |         0 |    1.1981 |    0.0823 |
| Memory write bandwidth [MBytes/s] STAT |  1002.9737 |         0 |  529.5792 |   35.8205 |
| Memory write data volume [GBytes] STAT |     1.7990 |         0 |    0.9498 |    0.0643 |
|    Memory bandwidth [MBytes/s] STAT    |  2287.5204 |         0 | 1197.5919 |   81.6972 |
|    Memory data volume [GBytes] STAT    |     4.1030 |         0 |    2.1480 |    0.1465 |
|       Operational intensity STAT       |    21.5437 |    0.2827 |    1.0917 |    0.7694 |
+----------------------------------------+------------+-----------+-----------+-----------+
