--------------------------------------------------------------------------------
CPU name:	Intel(R) Xeon(R) Gold 6132 CPU @ 2.60GHz
CPU type:	Intel Skylake SP processor
CPU clock:	2.59 GHz
--------------------------------------------------------------------------------
Region Setup, Group 1: MEM_DP
+-------------------+----------+----------+----------+----------+----------+----------+----------+----------+----------+----------+----------+----------+----------+----------+----------+----------+----------+----------+----------+----------+----------+----------+----------+----------+----------+
|    Region Info    |  Core 0  |  Core 1  |  Core 2  |  Core 3  |  Core 4  |  Core 5  |  Core 6  |  Core 14 |  Core 15 |  Core 16 |  Core 17 |  Core 18 |  Core 19 |  Core 28 |  Core 29 |  Core 30 |  Core 31 |  Core 32 |  Core 33 |  Core 42 |  Core 43 |  Core 44 |  Core 45 |  Core 46 |  Core 47 |
+-------------------+----------+----------+----------+----------+----------+----------+----------+----------+----------+----------+----------+----------+----------+----------+----------+----------+----------+----------+----------+----------+----------+----------+----------+----------+----------+
| RDTSC Runtime [s] | 0.145914 | 0.150520 | 0.150535 | 0.150509 | 0.150578 | 0.150503 | 0.150496 | 0.145868 | 0.150527 | 0.110874 | 0.110871 | 0.110940 | 0.150473 | 0.145847 | 0.150505 | 0.150472 | 0.150561 | 0.150536 | 0.150519 | 0.145858 | 0.150519 | 0.150540 | 0.150502 | 0.150541 | 0.150516 |
|     call count    |        2 |        2 |        2 |        2 |        2 |        2 |        2 |        2 |        2 |        2 |        2 |        2 |        2 |        2 |        2 |        2 |        2 |        2 |        2 |        2 |        2 |        2 |        2 |        2 |        2 |
+-------------------+----------+----------+----------+----------+----------+----------+----------+----------+----------+----------+----------+----------+----------+----------+----------+----------+----------+----------+----------+----------+----------+----------+----------+----------+----------+
+------------------------------------------+---------+-----------+-----------+-----------+-----------+-----------+-----------+-----------+-----------+-----------+-----------+-----------+-----------+-----------+-----------+-----------+-----------+-----------+-----------+-----------+-----------+-----------+-----------+-----------+-----------+-----------+
|                   Event                  | Counter |   Core 0  |   Core 1  |   Core 2  |   Core 3  |   Core 4  |   Core 5  |   Core 6  |  Core 14  |  Core 15  |  Core 16  |  Core 17  |  Core 18  |  Core 19  |  Core 28  |  Core 29  |  Core 30  |  Core 31  |  Core 32  |  Core 33  |  Core 42  |  Core 43  |  Core 44  |  Core 45  |  Core 46  |  Core 47  |
+------------------------------------------+---------+-----------+-----------+-----------+-----------+-----------+-----------+-----------+-----------+-----------+-----------+-----------+-----------+-----------+-----------+-----------+-----------+-----------+-----------+-----------+-----------+-----------+-----------+-----------+-----------+-----------+
|             INSTR_RETIRED_ANY            |  FIXC0  |  84698870 |  29856000 |  29989220 |  29863370 |  29797000 |  29969560 |  29820090 |  29510840 |  30277500 |  27795380 |  27703550 |  27667300 |  30089100 |  29461860 |  29712260 |  29673920 |  29541200 |  29693330 |  29682230 |  29859370 |  29748510 |  29491380 |  29053080 |  29650760 |  28590920 |
|           CPU_CLK_UNHALTED_CORE          |  FIXC1  | 108170700 | 190158900 | 193308300 | 190813500 | 189851700 | 193178900 | 191204000 | 185075800 | 201459300 | 148920800 | 147451000 | 146345000 | 199576100 | 186866400 | 192590700 | 191466700 | 191366500 | 194153500 | 194355800 | 197601400 | 195522000 | 189793800 | 189800400 | 200918500 | 191203300 |
|           CPU_CLK_UNHALTED_REF           |  FIXC2  | 148076300 | 260271800 | 264558600 | 261171100 | 259825100 | 264397200 | 261672100 | 254215200 | 276685300 | 204944700 | 202877700 | 201508800 | 274110900 | 256187900 | 264042700 | 262541400 | 262445200 | 266291000 | 266545800 | 271123200 | 268312500 | 260545500 | 260575000 | 275755600 | 262500000 |
|              PWR_PKG_ENERGY              |   PWR0  |    5.7913 |         0 |         0 |         0 |         0 |         0 |         0 |    4.8341 |         0 |         0 |         0 |         0 |         0 |    5.1998 |         0 |         0 |         0 |         0 |         0 |    5.0421 |         0 |         0 |         0 |         0 |         0 |
|              PWR_DRAM_ENERGY             |   PWR3  |    0.6738 |         0 |         0 |         0 |         0 |         0 |         0 |    0.5824 |         0 |         0 |         0 |         0 |         0 |    0.4098 |         0 |         0 |         0 |         0 |         0 |    0.4862 |         0 |         0 |         0 |         0 |         0 |
| FP_ARITH_INST_RETIRED_128B_PACKED_DOUBLE |   PMC0  |      4800 |         0 |         0 |         0 |         0 |         0 |         0 |         0 |         0 |         0 |         0 |         0 |         0 |         0 |         0 |         0 |         0 |         0 |         0 |         0 |         0 |         0 |         0 |         0 |         0 |
|    FP_ARITH_INST_RETIRED_SCALAR_DOUBLE   |   PMC1  |   7613771 |   5415345 |   5408759 |   5412893 |   5405372 |   5411967 |   5400803 |   5405423 |   5398738 |   5405605 |   5399084 |   5405657 |   5388023 |   5391207 |   5383397 |   5390155 |   5383143 |   5389915 |   5383081 |   5389845 |   5383205 |   5389905 |   5265383 |   5284371 |   5138406 |
| FP_ARITH_INST_RETIRED_256B_PACKED_DOUBLE |   PMC2  |      2800 |         0 |         0 |         0 |         0 |         0 |         0 |         0 |         0 |         0 |         0 |         0 |         0 |         0 |         0 |         0 |         0 |         0 |         0 |         0 |         0 |         0 |         0 |         0 |         0 |
| FP_ARITH_INST_RETIRED_512B_PACKED_DOUBLE |   PMC3  |     11152 |         0 |         0 |         0 |         0 |         0 |         0 |         0 |         0 |         0 |         0 |         0 |         0 |         0 |         0 |         0 |         0 |         0 |         0 |         0 |         0 |         0 |         0 |         0 |         0 |
|               CAS_COUNT_RD               | MBOX0C0 |    182620 |         0 |         0 |         0 |         0 |         0 |         0 |      9546 |         0 |         0 |         0 |         0 |         0 |      6876 |         0 |         0 |         0 |         0 |         0 |      9081 |         0 |         0 |         0 |         0 |         0 |
|               CAS_COUNT_WR               | MBOX0C1 |    306067 |         0 |         0 |         0 |         0 |         0 |         0 |     19090 |         0 |         0 |         0 |         0 |         0 |     18242 |         0 |         0 |         0 |         0 |         0 |     24349 |         0 |         0 |         0 |         0 |         0 |
|               CAS_COUNT_RD               | MBOX1C0 |    174187 |         0 |         0 |         0 |         0 |         0 |         0 |      6941 |         0 |         0 |         0 |         0 |         0 |      6851 |         0 |         0 |         0 |         0 |         0 |      7801 |         0 |         0 |         0 |         0 |         0 |
|               CAS_COUNT_WR               | MBOX1C1 |    306990 |         0 |         0 |         0 |         0 |         0 |         0 |     17387 |         0 |         0 |         0 |         0 |         0 |     18655 |         0 |         0 |         0 |         0 |         0 |     23230 |         0 |         0 |         0 |         0 |         0 |
|               CAS_COUNT_RD               | MBOX2C0 |    167274 |         0 |         0 |         0 |         0 |         0 |         0 |     10462 |         0 |         0 |         0 |         0 |         0 |     10984 |         0 |         0 |         0 |         0 |         0 |     11681 |         0 |         0 |         0 |         0 |         0 |
|               CAS_COUNT_WR               | MBOX2C1 |    296112 |         0 |         0 |         0 |         0 |         0 |         0 |     23181 |         0 |         0 |         0 |         0 |         0 |     25071 |         0 |         0 |         0 |         0 |         0 |     29907 |         0 |         0 |         0 |         0 |         0 |
|               CAS_COUNT_RD               | MBOX3C0 |    185406 |         0 |         0 |         0 |         0 |         0 |         0 |      4555 |         0 |         0 |         0 |         0 |         0 |      4071 |         0 |         0 |         0 |         0 |         0 |      6355 |         0 |         0 |         0 |         0 |         0 |
|               CAS_COUNT_WR               | MBOX3C1 |    316679 |         0 |         0 |         0 |         0 |         0 |         0 |     15926 |         0 |         0 |         0 |         0 |         0 |     16723 |         0 |         0 |         0 |         0 |         0 |     22628 |         0 |         0 |         0 |         0 |         0 |
|               CAS_COUNT_RD               | MBOX4C0 |    146251 |         0 |         0 |         0 |         0 |         0 |         0 |      5685 |         0 |         0 |         0 |         0 |         0 |      4037 |         0 |         0 |         0 |         0 |         0 |      4988 |         0 |         0 |         0 |         0 |         0 |
|               CAS_COUNT_WR               | MBOX4C1 |    279861 |         0 |         0 |         0 |         0 |         0 |         0 |     16326 |         0 |         0 |         0 |         0 |         0 |     16532 |         0 |         0 |         0 |         0 |         0 |     21394 |         0 |         0 |         0 |         0 |         0 |
|               CAS_COUNT_RD               | MBOX5C0 |    138522 |         0 |         0 |         0 |         0 |         0 |         0 |      3909 |         0 |         0 |         0 |         0 |         0 |      4071 |         0 |         0 |         0 |         0 |         0 |      9512 |         0 |         0 |         0 |         0 |         0 |
|               CAS_COUNT_WR               | MBOX5C1 |    276383 |         0 |         0 |         0 |         0 |         0 |         0 |     15357 |         0 |         0 |         0 |         0 |         0 |     16701 |         0 |         0 |         0 |         0 |         0 |     25352 |         0 |         0 |         0 |         0 |         0 |
+------------------------------------------+---------+-----------+-----------+-----------+-----------+-----------+-----------+-----------+-----------+-----------+-----------+-----------+-----------+-----------+-----------+-----------+-----------+-----------+-----------+-----------+-----------+-----------+-----------+-----------+-----------+-----------+
+-----------------------------------------------+---------+------------+-----------+-----------+--------------+
|                     Event                     | Counter |     Sum    |    Min    |    Max    |      Avg     |
+-----------------------------------------------+---------+------------+-----------+-----------+--------------+
|             INSTR_RETIRED_ANY STAT            |  FIXC0  |  791196600 |  27667300 |  84698870 |     31647864 |
|           CPU_CLK_UNHALTED_CORE STAT          |  FIXC1  | 4601153000 | 108170700 | 201459300 |    184046120 |
|           CPU_CLK_UNHALTED_REF STAT           |  FIXC2  | 6311180600 | 148076300 | 276685300 |    252447224 |
|              PWR_PKG_ENERGY STAT              |   PWR0  |    20.8673 |         0 |    5.7913 |       0.8347 |
|              PWR_DRAM_ENERGY STAT             |   PWR3  |     2.1522 |         0 |    0.6738 |       0.0861 |
| FP_ARITH_INST_RETIRED_128B_PACKED_DOUBLE STAT |   PMC0  |       4800 |         0 |      4800 |          192 |
|    FP_ARITH_INST_RETIRED_SCALAR_DOUBLE STAT   |   PMC1  |  136643453 |   5138406 |   7613771 | 5.465738e+06 |
| FP_ARITH_INST_RETIRED_256B_PACKED_DOUBLE STAT |   PMC2  |       2800 |         0 |      2800 |          112 |
| FP_ARITH_INST_RETIRED_512B_PACKED_DOUBLE STAT |   PMC3  |      11152 |         0 |     11152 |     446.0800 |
|               CAS_COUNT_RD STAT               | MBOX0C0 |     208123 |         0 |    182620 |    8324.9200 |
|               CAS_COUNT_WR STAT               | MBOX0C1 |     367748 |         0 |    306067 |   14709.9200 |
|               CAS_COUNT_RD STAT               | MBOX1C0 |     195780 |         0 |    174187 |    7831.2000 |
|               CAS_COUNT_WR STAT               | MBOX1C1 |     366262 |         0 |    306990 |   14650.4800 |
|               CAS_COUNT_RD STAT               | MBOX2C0 |     200401 |         0 |    167274 |    8016.0400 |
|               CAS_COUNT_WR STAT               | MBOX2C1 |     374271 |         0 |    296112 |   14970.8400 |
|               CAS_COUNT_RD STAT               | MBOX3C0 |     200387 |         0 |    185406 |    8015.4800 |
|               CAS_COUNT_WR STAT               | MBOX3C1 |     371956 |         0 |    316679 |   14878.2400 |
|               CAS_COUNT_RD STAT               | MBOX4C0 |     160961 |         0 |    146251 |    6438.4400 |
|               CAS_COUNT_WR STAT               | MBOX4C1 |     334113 |         0 |    279861 |   13364.5200 |
|               CAS_COUNT_RD STAT               | MBOX5C0 |     156014 |         0 |    138522 |    6240.5600 |
|               CAS_COUNT_WR STAT               | MBOX5C1 |     333793 |         0 |    276383 |   13351.7200 |
+-----------------------------------------------+---------+------------+-----------+-----------+--------------+
+-----------------------------------+-----------+-----------+-----------+-----------+-----------+-----------+-----------+-----------+-----------+-----------+-----------+-----------+-----------+-----------+-----------+-----------+-----------+-----------+-----------+-----------+-----------+-----------+-----------+-----------+-----------+
|               Metric              |   Core 0  |   Core 1  |   Core 2  |   Core 3  |   Core 4  |   Core 5  |   Core 6  |  Core 14  |  Core 15  |  Core 16  |  Core 17  |  Core 18  |  Core 19  |  Core 28  |  Core 29  |  Core 30  |  Core 31  |  Core 32  |  Core 33  |  Core 42  |  Core 43  |  Core 44  |  Core 45  |  Core 46  |  Core 47  |
+-----------------------------------+-----------+-----------+-----------+-----------+-----------+-----------+-----------+-----------+-----------+-----------+-----------+-----------+-----------+-----------+-----------+-----------+-----------+-----------+-----------+-----------+-----------+-----------+-----------+-----------+-----------+
|        Runtime (RDTSC) [s]        |    0.1459 |    0.1505 |    0.1505 |    0.1505 |    0.1506 |    0.1505 |    0.1505 |    0.1459 |    0.1505 |    0.1109 |    0.1109 |    0.1109 |    0.1505 |    0.1458 |    0.1505 |    0.1505 |    0.1506 |    0.1505 |    0.1505 |    0.1459 |    0.1505 |    0.1505 |    0.1505 |    0.1505 |    0.1505 |
|        Runtime unhalted [s]       |    0.0417 |    0.0733 |    0.0745 |    0.0736 |    0.0732 |    0.0745 |    0.0737 |    0.0714 |    0.0777 |    0.0574 |    0.0568 |    0.0564 |    0.0769 |    0.0720 |    0.0743 |    0.0738 |    0.0738 |    0.0749 |    0.0749 |    0.0762 |    0.0754 |    0.0732 |    0.0732 |    0.0775 |    0.0737 |
|            Clock [MHz]            | 1894.7471 | 1895.0327 | 1895.2032 | 1895.0085 | 1895.2241 | 1895.0907 | 1895.2510 | 1888.3187 | 1888.5497 | 1884.7157 | 1885.1269 | 1883.6970 | 1888.4670 | 1891.9070 | 1891.8571 | 1891.5709 | 1891.2740 | 1891.1062 | 1891.2670 | 1890.3861 | 1890.0875 | 1889.4074 | 1889.2592 | 1889.8301 | 1889.2666 |
|                CPI                |    1.2771 |    6.3692 |    6.4459 |    6.3896 |    6.3715 |    6.4458 |    6.4119 |    6.2715 |    6.6538 |    5.3578 |    5.3225 |    5.2895 |    6.6328 |    6.3427 |    6.4819 |    6.4524 |    6.4780 |    6.5386 |    6.5479 |    6.6177 |    6.5725 |    6.4356 |    6.5329 |    6.7762 |    6.6876 |
|             Energy [J]            |    5.7913 |         0 |         0 |         0 |         0 |         0 |         0 |    4.8341 |         0 |         0 |         0 |         0 |         0 |    5.1998 |         0 |         0 |         0 |         0 |         0 |    5.0421 |         0 |         0 |         0 |         0 |         0 |
|             Power [W]             |   39.6897 |         0 |         0 |         0 |         0 |         0 |         0 |   33.1403 |         0 |         0 |         0 |         0 |         0 |   35.6527 |         0 |         0 |         0 |         0 |         0 |   34.5687 |         0 |         0 |         0 |         0 |         0 |
|          Energy DRAM [J]          |    0.6738 |         0 |         0 |         0 |         0 |         0 |         0 |    0.5824 |         0 |         0 |         0 |         0 |         0 |    0.4098 |         0 |         0 |         0 |         0 |         0 |    0.4862 |         0 |         0 |         0 |         0 |         0 |
|           Power DRAM [W]          |    4.6175 |         0 |         0 |         0 |         0 |         0 |         0 |    3.9926 |         0 |         0 |         0 |         0 |         0 |    2.8095 |         0 |         0 |         0 |         0 |         0 |    3.3336 |         0 |         0 |         0 |         0 |         0 |
|            DP [MFLOP/s]           |   52.9340 |   35.9775 |   35.9302 |   35.9640 |   35.8976 |   35.9591 |   35.8867 |   37.0570 |   35.8655 |   48.7547 |   48.6971 |   48.7261 |   35.8073 |   36.9649 |   35.7688 |   35.8216 |   35.7538 |   35.8049 |   35.7634 |   36.9528 |   35.7644 |   35.8038 |   34.9854 |   35.1026 |   34.1386 |
|          AVX DP [MFLOP/s]         |    0.6882 |         0 |         0 |         0 |         0 |         0 |         0 |         0 |         0 |         0 |         0 |         0 |         0 |         0 |         0 |         0 |         0 |         0 |         0 |         0 |         0 |         0 |         0 |         0 |         0 |
|          Packed [MUOPS/s]         |    0.1285 |         0 |         0 |         0 |         0 |         0 |         0 |         0 |         0 |         0 |         0 |         0 |         0 |         0 |         0 |         0 |         0 |         0 |         0 |         0 |         0 |         0 |         0 |         0 |         0 |
|          Scalar [MUOPS/s]         |   52.1800 |   35.9775 |   35.9302 |   35.9640 |   35.8976 |   35.9591 |   35.8867 |   37.0570 |   35.8655 |   48.7547 |   48.6971 |   48.7261 |   35.8073 |   36.9649 |   35.7688 |   35.8216 |   35.7538 |   35.8049 |   35.7634 |   36.9528 |   35.7644 |   35.8038 |   34.9854 |   35.1026 |   34.1386 |
|  Memory read bandwidth [MBytes/s] |  436.0981 |         0 |         0 |         0 |         0 |         0 |         0 |   18.0319 |         0 |         0 |         0 |         0 |         0 |   16.1880 |         0 |         0 |         0 |         0 |         0 |   21.6838 |         0 |         0 |         0 |         0 |         0 |
|  Memory read data volume [GBytes] |    0.0636 |         0 |         0 |         0 |         0 |         0 |         0 |    0.0026 |         0 |         0 |         0 |         0 |         0 |    0.0024 |         0 |         0 |         0 |         0 |         0 |    0.0032 |         0 |         0 |         0 |         0 |         0 |
| Memory write bandwidth [MBytes/s] |  781.6536 |         0 |         0 |         0 |         0 |         0 |         0 |   47.0638 |         0 |         0 |         0 |         0 |         0 |   49.1142 |         0 |         0 |         0 |         0 |         0 |   64.4398 |         0 |         0 |         0 |         0 |         0 |
| Memory write data volume [GBytes] |    0.1141 |         0 |         0 |         0 |         0 |         0 |         0 |    0.0069 |         0 |         0 |         0 |         0 |         0 |    0.0072 |         0 |         0 |         0 |         0 |         0 |    0.0094 |         0 |         0 |         0 |         0 |         0 |
|    Memory bandwidth [MBytes/s]    | 1217.7517 |         0 |         0 |         0 |         0 |         0 |         0 |   65.0957 |         0 |         0 |         0 |         0 |         0 |   65.3021 |         0 |         0 |         0 |         0 |         0 |   86.1236 |         0 |         0 |         0 |         0 |         0 |
|    Memory data volume [GBytes]    |    0.1777 |         0 |         0 |         0 |         0 |         0 |         0 |    0.0095 |         0 |         0 |         0 |         0 |         0 |    0.0095 |         0 |         0 |         0 |         0 |         0 |    0.0126 |         0 |         0 |         0 |         0 |         0 |
|       Operational intensity       |    0.0435 |    0.0305 |    0.0304 |    0.0305 |    0.0304 |    0.0305 |    0.0304 |    0.5693 |    0.5686 |    0.5693 |    0.5686 |    0.5693 |    0.5674 |    0.5661 |    0.5652 |    0.5659 |    0.5652 |    0.5659 |    0.5652 |    0.4291 |    0.4285 |    0.4291 |    0.4192 |    0.4207 |    0.4091 |
+-----------------------------------+-----------+-----------+-----------+-----------+-----------+-----------+-----------+-----------+-----------+-----------+-----------+-----------+-----------+-----------+-----------+-----------+-----------+-----------+-----------+-----------+-----------+-----------+-----------+-----------+-----------+
+----------------------------------------+------------+-----------+-----------+-----------+
|                 Metric                 |     Sum    |    Min    |    Max    |    Avg    |
+----------------------------------------+------------+-----------+-----------+-----------+
|        Runtime (RDTSC) [s] STAT        |     3.6254 |    0.1109 |    0.1506 |    0.1450 |
|        Runtime unhalted [s] STAT       |     1.7740 |    0.0417 |    0.0777 |    0.0710 |
|            Clock [MHz] STAT            | 47271.6514 | 1883.6970 | 1895.2510 | 1890.8661 |
|                CPI STAT                |   153.7029 |    1.2771 |    6.7762 |    6.1481 |
|             Energy [J] STAT            |    20.8673 |         0 |    5.7913 |    0.8347 |
|             Power [W] STAT             |   143.0514 |         0 |   39.6897 |    5.7221 |
|          Energy DRAM [J] STAT          |     2.1522 |         0 |    0.6738 |    0.0861 |
|           Power DRAM [W] STAT          |    14.7532 |         0 |    4.6175 |    0.5901 |
|            DP [MFLOP/s] STAT           |   952.0818 |   34.1386 |   52.9340 |   38.0833 |
|          AVX DP [MFLOP/s] STAT         |     0.6882 |         0 |    0.6882 |    0.0275 |
|          Packed [MUOPS/s] STAT         |     0.1285 |         0 |    0.1285 |    0.0051 |
|          Scalar [MUOPS/s] STAT         |   951.3278 |   34.1386 |   52.1800 |   38.0531 |
|  Memory read bandwidth [MBytes/s] STAT |   492.0018 |         0 |  436.0981 |   19.6801 |
|  Memory read data volume [GBytes] STAT |     0.0718 |         0 |    0.0636 |    0.0029 |
| Memory write bandwidth [MBytes/s] STAT |   942.2714 |         0 |  781.6536 |   37.6909 |
| Memory write data volume [GBytes] STAT |     0.1376 |         0 |    0.1141 |    0.0055 |
|    Memory bandwidth [MBytes/s] STAT    |  1434.2731 |         0 | 1217.7517 |   57.3709 |
|    Memory data volume [GBytes] STAT    |     0.2093 |         0 |    0.1777 |    0.0084 |
|       Operational intensity STAT       |     9.5679 |    0.0304 |    0.5693 |    0.3827 |
+----------------------------------------+------------+-----------+-----------+-----------+
--------------------------------------------------------------------------------
CPU name:	Intel(R) Xeon(R) Gold 6132 CPU @ 2.60GHz
CPU type:	Intel Skylake SP processor
CPU clock:	2.59 GHz
--------------------------------------------------------------------------------
Region Solve, Group 1: MEM_DP
+-------------------+----------+----------+----------+----------+----------+----------+----------+----------+----------+----------+----------+----------+----------+----------+----------+----------+----------+----------+----------+----------+----------+----------+----------+----------+----------+
|    Region Info    |  Core 0  |  Core 1  |  Core 2  |  Core 3  |  Core 4  |  Core 5  |  Core 6  |  Core 14 |  Core 15 |  Core 16 |  Core 17 |  Core 18 |  Core 19 |  Core 28 |  Core 29 |  Core 30 |  Core 31 |  Core 32 |  Core 33 |  Core 42 |  Core 43 |  Core 44 |  Core 45 |  Core 46 |  Core 47 |
+-------------------+----------+----------+----------+----------+----------+----------+----------+----------+----------+----------+----------+----------+----------+----------+----------+----------+----------+----------+----------+----------+----------+----------+----------+----------+----------+
| RDTSC Runtime [s] | 1.823479 | 1.825954 | 1.825956 | 1.825945 | 1.825958 | 1.825948 | 1.825958 | 1.823501 | 1.825959 | 1.825963 | 1.825966 | 1.825957 | 1.825958 | 1.823495 | 1.825968 | 1.825953 | 1.825960 | 1.825965 | 1.825965 | 1.823495 | 1.825953 | 1.825952 | 1.825951 | 1.825954 | 1.825954 |
|     call count    |        1 |        1 |        1 |        1 |        1 |        1 |        1 |        1 |        1 |        1 |        1 |        1 |        1 |        1 |        1 |        1 |        1 |        1 |        1 |        1 |        1 |        1 |        1 |        1 |        1 |
+-------------------+----------+----------+----------+----------+----------+----------+----------+----------+----------+----------+----------+----------+----------+----------+----------+----------+----------+----------+----------+----------+----------+----------+----------+----------+----------+
+------------------------------------------+---------+------------+------------+------------+------------+------------+------------+------------+------------+------------+------------+------------+------------+------------+------------+------------+------------+------------+------------+------------+------------+------------+------------+------------+------------+------------+
|                   Event                  | Counter |   Core 0   |   Core 1   |   Core 2   |   Core 3   |   Core 4   |   Core 5   |   Core 6   |   Core 14  |   Core 15  |   Core 16  |   Core 17  |   Core 18  |   Core 19  |   Core 28  |   Core 29  |   Core 30  |   Core 31  |   Core 32  |   Core 33  |   Core 42  |   Core 43  |   Core 44  |   Core 45  |   Core 46  |   Core 47  |
+------------------------------------------+---------+------------+------------+------------+------------+------------+------------+------------+------------+------------+------------+------------+------------+------------+------------+------------+------------+------------+------------+------------+------------+------------+------------+------------+------------+------------+
|             INSTR_RETIRED_ANY            |  FIXC0  | 3938638000 | 2649059000 | 2662365000 | 2658137000 | 2646831000 | 2632052000 | 2608512000 | 2592656000 | 2601862000 | 2609883000 | 2601240000 | 2597007000 | 2551500000 | 2556221000 | 2558109000 | 2566949000 | 2559503000 | 2549782000 | 2558567000 | 2567131000 | 2584947000 | 2594947000 | 2548663000 | 2519275000 | 2440386000 |
|           CPU_CLK_UNHALTED_CORE          |  FIXC1  | 1831676000 | 3441924000 | 3441209000 | 3441290000 | 3441302000 | 3440681000 | 3439589000 | 3399774000 | 3406105000 | 3406139000 | 3406110000 | 3405591000 | 3403345000 | 3400794000 | 3406675000 | 3405732000 | 3406393000 | 3406564000 | 3405800000 | 3397362000 | 3409479000 | 3407631000 | 3409342000 | 3410520000 | 3386119000 |
|           CPU_CLK_UNHALTED_REF           |  FIXC2  | 2506828000 | 4709997000 | 4709021000 | 4709133000 | 4709145000 | 4708299000 | 4706802000 | 4652322000 | 4660984000 | 4661033000 | 4660995000 | 4660288000 | 4657208000 | 4653719000 | 4661765000 | 4660476000 | 4661380000 | 4661615000 | 4660568000 | 4649023000 | 4665605000 | 4663076000 | 4665416000 | 4667026000 | 4633635000 |
|              PWR_PKG_ENERGY              |   PWR0  |    77.6717 |          0 |          0 |          0 |          0 |          0 |          0 |    65.2585 |          0 |          0 |          0 |          0 |          0 |    69.9219 |          0 |          0 |          0 |          0 |          0 |    66.2413 |          0 |          0 |          0 |          0 |          0 |
|              PWR_DRAM_ENERGY             |   PWR3  |     7.8484 |          0 |          0 |          0 |          0 |          0 |          0 |     7.1545 |          0 |          0 |          0 |          0 |          0 |     5.3134 |          0 |          0 |          0 |          0 |          0 |     6.1905 |          0 |          0 |          0 |          0 |          0 |
| FP_ARITH_INST_RETIRED_128B_PACKED_DOUBLE |   PMC0  |      22816 |          0 |          0 |          0 |          0 |          0 |          0 |          0 |          0 |          0 |          0 |          0 |          0 |          0 |          0 |          0 |          0 |          0 |          0 |          0 |          0 |          0 |          0 |          0 |          0 |
|    FP_ARITH_INST_RETIRED_SCALAR_DOUBLE   |   PMC1  |  664342700 |  683883200 |  695235200 |  695103500 |  686114500 |  679266300 |  674233500 |  670531100 |  672757200 |  672322100 |  663379400 |  660821000 |  651199900 |  651921200 |  654040500 |  662970500 |  663435800 |  660951200 |  663609000 |  665915500 |  673506900 |  682419500 |  666810400 |  651383600 |  626916700 |
| FP_ARITH_INST_RETIRED_256B_PACKED_DOUBLE |   PMC2  |      26128 |          0 |          0 |          0 |          0 |          0 |          0 |          0 |          0 |          0 |          0 |          0 |          0 |          0 |          0 |          0 |          0 |          0 |          0 |          0 |          0 |          0 |          0 |          0 |          0 |
| FP_ARITH_INST_RETIRED_512B_PACKED_DOUBLE |   PMC3  |      58742 |          0 |          0 |          0 |          0 |          0 |          0 |          0 |          0 |          0 |          0 |          0 |          0 |          0 |          0 |          0 |          0 |          0 |          0 |          0 |          0 |          0 |          0 |          0 |          0 |
|               CAS_COUNT_RD               | MBOX0C0 |    3084724 |          0 |          0 |          0 |          0 |          0 |          0 |    1245958 |          0 |          0 |          0 |          0 |          0 |     905463 |          0 |          0 |          0 |          0 |          0 |     757016 |          0 |          0 |          0 |          0 |          0 |
|               CAS_COUNT_WR               | MBOX0C1 |    2212549 |          0 |          0 |          0 |          0 |          0 |          0 |    1024092 |          0 |          0 |          0 |          0 |          0 |     758478 |          0 |          0 |          0 |          0 |          0 |     492983 |          0 |          0 |          0 |          0 |          0 |
|               CAS_COUNT_RD               | MBOX1C0 |    3220324 |          0 |          0 |          0 |          0 |          0 |          0 |    1223494 |          0 |          0 |          0 |          0 |          0 |     891942 |          0 |          0 |          0 |          0 |          0 |     883683 |          0 |          0 |          0 |          0 |          0 |
|               CAS_COUNT_WR               | MBOX1C1 |    2287380 |          0 |          0 |          0 |          0 |          0 |          0 |     986796 |          0 |          0 |          0 |          0 |          0 |     732056 |          0 |          0 |          0 |          0 |          0 |     597488 |          0 |          0 |          0 |          0 |          0 |
|               CAS_COUNT_RD               | MBOX2C0 |    3413374 |          0 |          0 |          0 |          0 |          0 |          0 |    1225724 |          0 |          0 |          0 |          0 |          0 |     891807 |          0 |          0 |          0 |          0 |          0 |     876302 |          0 |          0 |          0 |          0 |          0 |
|               CAS_COUNT_WR               | MBOX2C1 |    2361241 |          0 |          0 |          0 |          0 |          0 |          0 |     985715 |          0 |          0 |          0 |          0 |          0 |     741874 |          0 |          0 |          0 |          0 |          0 |     628597 |          0 |          0 |          0 |          0 |          0 |
|               CAS_COUNT_RD               | MBOX3C0 |    3667425 |          0 |          0 |          0 |          0 |          0 |          0 |    1201055 |          0 |          0 |          0 |          0 |          0 |     859474 |          0 |          0 |          0 |          0 |          0 |     871811 |          0 |          0 |          0 |          0 |          0 |
|               CAS_COUNT_WR               | MBOX3C1 |    2401869 |          0 |          0 |          0 |          0 |          0 |          0 |     963479 |          0 |          0 |          0 |          0 |          0 |     710937 |          0 |          0 |          0 |          0 |          0 |     602633 |          0 |          0 |          0 |          0 |          0 |
|               CAS_COUNT_RD               | MBOX4C0 |    3286409 |          0 |          0 |          0 |          0 |          0 |          0 |    1204176 |          0 |          0 |          0 |          0 |          0 |     867172 |          0 |          0 |          0 |          0 |          0 |     724451 |          0 |          0 |          0 |          0 |          0 |
|               CAS_COUNT_WR               | MBOX4C1 |    2346214 |          0 |          0 |          0 |          0 |          0 |          0 |     977061 |          0 |          0 |          0 |          0 |          0 |     723388 |          0 |          0 |          0 |          0 |          0 |     464238 |          0 |          0 |          0 |          0 |          0 |
|               CAS_COUNT_RD               | MBOX5C0 |    3094816 |          0 |          0 |          0 |          0 |          0 |          0 |    1198451 |          0 |          0 |          0 |          0 |          0 |     855938 |          0 |          0 |          0 |          0 |          0 |    1063401 |          0 |          0 |          0 |          0 |          0 |
|               CAS_COUNT_WR               | MBOX5C1 |    2210563 |          0 |          0 |          0 |          0 |          0 |          0 |     961182 |          0 |          0 |          0 |          0 |          0 |     709919 |          0 |          0 |          0 |          0 |          0 |     807332 |          0 |          0 |          0 |          0 |          0 |
+------------------------------------------+---------+------------+------------+------------+------------+------------+------------+------------+------------+------------+------------+------------+------------+------------+------------+------------+------------+------------+------------+------------+------------+------------+------------+------------+------------+------------+
+-----------------------------------------------+---------+--------------+------------+------------+-------------+
|                     Event                     | Counter |      Sum     |     Min    |     Max    |     Avg     |
+-----------------------------------------------+---------+--------------+------------+------------+-------------+
|             INSTR_RETIRED_ANY STAT            |  FIXC0  |  65954222000 | 2440386000 | 3938638000 |  2638168880 |
|           CPU_CLK_UNHALTED_CORE STAT          |  FIXC1  |  83757146000 | 1831676000 | 3441924000 |  3350285840 |
|           CPU_CLK_UNHALTED_REF STAT           |  FIXC2  | 114615359000 | 2506828000 | 4709997000 |  4584614360 |
|              PWR_PKG_ENERGY STAT              |   PWR0  |     279.0934 |          0 |    77.6717 |     11.1637 |
|              PWR_DRAM_ENERGY STAT             |   PWR3  |      26.5068 |          0 |     7.8484 |      1.0603 |
| FP_ARITH_INST_RETIRED_128B_PACKED_DOUBLE STAT |   PMC0  |        22816 |          0 |      22816 |    912.6400 |
|    FP_ARITH_INST_RETIRED_SCALAR_DOUBLE STAT   |   PMC1  |  16693070400 |  626916700 |  695235200 |   667722816 |
| FP_ARITH_INST_RETIRED_256B_PACKED_DOUBLE STAT |   PMC2  |        26128 |          0 |      26128 |   1045.1200 |
| FP_ARITH_INST_RETIRED_512B_PACKED_DOUBLE STAT |   PMC3  |        58742 |          0 |      58742 |   2349.6800 |
|               CAS_COUNT_RD STAT               | MBOX0C0 |      5993161 |          0 |    3084724 | 239726.4400 |
|               CAS_COUNT_WR STAT               | MBOX0C1 |      4488102 |          0 |    2212549 | 179524.0800 |
|               CAS_COUNT_RD STAT               | MBOX1C0 |      6219443 |          0 |    3220324 | 248777.7200 |
|               CAS_COUNT_WR STAT               | MBOX1C1 |      4603720 |          0 |    2287380 | 184148.8000 |
|               CAS_COUNT_RD STAT               | MBOX2C0 |      6407207 |          0 |    3413374 | 256288.2800 |
|               CAS_COUNT_WR STAT               | MBOX2C1 |      4717427 |          0 |    2361241 | 188697.0800 |
|               CAS_COUNT_RD STAT               | MBOX3C0 |      6599765 |          0 |    3667425 | 263990.6000 |
|               CAS_COUNT_WR STAT               | MBOX3C1 |      4678918 |          0 |    2401869 | 187156.7200 |
|               CAS_COUNT_RD STAT               | MBOX4C0 |      6082208 |          0 |    3286409 | 243288.3200 |
|               CAS_COUNT_WR STAT               | MBOX4C1 |      4510901 |          0 |    2346214 | 180436.0400 |
|               CAS_COUNT_RD STAT               | MBOX5C0 |      6212606 |          0 |    3094816 | 248504.2400 |
|               CAS_COUNT_WR STAT               | MBOX5C1 |      4688996 |          0 |    2210563 | 187559.8400 |
+-----------------------------------------------+---------+--------------+------------+------------+-------------+
+-----------------------------------+-----------+-----------+-----------+-----------+-----------+-----------+-----------+-----------+-----------+-----------+-----------+-----------+-----------+-----------+-----------+-----------+-----------+-----------+-----------+-----------+-----------+-----------+-----------+-----------+-----------+
|               Metric              |   Core 0  |   Core 1  |   Core 2  |   Core 3  |   Core 4  |   Core 5  |   Core 6  |  Core 14  |  Core 15  |  Core 16  |  Core 17  |  Core 18  |  Core 19  |  Core 28  |  Core 29  |  Core 30  |  Core 31  |  Core 32  |  Core 33  |  Core 42  |  Core 43  |  Core 44  |  Core 45  |  Core 46  |  Core 47  |
+-----------------------------------+-----------+-----------+-----------+-----------+-----------+-----------+-----------+-----------+-----------+-----------+-----------+-----------+-----------+-----------+-----------+-----------+-----------+-----------+-----------+-----------+-----------+-----------+-----------+-----------+-----------+
|        Runtime (RDTSC) [s]        |    1.8235 |    1.8260 |    1.8260 |    1.8259 |    1.8260 |    1.8259 |    1.8260 |    1.8235 |    1.8260 |    1.8260 |    1.8260 |    1.8260 |    1.8260 |    1.8235 |    1.8260 |    1.8260 |    1.8260 |    1.8260 |    1.8260 |    1.8235 |    1.8260 |    1.8260 |    1.8260 |    1.8260 |    1.8260 |
|        Runtime unhalted [s]       |    0.7062 |    1.3270 |    1.3267 |    1.3268 |    1.3268 |    1.3265 |    1.3261 |    1.3108 |    1.3132 |    1.3132 |    1.3132 |    1.3130 |    1.3121 |    1.3112 |    1.3134 |    1.3131 |    1.3133 |    1.3134 |    1.3131 |    1.3098 |    1.3145 |    1.3138 |    1.3144 |    1.3149 |    1.3055 |
|            Clock [MHz]            | 1895.1836 | 1895.4303 | 1895.4293 | 1895.4289 | 1895.4306 | 1895.4291 | 1895.4302 | 1895.4287 | 1895.4293 | 1895.4283 | 1895.4276 | 1895.4263 | 1895.4290 | 1895.4282 | 1895.4289 | 1895.4283 | 1895.4285 | 1895.4281 | 1895.4288 | 1895.4281 | 1895.4277 | 1895.4278 | 1895.4283 | 1895.4291 | 1895.4292 |
|                CPI                |    0.4651 |    1.2993 |    1.2925 |    1.2946 |    1.3002 |    1.3072 |    1.3186 |    1.3113 |    1.3091 |    1.3051 |    1.3094 |    1.3114 |    1.3339 |    1.3304 |    1.3317 |    1.3268 |    1.3309 |    1.3360 |    1.3311 |    1.3234 |    1.3190 |    1.3132 |    1.3377 |    1.3538 |    1.3875 |
|             Energy [J]            |   77.6717 |         0 |         0 |         0 |         0 |         0 |         0 |   65.2585 |         0 |         0 |         0 |         0 |         0 |   69.9219 |         0 |         0 |         0 |         0 |         0 |   66.2413 |         0 |         0 |         0 |         0 |         0 |
|             Power [W]             |   42.5953 |         0 |         0 |         0 |         0 |         0 |         0 |   35.7875 |         0 |         0 |         0 |         0 |         0 |   38.3450 |         0 |         0 |         0 |         0 |         0 |   36.3265 |         0 |         0 |         0 |         0 |         0 |
|          Energy DRAM [J]          |    7.8484 |         0 |         0 |         0 |         0 |         0 |         0 |    7.1545 |         0 |         0 |         0 |         0 |         0 |    5.3134 |         0 |         0 |         0 |         0 |         0 |    6.1905 |         0 |         0 |         0 |         0 |         0 |
|           Power DRAM [W]          |    4.3041 |         0 |         0 |         0 |         0 |         0 |         0 |    3.9235 |         0 |         0 |         0 |         0 |         0 |    2.9138 |         0 |         0 |         0 |         0 |         0 |    3.3948 |         0 |         0 |         0 |         0 |         0 |
|            DP [MFLOP/s]           |  364.6671 |  374.5347 |  380.7513 |  380.6815 |  375.7559 |  372.0075 |  369.2492 |  367.7163 |  368.4405 |  368.2014 |  363.3033 |  361.9039 |  356.6347 |  357.5119 |  358.1884 |  363.0819 |  363.3353 |  361.9736 |  363.4292 |  365.1864 |  368.8523 |  373.7335 |  365.1853 |  356.7360 |  343.3365 |
|          AVX DP [MFLOP/s]         |    0.3150 |         0 |         0 |         0 |         0 |         0 |         0 |         0 |         0 |         0 |         0 |         0 |         0 |         0 |         0 |         0 |         0 |         0 |         0 |         0 |         0 |         0 |         0 |         0 |         0 |
|          Packed [MUOPS/s]         |    0.0591 |         0 |         0 |         0 |         0 |         0 |         0 |         0 |         0 |         0 |         0 |         0 |         0 |         0 |         0 |         0 |         0 |         0 |         0 |         0 |         0 |         0 |         0 |         0 |         0 |
|          Scalar [MUOPS/s]         |  364.3270 |  374.5347 |  380.7513 |  380.6815 |  375.7559 |  372.0075 |  369.2492 |  367.7163 |  368.4405 |  368.2014 |  363.3033 |  361.9039 |  356.6347 |  357.5119 |  358.1884 |  363.0819 |  363.3353 |  361.9736 |  363.4292 |  365.1864 |  368.8523 |  373.7335 |  365.1853 |  356.7360 |  343.3365 |
|  Memory read bandwidth [MBytes/s] |  693.7796 |         0 |         0 |         0 |         0 |         0 |         0 |  256.1704 |         0 |         0 |         0 |         0 |         0 |  185.0265 |         0 |         0 |         0 |         0 |         0 |  181.6876 |         0 |         0 |         0 |         0 |         0 |
|  Memory read data volume [GBytes] |    1.2651 |         0 |         0 |         0 |         0 |         0 |         0 |    0.4671 |         0 |         0 |         0 |         0 |         0 |    0.3374 |         0 |         0 |         0 |         0 |         0 |    0.3313 |         0 |         0 |         0 |         0 |         0 |
| Memory write bandwidth [MBytes/s] |  485.0444 |         0 |         0 |         0 |         0 |         0 |         0 |  207.0154 |         0 |         0 |         0 |         0 |         0 |  153.6093 |         0 |         0 |         0 |         0 |         0 |  126.1146 |         0 |         0 |         0 |         0 |         0 |
| Memory write data volume [GBytes] |    0.8845 |         0 |         0 |         0 |         0 |         0 |         0 |    0.3775 |         0 |         0 |         0 |         0 |         0 |    0.2801 |         0 |         0 |         0 |         0 |         0 |    0.2300 |         0 |         0 |         0 |         0 |         0 |
|    Memory bandwidth [MBytes/s]    | 1178.8240 |         0 |         0 |         0 |         0 |         0 |         0 |  463.1858 |         0 |         0 |         0 |         0 |         0 |  338.6358 |         0 |         0 |         0 |         0 |         0 |  307.8022 |         0 |         0 |         0 |         0 |         0 |
|    Memory data volume [GBytes]    |    2.1496 |         0 |         0 |         0 |         0 |         0 |         0 |    0.8446 |         0 |         0 |         0 |         0 |         0 |    0.6175 |         0 |         0 |         0 |         0 |         0 |    0.5613 |         0 |         0 |         0 |         0 |         0 |
|       Operational intensity       |    0.3093 |    0.3182 |    0.3234 |    0.3234 |    0.3192 |    0.3160 |    0.3137 |    0.7939 |    0.7965 |    0.7960 |    0.7854 |    0.7824 |    0.7710 |    1.0557 |    1.0592 |    1.0736 |    1.0744 |    1.0704 |    1.0747 |    1.1864 |    1.2000 |    1.2158 |    1.1880 |    1.1605 |    1.1169 |
+-----------------------------------+-----------+-----------+-----------+-----------+-----------+-----------+-----------+-----------+-----------+-----------+-----------+-----------+-----------+-----------+-----------+-----------+-----------+-----------+-----------+-----------+-----------+-----------+-----------+-----------+-----------+
+----------------------------------------+------------+-----------+-----------+-----------+
|                 Metric                 |     Sum    |    Min    |    Max    |    Avg    |
+----------------------------------------+------------+-----------+-----------+-----------+
|        Runtime (RDTSC) [s] STAT        |    45.6398 |    1.8235 |    1.8260 |    1.8256 |
|        Runtime unhalted [s] STAT       |    32.2920 |    0.7062 |    1.3270 |    1.2917 |
|            Clock [MHz] STAT            | 47385.4722 | 1895.1836 | 1895.4306 | 1895.4189 |
|                CPI STAT                |    32.1792 |    0.4651 |    1.3875 |    1.2872 |
|             Energy [J] STAT            |   279.0934 |         0 |   77.6717 |   11.1637 |
|             Power [W] STAT             |   153.0543 |         0 |   42.5953 |    6.1222 |
|          Energy DRAM [J] STAT          |    26.5068 |         0 |    7.8484 |    1.0603 |
|           Power DRAM [W] STAT          |    14.5362 |         0 |    4.3041 |    0.5814 |
|            DP [MFLOP/s] STAT           |  9144.3976 |  343.3365 |  380.7513 |  365.7759 |
|          AVX DP [MFLOP/s] STAT         |     0.3150 |         0 |    0.3150 |    0.0126 |
|          Packed [MUOPS/s] STAT         |     0.0591 |         0 |    0.0591 |    0.0024 |
|          Scalar [MUOPS/s] STAT         |  9144.0575 |  343.3365 |  380.7513 |  365.7623 |
|  Memory read bandwidth [MBytes/s] STAT |  1316.6641 |         0 |  693.7796 |   52.6666 |
|  Memory read data volume [GBytes] STAT |     2.4009 |         0 |    1.2651 |    0.0960 |
| Memory write bandwidth [MBytes/s] STAT |   971.7837 |         0 |  485.0444 |   38.8713 |
| Memory write data volume [GBytes] STAT |     1.7721 |         0 |    0.8845 |    0.0709 |
|    Memory bandwidth [MBytes/s] STAT    |  2288.4478 |         0 | 1178.8240 |   91.5379 |
|    Memory data volume [GBytes] STAT    |     4.1730 |         0 |    2.1496 |    0.1669 |
|       Operational intensity STAT       |    20.4240 |    0.3093 |    1.2158 |    0.8170 |
+----------------------------------------+------------+-----------+-----------+-----------+
