--------------------------------------------------------------------------------
CPU name:	Intel(R) Xeon(R) Gold 6132 CPU @ 2.60GHz
CPU type:	Intel Skylake SP processor
CPU clock:	2.59 GHz
--------------------------------------------------------------------------------
Region Setup, Group 1: MEM_DP
+-------------------+----------+----------+----------+----------+----------+----------+----------+----------+----------+----------+----------+----------+----------+----------+----------+----------+----------+----------+----------+----------+----------+----------+----------+----------+----------+----------+----------+----------+----------+----------+
|    Region Info    |  Core 0  |  Core 1  |  Core 2  |  Core 3  |  Core 4  |  Core 5  |  Core 6  |  Core 7  |  Core 14 |  Core 15 |  Core 16 |  Core 17 |  Core 18 |  Core 19 |  Core 20 |  Core 21 |  Core 28 |  Core 29 |  Core 30 |  Core 31 |  Core 32 |  Core 33 |  Core 34 |  Core 42 |  Core 43 |  Core 44 |  Core 45 |  Core 46 |  Core 47 |  Core 48 |
+-------------------+----------+----------+----------+----------+----------+----------+----------+----------+----------+----------+----------+----------+----------+----------+----------+----------+----------+----------+----------+----------+----------+----------+----------+----------+----------+----------+----------+----------+----------+----------+
| RDTSC Runtime [s] | 0.105423 | 0.109846 | 0.109938 | 0.109852 | 0.109902 | 0.109889 | 0.109847 | 0.109878 | 0.105304 | 0.109844 | 0.109809 | 0.109851 | 0.109907 | 0.109909 | 0.109908 | 0.109874 | 0.105312 | 0.109878 | 0.109907 | 0.109894 | 0.109921 | 0.109911 | 0.109817 | 0.105311 | 0.109898 | 0.109852 | 0.109921 | 0.109912 | 0.109815 | 0.109933 |
|     call count    |        2 |        2 |        2 |        2 |        2 |        2 |        2 |        2 |        2 |        2 |        2 |        2 |        2 |        2 |        2 |        2 |        2 |        2 |        2 |        2 |        2 |        2 |        2 |        2 |        2 |        2 |        2 |        2 |        2 |        2 |
+-------------------+----------+----------+----------+----------+----------+----------+----------+----------+----------+----------+----------+----------+----------+----------+----------+----------+----------+----------+----------+----------+----------+----------+----------+----------+----------+----------+----------+----------+----------+----------+
+------------------------------------------+---------+----------+-----------+-----------+-----------+-----------+-----------+-----------+-----------+-----------+-----------+-----------+-----------+-----------+-----------+-----------+-----------+-----------+-----------+-----------+-----------+-----------+-----------+-----------+-----------+-----------+-----------+-----------+-----------+-----------+-----------+
|                   Event                  | Counter |  Core 0  |   Core 1  |   Core 2  |   Core 3  |   Core 4  |   Core 5  |   Core 6  |   Core 7  |  Core 14  |  Core 15  |  Core 16  |  Core 17  |  Core 18  |  Core 19  |  Core 20  |  Core 21  |  Core 28  |  Core 29  |  Core 30  |  Core 31  |  Core 32  |  Core 33  |  Core 34  |  Core 42  |  Core 43  |  Core 44  |  Core 45  |  Core 46  |  Core 47  |  Core 48  |
+------------------------------------------+---------+----------+-----------+-----------+-----------+-----------+-----------+-----------+-----------+-----------+-----------+-----------+-----------+-----------+-----------+-----------+-----------+-----------+-----------+-----------+-----------+-----------+-----------+-----------+-----------+-----------+-----------+-----------+-----------+-----------+-----------+
|             INSTR_RETIRED_ANY            |  FIXC0  | 79956330 |  25202140 |  25204280 |  25613150 |  25229510 |  24935580 |  25035590 |  24512420 |  23807530 |  24269720 |  24373800 |  24268700 |  24334010 |  24307300 |  24485340 |  24296220 |  23664430 |  24481700 |  24421250 |  24032960 |  24350720 |  23830010 |  24223740 |  23488990 |  24392330 |  24050020 |  23881700 |  24180780 |  23891470 |  23823100 |
|           CPU_CLK_UNHALTED_CORE          |  FIXC1  | 65700550 | 150457500 | 152663900 | 161003000 | 161831600 | 155680200 | 157811700 | 155981400 | 140899700 | 151647900 | 152900200 | 151920700 | 152046100 | 153090400 | 155818500 | 152825000 | 141668500 | 159914000 | 157589000 | 153230000 | 158823400 | 148985100 | 156222800 | 142050900 | 159915400 | 154876700 | 150265300 | 157721200 | 150419200 | 150156500 |
|           CPU_CLK_UNHALTED_REF           |  FIXC2  | 89959580 | 205908900 | 208945600 | 220350800 | 221481900 | 213089000 | 215970900 | 213466900 | 193226800 | 207938400 | 209636200 | 208332400 | 208478800 | 209903000 | 213650200 | 209561000 | 194719300 | 219670400 | 216481100 | 210540200 | 218206600 | 204717200 | 214608500 | 194523100 | 218965300 | 212048000 | 205744600 | 215971800 | 205948600 | 205612600 |
|              PWR_PKG_ENERGY              |   PWR0  |   4.7155 |         0 |         0 |         0 |         0 |         0 |         0 |         0 |    4.0496 |         0 |         0 |         0 |         0 |         0 |         0 |         0 |    4.2236 |         0 |         0 |         0 |         0 |         0 |         0 |    4.0394 |         0 |         0 |         0 |         0 |         0 |         0 |
|              PWR_DRAM_ENERGY             |   PWR3  |   0.5098 |         0 |         0 |         0 |         0 |         0 |         0 |         0 |    0.4197 |         0 |         0 |         0 |         0 |         0 |         0 |         0 |    0.3015 |         0 |         0 |         0 |         0 |         0 |         0 |    0.3589 |         0 |         0 |         0 |         0 |         0 |         0 |
| FP_ARITH_INST_RETIRED_128B_PACKED_DOUBLE |   PMC0  |     4800 |         0 |         0 |         0 |         0 |         0 |         0 |         0 |         0 |         0 |         0 |         0 |         0 |         0 |         0 |         0 |         0 |         0 |         0 |         0 |         0 |         0 |         0 |         0 |         0 |         0 |         0 |         0 |         0 |         0 |
|    FP_ARITH_INST_RETIRED_SCALAR_DOUBLE   |   PMC1  |  6893773 |   4695347 |   4677525 |   4683719 |   4565769 |   4565724 |   4565690 |   4445952 |   4456297 |   4444014 |   4456205 |   4444058 |   4456556 |   4440638 |   4452796 |   4440464 |   4447878 |   4435590 |   4447926 |   4418332 |   4430636 |   4418408 |   4430516 |   4418414 |   4430720 |   4411264 |   4423552 |   4411264 |   4423552 |   4411144 |
| FP_ARITH_INST_RETIRED_256B_PACKED_DOUBLE |   PMC2  |     2800 |         0 |         0 |         0 |         0 |         0 |         0 |         0 |         0 |         0 |         0 |         0 |         0 |         0 |         0 |         0 |         0 |         0 |         0 |         0 |         0 |         0 |         0 |         0 |         0 |         0 |         0 |         0 |         0 |         0 |
| FP_ARITH_INST_RETIRED_512B_PACKED_DOUBLE |   PMC3  |    11152 |         0 |         0 |         0 |         0 |         0 |         0 |         0 |         0 |         0 |         0 |         0 |         0 |         0 |         0 |         0 |         0 |         0 |         0 |         0 |         0 |         0 |         0 |         0 |         0 |         0 |         0 |         0 |         0 |         0 |
|               CAS_COUNT_RD               | MBOX0C0 |   176936 |         0 |         0 |         0 |         0 |         0 |         0 |         0 |      5888 |         0 |         0 |         0 |         0 |         0 |         0 |         0 |      4598 |         0 |         0 |         0 |         0 |         0 |         0 |      7109 |         0 |         0 |         0 |         0 |         0 |         0 |
|               CAS_COUNT_WR               | MBOX0C1 |   308276 |         0 |         0 |         0 |         0 |         0 |         0 |         0 |     15487 |         0 |         0 |         0 |         0 |         0 |         0 |         0 |     17130 |         0 |         0 |         0 |         0 |         0 |         0 |     20706 |         0 |         0 |         0 |         0 |         0 |         0 |
|               CAS_COUNT_RD               | MBOX1C0 |   207698 |         0 |         0 |         0 |         0 |         0 |         0 |         0 |      5111 |         0 |         0 |         0 |         0 |         0 |         0 |         0 |      4941 |         0 |         0 |         0 |         0 |         0 |         0 |      6922 |         0 |         0 |         0 |         0 |         0 |         0 |
|               CAS_COUNT_WR               | MBOX1C1 |   340710 |         0 |         0 |         0 |         0 |         0 |         0 |         0 |     14697 |         0 |         0 |         0 |         0 |         0 |         0 |         0 |     17508 |         0 |         0 |         0 |         0 |         0 |         0 |     20741 |         0 |         0 |         0 |         0 |         0 |         0 |
|               CAS_COUNT_RD               | MBOX2C0 |   168545 |         0 |         0 |         0 |         0 |         0 |         0 |         0 |      9046 |         0 |         0 |         0 |         0 |         0 |         0 |         0 |      8314 |         0 |         0 |         0 |         0 |         0 |         0 |     13918 |         0 |         0 |         0 |         0 |         0 |         0 |
|               CAS_COUNT_WR               | MBOX2C1 |   301312 |         0 |         0 |         0 |         0 |         0 |         0 |         0 |     21448 |         0 |         0 |         0 |         0 |         0 |         0 |         0 |     23433 |         0 |         0 |         0 |         0 |         0 |         0 |     29986 |         0 |         0 |         0 |         0 |         0 |         0 |
|               CAS_COUNT_RD               | MBOX3C0 |   143850 |         0 |         0 |         0 |         0 |         0 |         0 |         0 |      2427 |         0 |         0 |         0 |         0 |         0 |         0 |         0 |      2619 |         0 |         0 |         0 |         0 |         0 |         0 |      5576 |         0 |         0 |         0 |         0 |         0 |         0 |
|               CAS_COUNT_WR               | MBOX3C1 |   283576 |         0 |         0 |         0 |         0 |         0 |         0 |         0 |     13266 |         0 |         0 |         0 |         0 |         0 |         0 |         0 |     16214 |         0 |         0 |         0 |         0 |         0 |         0 |     20565 |         0 |         0 |         0 |         0 |         0 |         0 |
|               CAS_COUNT_RD               | MBOX4C0 |   144111 |         0 |         0 |         0 |         0 |         0 |         0 |         0 |      2458 |         0 |         0 |         0 |         0 |         0 |         0 |         0 |      2591 |         0 |         0 |         0 |         0 |         0 |         0 |      5035 |         0 |         0 |         0 |         0 |         0 |         0 |
|               CAS_COUNT_WR               | MBOX4C1 |   284136 |         0 |         0 |         0 |         0 |         0 |         0 |         0 |     13186 |         0 |         0 |         0 |         0 |         0 |         0 |         0 |     16178 |         0 |         0 |         0 |         0 |         0 |         0 |     19875 |         0 |         0 |         0 |         0 |         0 |         0 |
|               CAS_COUNT_RD               | MBOX5C0 |   140182 |         0 |         0 |         0 |         0 |         0 |         0 |         0 |      2701 |         0 |         0 |         0 |         0 |         0 |         0 |         0 |      2459 |         0 |         0 |         0 |         0 |         0 |         0 |      7399 |         0 |         0 |         0 |         0 |         0 |         0 |
|               CAS_COUNT_WR               | MBOX5C1 |   282772 |         0 |         0 |         0 |         0 |         0 |         0 |         0 |     13326 |         0 |         0 |         0 |         0 |         0 |         0 |         0 |     16112 |         0 |         0 |         0 |         0 |         0 |         0 |     22202 |         0 |         0 |         0 |         0 |         0 |         0 |
+------------------------------------------+---------+----------+-----------+-----------+-----------+-----------+-----------+-----------+-----------+-----------+-----------+-----------+-----------+-----------+-----------+-----------+-----------+-----------+-----------+-----------+-----------+-----------+-----------+-----------+-----------+-----------+-----------+-----------+-----------+-----------+-----------+
+-----------------------------------------------+---------+------------+----------+-----------+--------------+
|                     Event                     | Counter |     Sum    |    Min   |    Max    |      Avg     |
+-----------------------------------------------+---------+------------+----------+-----------+--------------+
|             INSTR_RETIRED_ANY STAT            |  FIXC0  |  786544820 | 23488990 |  79956330 | 2.621816e+07 |
|           CPU_CLK_UNHALTED_CORE STAT          |  FIXC1  | 4514116350 | 65700550 | 161831600 |    150470545 |
|           CPU_CLK_UNHALTED_REF STAT           |  FIXC2  | 6187657680 | 89959580 | 221481900 |    206255256 |
|              PWR_PKG_ENERGY STAT              |   PWR0  |    17.0281 |        0 |    4.7155 |       0.5676 |
|              PWR_DRAM_ENERGY STAT             |   PWR3  |     1.5899 |        0 |    0.5098 |       0.0530 |
| FP_ARITH_INST_RETIRED_128B_PACKED_DOUBLE STAT |   PMC0  |       4800 |        0 |      4800 |          160 |
|    FP_ARITH_INST_RETIRED_SCALAR_DOUBLE STAT   |   PMC1  |  136643723 |  4411144 |   6893773 | 4.554791e+06 |
| FP_ARITH_INST_RETIRED_256B_PACKED_DOUBLE STAT |   PMC2  |       2800 |        0 |      2800 |      93.3333 |
| FP_ARITH_INST_RETIRED_512B_PACKED_DOUBLE STAT |   PMC3  |      11152 |        0 |     11152 |     371.7333 |
|               CAS_COUNT_RD STAT               | MBOX0C0 |     194531 |        0 |    176936 |    6484.3667 |
|               CAS_COUNT_WR STAT               | MBOX0C1 |     361599 |        0 |    308276 |   12053.3000 |
|               CAS_COUNT_RD STAT               | MBOX1C0 |     224672 |        0 |    207698 |    7489.0667 |
|               CAS_COUNT_WR STAT               | MBOX1C1 |     393656 |        0 |    340710 |   13121.8667 |
|               CAS_COUNT_RD STAT               | MBOX2C0 |     199823 |        0 |    168545 |    6660.7667 |
|               CAS_COUNT_WR STAT               | MBOX2C1 |     376179 |        0 |    301312 |   12539.3000 |
|               CAS_COUNT_RD STAT               | MBOX3C0 |     154472 |        0 |    143850 |    5149.0667 |
|               CAS_COUNT_WR STAT               | MBOX3C1 |     333621 |        0 |    283576 |   11120.7000 |
|               CAS_COUNT_RD STAT               | MBOX4C0 |     154195 |        0 |    144111 |    5139.8333 |
|               CAS_COUNT_WR STAT               | MBOX4C1 |     333375 |        0 |    284136 |   11112.5000 |
|               CAS_COUNT_RD STAT               | MBOX5C0 |     152741 |        0 |    140182 |    5091.3667 |
|               CAS_COUNT_WR STAT               | MBOX5C1 |     334412 |        0 |    282772 |   11147.0667 |
+-----------------------------------------------+---------+------------+----------+-----------+--------------+
+-----------------------------------+-----------+-----------+-----------+-----------+-----------+-----------+-----------+-----------+-----------+-----------+-----------+-----------+-----------+-----------+-----------+-----------+-----------+-----------+-----------+-----------+-----------+-----------+-----------+-----------+-----------+-----------+-----------+-----------+-----------+-----------+
|               Metric              |   Core 0  |   Core 1  |   Core 2  |   Core 3  |   Core 4  |   Core 5  |   Core 6  |   Core 7  |  Core 14  |  Core 15  |  Core 16  |  Core 17  |  Core 18  |  Core 19  |  Core 20  |  Core 21  |  Core 28  |  Core 29  |  Core 30  |  Core 31  |  Core 32  |  Core 33  |  Core 34  |  Core 42  |  Core 43  |  Core 44  |  Core 45  |  Core 46  |  Core 47  |  Core 48  |
+-----------------------------------+-----------+-----------+-----------+-----------+-----------+-----------+-----------+-----------+-----------+-----------+-----------+-----------+-----------+-----------+-----------+-----------+-----------+-----------+-----------+-----------+-----------+-----------+-----------+-----------+-----------+-----------+-----------+-----------+-----------+-----------+
|        Runtime (RDTSC) [s]        |    0.1054 |    0.1098 |    0.1099 |    0.1099 |    0.1099 |    0.1099 |    0.1098 |    0.1099 |    0.1053 |    0.1098 |    0.1098 |    0.1099 |    0.1099 |    0.1099 |    0.1099 |    0.1099 |    0.1053 |    0.1099 |    0.1099 |    0.1099 |    0.1099 |    0.1099 |    0.1098 |    0.1053 |    0.1099 |    0.1099 |    0.1099 |    0.1099 |    0.1098 |    0.1099 |
|        Runtime unhalted [s]       |    0.0253 |    0.0580 |    0.0589 |    0.0621 |    0.0624 |    0.0600 |    0.0608 |    0.0601 |    0.0543 |    0.0585 |    0.0590 |    0.0586 |    0.0586 |    0.0590 |    0.0601 |    0.0589 |    0.0546 |    0.0617 |    0.0608 |    0.0591 |    0.0612 |    0.0574 |    0.0602 |    0.0548 |    0.0617 |    0.0597 |    0.0579 |    0.0608 |    0.0580 |    0.0579 |
|            Clock [MHz]            | 1894.2768 | 1895.2241 | 1895.0688 | 1895.1395 | 1895.1646 | 1894.9345 | 1895.2470 | 1895.2396 | 1891.3180 | 1891.5749 | 1891.7495 | 1891.3939 | 1891.6258 | 1891.6952 | 1891.6360 | 1891.4976 | 1887.0619 | 1888.1513 | 1888.1120 | 1887.6898 | 1887.8542 | 1887.6017 | 1888.0755 | 1894.0640 | 1894.2480 | 1894.4090 | 1894.3146 | 1894.1522 | 1894.3764 | 1894.1583 |
|                CPI                |    0.8217 |    5.9700 |    6.0571 |    6.2860 |    6.4144 |    6.2433 |    6.3035 |    6.3634 |    5.9183 |    6.2484 |    6.2731 |    6.2599 |    6.2483 |    6.2981 |    6.3637 |    6.2901 |    5.9866 |    6.5320 |    6.4529 |    6.3758 |    6.5223 |    6.2520 |    6.4492 |    6.0476 |    6.5560 |    6.4398 |    6.2921 |    6.5226 |    6.2959 |    6.3030 |
|             Energy [J]            |    4.7155 |         0 |         0 |         0 |         0 |         0 |         0 |         0 |    4.0496 |         0 |         0 |         0 |         0 |         0 |         0 |         0 |    4.2236 |         0 |         0 |         0 |         0 |         0 |         0 |    4.0394 |         0 |         0 |         0 |         0 |         0 |         0 |
|             Power [W]             |   44.7293 |         0 |         0 |         0 |         0 |         0 |         0 |         0 |   38.4561 |         0 |         0 |         0 |         0 |         0 |         0 |         0 |   40.1055 |         0 |         0 |         0 |         0 |         0 |         0 |   38.3572 |         0 |         0 |         0 |         0 |         0 |         0 |
|          Energy DRAM [J]          |    0.5098 |         0 |         0 |         0 |         0 |         0 |         0 |         0 |    0.4197 |         0 |         0 |         0 |         0 |         0 |         0 |         0 |    0.3015 |         0 |         0 |         0 |         0 |         0 |         0 |    0.3589 |         0 |         0 |         0 |         0 |         0 |         0 |
|           Power DRAM [W]          |    4.8360 |         0 |         0 |         0 |         0 |         0 |         0 |         0 |    3.9860 |         0 |         0 |         0 |         0 |         0 |         0 |         0 |    2.8634 |         0 |         0 |         0 |         0 |         0 |         0 |    3.4080 |         0 |         0 |         0 |         0 |         0 |         0 |
|            DP [MFLOP/s]           |   66.4349 |   42.7448 |   42.5470 |   42.6367 |   41.5441 |   41.5486 |   41.5642 |   40.4626 |   42.3186 |   40.4576 |   40.5813 |   40.4554 |   40.5485 |   40.4030 |   40.5138 |   40.4140 |   42.2354 |   40.3685 |   40.4700 |   40.2054 |   40.3073 |   40.1998 |   40.3445 |   41.9559 |   40.3167 |   40.1565 |   40.2431 |   40.1343 |   40.2818 |   40.1257 |
|          AVX DP [MFLOP/s]         |    0.9525 |         0 |         0 |         0 |         0 |         0 |         0 |         0 |         0 |         0 |         0 |         0 |         0 |         0 |         0 |         0 |         0 |         0 |         0 |         0 |         0 |         0 |         0 |         0 |         0 |         0 |         0 |         0 |         0 |         0 |
|          Packed [MUOPS/s]         |    0.1779 |         0 |         0 |         0 |         0 |         0 |         0 |         0 |         0 |         0 |         0 |         0 |         0 |         0 |         0 |         0 |         0 |         0 |         0 |         0 |         0 |         0 |         0 |         0 |         0 |         0 |         0 |         0 |         0 |         0 |
|          Scalar [MUOPS/s]         |   65.3913 |   42.7448 |   42.5470 |   42.6367 |   41.5441 |   41.5486 |   41.5642 |   40.4626 |   42.3186 |   40.4576 |   40.5813 |   40.4554 |   40.5485 |   40.4030 |   40.5138 |   40.4140 |   42.2354 |   40.3685 |   40.4700 |   40.2054 |   40.3073 |   40.1998 |   40.3445 |   41.9559 |   40.3167 |   40.1565 |   40.2431 |   40.1343 |   40.2818 |   40.1257 |
|  Memory read bandwidth [MBytes/s] |  595.7369 |         0 |         0 |         0 |         0 |         0 |         0 |         0 |   16.7932 |         0 |         0 |         0 |         0 |         0 |         0 |         0 |   15.5103 |         0 |         0 |         0 |         0 |         0 |         0 |   27.9304 |         0 |         0 |         0 |         0 |         0 |         0 |
|  Memory read data volume [GBytes] |    0.0628 |         0 |         0 |         0 |         0 |         0 |         0 |         0 |    0.0018 |         0 |         0 |         0 |         0 |         0 |         0 |         0 |    0.0016 |         0 |         0 |         0 |         0 |         0 |         0 |    0.0029 |         0 |         0 |         0 |         0 |         0 |         0 |
| Memory write bandwidth [MBytes/s] | 1093.2113 |         0 |         0 |         0 |         0 |         0 |         0 |         0 |   55.5559 |         0 |         0 |         0 |         0 |         0 |         0 |         0 |   64.7679 |         0 |         0 |         0 |         0 |         0 |         0 |   81.4806 |         0 |         0 |         0 |         0 |         0 |         0 |
| Memory write data volume [GBytes] |    0.1153 |         0 |         0 |         0 |         0 |         0 |         0 |         0 |    0.0059 |         0 |         0 |         0 |         0 |         0 |         0 |         0 |    0.0068 |         0 |         0 |         0 |         0 |         0 |         0 |    0.0086 |         0 |         0 |         0 |         0 |         0 |         0 |
|    Memory bandwidth [MBytes/s]    | 1688.9481 |         0 |         0 |         0 |         0 |         0 |         0 |         0 |   72.3491 |         0 |         0 |         0 |         0 |         0 |         0 |         0 |   80.2781 |         0 |         0 |         0 |         0 |         0 |         0 |  109.4110 |         0 |         0 |         0 |         0 |         0 |         0 |
|    Memory data volume [GBytes]    |    0.1781 |         0 |         0 |         0 |         0 |         0 |         0 |         0 |    0.0076 |         0 |         0 |         0 |         0 |         0 |         0 |         0 |    0.0085 |         0 |         0 |         0 |         0 |         0 |         0 |    0.0115 |         0 |         0 |         0 |         0 |         0 |         0 |
|       Operational intensity       |    0.0393 |    0.0264 |    0.0263 |    0.0263 |    0.0256 |    0.0256 |    0.0256 |    0.0250 |    0.5849 |    0.5833 |    0.5849 |    0.5833 |    0.5850 |    0.5829 |    0.5845 |    0.5828 |    0.5261 |    0.5247 |    0.5261 |    0.5226 |    0.5241 |    0.5226 |    0.5241 |    0.3835 |    0.3845 |    0.3828 |    0.3839 |    0.3828 |    0.3839 |    0.3828 |
+-----------------------------------+-----------+-----------+-----------+-----------+-----------+-----------+-----------+-----------+-----------+-----------+-----------+-----------+-----------+-----------+-----------+-----------+-----------+-----------+-----------+-----------+-----------+-----------+-----------+-----------+-----------+-----------+-----------+-----------+-----------+-----------+
+----------------------------------------+------------+-----------+-----------+-----------+
|                 Metric                 |     Sum    |    Min    |    Max    |    Avg    |
+----------------------------------------+------------+-----------+-----------+-----------+
|        Runtime (RDTSC) [s] STAT        |     3.2781 |    0.1053 |    0.1099 |    0.1093 |
|        Runtime unhalted [s] STAT       |     1.7404 |    0.0253 |    0.0624 |    0.0580 |
|            Clock [MHz] STAT            | 56767.0547 | 1887.0619 | 1895.2470 | 1892.2352 |
|                CPI STAT                |   183.3871 |    0.8217 |    6.5560 |    6.1129 |
|             Energy [J] STAT            |    17.0281 |         0 |    4.7155 |    0.5676 |
|             Power [W] STAT             |   161.6481 |         0 |   44.7293 |    5.3883 |
|          Energy DRAM [J] STAT          |     1.5899 |         0 |    0.5098 |    0.0530 |
|           Power DRAM [W] STAT          |    15.0934 |         0 |    4.8360 |    0.5031 |
|            DP [MFLOP/s] STAT           |  1252.5200 |   40.1257 |   66.4349 |   41.7507 |
|          AVX DP [MFLOP/s] STAT         |     0.9525 |         0 |    0.9525 |    0.0318 |
|          Packed [MUOPS/s] STAT         |     0.1779 |         0 |    0.1779 |    0.0059 |
|          Scalar [MUOPS/s] STAT         |  1251.4764 |   40.1257 |   65.3913 |   41.7159 |
|  Memory read bandwidth [MBytes/s] STAT |   655.9708 |         0 |  595.7369 |   21.8657 |
|  Memory read data volume [GBytes] STAT |     0.0691 |         0 |    0.0628 |    0.0023 |
| Memory write bandwidth [MBytes/s] STAT |  1295.0157 |         0 | 1093.2113 |   43.1672 |
| Memory write data volume [GBytes] STAT |     0.1366 |         0 |    0.1153 |    0.0046 |
|    Memory bandwidth [MBytes/s] STAT    |  1950.9863 |         0 | 1688.9481 |   65.0329 |
|    Memory data volume [GBytes] STAT    |     0.2057 |         0 |    0.1781 |    0.0069 |
|       Operational intensity STAT       |    11.2462 |    0.0250 |    0.5850 |    0.3749 |
+----------------------------------------+------------+-----------+-----------+-----------+
--------------------------------------------------------------------------------
CPU name:	Intel(R) Xeon(R) Gold 6132 CPU @ 2.60GHz
CPU type:	Intel Skylake SP processor
CPU clock:	2.59 GHz
--------------------------------------------------------------------------------
Region Solve, Group 1: MEM_DP
+-------------------+----------+----------+----------+----------+----------+----------+----------+----------+----------+----------+----------+----------+----------+----------+----------+----------+----------+----------+----------+----------+----------+----------+----------+----------+----------+----------+----------+----------+----------+----------+
|    Region Info    |  Core 0  |  Core 1  |  Core 2  |  Core 3  |  Core 4  |  Core 5  |  Core 6  |  Core 7  |  Core 14 |  Core 15 |  Core 16 |  Core 17 |  Core 18 |  Core 19 |  Core 20 |  Core 21 |  Core 28 |  Core 29 |  Core 30 |  Core 31 |  Core 32 |  Core 33 |  Core 34 |  Core 42 |  Core 43 |  Core 44 |  Core 45 |  Core 46 |  Core 47 |  Core 48 |
+-------------------+----------+----------+----------+----------+----------+----------+----------+----------+----------+----------+----------+----------+----------+----------+----------+----------+----------+----------+----------+----------+----------+----------+----------+----------+----------+----------+----------+----------+----------+----------+
| RDTSC Runtime [s] | 1.758027 | 1.760507 | 1.760508 | 1.760507 | 1.760511 | 1.760509 | 1.760505 | 1.760510 | 1.758012 | 1.760501 | 1.760499 | 1.760498 | 1.760500 | 1.760496 | 1.760498 | 1.760497 | 1.758019 | 1.760504 | 1.760505 | 1.760497 | 1.760505 | 1.760504 | 1.760503 | 1.758026 | 1.760499 | 1.760508 | 1.760503 | 1.760504 | 1.760511 | 1.760498 |
|     call count    |        1 |        1 |        1 |        1 |        1 |        1 |        1 |        1 |        1 |        1 |        1 |        1 |        1 |        1 |        1 |        1 |        1 |        1 |        1 |        1 |        1 |        1 |        1 |        1 |        1 |        1 |        1 |        1 |        1 |        1 |
+-------------------+----------+----------+----------+----------+----------+----------+----------+----------+----------+----------+----------+----------+----------+----------+----------+----------+----------+----------+----------+----------+----------+----------+----------+----------+----------+----------+----------+----------+----------+----------+
+------------------------------------------+---------+------------+------------+------------+------------+------------+------------+------------+------------+------------+------------+------------+------------+------------+------------+------------+------------+------------+------------+------------+------------+------------+------------+------------+------------+------------+------------+------------+------------+------------+------------+
|                   Event                  | Counter |   Core 0   |   Core 1   |   Core 2   |   Core 3   |   Core 4   |   Core 5   |   Core 6   |   Core 7   |   Core 14  |   Core 15  |   Core 16  |   Core 17  |   Core 18  |   Core 19  |   Core 20  |   Core 21  |   Core 28  |   Core 29  |   Core 30  |   Core 31  |   Core 32  |   Core 33  |   Core 34  |   Core 42  |   Core 43  |   Core 44  |   Core 45  |   Core 46  |   Core 47  |   Core 48  |
+------------------------------------------+---------+------------+------------+------------+------------+------------+------------+------------+------------+------------+------------+------------+------------+------------+------------+------------+------------+------------+------------+------------+------------+------------+------------+------------+------------+------------+------------+------------+------------+------------+------------+
|             INSTR_RETIRED_ANY            |  FIXC0  | 3621334000 | 2317270000 | 2294772000 | 2301577000 | 2261338000 | 2255496000 | 2239606000 | 2192600000 | 2168541000 | 2173636000 | 2180890000 | 2185296000 | 2173661000 | 2165764000 | 2157436000 | 2161744000 | 2150885000 | 2156272000 | 2146341000 | 2116724000 | 2107959000 | 2105306000 | 2119908000 | 2118742000 | 2126261000 | 2122812000 | 2125861000 | 2119755000 | 2110268000 | 2102049000 |
|           CPU_CLK_UNHALTED_CORE          |  FIXC1  | 1711122000 | 3318172000 | 3317650000 | 3315631000 | 3317800000 | 3318926000 | 3317789000 | 3315020000 | 3276988000 | 3280739000 | 3279763000 | 3279698000 | 3277069000 | 3279809000 | 3280585000 | 3278927000 | 3274161000 | 3279728000 | 3280184000 | 3281526000 | 3281810000 | 3280843000 | 3281651000 | 3278359000 | 3279873000 | 3283267000 | 3284833000 | 3284965000 | 3284936000 | 3281055000 |
|           CPU_CLK_UNHALTED_REF           |  FIXC2  | 2341714000 | 4540654000 | 4539940000 | 4537177000 | 4540146000 | 4541689000 | 4540130000 | 4536343000 | 4484302000 | 4489432000 | 4488098000 | 4488009000 | 4484413000 | 4488160000 | 4489224000 | 4486953000 | 4480428000 | 4488048000 | 4488673000 | 4490508000 | 4490898000 | 4489576000 | 4490679000 | 4486176000 | 4488247000 | 4492895000 | 4495038000 | 4495216000 | 4495177000 | 4489868000 |
|              PWR_PKG_ENERGY              |   PWR0  |    78.5494 |          0 |          0 |          0 |          0 |          0 |          0 |          0 |    68.0569 |          0 |          0 |          0 |          0 |          0 |          0 |          0 |    70.5486 |          0 |          0 |          0 |          0 |          0 |          0 |    66.7300 |          0 |          0 |          0 |          0 |          0 |          0 |
|              PWR_DRAM_ENERGY             |   PWR3  |     7.4881 |          0 |          0 |          0 |          0 |          0 |          0 |          0 |     6.8937 |          0 |          0 |          0 |          0 |          0 |          0 |          0 |     5.0334 |          0 |          0 |          0 |          0 |          0 |          0 |     5.8004 |          0 |          0 |          0 |          0 |          0 |          0 |
| FP_ARITH_INST_RETIRED_128B_PACKED_DOUBLE |   PMC0  |      22816 |          0 |          0 |          0 |          0 |          0 |          0 |          0 |          0 |          0 |          0 |          0 |          0 |          0 |          0 |          0 |          0 |          0 |          0 |          0 |          0 |          0 |          0 |          0 |          0 |          0 |          0 |          0 |          0 |          0 |
|    FP_ARITH_INST_RETIRED_SCALAR_DOUBLE   |   PMC1  |  577152900 |  594030100 |  595632600 |  601333700 |  586360700 |  580567600 |  574549600 |  560139200 |  554740700 |  555841700 |  557779200 |  556245100 |  548452600 |  544495700 |  543170200 |  544745800 |  541434100 |  544897800 |  547089300 |  542226200 |  539971100 |  539300400 |  543496800 |  542903200 |  547193700 |  550556800 |  553571500 |  548063100 |  540331800 |  536798800 |
| FP_ARITH_INST_RETIRED_256B_PACKED_DOUBLE |   PMC2  |      26128 |          0 |          0 |          0 |          0 |          0 |          0 |          0 |          0 |          0 |          0 |          0 |          0 |          0 |          0 |          0 |          0 |          0 |          0 |          0 |          0 |          0 |          0 |          0 |          0 |          0 |          0 |          0 |          0 |          0 |
| FP_ARITH_INST_RETIRED_512B_PACKED_DOUBLE |   PMC3  |      58742 |          0 |          0 |          0 |          0 |          0 |          0 |          0 |          0 |          0 |          0 |          0 |          0 |          0 |          0 |          0 |          0 |          0 |          0 |          0 |          0 |          0 |          0 |          0 |          0 |          0 |          0 |          0 |          0 |          0 |
|               CAS_COUNT_RD               | MBOX0C0 |    2999642 |          0 |          0 |          0 |          0 |          0 |          0 |          0 |    1317751 |          0 |          0 |          0 |          0 |          0 |          0 |          0 |     699787 |          0 |          0 |          0 |          0 |          0 |          0 |     595119 |          0 |          0 |          0 |          0 |          0 |          0 |
|               CAS_COUNT_WR               | MBOX0C1 |    2332906 |          0 |          0 |          0 |          0 |          0 |          0 |          0 |    1031452 |          0 |          0 |          0 |          0 |          0 |          0 |          0 |     597665 |          0 |          0 |          0 |          0 |          0 |          0 |     419190 |          0 |          0 |          0 |          0 |          0 |          0 |
|               CAS_COUNT_RD               | MBOX1C0 |    3340590 |          0 |          0 |          0 |          0 |          0 |          0 |          0 |    1247973 |          0 |          0 |          0 |          0 |          0 |          0 |          0 |     704140 |          0 |          0 |          0 |          0 |          0 |          0 |     720488 |          0 |          0 |          0 |          0 |          0 |          0 |
|               CAS_COUNT_WR               | MBOX1C1 |    2562347 |          0 |          0 |          0 |          0 |          0 |          0 |          0 |     958412 |          0 |          0 |          0 |          0 |          0 |          0 |          0 |     604201 |          0 |          0 |          0 |          0 |          0 |          0 |     555767 |          0 |          0 |          0 |          0 |          0 |          0 |
|               CAS_COUNT_RD               | MBOX2C0 |    3221505 |          0 |          0 |          0 |          0 |          0 |          0 |          0 |    1238773 |          0 |          0 |          0 |          0 |          0 |          0 |          0 |     727235 |          0 |          0 |          0 |          0 |          0 |          0 |     599197 |          0 |          0 |          0 |          0 |          0 |          0 |
|               CAS_COUNT_WR               | MBOX2C1 |    2377058 |          0 |          0 |          0 |          0 |          0 |          0 |          0 |     929507 |          0 |          0 |          0 |          0 |          0 |          0 |          0 |     634093 |          0 |          0 |          0 |          0 |          0 |          0 |     425778 |          0 |          0 |          0 |          0 |          0 |          0 |
|               CAS_COUNT_RD               | MBOX3C0 |    3420992 |          0 |          0 |          0 |          0 |          0 |          0 |          0 |    1210789 |          0 |          0 |          0 |          0 |          0 |          0 |          0 |     689141 |          0 |          0 |          0 |          0 |          0 |          0 |     669350 |          0 |          0 |          0 |          0 |          0 |          0 |
|               CAS_COUNT_WR               | MBOX3C1 |    2407650 |          0 |          0 |          0 |          0 |          0 |          0 |          0 |     911781 |          0 |          0 |          0 |          0 |          0 |          0 |          0 |     597142 |          0 |          0 |          0 |          0 |          0 |          0 |     497030 |          0 |          0 |          0 |          0 |          0 |          0 |
|               CAS_COUNT_RD               | MBOX4C0 |    2955170 |          0 |          0 |          0 |          0 |          0 |          0 |          0 |    1232376 |          0 |          0 |          0 |          0 |          0 |          0 |          0 |     672008 |          0 |          0 |          0 |          0 |          0 |          0 |     655468 |          0 |          0 |          0 |          0 |          0 |          0 |
|               CAS_COUNT_WR               | MBOX4C1 |    2313296 |          0 |          0 |          0 |          0 |          0 |          0 |          0 |     933313 |          0 |          0 |          0 |          0 |          0 |          0 |          0 |     574419 |          0 |          0 |          0 |          0 |          0 |          0 |     484239 |          0 |          0 |          0 |          0 |          0 |          0 |
|               CAS_COUNT_RD               | MBOX5C0 |    3018369 |          0 |          0 |          0 |          0 |          0 |          0 |          0 |    1210125 |          0 |          0 |          0 |          0 |          0 |          0 |          0 |     679785 |          0 |          0 |          0 |          0 |          0 |          0 |     792198 |          0 |          0 |          0 |          0 |          0 |          0 |
|               CAS_COUNT_WR               | MBOX5C1 |    2341602 |          0 |          0 |          0 |          0 |          0 |          0 |          0 |     921472 |          0 |          0 |          0 |          0 |          0 |          0 |          0 |     581325 |          0 |          0 |          0 |          0 |          0 |          0 |     630678 |          0 |          0 |          0 |          0 |          0 |          0 |
+------------------------------------------+---------+------------+------------+------------+------------+------------+------------+------------+------------+------------+------------+------------+------------+------------+------------+------------+------------+------------+------------+------------+------------+------------+------------+------------+------------+------------+------------+------------+------------+------------+------------+
+-----------------------------------------------+---------+--------------+------------+------------+--------------+
|                     Event                     | Counter |      Sum     |     Min    |     Max    |      Avg     |
+-----------------------------------------------+---------+--------------+------------+------------+--------------+
|             INSTR_RETIRED_ANY STAT            |  FIXC0  |  66580104000 | 2102049000 | 3621334000 |   2219336800 |
|           CPU_CLK_UNHALTED_CORE STAT          |  FIXC1  |  97102879000 | 1711122000 | 3318926000 | 3.236763e+09 |
|           CPU_CLK_UNHALTED_REF STAT           |  FIXC2  | 132877811000 | 2341714000 | 4541689000 | 4.429260e+09 |
|              PWR_PKG_ENERGY STAT              |   PWR0  |     283.8849 |          0 |    78.5494 |       9.4628 |
|              PWR_DRAM_ENERGY STAT             |   PWR3  |      25.2156 |          0 |     7.4881 |       0.8405 |
| FP_ARITH_INST_RETIRED_128B_PACKED_DOUBLE STAT |   PMC0  |        22816 |          0 |      22816 |     760.5333 |
|    FP_ARITH_INST_RETIRED_SCALAR_DOUBLE STAT   |   PMC1  |  16693072000 |  536798800 |  601333700 | 5.564357e+08 |
| FP_ARITH_INST_RETIRED_256B_PACKED_DOUBLE STAT |   PMC2  |        26128 |          0 |      26128 |     870.9333 |
| FP_ARITH_INST_RETIRED_512B_PACKED_DOUBLE STAT |   PMC3  |        58742 |          0 |      58742 |    1958.0667 |
|               CAS_COUNT_RD STAT               | MBOX0C0 |      5612299 |          0 |    2999642 |  187076.6333 |
|               CAS_COUNT_WR STAT               | MBOX0C1 |      4381213 |          0 |    2332906 |  146040.4333 |
|               CAS_COUNT_RD STAT               | MBOX1C0 |      6013191 |          0 |    3340590 |  200439.7000 |
|               CAS_COUNT_WR STAT               | MBOX1C1 |      4680727 |          0 |    2562347 |  156024.2333 |
|               CAS_COUNT_RD STAT               | MBOX2C0 |      5786710 |          0 |    3221505 |  192890.3333 |
|               CAS_COUNT_WR STAT               | MBOX2C1 |      4366436 |          0 |    2377058 |  145547.8667 |
|               CAS_COUNT_RD STAT               | MBOX3C0 |      5990272 |          0 |    3420992 |  199675.7333 |
|               CAS_COUNT_WR STAT               | MBOX3C1 |      4413603 |          0 |    2407650 |  147120.1000 |
|               CAS_COUNT_RD STAT               | MBOX4C0 |      5515022 |          0 |    2955170 |  183834.0667 |
|               CAS_COUNT_WR STAT               | MBOX4C1 |      4305267 |          0 |    2313296 |  143508.9000 |
|               CAS_COUNT_RD STAT               | MBOX5C0 |      5700477 |          0 |    3018369 |  190015.9000 |
|               CAS_COUNT_WR STAT               | MBOX5C1 |      4475077 |          0 |    2341602 |  149169.2333 |
+-----------------------------------------------+---------+--------------+------------+------------+--------------+
+-----------------------------------+-----------+-----------+-----------+-----------+-----------+-----------+-----------+-----------+-----------+-----------+-----------+-----------+-----------+-----------+-----------+-----------+-----------+-----------+-----------+-----------+-----------+-----------+-----------+-----------+-----------+-----------+-----------+-----------+-----------+-----------+
|               Metric              |   Core 0  |   Core 1  |   Core 2  |   Core 3  |   Core 4  |   Core 5  |   Core 6  |   Core 7  |  Core 14  |  Core 15  |  Core 16  |  Core 17  |  Core 18  |  Core 19  |  Core 20  |  Core 21  |  Core 28  |  Core 29  |  Core 30  |  Core 31  |  Core 32  |  Core 33  |  Core 34  |  Core 42  |  Core 43  |  Core 44  |  Core 45  |  Core 46  |  Core 47  |  Core 48  |
+-----------------------------------+-----------+-----------+-----------+-----------+-----------+-----------+-----------+-----------+-----------+-----------+-----------+-----------+-----------+-----------+-----------+-----------+-----------+-----------+-----------+-----------+-----------+-----------+-----------+-----------+-----------+-----------+-----------+-----------+-----------+-----------+
|        Runtime (RDTSC) [s]        |    1.7580 |    1.7605 |    1.7605 |    1.7605 |    1.7605 |    1.7605 |    1.7605 |    1.7605 |    1.7580 |    1.7605 |    1.7605 |    1.7605 |    1.7605 |    1.7605 |    1.7605 |    1.7605 |    1.7580 |    1.7605 |    1.7605 |    1.7605 |    1.7605 |    1.7605 |    1.7605 |    1.7580 |    1.7605 |    1.7605 |    1.7605 |    1.7605 |    1.7605 |    1.7605 |
|        Runtime unhalted [s]       |    0.6597 |    1.2793 |    1.2791 |    1.2783 |    1.2792 |    1.2796 |    1.2792 |    1.2781 |    1.2634 |    1.2649 |    1.2645 |    1.2645 |    1.2635 |    1.2645 |    1.2648 |    1.2642 |    1.2623 |    1.2645 |    1.2647 |    1.2652 |    1.2653 |    1.2649 |    1.2652 |    1.2640 |    1.2645 |    1.2659 |    1.2665 |    1.2665 |    1.2665 |    1.2650 |
|            Clock [MHz]            | 1895.2608 | 1895.4064 | 1895.4062 | 1895.4063 | 1895.4059 | 1895.4050 | 1895.4063 | 1895.4054 | 1895.4042 | 1895.4055 | 1895.4048 | 1895.4048 | 1895.4042 | 1895.4052 | 1895.4043 | 1895.4052 | 1895.4066 | 1895.4057 | 1895.4053 | 1895.4059 | 1895.4053 | 1895.4048 | 1895.4059 | 1895.4051 | 1895.4055 | 1895.4040 | 1895.4039 | 1895.4050 | 1895.4048 | 1895.4040 |
|                CPI                |    0.4725 |    1.4319 |    1.4457 |    1.4406 |    1.4672 |    1.4715 |    1.4814 |    1.5119 |    1.5111 |    1.5093 |    1.5039 |    1.5008 |    1.5076 |    1.5144 |    1.5206 |    1.5168 |    1.5222 |    1.5210 |    1.5283 |    1.5503 |    1.5569 |    1.5584 |    1.5480 |    1.5473 |    1.5426 |    1.5467 |    1.5452 |    1.5497 |    1.5566 |    1.5609 |
|             Energy [J]            |   78.5494 |         0 |         0 |         0 |         0 |         0 |         0 |         0 |   68.0569 |         0 |         0 |         0 |         0 |         0 |         0 |         0 |   70.5486 |         0 |         0 |         0 |         0 |         0 |         0 |   66.7300 |         0 |         0 |         0 |         0 |         0 |         0 |
|             Power [W]             |   44.6805 |         0 |         0 |         0 |         0 |         0 |         0 |         0 |   38.7124 |         0 |         0 |         0 |         0 |         0 |         0 |         0 |   40.1296 |         0 |         0 |         0 |         0 |         0 |         0 |   37.9574 |         0 |         0 |         0 |         0 |         0 |         0 |
|          Energy DRAM [J]          |    7.4881 |         0 |         0 |         0 |         0 |         0 |         0 |         0 |    6.8937 |         0 |         0 |         0 |         0 |         0 |         0 |         0 |    5.0334 |         0 |         0 |         0 |         0 |         0 |         0 |    5.8004 |         0 |         0 |         0 |         0 |         0 |         0 |
|           Power DRAM [W]          |    4.2594 |         0 |         0 |         0 |         0 |         0 |         0 |         0 |    3.9213 |         0 |         0 |         0 |         0 |         0 |         0 |         0 |    2.8631 |         0 |         0 |         0 |         0 |         0 |         0 |    3.2994 |         0 |         0 |         0 |         0 |         0 |         0 |
|            DP [MFLOP/s]           |  328.6485 |  337.4199 |  338.3300 |  341.5685 |  333.0628 |  329.7726 |  326.3550 |  318.1687 |  315.5500 |  315.7293 |  316.8302 |  315.9590 |  311.5323 |  309.2854 |  308.5321 |  309.4273 |  307.9797 |  309.5124 |  310.7570 |  307.9961 |  306.7138 |  306.3330 |  308.7168 |  308.8141 |  310.8174 |  312.7261 |  314.4394 |  311.3103 |  306.9176 |  304.9130 |
|          AVX DP [MFLOP/s]         |    0.3268 |         0 |         0 |         0 |         0 |         0 |         0 |         0 |         0 |         0 |         0 |         0 |         0 |         0 |         0 |         0 |         0 |         0 |         0 |         0 |         0 |         0 |         0 |         0 |         0 |         0 |         0 |         0 |         0 |         0 |
|          Packed [MUOPS/s]         |    0.0613 |         0 |         0 |         0 |         0 |         0 |         0 |         0 |         0 |         0 |         0 |         0 |         0 |         0 |         0 |         0 |         0 |         0 |         0 |         0 |         0 |         0 |         0 |         0 |         0 |         0 |         0 |         0 |         0 |         0 |
|          Scalar [MUOPS/s]         |  328.2958 |  337.4199 |  338.3300 |  341.5685 |  333.0628 |  329.7726 |  326.3550 |  318.1687 |  315.5500 |  315.7293 |  316.8302 |  315.9590 |  311.5323 |  309.2854 |  308.5321 |  309.4273 |  307.9797 |  309.5124 |  310.7570 |  307.9961 |  306.7138 |  306.3330 |  308.7168 |  308.8141 |  310.8174 |  312.7261 |  314.4394 |  311.3103 |  306.9176 |  304.9130 |
|  Memory read bandwidth [MBytes/s] |  690.0924 |         0 |         0 |         0 |         0 |         0 |         0 |         0 |  271.4989 |         0 |         0 |         0 |         0 |         0 |         0 |         0 |  151.8835 |         0 |         0 |         0 |         0 |         0 |         0 |  146.7763 |         0 |         0 |         0 |         0 |         0 |         0 |
|  Memory read data volume [GBytes] |    1.2132 |         0 |         0 |         0 |         0 |         0 |         0 |         0 |    0.4773 |         0 |         0 |         0 |         0 |         0 |         0 |         0 |    0.2670 |         0 |         0 |         0 |         0 |         0 |         0 |    0.2580 |         0 |         0 |         0 |         0 |         0 |         0 |
| Memory write bandwidth [MBytes/s] |  521.8526 |         0 |         0 |         0 |         0 |         0 |         0 |         0 |  206.9952 |         0 |         0 |         0 |         0 |         0 |         0 |         0 |  130.6505 |         0 |         0 |         0 |         0 |         0 |         0 |  109.6751 |         0 |         0 |         0 |         0 |         0 |         0 |
| Memory write data volume [GBytes] |    0.9174 |         0 |         0 |         0 |         0 |         0 |         0 |         0 |    0.3639 |         0 |         0 |         0 |         0 |         0 |         0 |         0 |    0.2297 |         0 |         0 |         0 |         0 |         0 |         0 |    0.1928 |         0 |         0 |         0 |         0 |         0 |         0 |
|    Memory bandwidth [MBytes/s]    | 1211.9451 |         0 |         0 |         0 |         0 |         0 |         0 |         0 |  478.4941 |         0 |         0 |         0 |         0 |         0 |         0 |         0 |  282.5340 |         0 |         0 |         0 |         0 |         0 |         0 |  256.4513 |         0 |         0 |         0 |         0 |         0 |         0 |
|    Memory data volume [GBytes]    |    2.1306 |         0 |         0 |         0 |         0 |         0 |         0 |         0 |    0.8412 |         0 |         0 |         0 |         0 |         0 |         0 |         0 |    0.4967 |         0 |         0 |         0 |         0 |         0 |         0 |    0.4508 |         0 |         0 |         0 |         0 |         0 |         0 |
|       Operational intensity       |    0.2712 |    0.2788 |    0.2796 |    0.2822 |    0.2752 |    0.2725 |    0.2697 |    0.2629 |    0.6595 |    0.6608 |    0.6631 |    0.6613 |    0.6520 |    0.6473 |    0.6457 |    0.6476 |    1.0901 |    1.0970 |    1.1014 |    1.0917 |    1.0871 |    1.0858 |    1.0942 |    1.2042 |    1.2137 |    1.2212 |    1.2278 |    1.2156 |    1.1985 |    1.1906 |
+-----------------------------------+-----------+-----------+-----------+-----------+-----------+-----------+-----------+-----------+-----------+-----------+-----------+-----------+-----------+-----------+-----------+-----------+-----------+-----------+-----------+-----------+-----------+-----------+-----------+-----------+-----------+-----------+-----------+-----------+-----------+-----------+
+----------------------------------------+------------+-----------+-----------+-----------+
|                 Metric                 |     Sum    |    Min    |    Max    |    Avg    |
+----------------------------------------+------------+-----------+-----------+-----------+
|        Runtime (RDTSC) [s] STAT        |    52.8050 |    1.7580 |    1.7605 |    1.7602 |
|        Runtime unhalted [s] STAT       |    37.4378 |    0.6597 |    1.2796 |    1.2479 |
|            Clock [MHz] STAT            | 56862.0123 | 1895.2608 | 1895.4066 | 1895.4004 |
|                CPI STAT                |    44.4413 |    0.4725 |    1.5609 |    1.4814 |
|             Energy [J] STAT            |   283.8849 |         0 |   78.5494 |    9.4628 |
|             Power [W] STAT             |   161.4799 |         0 |   44.6805 |    5.3827 |
|          Energy DRAM [J] STAT          |    25.2156 |         0 |    7.4881 |    0.8405 |
|           Power DRAM [W] STAT          |    14.3432 |         0 |    4.2594 |    0.4781 |
|            DP [MFLOP/s] STAT           |  9484.1183 |  304.9130 |  341.5685 |  316.1373 |
|          AVX DP [MFLOP/s] STAT         |     0.3268 |         0 |    0.3268 |    0.0109 |
|          Packed [MUOPS/s] STAT         |     0.0613 |         0 |    0.0613 |    0.0020 |
|          Scalar [MUOPS/s] STAT         |  9483.7656 |  304.9130 |  341.5685 |  316.1255 |
|  Memory read bandwidth [MBytes/s] STAT |  1260.2511 |         0 |  690.0924 |   42.0084 |
|  Memory read data volume [GBytes] STAT |     2.2155 |         0 |    1.2132 |    0.0738 |
| Memory write bandwidth [MBytes/s] STAT |   969.1734 |         0 |  521.8526 |   32.3058 |
| Memory write data volume [GBytes] STAT |     1.7038 |         0 |    0.9174 |    0.0568 |
|    Memory bandwidth [MBytes/s] STAT    |  2229.4245 |         0 | 1211.9451 |   74.3141 |
|    Memory data volume [GBytes] STAT    |     3.9193 |         0 |    2.1306 |    0.1306 |
|       Operational intensity STAT       |    23.5483 |    0.2629 |    1.2278 |    0.7849 |
+----------------------------------------+------------+-----------+-----------+-----------+
