--------------------------------------------------------------------------------
CPU name:	Intel(R) Xeon(R) Gold 6132 CPU @ 2.60GHz
CPU type:	Intel Skylake SP processor
CPU clock:	2.59 GHz
--------------------------------------------------------------------------------
Region Setup, Group 1: MEM_DP
+-------------------+----------+----------+----------+----------+----------+----------+----------+----------+----------+----------+----------+----------+----------+----------+----------+----------+----------+----------+----------+----------+----------+----------+----------+----------+----------+----------+----------+----------+----------+----------+----------+----------+----------+
|    Region Info    |  Core 0  |  Core 1  |  Core 2  |  Core 3  |  Core 4  |  Core 5  |  Core 6  |  Core 7  |  Core 8  |  Core 9  |  Core 10 |  Core 11 |  Core 12 |  Core 13 |  Core 14 |  Core 15 |  Core 16 |  Core 17 |  Core 18 |  Core 19 |  Core 20 |  Core 21 |  Core 22 |  Core 23 |  Core 24 |  Core 25 |  Core 26 |  Core 27 |  Core 28 |  Core 29 |  Core 30 |  Core 31 |  Core 32 |
+-------------------+----------+----------+----------+----------+----------+----------+----------+----------+----------+----------+----------+----------+----------+----------+----------+----------+----------+----------+----------+----------+----------+----------+----------+----------+----------+----------+----------+----------+----------+----------+----------+----------+----------+
| RDTSC Runtime [s] | 0.438036 | 0.441415 | 0.441440 | 0.441397 | 0.441409 | 0.441385 | 0.441395 | 0.441392 | 0.441371 | 0.441374 | 0.441488 | 0.441366 | 0.441408 | 0.441426 | 0.437912 | 0.441379 | 0.441405 | 0.441408 | 0.441462 | 0.441366 | 0.441419 | 0.441376 | 0.441445 | 0.441450 | 0.441373 | 0.441431 | 0.441469 | 0.441424 | 0.437949 | 0.441407 | 0.441387 | 0.441363 | 0.441368 |
|     call count    |        2 |        2 |        2 |        2 |        2 |        2 |        2 |        2 |        2 |        2 |        2 |        2 |        2 |        2 |        2 |        2 |        2 |        2 |        2 |        2 |        2 |        2 |        2 |        2 |        2 |        2 |        2 |        2 |        2 |        2 |        2 |        2 |        2 |
+-------------------+----------+----------+----------+----------+----------+----------+----------+----------+----------+----------+----------+----------+----------+----------+----------+----------+----------+----------+----------+----------+----------+----------+----------+----------+----------+----------+----------+----------+----------+----------+----------+----------+----------+
+------------------------------------------+---------+-----------+-----------+-----------+-----------+-----------+-----------+-----------+-----------+-----------+-----------+-----------+-----------+-----------+-----------+-----------+-----------+-----------+-----------+-----------+-----------+-----------+-----------+-----------+-----------+-----------+-----------+-----------+-----------+-----------+-----------+-----------+-----------+-----------+
|                   Event                  | Counter |   Core 0  |   Core 1  |   Core 2  |   Core 3  |   Core 4  |   Core 5  |   Core 6  |   Core 7  |   Core 8  |   Core 9  |  Core 10  |  Core 11  |  Core 12  |  Core 13  |  Core 14  |  Core 15  |  Core 16  |  Core 17  |  Core 18  |  Core 19  |  Core 20  |  Core 21  |  Core 22  |  Core 23  |  Core 24  |  Core 25  |  Core 26  |  Core 27  |  Core 28  |  Core 29  |  Core 30  |  Core 31  |  Core 32  |
+------------------------------------------+---------+-----------+-----------+-----------+-----------+-----------+-----------+-----------+-----------+-----------+-----------+-----------+-----------+-----------+-----------+-----------+-----------+-----------+-----------+-----------+-----------+-----------+-----------+-----------+-----------+-----------+-----------+-----------+-----------+-----------+-----------+-----------+-----------+-----------+
|             INSTR_RETIRED_ANY            |  FIXC0  | 271177200 |  78530250 |  78653670 |  77636720 |  77899300 |  78208310 |  78198520 |  78164590 |  77758660 |  78291720 |  77914970 |  77937270 |  77683080 |  77576240 |  74281380 |  75035140 |  73837180 |  73946330 |  74524440 |  73893940 |  74228700 |  73867070 |  73850200 |  73689190 |  73856610 |  74022270 |  74100430 |  73710930 |  72809340 |  74599200 |  74311650 |  73406220 |  72617620 |
|           CPU_CLK_UNHALTED_CORE          |  FIXC1  | 259648300 | 322739900 | 343167700 | 321816300 | 327638400 | 334065200 | 333956100 | 333545000 | 324915600 | 336067500 | 328213000 | 328625500 | 323283200 | 321689000 | 257920100 | 273850400 | 257499000 | 261280900 | 273331000 | 260251300 | 267277900 | 259545400 | 259453600 | 255828600 | 259559900 | 264681300 | 266446500 | 258426700 | 254281200 | 290008400 | 286216600 | 270701600 | 256724700 |
|           CPU_CLK_UNHALTED_REF           |  FIXC2  | 355276000 | 441671800 | 469881700 | 440409800 | 448366300 | 457187200 | 457027800 | 456452700 | 444687000 | 459945600 | 449184400 | 449747900 | 442423600 | 440241200 | 353285100 | 375081800 | 352735100 | 357890300 | 374395100 | 356465600 | 366093400 | 355532600 | 355399000 | 350424900 | 355530200 | 362539900 | 364963000 | 353978600 | 349303200 | 398209400 | 393021200 | 371817900 | 352716200 |
|              PWR_PKG_ENERGY              |   PWR0  |   18.8166 |         0 |         0 |         0 |         0 |         0 |         0 |         0 |         0 |         0 |         0 |         0 |         0 |         0 |   19.0733 |         0 |         0 |         0 |         0 |         0 |         0 |         0 |         0 |         0 |         0 |         0 |         0 |         0 |   15.5095 |         0 |         0 |         0 |         0 |
|              PWR_DRAM_ENERGY             |   PWR3  |    2.3013 |         0 |         0 |         0 |         0 |         0 |         0 |         0 |         0 |         0 |         0 |         0 |         0 |         0 |    1.7320 |         0 |         0 |         0 |         0 |         0 |         0 |         0 |         0 |         0 |         0 |         0 |         0 |         0 |    1.4331 |         0 |         0 |         0 |         0 |
| FP_ARITH_INST_RETIRED_128B_PACKED_DOUBLE |   PMC0  |     23000 |         0 |         0 |         0 |         0 |         0 |         0 |         0 |         0 |         0 |         0 |         0 |         0 |         0 |         0 |         0 |         0 |         0 |         0 |         0 |         0 |         0 |         0 |         0 |         0 |         0 |         0 |         0 |         0 |         0 |         0 |         0 |         0 |
|    FP_ARITH_INST_RETIRED_SCALAR_DOUBLE   |   PMC1  |  25390320 |  16556460 |  16324320 |  16324360 |  16323460 |  16323600 |  16323610 |  16321530 |  16321450 |  16321770 |  16321810 |  16321860 |  16321920 |  16318910 |  16318730 |  16318730 |  16303290 |  16294660 |  16294580 |  16294530 |  16294600 |  16294900 |  16294900 |  16295070 |  16294740 |  16283420 |  16283570 |  16283570 |  16047990 |  16070410 |  16045840 |  16034530 |  16009070 |
| FP_ARITH_INST_RETIRED_256B_PACKED_DOUBLE |   PMC2  |     15090 |         0 |         0 |         0 |         0 |         0 |         0 |         0 |         0 |         0 |         0 |         0 |         0 |         0 |         0 |         0 |         0 |         0 |         0 |         0 |         0 |         0 |         0 |         0 |         0 |         0 |         0 |         0 |         0 |         0 |         0 |         0 |         0 |
| FP_ARITH_INST_RETIRED_512B_PACKED_DOUBLE |   PMC3  |    141851 |         0 |         0 |         0 |         0 |         0 |         0 |         0 |         0 |         0 |         0 |         0 |         0 |         0 |         0 |         0 |         0 |         0 |         0 |         0 |         0 |         0 |         0 |         0 |         0 |         0 |         0 |         0 |         0 |         0 |         0 |         0 |         0 |
|               CAS_COUNT_RD               | MBOX0C0 |   1203703 |         0 |         0 |         0 |         0 |         0 |         0 |         0 |         0 |         0 |         0 |         0 |         0 |         0 |    276008 |         0 |         0 |         0 |         0 |         0 |         0 |         0 |         0 |         0 |         0 |         0 |         0 |         0 |     55360 |         0 |         0 |         0 |         0 |
|               CAS_COUNT_WR               | MBOX0C1 |   1554699 |         0 |         0 |         0 |         0 |         0 |         0 |         0 |         0 |         0 |         0 |         0 |         0 |         0 |    402028 |         0 |         0 |         0 |         0 |         0 |         0 |         0 |         0 |         0 |         0 |         0 |         0 |         0 |     82135 |         0 |         0 |         0 |         0 |
|               CAS_COUNT_RD               | MBOX1C0 |   1164617 |         0 |         0 |         0 |         0 |         0 |         0 |         0 |         0 |         0 |         0 |         0 |         0 |         0 |    227324 |         0 |         0 |         0 |         0 |         0 |         0 |         0 |         0 |         0 |         0 |         0 |         0 |         0 |     56063 |         0 |         0 |         0 |         0 |
|               CAS_COUNT_WR               | MBOX1C1 |   1587549 |         0 |         0 |         0 |         0 |         0 |         0 |         0 |         0 |         0 |         0 |         0 |         0 |         0 |    343435 |         0 |         0 |         0 |         0 |         0 |         0 |         0 |         0 |         0 |         0 |         0 |         0 |         0 |     82426 |         0 |         0 |         0 |         0 |
|               CAS_COUNT_RD               | MBOX2C0 |   1193651 |         0 |         0 |         0 |         0 |         0 |         0 |         0 |         0 |         0 |         0 |         0 |         0 |         0 |    175728 |         0 |         0 |         0 |         0 |         0 |         0 |         0 |         0 |         0 |         0 |         0 |         0 |         0 |     60669 |         0 |         0 |         0 |         0 |
|               CAS_COUNT_WR               | MBOX2C1 |   1592467 |         0 |         0 |         0 |         0 |         0 |         0 |         0 |         0 |         0 |         0 |         0 |         0 |         0 |    284037 |         0 |         0 |         0 |         0 |         0 |         0 |         0 |         0 |         0 |         0 |         0 |         0 |         0 |     89396 |         0 |         0 |         0 |         0 |
|               CAS_COUNT_RD               | MBOX3C0 |   1054588 |         0 |         0 |         0 |         0 |         0 |         0 |         0 |         0 |         0 |         0 |         0 |         0 |         0 |    135180 |         0 |         0 |         0 |         0 |         0 |         0 |         0 |         0 |         0 |         0 |         0 |         0 |         0 |     39146 |         0 |         0 |         0 |         0 |
|               CAS_COUNT_WR               | MBOX3C1 |   1507298 |         0 |         0 |         0 |         0 |         0 |         0 |         0 |         0 |         0 |         0 |         0 |         0 |         0 |    254045 |         0 |         0 |         0 |         0 |         0 |         0 |         0 |         0 |         0 |         0 |         0 |         0 |         0 |     69634 |         0 |         0 |         0 |         0 |
|               CAS_COUNT_RD               | MBOX4C0 |   1243389 |         0 |         0 |         0 |         0 |         0 |         0 |         0 |         0 |         0 |         0 |         0 |         0 |         0 |    392449 |         0 |         0 |         0 |         0 |         0 |         0 |         0 |         0 |         0 |         0 |         0 |         0 |         0 |     41281 |         0 |         0 |         0 |         0 |
|               CAS_COUNT_WR               | MBOX4C1 |   1556392 |         0 |         0 |         0 |         0 |         0 |         0 |         0 |         0 |         0 |         0 |         0 |         0 |         0 |    614198 |         0 |         0 |         0 |         0 |         0 |         0 |         0 |         0 |         0 |         0 |         0 |         0 |         0 |     72106 |         0 |         0 |         0 |         0 |
|               CAS_COUNT_RD               | MBOX5C0 |   1210780 |         0 |         0 |         0 |         0 |         0 |         0 |         0 |         0 |         0 |         0 |         0 |         0 |         0 |    272705 |         0 |         0 |         0 |         0 |         0 |         0 |         0 |         0 |         0 |         0 |         0 |         0 |         0 |     43487 |         0 |         0 |         0 |         0 |
|               CAS_COUNT_WR               | MBOX5C1 |   1697921 |         0 |         0 |         0 |         0 |         0 |         0 |         0 |         0 |         0 |         0 |         0 |         0 |         0 |    442942 |         0 |         0 |         0 |         0 |         0 |         0 |         0 |         0 |         0 |         0 |         0 |         0 |         0 |     72854 |         0 |         0 |         0 |         0 |
+------------------------------------------+---------+-----------+-----------+-----------+-----------+-----------+-----------+-----------+-----------+-----------+-----------+-----------+-----------+-----------+-----------+-----------+-----------+-----------+-----------+-----------+-----------+-----------+-----------+-----------+-----------+-----------+-----------+-----------+-----------+-----------+-----------+-----------+-----------+-----------+
+-----------------------------------------------+---------+-------------+-----------+-----------+--------------+
|                     Event                     | Counter |     Sum     |    Min    |    Max    |      Avg     |
+-----------------------------------------------+---------+-------------+-----------+-----------+--------------+
|             INSTR_RETIRED_ANY STAT            |  FIXC0  |  2690218340 |  72617620 | 271177200 | 8.152177e+07 |
|           CPU_CLK_UNHALTED_CORE STAT          |  FIXC1  |  9572655800 | 254281200 | 343167700 | 2.900805e+08 |
|           CPU_CLK_UNHALTED_REF STAT           |  FIXC2  | 13111885500 | 349303200 | 469881700 | 3.973299e+08 |
|              PWR_PKG_ENERGY STAT              |   PWR0  |     53.3994 |         0 |   19.0733 |       1.6182 |
|              PWR_DRAM_ENERGY STAT             |   PWR3  |      5.4664 |         0 |    2.3013 |       0.1656 |
| FP_ARITH_INST_RETIRED_128B_PACKED_DOUBLE STAT |   PMC0  |       23000 |         0 |     23000 |     696.9697 |
|    FP_ARITH_INST_RETIRED_SCALAR_DOUBLE STAT   |   PMC1  |   546172510 |  16009070 |  25390320 | 1.655068e+07 |
| FP_ARITH_INST_RETIRED_256B_PACKED_DOUBLE STAT |   PMC2  |       15090 |         0 |     15090 |     457.2727 |
| FP_ARITH_INST_RETIRED_512B_PACKED_DOUBLE STAT |   PMC3  |      141851 |         0 |    141851 |    4298.5152 |
|               CAS_COUNT_RD STAT               | MBOX0C0 |     1535071 |         0 |   1203703 |   46517.3030 |
|               CAS_COUNT_WR STAT               | MBOX0C1 |     2038862 |         0 |   1554699 |   61783.6970 |
|               CAS_COUNT_RD STAT               | MBOX1C0 |     1448004 |         0 |   1164617 |   43878.9091 |
|               CAS_COUNT_WR STAT               | MBOX1C1 |     2013410 |         0 |   1587549 |   61012.4242 |
|               CAS_COUNT_RD STAT               | MBOX2C0 |     1430048 |         0 |   1193651 |   43334.7879 |
|               CAS_COUNT_WR STAT               | MBOX2C1 |     1965900 |         0 |   1592467 |   59572.7273 |
|               CAS_COUNT_RD STAT               | MBOX3C0 |     1228914 |         0 |   1054588 |   37239.8182 |
|               CAS_COUNT_WR STAT               | MBOX3C1 |     1830977 |         0 |   1507298 |   55484.1515 |
|               CAS_COUNT_RD STAT               | MBOX4C0 |     1677119 |         0 |   1243389 |   50821.7879 |
|               CAS_COUNT_WR STAT               | MBOX4C1 |     2242696 |         0 |   1556392 |   67960.4848 |
|               CAS_COUNT_RD STAT               | MBOX5C0 |     1526972 |         0 |   1210780 |   46271.8788 |
|               CAS_COUNT_WR STAT               | MBOX5C1 |     2213717 |         0 |   1697921 |   67082.3333 |
+-----------------------------------------------+---------+-------------+-----------+-----------+--------------+
+-----------------------------------+-----------+-----------+-----------+-----------+-----------+-----------+-----------+-----------+-----------+-----------+-----------+-----------+-----------+-----------+-----------+-----------+-----------+-----------+-----------+-----------+-----------+-----------+-----------+-----------+-----------+-----------+-----------+-----------+-----------+-----------+-----------+-----------+-----------+
|               Metric              |   Core 0  |   Core 1  |   Core 2  |   Core 3  |   Core 4  |   Core 5  |   Core 6  |   Core 7  |   Core 8  |   Core 9  |  Core 10  |  Core 11  |  Core 12  |  Core 13  |  Core 14  |  Core 15  |  Core 16  |  Core 17  |  Core 18  |  Core 19  |  Core 20  |  Core 21  |  Core 22  |  Core 23  |  Core 24  |  Core 25  |  Core 26  |  Core 27  |  Core 28  |  Core 29  |  Core 30  |  Core 31  |  Core 32  |
+-----------------------------------+-----------+-----------+-----------+-----------+-----------+-----------+-----------+-----------+-----------+-----------+-----------+-----------+-----------+-----------+-----------+-----------+-----------+-----------+-----------+-----------+-----------+-----------+-----------+-----------+-----------+-----------+-----------+-----------+-----------+-----------+-----------+-----------+-----------+
|        Runtime (RDTSC) [s]        |    0.4380 |    0.4414 |    0.4414 |    0.4414 |    0.4414 |    0.4414 |    0.4414 |    0.4414 |    0.4414 |    0.4414 |    0.4415 |    0.4414 |    0.4414 |    0.4414 |    0.4379 |    0.4414 |    0.4414 |    0.4414 |    0.4415 |    0.4414 |    0.4414 |    0.4414 |    0.4414 |    0.4414 |    0.4414 |    0.4414 |    0.4415 |    0.4414 |    0.4379 |    0.4414 |    0.4414 |    0.4414 |    0.4414 |
|        Runtime unhalted [s]       |    0.1001 |    0.1244 |    0.1323 |    0.1241 |    0.1263 |    0.1288 |    0.1288 |    0.1286 |    0.1253 |    0.1296 |    0.1265 |    0.1267 |    0.1246 |    0.1240 |    0.0994 |    0.1056 |    0.0993 |    0.1007 |    0.1054 |    0.1003 |    0.1030 |    0.1001 |    0.1000 |    0.0986 |    0.1001 |    0.1020 |    0.1027 |    0.0996 |    0.0980 |    0.1118 |    0.1104 |    0.1044 |    0.0990 |
|            Clock [MHz]            | 1895.5556 | 1895.2648 | 1894.2391 | 1895.2564 | 1895.3034 | 1895.1958 | 1895.2377 | 1895.2896 | 1895.1040 | 1895.1211 | 1895.1694 | 1895.1738 | 1895.2293 | 1895.2323 | 1893.5500 | 1893.6700 | 1893.4062 | 1893.5407 | 1893.5451 | 1893.6172 | 1893.5992 | 1893.4368 | 1893.4787 | 1893.5250 | 1893.5554 | 1893.5831 | 1893.5558 | 1893.5522 | 1888.1157 | 1888.9305 | 1888.8426 | 1888.3281 | 1887.8138 |
|                CPI                |    0.9575 |    4.1098 |    4.3630 |    4.1452 |    4.2059 |    4.2715 |    4.2706 |    4.2672 |    4.1785 |    4.2925 |    4.2125 |    4.2165 |    4.1616 |    4.1467 |    3.4722 |    3.6496 |    3.4874 |    3.5334 |    3.6677 |    3.5220 |    3.6007 |    3.5137 |    3.5132 |    3.4717 |    3.5144 |    3.5757 |    3.5957 |    3.5059 |    3.4924 |    3.8876 |    3.8516 |    3.6877 |    3.5353 |
|             Energy [J]            |   18.8166 |         0 |         0 |         0 |         0 |         0 |         0 |         0 |         0 |         0 |         0 |         0 |         0 |         0 |   19.0733 |         0 |         0 |         0 |         0 |         0 |         0 |         0 |         0 |         0 |         0 |         0 |         0 |         0 |   15.5095 |         0 |         0 |         0 |         0 |
|             Power [W]             |   42.9567 |         0 |         0 |         0 |         0 |         0 |         0 |         0 |         0 |         0 |         0 |         0 |         0 |         0 |   43.5551 |         0 |         0 |         0 |         0 |         0 |         0 |         0 |         0 |         0 |         0 |         0 |         0 |         0 |   35.4139 |         0 |         0 |         0 |         0 |
|          Energy DRAM [J]          |    2.3013 |         0 |         0 |         0 |         0 |         0 |         0 |         0 |         0 |         0 |         0 |         0 |         0 |         0 |    1.7320 |         0 |         0 |         0 |         0 |         0 |         0 |         0 |         0 |         0 |         0 |         0 |         0 |         0 |    1.4331 |         0 |         0 |         0 |         0 |
|           Power DRAM [W]          |    5.2538 |         0 |         0 |         0 |         0 |         0 |         0 |         0 |         0 |         0 |         0 |         0 |         0 |         0 |    3.9552 |         0 |         0 |         0 |         0 |         0 |         0 |         0 |         0 |         0 |         0 |         0 |         0 |         0 |    3.2722 |         0 |         0 |         0 |         0 |
|            DP [MFLOP/s]           |   60.7975 |   37.5077 |   36.9797 |   36.9834 |   36.9803 |   36.9827 |   36.9818 |   36.9774 |   36.9790 |   36.9795 |   36.9700 |   36.9803 |   36.9770 |   36.9686 |   37.2649 |   36.9722 |   36.9350 |   36.9152 |   36.9105 |   36.9184 |   36.9141 |   36.9184 |   36.9126 |   36.9126 |   36.9183 |   36.8878 |   36.8850 |   36.8887 |   36.6435 |   36.4073 |   36.3533 |   36.3296 |   36.2715 |
|          AVX DP [MFLOP/s]         |    2.7285 |         0 |         0 |         0 |         0 |         0 |         0 |         0 |         0 |         0 |         0 |         0 |         0 |         0 |         0 |         0 |         0 |         0 |         0 |         0 |         0 |         0 |         0 |         0 |         0 |         0 |         0 |         0 |         0 |         0 |         0 |         0 |         0 |
|          Packed [MUOPS/s]         |    0.4108 |         0 |         0 |         0 |         0 |         0 |         0 |         0 |         0 |         0 |         0 |         0 |         0 |         0 |         0 |         0 |         0 |         0 |         0 |         0 |         0 |         0 |         0 |         0 |         0 |         0 |         0 |         0 |         0 |         0 |         0 |         0 |         0 |
|          Scalar [MUOPS/s]         |   57.9640 |   37.5077 |   36.9797 |   36.9834 |   36.9803 |   36.9827 |   36.9818 |   36.9774 |   36.9790 |   36.9795 |   36.9700 |   36.9803 |   36.9770 |   36.9686 |   37.2649 |   36.9722 |   36.9350 |   36.9152 |   36.9105 |   36.9184 |   36.9141 |   36.9184 |   36.9126 |   36.9126 |   36.9183 |   36.8878 |   36.8850 |   36.8887 |   36.6435 |   36.4073 |   36.3533 |   36.3296 |   36.2715 |
|  Memory read bandwidth [MBytes/s] | 1033.0811 |         0 |         0 |         0 |         0 |         0 |         0 |         0 |         0 |         0 |         0 |         0 |         0 |         0 |  216.2108 |         0 |         0 |         0 |         0 |         0 |         0 |         0 |         0 |         0 |         0 |         0 |         0 |         0 |   43.2571 |         0 |         0 |         0 |         0 |
|  Memory read data volume [GBytes] |    0.4525 |         0 |         0 |         0 |         0 |         0 |         0 |         0 |         0 |         0 |         0 |         0 |         0 |         0 |    0.0947 |         0 |         0 |         0 |         0 |         0 |         0 |         0 |         0 |         0 |         0 |         0 |         0 |         0 |    0.0189 |         0 |         0 |         0 |         0 |
| Memory write bandwidth [MBytes/s] | 1387.4773 |         0 |         0 |         0 |         0 |         0 |         0 |         0 |         0 |         0 |         0 |         0 |         0 |         0 |  342.0869 |         0 |         0 |         0 |         0 |         0 |         0 |         0 |         0 |         0 |         0 |         0 |         0 |         0 |   68.4721 |         0 |         0 |         0 |         0 |
| Memory write data volume [GBytes] |    0.6078 |         0 |         0 |         0 |         0 |         0 |         0 |         0 |         0 |         0 |         0 |         0 |         0 |         0 |    0.1498 |         0 |         0 |         0 |         0 |         0 |         0 |         0 |         0 |         0 |         0 |         0 |         0 |         0 |    0.0300 |         0 |         0 |         0 |         0 |
|    Memory bandwidth [MBytes/s]    | 2420.5584 |         0 |         0 |         0 |         0 |         0 |         0 |         0 |         0 |         0 |         0 |         0 |         0 |         0 |  558.2977 |         0 |         0 |         0 |         0 |         0 |         0 |         0 |         0 |         0 |         0 |         0 |         0 |         0 |  111.7292 |         0 |         0 |         0 |         0 |
|    Memory data volume [GBytes]    |    1.0603 |         0 |         0 |         0 |         0 |         0 |         0 |         0 |         0 |         0 |         0 |         0 |         0 |         0 |    0.2445 |         0 |         0 |         0 |         0 |         0 |         0 |         0 |         0 |         0 |         0 |         0 |         0 |         0 |    0.0489 |         0 |         0 |         0 |         0 |
|       Operational intensity       |    0.0251 |    0.0156 |    0.0154 |    0.0154 |    0.0154 |    0.0154 |    0.0154 |    0.0154 |    0.0154 |    0.0154 |    0.0154 |    0.0154 |    0.0154 |    0.0154 |    0.0667 |    0.0667 |    0.0667 |    0.0666 |    0.0666 |    0.0666 |    0.0666 |    0.0666 |    0.0666 |    0.0667 |    0.0666 |    0.0666 |    0.0666 |    0.0666 |    0.3280 |    0.3284 |    0.3279 |    0.3277 |    0.3272 |
+-----------------------------------+-----------+-----------+-----------+-----------+-----------+-----------+-----------+-----------+-----------+-----------+-----------+-----------+-----------+-----------+-----------+-----------+-----------+-----------+-----------+-----------+-----------+-----------+-----------+-----------+-----------+-----------+-----------+-----------+-----------+-----------+-----------+-----------+-----------+
+----------------------------------------+------------+-----------+-----------+-----------+
|                 Metric                 |     Sum    |    Min    |    Max    |    Avg    |
+----------------------------------------+------------+-----------+-----------+-----------+
|        Runtime (RDTSC) [s] STAT        |    14.5561 |    0.4379 |    0.4415 |    0.4411 |
|        Runtime unhalted [s] STAT       |     3.6905 |    0.0980 |    0.1323 |    0.1118 |
|            Clock [MHz] STAT            | 62484.0184 | 1887.8138 | 1895.5556 | 1893.4551 |
|                CPI STAT                |   123.8769 |    0.9575 |    4.3630 |    3.7538 |
|             Energy [J] STAT            |    53.3994 |         0 |   19.0733 |    1.6182 |
|             Power [W] STAT             |   121.9257 |         0 |   43.5551 |    3.6947 |
|          Energy DRAM [J] STAT          |     5.4664 |         0 |    2.3013 |    0.1656 |
|           Power DRAM [W] STAT          |    12.4812 |         0 |    5.2538 |    0.3782 |
|            DP [MFLOP/s] STAT           |  1241.2038 |   36.2715 |   60.7975 |   37.6122 |
|          AVX DP [MFLOP/s] STAT         |     2.7285 |         0 |    2.7285 |    0.0827 |
|          Packed [MUOPS/s] STAT         |     0.4108 |         0 |    0.4108 |    0.0124 |
|          Scalar [MUOPS/s] STAT         |  1238.3703 |   36.2715 |   57.9640 |   37.5264 |
|  Memory read bandwidth [MBytes/s] STAT |  1292.5490 |         0 | 1033.0811 |   39.1682 |
|  Memory read data volume [GBytes] STAT |     0.5661 |         0 |    0.4525 |    0.0172 |
| Memory write bandwidth [MBytes/s] STAT |  1798.0363 |         0 | 1387.4773 |   54.4859 |
| Memory write data volume [GBytes] STAT |     0.7876 |         0 |    0.6078 |    0.0239 |
|    Memory bandwidth [MBytes/s] STAT    |  3090.5853 |         0 | 2420.5584 |   93.6541 |
|    Memory data volume [GBytes] STAT    |     1.3537 |         0 |    1.0603 |    0.0410 |
|       Operational intensity STAT       |     2.7975 |    0.0154 |    0.3284 |    0.0848 |
+----------------------------------------+------------+-----------+-----------+-----------+
--------------------------------------------------------------------------------
CPU name:	Intel(R) Xeon(R) Gold 6132 CPU @ 2.60GHz
CPU type:	Intel Skylake SP processor
CPU clock:	2.59 GHz
--------------------------------------------------------------------------------
Region Solve, Group 1: MEM_DP
+-------------------+----------+----------+----------+----------+----------+----------+----------+----------+----------+----------+----------+----------+----------+----------+----------+----------+----------+----------+----------+----------+----------+----------+----------+----------+----------+----------+----------+----------+----------+----------+----------+----------+----------+
|    Region Info    |  Core 0  |  Core 1  |  Core 2  |  Core 3  |  Core 4  |  Core 5  |  Core 6  |  Core 7  |  Core 8  |  Core 9  |  Core 10 |  Core 11 |  Core 12 |  Core 13 |  Core 14 |  Core 15 |  Core 16 |  Core 17 |  Core 18 |  Core 19 |  Core 20 |  Core 21 |  Core 22 |  Core 23 |  Core 24 |  Core 25 |  Core 26 |  Core 27 |  Core 28 |  Core 29 |  Core 30 |  Core 31 |  Core 32 |
+-------------------+----------+----------+----------+----------+----------+----------+----------+----------+----------+----------+----------+----------+----------+----------+----------+----------+----------+----------+----------+----------+----------+----------+----------+----------+----------+----------+----------+----------+----------+----------+----------+----------+----------+
| RDTSC Runtime [s] | 4.094812 | 4.096751 | 4.096805 | 4.096757 | 4.096670 | 4.096801 | 4.096664 | 4.096789 | 4.096764 | 4.096823 | 4.096849 | 4.096831 | 4.096764 | 4.096666 | 4.094782 | 4.096665 | 4.096662 | 4.096667 | 4.096670 | 4.096669 | 4.096668 | 4.096669 | 4.096670 | 4.096669 | 4.096853 | 4.096671 | 4.096866 | 4.096666 | 4.094672 | 4.096659 | 4.096749 | 4.096663 | 4.096663 |
|     call count    |        1 |        1 |        1 |        1 |        1 |        1 |        1 |        1 |        1 |        1 |        1 |        1 |        1 |        1 |        1 |        1 |        1 |        1 |        1 |        1 |        1 |        1 |        1 |        1 |        1 |        1 |        1 |        1 |        1 |        1 |        1 |        1 |        1 |
+-------------------+----------+----------+----------+----------+----------+----------+----------+----------+----------+----------+----------+----------+----------+----------+----------+----------+----------+----------+----------+----------+----------+----------+----------+----------+----------+----------+----------+----------+----------+----------+----------+----------+----------+
+------------------------------------------+---------+------------+-------------+-------------+-------------+-------------+-------------+-------------+-------------+-------------+-------------+-------------+-------------+-------------+-------------+-------------+-------------+-------------+-------------+-------------+-------------+-------------+-------------+-------------+-------------+-------------+-------------+-------------+-------------+-------------+-------------+-------------+-------------+-------------+
|                   Event                  | Counter |   Core 0   |    Core 1   |    Core 2   |    Core 3   |    Core 4   |    Core 5   |    Core 6   |    Core 7   |    Core 8   |    Core 9   |   Core 10   |   Core 11   |   Core 12   |   Core 13   |   Core 14   |   Core 15   |   Core 16   |   Core 17   |   Core 18   |   Core 19   |   Core 20   |   Core 21   |   Core 22   |   Core 23   |   Core 24   |   Core 25   |   Core 26   |   Core 27   |   Core 28   |   Core 29   |   Core 30   |   Core 31   |   Core 32   |
+------------------------------------------+---------+------------+-------------+-------------+-------------+-------------+-------------+-------------+-------------+-------------+-------------+-------------+-------------+-------------+-------------+-------------+-------------+-------------+-------------+-------------+-------------+-------------+-------------+-------------+-------------+-------------+-------------+-------------+-------------+-------------+-------------+-------------+-------------+-------------+
|             INSTR_RETIRED_ANY            |  FIXC0  | 9796108000 |  7509960000 |  7484454000 |  7512185000 |  7513718000 |  7495728000 |  7453031000 |  7445293000 |  7414187000 |  7381450000 |  7392957000 |  7418566000 |  7427052000 |  7402778000 |  7383781000 |  7367299000 |  7307527000 |  7322312000 |  7325322000 |  7341843000 |  7359860000 |  7347073000 |  7319573000 |  7309743000 |  7334998000 |  7342319000 |  7353725000 |  7392227000 |  7332657000 |  7326515000 |  7270579000 |  7187082000 |  7155399000 |
|           CPU_CLK_UNHALTED_CORE          |  FIXC1  | 4569344000 |  7683815000 |  7685024000 |  7684619000 |  7685857000 |  7684021000 |  7685168000 |  7686662000 |  7686547000 |  7686596000 |  7686956000 |  7686581000 |  7684566000 |  7684576000 |  7633040000 |  7636117000 |  7633235000 |  7636884000 |  7635737000 |  7636383000 |  7636316000 |  7634891000 |  7634833000 |  7632394000 |  7628297000 |  7635460000 |  7634929000 |  7634222000 |  7644912000 |  7641615000 |  7646686000 |  7651271000 |  7637120000 |
|           CPU_CLK_UNHALTED_REF           |  FIXC2  | 6254792000 | 10514700000 | 10516360000 | 10515800000 | 10517480000 | 10514980000 | 10516540000 | 10518600000 | 10518430000 | 10518500000 | 10518990000 | 10518480000 | 10515730000 | 10515740000 | 10445210000 | 10449430000 | 10445490000 | 10450480000 | 10448910000 | 10449800000 | 10449700000 | 10447740000 | 10447670000 | 10444340000 | 10438720000 | 10448520000 | 10447790000 | 10446820000 | 10461450000 | 10456950000 | 10463890000 | 10470160000 | 10450800000 |
|              PWR_PKG_ENERGY              |   PWR0  |   225.9852 |           0 |           0 |           0 |           0 |           0 |           0 |           0 |           0 |           0 |           0 |           0 |           0 |           0 |    232.9129 |           0 |           0 |           0 |           0 |           0 |           0 |           0 |           0 |           0 |           0 |           0 |           0 |           0 |    155.5550 |           0 |           0 |           0 |           0 |
|              PWR_DRAM_ENERGY             |   PWR3  |    25.8955 |           0 |           0 |           0 |           0 |           0 |           0 |           0 |           0 |           0 |           0 |           0 |           0 |           0 |     26.0397 |           0 |           0 |           0 |           0 |           0 |           0 |           0 |           0 |           0 |           0 |           0 |           0 |           0 |     16.9461 |           0 |           0 |           0 |           0 |
| FP_ARITH_INST_RETIRED_128B_PACKED_DOUBLE |   PMC0  |      65560 |           0 |           0 |           0 |           0 |           0 |           0 |           0 |           0 |           0 |           0 |           0 |           0 |           0 |           0 |           0 |           0 |           0 |           0 |           0 |           0 |           0 |           0 |           0 |           0 |           0 |           0 |           0 |           0 |           0 |           0 |           0 |           0 |
|    FP_ARITH_INST_RETIRED_SCALAR_DOUBLE   |   PMC1  | 1945479000 |  1971074000 |  1977190000 |  2000752000 |  2001006000 |  1982965000 |  1960210000 |  1956167000 |  1948951000 |  1939991000 |  1942357000 |  1949887000 |  1945401000 |  1923929000 |  1909861000 |  1908328000 |  1891972000 |  1897419000 |  1895634000 |  1910184000 |  1930435000 |  1933710000 |  1926003000 |  1923432000 |  1930357000 |  1932881000 |  1938547000 |  1961612000 |  1952507000 |  1950861000 |  1919918000 |  1883960000 |  1874035000 |
| FP_ARITH_INST_RETIRED_256B_PACKED_DOUBLE |   PMC2  |      83556 |           0 |           0 |           0 |           0 |           0 |           0 |           0 |           0 |           0 |           0 |           0 |           0 |           0 |           0 |           0 |           0 |           0 |           0 |           0 |           0 |           0 |           0 |           0 |           0 |           0 |           0 |           0 |           0 |           0 |           0 |           0 |           0 |
| FP_ARITH_INST_RETIRED_512B_PACKED_DOUBLE |   PMC3  |     417868 |           0 |           0 |           0 |           0 |           0 |           0 |           0 |           0 |           0 |           0 |           0 |           0 |           0 |           0 |           0 |           0 |           0 |           0 |           0 |           0 |           0 |           0 |           0 |           0 |           0 |           0 |           0 |           0 |           0 |           0 |           0 |           0 |
|               CAS_COUNT_RD               | MBOX0C0 |   53998330 |           0 |           0 |           0 |           0 |           0 |           0 |           0 |           0 |           0 |           0 |           0 |           0 |           0 |    53152560 |           0 |           0 |           0 |           0 |           0 |           0 |           0 |           0 |           0 |           0 |           0 |           0 |           0 |    12585750 |           0 |           0 |           0 |           0 |
|               CAS_COUNT_WR               | MBOX0C1 |   14916370 |           0 |           0 |           0 |           0 |           0 |           0 |           0 |           0 |           0 |           0 |           0 |           0 |           0 |    15745500 |           0 |           0 |           0 |           0 |           0 |           0 |           0 |           0 |           0 |           0 |           0 |           0 |           0 |     2741622 |           0 |           0 |           0 |           0 |
|               CAS_COUNT_RD               | MBOX1C0 |   53616800 |           0 |           0 |           0 |           0 |           0 |           0 |           0 |           0 |           0 |           0 |           0 |           0 |           0 |    53136750 |           0 |           0 |           0 |           0 |           0 |           0 |           0 |           0 |           0 |           0 |           0 |           0 |           0 |    12585580 |           0 |           0 |           0 |           0 |
|               CAS_COUNT_WR               | MBOX1C1 |   14722890 |           0 |           0 |           0 |           0 |           0 |           0 |           0 |           0 |           0 |           0 |           0 |           0 |           0 |    15771740 |           0 |           0 |           0 |           0 |           0 |           0 |           0 |           0 |           0 |           0 |           0 |           0 |           0 |     2781655 |           0 |           0 |           0 |           0 |
|               CAS_COUNT_RD               | MBOX2C0 |   53704690 |           0 |           0 |           0 |           0 |           0 |           0 |           0 |           0 |           0 |           0 |           0 |           0 |           0 |    52994940 |           0 |           0 |           0 |           0 |           0 |           0 |           0 |           0 |           0 |           0 |           0 |           0 |           0 |    12574700 |           0 |           0 |           0 |           0 |
|               CAS_COUNT_WR               | MBOX2C1 |   14757130 |           0 |           0 |           0 |           0 |           0 |           0 |           0 |           0 |           0 |           0 |           0 |           0 |           0 |    15582960 |           0 |           0 |           0 |           0 |           0 |           0 |           0 |           0 |           0 |           0 |           0 |           0 |           0 |     2787632 |           0 |           0 |           0 |           0 |
|               CAS_COUNT_RD               | MBOX3C0 |   53331610 |           0 |           0 |           0 |           0 |           0 |           0 |           0 |           0 |           0 |           0 |           0 |           0 |           0 |    52542900 |           0 |           0 |           0 |           0 |           0 |           0 |           0 |           0 |           0 |           0 |           0 |           0 |           0 |    12334340 |           0 |           0 |           0 |           0 |
|               CAS_COUNT_WR               | MBOX3C1 |   14501430 |           0 |           0 |           0 |           0 |           0 |           0 |           0 |           0 |           0 |           0 |           0 |           0 |           0 |    15309430 |           0 |           0 |           0 |           0 |           0 |           0 |           0 |           0 |           0 |           0 |           0 |           0 |           0 |     2694505 |           0 |           0 |           0 |           0 |
|               CAS_COUNT_RD               | MBOX4C0 |   53602380 |           0 |           0 |           0 |           0 |           0 |           0 |           0 |           0 |           0 |           0 |           0 |           0 |           0 |    52763360 |           0 |           0 |           0 |           0 |           0 |           0 |           0 |           0 |           0 |           0 |           0 |           0 |           0 |    12334540 |           0 |           0 |           0 |           0 |
|               CAS_COUNT_WR               | MBOX4C1 |   14617770 |           0 |           0 |           0 |           0 |           0 |           0 |           0 |           0 |           0 |           0 |           0 |           0 |           0 |    15597900 |           0 |           0 |           0 |           0 |           0 |           0 |           0 |           0 |           0 |           0 |           0 |           0 |           0 |     2648494 |           0 |           0 |           0 |           0 |
|               CAS_COUNT_RD               | MBOX5C0 |   53416160 |           0 |           0 |           0 |           0 |           0 |           0 |           0 |           0 |           0 |           0 |           0 |           0 |           0 |    52912170 |           0 |           0 |           0 |           0 |           0 |           0 |           0 |           0 |           0 |           0 |           0 |           0 |           0 |    12356080 |           0 |           0 |           0 |           0 |
|               CAS_COUNT_WR               | MBOX5C1 |   14701980 |           0 |           0 |           0 |           0 |           0 |           0 |           0 |           0 |           0 |           0 |           0 |           0 |           0 |    15739780 |           0 |           0 |           0 |           0 |           0 |           0 |           0 |           0 |           0 |           0 |           0 |           0 |           0 |     2710291 |           0 |           0 |           0 |           0 |
+------------------------------------------+---------+------------+-------------+-------------+-------------+-------------+-------------+-------------+-------------+-------------+-------------+-------------+-------------+-------------+-------------+-------------+-------------+-------------+-------------+-------------+-------------+-------------+-------------+-------------+-------------+-------------+-------------+-------------+-------------+-------------+-------------+-------------+-------------+-------------+
+-----------------------------------------------+---------+--------------+------------+-------------+--------------+
|                     Event                     | Counter |      Sum     |     Min    |     Max     |      Avg     |
+-----------------------------------------------+---------+--------------+------------+-------------+--------------+
|             INSTR_RETIRED_ANY STAT            |  FIXC0  | 245727301000 | 7155399000 |  9796108000 | 7.446282e+09 |
|           CPU_CLK_UNHALTED_CORE STAT          |  FIXC1  | 249584674000 | 4569344000 |  7686956000 | 7.563172e+09 |
|           CPU_CLK_UNHALTED_REF STAT           |  FIXC2  | 341538992000 | 6254792000 | 10518990000 | 1.034967e+10 |
|              PWR_PKG_ENERGY STAT              |   PWR0  |     614.4531 |          0 |    232.9129 |      18.6198 |
|              PWR_DRAM_ENERGY STAT             |   PWR3  |      68.8813 |          0 |     26.0397 |       2.0873 |
| FP_ARITH_INST_RETIRED_128B_PACKED_DOUBLE STAT |   PMC0  |        65560 |          0 |       65560 |    1986.6667 |
|    FP_ARITH_INST_RETIRED_SCALAR_DOUBLE STAT   |   PMC1  |  63917015000 | 1874035000 |  2001006000 | 1.936879e+09 |
| FP_ARITH_INST_RETIRED_256B_PACKED_DOUBLE STAT |   PMC2  |        83556 |          0 |       83556 |         2532 |
| FP_ARITH_INST_RETIRED_512B_PACKED_DOUBLE STAT |   PMC3  |       417868 |          0 |      417868 |   12662.6667 |
|               CAS_COUNT_RD STAT               | MBOX0C0 |    119736640 |          0 |    53998330 | 3.628383e+06 |
|               CAS_COUNT_WR STAT               | MBOX0C1 |     33403492 |          0 |    15745500 | 1.012227e+06 |
|               CAS_COUNT_RD STAT               | MBOX1C0 |    119339130 |          0 |    53616800 | 3.616337e+06 |
|               CAS_COUNT_WR STAT               | MBOX1C1 |     33276285 |          0 |    15771740 | 1.008372e+06 |
|               CAS_COUNT_RD STAT               | MBOX2C0 |    119274330 |          0 |    53704690 | 3.614374e+06 |
|               CAS_COUNT_WR STAT               | MBOX2C1 |     33127722 |          0 |    15582960 | 1.003870e+06 |
|               CAS_COUNT_RD STAT               | MBOX3C0 |    118208850 |          0 |    53331610 | 3.582086e+06 |
|               CAS_COUNT_WR STAT               | MBOX3C1 |     32505365 |          0 |    15309430 |  985011.0606 |
|               CAS_COUNT_RD STAT               | MBOX4C0 |    118700280 |          0 |    53602380 | 3.596978e+06 |
|               CAS_COUNT_WR STAT               | MBOX4C1 |     32864164 |          0 |    15597900 |  995883.7576 |
|               CAS_COUNT_RD STAT               | MBOX5C0 |    118684410 |          0 |    53416160 | 3.596497e+06 |
|               CAS_COUNT_WR STAT               | MBOX5C1 |     33152051 |          0 |    15739780 | 1.004608e+06 |
+-----------------------------------------------+---------+--------------+------------+-------------+--------------+
+-----------------------------------+-----------+-----------+-----------+-----------+-----------+-----------+-----------+-----------+-----------+-----------+-----------+-----------+-----------+-----------+-----------+-----------+-----------+-----------+-----------+-----------+-----------+-----------+-----------+-----------+-----------+-----------+-----------+-----------+-----------+-----------+-----------+-----------+-----------+
|               Metric              |   Core 0  |   Core 1  |   Core 2  |   Core 3  |   Core 4  |   Core 5  |   Core 6  |   Core 7  |   Core 8  |   Core 9  |  Core 10  |  Core 11  |  Core 12  |  Core 13  |  Core 14  |  Core 15  |  Core 16  |  Core 17  |  Core 18  |  Core 19  |  Core 20  |  Core 21  |  Core 22  |  Core 23  |  Core 24  |  Core 25  |  Core 26  |  Core 27  |  Core 28  |  Core 29  |  Core 30  |  Core 31  |  Core 32  |
+-----------------------------------+-----------+-----------+-----------+-----------+-----------+-----------+-----------+-----------+-----------+-----------+-----------+-----------+-----------+-----------+-----------+-----------+-----------+-----------+-----------+-----------+-----------+-----------+-----------+-----------+-----------+-----------+-----------+-----------+-----------+-----------+-----------+-----------+-----------+
|        Runtime (RDTSC) [s]        |    4.0948 |    4.0968 |    4.0968 |    4.0968 |    4.0967 |    4.0968 |    4.0967 |    4.0968 |    4.0968 |    4.0968 |    4.0968 |    4.0968 |    4.0968 |    4.0967 |    4.0948 |    4.0967 |    4.0967 |    4.0967 |    4.0967 |    4.0967 |    4.0967 |    4.0967 |    4.0967 |    4.0967 |    4.0969 |    4.0967 |    4.0969 |    4.0967 |    4.0947 |    4.0967 |    4.0967 |    4.0967 |    4.0967 |
|        Runtime unhalted [s]       |    1.7617 |    2.9625 |    2.9630 |    2.9628 |    2.9633 |    2.9626 |    2.9630 |    2.9636 |    2.9636 |    2.9636 |    2.9637 |    2.9636 |    2.9628 |    2.9628 |    2.9429 |    2.9441 |    2.9430 |    2.9444 |    2.9440 |    2.9442 |    2.9442 |    2.9436 |    2.9436 |    2.9427 |    2.9411 |    2.9439 |    2.9437 |    2.9434 |    2.9475 |    2.9462 |    2.9482 |    2.9500 |    2.9445 |
|            Clock [MHz]            | 1894.7761 | 1895.3828 | 1895.3818 | 1895.3828 | 1895.3854 | 1895.3831 | 1895.3848 | 1895.3820 | 1895.3843 | 1895.3838 | 1895.3843 | 1895.3837 | 1895.3824 | 1895.3830 | 1895.3843 | 1895.3826 | 1895.3819 | 1895.3825 | 1895.3826 | 1895.3815 | 1895.3830 | 1895.3848 | 1895.3831 | 1895.3818 | 1895.3842 | 1895.3846 | 1895.3852 | 1895.3857 | 1895.3854 | 1895.3833 | 1895.3831 | 1895.3839 | 1895.3831 |
|                CPI                |    0.4664 |    1.0231 |    1.0268 |    1.0230 |    1.0229 |    1.0251 |    1.0311 |    1.0324 |    1.0367 |    1.0413 |    1.0398 |    1.0361 |    1.0347 |    1.0381 |    1.0338 |    1.0365 |    1.0446 |    1.0430 |    1.0424 |    1.0401 |    1.0376 |    1.0392 |    1.0431 |    1.0441 |    1.0400 |    1.0399 |    1.0382 |    1.0327 |    1.0426 |    1.0430 |    1.0517 |    1.0646 |    1.0673 |
|             Energy [J]            |  225.9852 |         0 |         0 |         0 |         0 |         0 |         0 |         0 |         0 |         0 |         0 |         0 |         0 |         0 |  232.9129 |         0 |         0 |         0 |         0 |         0 |         0 |         0 |         0 |         0 |         0 |         0 |         0 |         0 |  155.5550 |         0 |         0 |         0 |         0 |
|             Power [W]             |   55.1882 |         0 |         0 |         0 |         0 |         0 |         0 |         0 |         0 |         0 |         0 |         0 |         0 |         0 |   56.8804 |         0 |         0 |         0 |         0 |         0 |         0 |         0 |         0 |         0 |         0 |         0 |         0 |         0 |   37.9896 |         0 |         0 |         0 |         0 |
|          Energy DRAM [J]          |   25.8955 |         0 |         0 |         0 |         0 |         0 |         0 |         0 |         0 |         0 |         0 |         0 |         0 |         0 |   26.0397 |         0 |         0 |         0 |         0 |         0 |         0 |         0 |         0 |         0 |         0 |         0 |         0 |         0 |   16.9461 |         0 |         0 |         0 |         0 |
|           Power DRAM [W]          |    6.3240 |         0 |         0 |         0 |         0 |         0 |         0 |         0 |         0 |         0 |         0 |         0 |         0 |         0 |    6.3592 |         0 |         0 |         0 |         0 |         0 |         0 |         0 |         0 |         0 |         0 |         0 |         0 |         0 |    4.1386 |         0 |         0 |         0 |         0 |
|            DP [MFLOP/s]           |  476.0383 |  481.1310 |  482.6176 |  488.3746 |  488.4470 |  484.0277 |  478.4893 |  477.4879 |  475.7294 |  473.5355 |  474.1100 |  475.9501 |  474.8628 |  469.6329 |  466.4134 |  465.8248 |  461.8326 |  463.1616 |  462.7256 |  466.2774 |  471.2208 |  472.0201 |  470.1387 |  469.5112 |  471.1804 |  471.8175 |  473.1780 |  478.8313 |  476.8409 |  476.2078 |  468.6443 |  459.8767 |  457.4540 |
|          AVX DP [MFLOP/s]         |    0.8980 |         0 |         0 |         0 |         0 |         0 |         0 |         0 |         0 |         0 |         0 |         0 |         0 |         0 |         0 |         0 |         0 |         0 |         0 |         0 |         0 |         0 |         0 |         0 |         0 |         0 |         0 |         0 |         0 |         0 |         0 |         0 |         0 |
|          Packed [MUOPS/s]         |    0.1385 |         0 |         0 |         0 |         0 |         0 |         0 |         0 |         0 |         0 |         0 |         0 |         0 |         0 |         0 |         0 |         0 |         0 |         0 |         0 |         0 |         0 |         0 |         0 |         0 |         0 |         0 |         0 |         0 |         0 |         0 |         0 |         0 |
|          Scalar [MUOPS/s]         |  475.1083 |  481.1310 |  482.6176 |  488.3746 |  488.4470 |  484.0277 |  478.4893 |  477.4879 |  475.7294 |  473.5355 |  474.1100 |  475.9501 |  474.8628 |  469.6329 |  466.4134 |  465.8248 |  461.8326 |  463.1616 |  462.7256 |  466.2774 |  471.2208 |  472.0201 |  470.1387 |  469.5112 |  471.1804 |  471.8175 |  473.1780 |  478.8313 |  476.8409 |  476.2078 |  468.6443 |  459.8767 |  457.4540 |
|  Memory read bandwidth [MBytes/s] | 5027.5515 |         0 |         0 |         0 |         0 |         0 |         0 |         0 |         0 |         0 |         0 |         0 |         0 |         0 | 4962.4550 |         0 |         0 |         0 |         0 |         0 |         0 |         0 |         0 |         0 |         0 |         0 |         0 |         0 | 1168.6756 |         0 |         0 |         0 |         0 |
|  Memory read data volume [GBytes] |   20.5869 |         0 |         0 |         0 |         0 |         0 |         0 |         0 |         0 |         0 |         0 |         0 |         0 |         0 |   20.3202 |         0 |         0 |         0 |         0 |         0 |         0 |         0 |         0 |         0 |         0 |         0 |         0 |         0 |    4.7853 |         0 |         0 |         0 |         0 |
| Memory write bandwidth [MBytes/s] | 1378.7994 |         0 |         0 |         0 |         0 |         0 |         0 |         0 |         0 |         0 |         0 |         0 |         0 |         0 | 1465.2374 |         0 |         0 |         0 |         0 |         0 |         0 |         0 |         0 |         0 |         0 |         0 |         0 |         0 |  255.7735 |         0 |         0 |         0 |         0 |
| Memory write data volume [GBytes] |    5.6459 |         0 |         0 |         0 |         0 |         0 |         0 |         0 |         0 |         0 |         0 |         0 |         0 |         0 |    5.9998 |         0 |         0 |         0 |         0 |         0 |         0 |         0 |         0 |         0 |         0 |         0 |         0 |         0 |    1.0473 |         0 |         0 |         0 |         0 |
|    Memory bandwidth [MBytes/s]    | 6406.3509 |         0 |         0 |         0 |         0 |         0 |         0 |         0 |         0 |         0 |         0 |         0 |         0 |         0 | 6427.6925 |         0 |         0 |         0 |         0 |         0 |         0 |         0 |         0 |         0 |         0 |         0 |         0 |         0 | 1424.4492 |         0 |         0 |         0 |         0 |
|    Memory data volume [GBytes]    |   26.2328 |         0 |         0 |         0 |         0 |         0 |         0 |         0 |         0 |         0 |         0 |         0 |         0 |         0 |   26.3200 |         0 |         0 |         0 |         0 |         0 |         0 |         0 |         0 |         0 |         0 |         0 |         0 |         0 |    5.8327 |         0 |         0 |         0 |         0 |
|       Operational intensity       |    0.0743 |    0.0751 |    0.0754 |    0.0763 |    0.0763 |    0.0756 |    0.0747 |    0.0746 |    0.0743 |    0.0740 |    0.0740 |    0.0743 |    0.0742 |    0.0733 |    0.0726 |    0.0725 |    0.0719 |    0.0721 |    0.0720 |    0.0726 |    0.0733 |    0.0735 |    0.0732 |    0.0731 |    0.0733 |    0.0734 |    0.0737 |    0.0745 |    0.3348 |    0.3345 |    0.3292 |    0.3230 |    0.3213 |
+-----------------------------------+-----------+-----------+-----------+-----------+-----------+-----------+-----------+-----------+-----------+-----------+-----------+-----------+-----------+-----------+-----------+-----------+-----------+-----------+-----------+-----------+-----------+-----------+-----------+-----------+-----------+-----------+-----------+-----------+-----------+-----------+-----------+-----------+-----------+
+----------------------------------------+------------+-----------+-----------+-----------+
|                 Metric                 |     Sum    |    Min    |    Max    |    Avg    |
+----------------------------------------+------------+-----------+-----------+-----------+
|        Runtime (RDTSC) [s] STAT        |   135.1867 |    4.0947 |    4.0969 |    4.0966 |
|        Runtime unhalted [s] STAT       |    96.2278 |    1.7617 |    2.9637 |    2.9160 |
|            Clock [MHz] STAT            | 62547.0469 | 1894.7761 | 1895.3857 | 1895.3651 |
|                CPI STAT                |    33.7019 |    0.4664 |    1.0673 |    1.0213 |
|             Energy [J] STAT            |   614.4531 |         0 |  232.9129 |   18.6198 |
|             Power [W] STAT             |   150.0582 |         0 |   56.8804 |    4.5472 |
|          Energy DRAM [J] STAT          |    68.8813 |         0 |   26.0397 |    2.0873 |
|           Power DRAM [W] STAT          |    16.8218 |         0 |    6.3592 |    0.5098 |
|            DP [MFLOP/s] STAT           | 15603.5912 |  457.4540 |  488.4470 |  472.8361 |
|          AVX DP [MFLOP/s] STAT         |     0.8980 |         0 |    0.8980 |    0.0272 |
|          Packed [MUOPS/s] STAT         |     0.1385 |         0 |    0.1385 |    0.0042 |
|          Scalar [MUOPS/s] STAT         | 15602.6612 |  457.4540 |  488.4470 |  472.8079 |
|  Memory read bandwidth [MBytes/s] STAT | 11158.6821 |         0 | 5027.5515 |  338.1419 |
|  Memory read data volume [GBytes] STAT |    45.6924 |         0 |   20.5869 |    1.3846 |
| Memory write bandwidth [MBytes/s] STAT |  3099.8103 |         0 | 1465.2374 |   93.9336 |
| Memory write data volume [GBytes] STAT |    12.6930 |         0 |    5.9998 |    0.3846 |
|    Memory bandwidth [MBytes/s] STAT    | 14258.4926 |         0 | 6427.6925 |  432.0755 |
|    Memory data volume [GBytes] STAT    |    58.3855 |         0 |   26.3200 |    1.7693 |
|       Operational intensity STAT       |     3.7109 |    0.0719 |    0.3348 |    0.1125 |
+----------------------------------------+------------+-----------+-----------+-----------+
