--------------------------------------------------------------------------------
CPU name:	Intel(R) Xeon(R) Gold 6132 CPU @ 2.60GHz
CPU type:	Intel Skylake SP processor
CPU clock:	2.59 GHz
--------------------------------------------------------------------------------
Region Setup, Group 1: MEM_DP
+-------------------+----------+----------+----------+----------+----------+----------+----------+----------+----------+----------+----------+----------+----------+----------+----------+----------+----------+----------+----------+----------+----------+----------+----------+----------+
|    Region Info    |  Core 0  |  Core 1  |  Core 2  |  Core 3  |  Core 4  |  Core 5  |  Core 6  |  Core 7  |  Core 8  |  Core 9  |  Core 10 |  Core 11 |  Core 12 |  Core 13 |  Core 14 |  Core 15 |  Core 16 |  Core 17 |  Core 18 |  Core 19 |  Core 20 |  Core 21 |  Core 22 |  Core 23 |
+-------------------+----------+----------+----------+----------+----------+----------+----------+----------+----------+----------+----------+----------+----------+----------+----------+----------+----------+----------+----------+----------+----------+----------+----------+----------+
| RDTSC Runtime [s] | 0.408658 | 0.410370 | 0.410404 | 0.410397 | 0.410361 | 0.410369 | 0.410429 | 0.410365 | 0.410394 | 0.410381 | 0.410392 | 0.410374 | 0.410353 | 0.410421 | 0.408596 | 0.410413 | 0.410331 | 0.410354 | 0.410385 | 0.410343 | 0.410389 | 0.410409 | 0.410421 | 0.410420 |
|     call count    |        2 |        2 |        2 |        2 |        2 |        2 |        2 |        2 |        2 |        2 |        2 |        2 |        2 |        2 |        2 |        2 |        2 |        2 |        2 |        2 |        2 |        2 |        2 |        2 |
+-------------------+----------+----------+----------+----------+----------+----------+----------+----------+----------+----------+----------+----------+----------+----------+----------+----------+----------+----------+----------+----------+----------+----------+----------+----------+
+------------------------------------------+---------+-----------+-----------+-----------+-----------+-----------+-----------+-----------+-----------+-----------+-----------+-----------+-----------+-----------+-----------+-----------+-----------+-----------+-----------+-----------+-----------+-----------+-----------+-----------+-----------+
|                   Event                  | Counter |   Core 0  |   Core 1  |   Core 2  |   Core 3  |   Core 4  |   Core 5  |   Core 6  |   Core 7  |   Core 8  |   Core 9  |  Core 10  |  Core 11  |  Core 12  |  Core 13  |  Core 14  |  Core 15  |  Core 16  |  Core 17  |  Core 18  |  Core 19  |  Core 20  |  Core 21  |  Core 22  |  Core 23  |
+------------------------------------------+---------+-----------+-----------+-----------+-----------+-----------+-----------+-----------+-----------+-----------+-----------+-----------+-----------+-----------+-----------+-----------+-----------+-----------+-----------+-----------+-----------+-----------+-----------+-----------+-----------+
|             INSTR_RETIRED_ANY            |  FIXC0  | 294865600 |  99893640 | 100110500 | 100149900 |  99784880 |  99851400 |  99720290 |  99872920 |  98901010 |  99049550 |  98900380 |  99079060 |  98983120 |  99038710 |  97174150 |  97351240 |  96916400 |  96881340 |  96768770 |  97045660 |  96990970 |  96955360 |  96678010 |  96582780 |
|           CPU_CLK_UNHALTED_CORE          |  FIXC1  | 257191900 | 292368500 | 297670600 | 298352400 | 290994000 | 292364700 | 289567700 | 293084400 | 291835200 | 294169900 | 291726800 | 294725300 | 293580000 | 294571000 | 259151400 | 262019300 | 264685700 | 263391700 | 261679100 | 266700200 | 266456300 | 264883200 | 259926900 | 258270600 |
|           CPU_CLK_UNHALTED_REF           |  FIXC2  | 351852700 | 400084500 | 407342900 | 408270600 | 398209100 | 400079800 | 396248400 | 401067200 | 399353000 | 402550100 | 399209100 | 403316600 | 401746700 | 403095800 | 355783100 | 359751600 | 363388500 | 361636800 | 359281600 | 366135700 | 365798000 | 363674700 | 356884500 | 354654900 |
|              PWR_PKG_ENERGY              |   PWR0  |   17.3236 |         0 |         0 |         0 |         0 |         0 |         0 |         0 |         0 |         0 |         0 |         0 |         0 |         0 |   16.0523 |         0 |         0 |         0 |         0 |         0 |         0 |         0 |         0 |         0 |
|              PWR_DRAM_ENERGY             |   PWR3  |    2.1623 |         0 |         0 |         0 |         0 |         0 |         0 |         0 |         0 |         0 |         0 |         0 |         0 |         0 |    1.5213 |         0 |         0 |         0 |         0 |         0 |         0 |         0 |         0 |         0 |
| FP_ARITH_INST_RETIRED_128B_PACKED_DOUBLE |   PMC0  |     23000 |         0 |         0 |         0 |         0 |         0 |         0 |         0 |         0 |         0 |         0 |         0 |         0 |         0 |         0 |         0 |         0 |         0 |         0 |         0 |         0 |         0 |         0 |         0 |
|    FP_ARITH_INST_RETIRED_SCALAR_DOUBLE   |   PMC1  |  31641630 |  22548440 |  22548540 |  22548840 |  22547880 |  22547640 |  22547700 |  22546000 |  22302350 |  22316560 |  22303200 |  22316340 |  22302690 |  22312410 |  22298990 |  22312870 |  22271940 |  22285320 |  22271920 |  22285580 |  22272160 |  22285580 |  22272160 |  22285330 |
| FP_ARITH_INST_RETIRED_256B_PACKED_DOUBLE |   PMC2  |     15090 |         0 |         0 |         0 |         0 |         0 |         0 |         0 |         0 |         0 |         0 |         0 |         0 |         0 |         0 |         0 |         0 |         0 |         0 |         0 |         0 |         0 |         0 |         0 |
| FP_ARITH_INST_RETIRED_512B_PACKED_DOUBLE |   PMC3  |    141851 |         0 |         0 |         0 |         0 |         0 |         0 |         0 |         0 |         0 |         0 |         0 |         0 |         0 |         0 |         0 |         0 |         0 |         0 |         0 |         0 |         0 |         0 |         0 |
|               CAS_COUNT_RD               | MBOX0C0 |   1098622 |         0 |         0 |         0 |         0 |         0 |         0 |         0 |         0 |         0 |         0 |         0 |         0 |         0 |    156448 |         0 |         0 |         0 |         0 |         0 |         0 |         0 |         0 |         0 |
|               CAS_COUNT_WR               | MBOX0C1 |   1505545 |         0 |         0 |         0 |         0 |         0 |         0 |         0 |         0 |         0 |         0 |         0 |         0 |         0 |    251172 |         0 |         0 |         0 |         0 |         0 |         0 |         0 |         0 |         0 |
|               CAS_COUNT_RD               | MBOX1C0 |   1103748 |         0 |         0 |         0 |         0 |         0 |         0 |         0 |         0 |         0 |         0 |         0 |         0 |         0 |    159545 |         0 |         0 |         0 |         0 |         0 |         0 |         0 |         0 |         0 |
|               CAS_COUNT_WR               | MBOX1C1 |   1518006 |         0 |         0 |         0 |         0 |         0 |         0 |         0 |         0 |         0 |         0 |         0 |         0 |         0 |    254680 |         0 |         0 |         0 |         0 |         0 |         0 |         0 |         0 |         0 |
|               CAS_COUNT_RD               | MBOX2C0 |   1291481 |         0 |         0 |         0 |         0 |         0 |         0 |         0 |         0 |         0 |         0 |         0 |         0 |         0 |    158583 |         0 |         0 |         0 |         0 |         0 |         0 |         0 |         0 |         0 |
|               CAS_COUNT_WR               | MBOX2C1 |   1768359 |         0 |         0 |         0 |         0 |         0 |         0 |         0 |         0 |         0 |         0 |         0 |         0 |         0 |    253858 |         0 |         0 |         0 |         0 |         0 |         0 |         0 |         0 |         0 |
|               CAS_COUNT_RD               | MBOX3C0 |    983600 |         0 |         0 |         0 |         0 |         0 |         0 |         0 |         0 |         0 |         0 |         0 |         0 |         0 |    125913 |         0 |         0 |         0 |         0 |         0 |         0 |         0 |         0 |         0 |
|               CAS_COUNT_WR               | MBOX3C1 |   1423259 |         0 |         0 |         0 |         0 |         0 |         0 |         0 |         0 |         0 |         0 |         0 |         0 |         0 |    235082 |         0 |         0 |         0 |         0 |         0 |         0 |         0 |         0 |         0 |
|               CAS_COUNT_RD               | MBOX4C0 |   1007484 |         0 |         0 |         0 |         0 |         0 |         0 |         0 |         0 |         0 |         0 |         0 |         0 |         0 |    126241 |         0 |         0 |         0 |         0 |         0 |         0 |         0 |         0 |         0 |
|               CAS_COUNT_WR               | MBOX4C1 |   1458239 |         0 |         0 |         0 |         0 |         0 |         0 |         0 |         0 |         0 |         0 |         0 |         0 |         0 |    236201 |         0 |         0 |         0 |         0 |         0 |         0 |         0 |         0 |         0 |
|               CAS_COUNT_RD               | MBOX5C0 |   1007222 |         0 |         0 |         0 |         0 |         0 |         0 |         0 |         0 |         0 |         0 |         0 |         0 |         0 |    125101 |         0 |         0 |         0 |         0 |         0 |         0 |         0 |         0 |         0 |
|               CAS_COUNT_WR               | MBOX5C1 |   1457928 |         0 |         0 |         0 |         0 |         0 |         0 |         0 |         0 |         0 |         0 |         0 |         0 |         0 |    235722 |         0 |         0 |         0 |         0 |         0 |         0 |         0 |         0 |         0 |
+------------------------------------------+---------+-----------+-----------+-----------+-----------+-----------+-----------+-----------+-----------+-----------+-----------+-----------+-----------+-----------+-----------+-----------+-----------+-----------+-----------+-----------+-----------+-----------+-----------+-----------+-----------+
+-----------------------------------------------+---------+------------+-----------+-----------+--------------+
|                     Event                     | Counter |     Sum    |    Min    |    Max    |      Avg     |
+-----------------------------------------------+---------+------------+-----------+-----------+--------------+
|             INSTR_RETIRED_ANY STAT            |  FIXC0  | 2557545640 |  96582780 | 294865600 | 1.065644e+08 |
|           CPU_CLK_UNHALTED_CORE STAT          |  FIXC1  | 6699366800 | 257191900 | 298352400 | 2.791403e+08 |
|           CPU_CLK_UNHALTED_REF STAT           |  FIXC2  | 9179415900 | 351852700 | 408270600 | 3.824757e+08 |
|              PWR_PKG_ENERGY STAT              |   PWR0  |    33.3759 |         0 |   17.3236 |       1.3907 |
|              PWR_DRAM_ENERGY STAT             |   PWR3  |     3.6836 |         0 |    2.1623 |       0.1535 |
| FP_ARITH_INST_RETIRED_128B_PACKED_DOUBLE STAT |   PMC0  |      23000 |         0 |     23000 |     958.3333 |
|    FP_ARITH_INST_RETIRED_SCALAR_DOUBLE STAT   |   PMC1  |  546172070 |  22271920 |  31641630 | 2.275717e+07 |
| FP_ARITH_INST_RETIRED_256B_PACKED_DOUBLE STAT |   PMC2  |      15090 |         0 |     15090 |     628.7500 |
| FP_ARITH_INST_RETIRED_512B_PACKED_DOUBLE STAT |   PMC3  |     141851 |         0 |    141851 |    5910.4583 |
|               CAS_COUNT_RD STAT               | MBOX0C0 |    1255070 |         0 |   1098622 |   52294.5833 |
|               CAS_COUNT_WR STAT               | MBOX0C1 |    1756717 |         0 |   1505545 |   73196.5417 |
|               CAS_COUNT_RD STAT               | MBOX1C0 |    1263293 |         0 |   1103748 |   52637.2083 |
|               CAS_COUNT_WR STAT               | MBOX1C1 |    1772686 |         0 |   1518006 |   73861.9167 |
|               CAS_COUNT_RD STAT               | MBOX2C0 |    1450064 |         0 |   1291481 |   60419.3333 |
|               CAS_COUNT_WR STAT               | MBOX2C1 |    2022217 |         0 |   1768359 |   84259.0417 |
|               CAS_COUNT_RD STAT               | MBOX3C0 |    1109513 |         0 |    983600 |   46229.7083 |
|               CAS_COUNT_WR STAT               | MBOX3C1 |    1658341 |         0 |   1423259 |   69097.5417 |
|               CAS_COUNT_RD STAT               | MBOX4C0 |    1133725 |         0 |   1007484 |   47238.5417 |
|               CAS_COUNT_WR STAT               | MBOX4C1 |    1694440 |         0 |   1458239 |   70601.6667 |
|               CAS_COUNT_RD STAT               | MBOX5C0 |    1132323 |         0 |   1007222 |   47180.1250 |
|               CAS_COUNT_WR STAT               | MBOX5C1 |    1693650 |         0 |   1457928 |   70568.7500 |
+-----------------------------------------------+---------+------------+-----------+-----------+--------------+
+-----------------------------------+-----------+-----------+-----------+-----------+-----------+-----------+-----------+-----------+-----------+-----------+-----------+-----------+-----------+-----------+-----------+-----------+-----------+-----------+-----------+-----------+-----------+-----------+-----------+-----------+
|               Metric              |   Core 0  |   Core 1  |   Core 2  |   Core 3  |   Core 4  |   Core 5  |   Core 6  |   Core 7  |   Core 8  |   Core 9  |  Core 10  |  Core 11  |  Core 12  |  Core 13  |  Core 14  |  Core 15  |  Core 16  |  Core 17  |  Core 18  |  Core 19  |  Core 20  |  Core 21  |  Core 22  |  Core 23  |
+-----------------------------------+-----------+-----------+-----------+-----------+-----------+-----------+-----------+-----------+-----------+-----------+-----------+-----------+-----------+-----------+-----------+-----------+-----------+-----------+-----------+-----------+-----------+-----------+-----------+-----------+
|        Runtime (RDTSC) [s]        |    0.4087 |    0.4104 |    0.4104 |    0.4104 |    0.4104 |    0.4104 |    0.4104 |    0.4104 |    0.4104 |    0.4104 |    0.4104 |    0.4104 |    0.4104 |    0.4104 |    0.4086 |    0.4104 |    0.4103 |    0.4104 |    0.4104 |    0.4103 |    0.4104 |    0.4104 |    0.4104 |    0.4104 |
|        Runtime unhalted [s]       |    0.0992 |    0.1127 |    0.1148 |    0.1150 |    0.1122 |    0.1127 |    0.1116 |    0.1130 |    0.1125 |    0.1134 |    0.1125 |    0.1136 |    0.1132 |    0.1136 |    0.0999 |    0.1010 |    0.1020 |    0.1015 |    0.1009 |    0.1028 |    0.1027 |    0.1021 |    0.1002 |    0.0996 |
|            Clock [MHz]            | 1895.9329 | 1895.4198 | 1895.4064 | 1895.4310 | 1895.3936 | 1895.4174 | 1895.4361 | 1895.4054 | 1895.4279 | 1895.4173 | 1895.4069 | 1895.3869 | 1895.3992 | 1895.4323 | 1889.2734 | 1889.1094 | 1889.2344 | 1889.1047 | 1889.1247 | 1889.3300 | 1889.3448 | 1889.1563 | 1889.0789 | 1888.8417 |
|                CPI                |    0.8722 |    2.9268 |    2.9734 |    2.9791 |    2.9162 |    2.9280 |    2.9038 |    2.9346 |    2.9508 |    2.9699 |    2.9497 |    2.9746 |    2.9660 |    2.9743 |    2.6669 |    2.6915 |    2.7311 |    2.7187 |    2.7042 |    2.7482 |    2.7472 |    2.7320 |    2.6886 |    2.6741 |
|             Energy [J]            |   17.3236 |         0 |         0 |         0 |         0 |         0 |         0 |         0 |         0 |         0 |         0 |         0 |         0 |         0 |   16.0523 |         0 |         0 |         0 |         0 |         0 |         0 |         0 |         0 |         0 |
|             Power [W]             |   42.3913 |         0 |         0 |         0 |         0 |         0 |         0 |         0 |         0 |         0 |         0 |         0 |         0 |         0 |   39.2864 |         0 |         0 |         0 |         0 |         0 |         0 |         0 |         0 |         0 |
|          Energy DRAM [J]          |    2.1623 |         0 |         0 |         0 |         0 |         0 |         0 |         0 |         0 |         0 |         0 |         0 |         0 |         0 |    1.5213 |         0 |         0 |         0 |         0 |         0 |         0 |         0 |         0 |         0 |
|           Power DRAM [W]          |    5.2913 |         0 |         0 |         0 |         0 |         0 |         0 |         0 |         0 |         0 |         0 |         0 |         0 |         0 |    3.7232 |         0 |         0 |         0 |         0 |         0 |         0 |         0 |         0 |         0 |
|            DP [MFLOP/s]           |   80.4654 |   54.9466 |   54.9423 |   54.9440 |   54.9464 |   54.9448 |   54.9369 |   54.9413 |   54.3438 |   54.3801 |   54.3460 |   54.3805 |   54.3500 |   54.3647 |   54.5747 |   54.3668 |   54.2780 |   54.3076 |   54.2708 |   54.3096 |   54.2708 |   54.3009 |   54.2667 |   54.2988 |
|          AVX DP [MFLOP/s]         |    2.9246 |         0 |         0 |         0 |         0 |         0 |         0 |         0 |         0 |         0 |         0 |         0 |         0 |         0 |         0 |         0 |         0 |         0 |         0 |         0 |         0 |         0 |         0 |         0 |
|          Packed [MUOPS/s]         |    0.4403 |         0 |         0 |         0 |         0 |         0 |         0 |         0 |         0 |         0 |         0 |         0 |         0 |         0 |         0 |         0 |         0 |         0 |         0 |         0 |         0 |         0 |         0 |         0 |
|          Scalar [MUOPS/s]         |   77.4282 |   54.9466 |   54.9423 |   54.9440 |   54.9464 |   54.9448 |   54.9369 |   54.9413 |   54.3438 |   54.3801 |   54.3460 |   54.3805 |   54.3500 |   54.3647 |   54.5747 |   54.3668 |   54.2780 |   54.3076 |   54.2708 |   54.3096 |   54.2708 |   54.3009 |   54.2667 |   54.2988 |
|  Memory read bandwidth [MBytes/s] | 1016.7383 |         0 |         0 |         0 |         0 |         0 |         0 |         0 |         0 |         0 |         0 |         0 |         0 |         0 |  133.4257 |         0 |         0 |         0 |         0 |         0 |         0 |         0 |         0 |         0 |
|  Memory read data volume [GBytes] |    0.4155 |         0 |         0 |         0 |         0 |         0 |         0 |         0 |         0 |         0 |         0 |         0 |         0 |         0 |    0.0545 |         0 |         0 |         0 |         0 |         0 |         0 |         0 |         0 |         0 |
| Memory write bandwidth [MBytes/s] | 1430.0608 |         0 |         0 |         0 |         0 |         0 |         0 |         0 |         0 |         0 |         0 |         0 |         0 |         0 |  229.7375 |         0 |         0 |         0 |         0 |         0 |         0 |         0 |         0 |         0 |
| Memory write data volume [GBytes] |    0.5844 |         0 |         0 |         0 |         0 |         0 |         0 |         0 |         0 |         0 |         0 |         0 |         0 |         0 |    0.0939 |         0 |         0 |         0 |         0 |         0 |         0 |         0 |         0 |         0 |
|    Memory bandwidth [MBytes/s]    | 2446.7991 |         0 |         0 |         0 |         0 |         0 |         0 |         0 |         0 |         0 |         0 |         0 |         0 |         0 |  363.1633 |         0 |         0 |         0 |         0 |         0 |         0 |         0 |         0 |         0 |
|    Memory data volume [GBytes]    |    0.9999 |         0 |         0 |         0 |         0 |         0 |         0 |         0 |         0 |         0 |         0 |         0 |         0 |         0 |    0.1484 |         0 |         0 |         0 |         0 |         0 |         0 |         0 |         0 |         0 |
|       Operational intensity       |    0.0329 |    0.0226 |    0.0226 |    0.0226 |    0.0226 |    0.0225 |    0.0225 |    0.0225 |    0.0223 |    0.0223 |    0.0223 |    0.0223 |    0.0223 |    0.0223 |    0.1503 |    0.1504 |    0.1501 |    0.1502 |    0.1501 |    0.1502 |    0.1501 |    0.1502 |    0.1501 |    0.1502 |
+-----------------------------------+-----------+-----------+-----------+-----------+-----------+-----------+-----------+-----------+-----------+-----------+-----------+-----------+-----------+-----------+-----------+-----------+-----------+-----------+-----------+-----------+-----------+-----------+-----------+-----------+
+----------------------------------------+------------+-----------+-----------+-----------+
|                 Metric                 |     Sum    |    Min    |    Max    |    Avg    |
+----------------------------------------+------------+-----------+-----------+-----------+
|        Runtime (RDTSC) [s] STAT        |     9.8459 |    0.4086 |    0.4104 |    0.4102 |
|        Runtime unhalted [s] STAT       |     2.5827 |    0.0992 |    0.1150 |    0.1076 |
|            Clock [MHz] STAT            | 45427.9114 | 1888.8417 | 1895.9329 | 1892.8296 |
|                CPI STAT                |    66.3219 |    0.8722 |    2.9791 |    2.7634 |
|             Energy [J] STAT            |    33.3759 |         0 |   17.3236 |    1.3907 |
|             Power [W] STAT             |    81.6777 |         0 |   42.3913 |    3.4032 |
|          Energy DRAM [J] STAT          |     3.6836 |         0 |    2.1623 |    0.1535 |
|           Power DRAM [W] STAT          |     9.0145 |         0 |    5.2913 |    0.3756 |
|            DP [MFLOP/s] STAT           |  1334.4775 |   54.2667 |   80.4654 |   55.6032 |
|          AVX DP [MFLOP/s] STAT         |     2.9246 |         0 |    2.9246 |    0.1219 |
|          Packed [MUOPS/s] STAT         |     0.4403 |         0 |    0.4403 |    0.0183 |
|          Scalar [MUOPS/s] STAT         |  1331.4403 |   54.2667 |   77.4282 |   55.4767 |
|  Memory read bandwidth [MBytes/s] STAT |  1150.1640 |         0 | 1016.7383 |   47.9235 |
|  Memory read data volume [GBytes] STAT |     0.4700 |         0 |    0.4155 |    0.0196 |
| Memory write bandwidth [MBytes/s] STAT |  1659.7983 |         0 | 1430.0608 |   69.1583 |
| Memory write data volume [GBytes] STAT |     0.6783 |         0 |    0.5844 |    0.0283 |
|    Memory bandwidth [MBytes/s] STAT    |  2809.9624 |         0 | 2446.7991 |  117.0818 |
|    Memory data volume [GBytes] STAT    |     1.1483 |         0 |    0.9999 |    0.0478 |
|       Operational intensity STAT       |     1.8265 |    0.0223 |    0.1504 |    0.0761 |
+----------------------------------------+------------+-----------+-----------+-----------+
--------------------------------------------------------------------------------
CPU name:	Intel(R) Xeon(R) Gold 6132 CPU @ 2.60GHz
CPU type:	Intel Skylake SP processor
CPU clock:	2.59 GHz
--------------------------------------------------------------------------------
Region Solve, Group 1: MEM_DP
+-------------------+----------+----------+----------+----------+----------+----------+----------+----------+----------+----------+----------+----------+----------+----------+----------+----------+----------+----------+----------+----------+----------+----------+----------+----------+
|    Region Info    |  Core 0  |  Core 1  |  Core 2  |  Core 3  |  Core 4  |  Core 5  |  Core 6  |  Core 7  |  Core 8  |  Core 9  |  Core 10 |  Core 11 |  Core 12 |  Core 13 |  Core 14 |  Core 15 |  Core 16 |  Core 17 |  Core 18 |  Core 19 |  Core 20 |  Core 21 |  Core 22 |  Core 23 |
+-------------------+----------+----------+----------+----------+----------+----------+----------+----------+----------+----------+----------+----------+----------+----------+----------+----------+----------+----------+----------+----------+----------+----------+----------+----------+
| RDTSC Runtime [s] | 4.651085 | 4.652127 | 4.652102 | 4.652105 | 4.652112 | 4.652114 | 4.652103 | 4.652108 | 4.652111 | 4.652116 | 4.652112 | 4.652114 | 4.652114 | 4.652107 | 4.651060 | 4.652111 | 4.652109 | 4.652108 | 4.652105 | 4.652111 | 4.652117 | 4.652109 | 4.652115 | 4.652115 |
|     call count    |        1 |        1 |        1 |        1 |        1 |        1 |        1 |        1 |        1 |        1 |        1 |        1 |        1 |        1 |        1 |        1 |        1 |        1 |        1 |        1 |        1 |        1 |        1 |        1 |
+-------------------+----------+----------+----------+----------+----------+----------+----------+----------+----------+----------+----------+----------+----------+----------+----------+----------+----------+----------+----------+----------+----------+----------+----------+----------+
+------------------------------------------+---------+-------------+-------------+-------------+-------------+-------------+-------------+-------------+-------------+-------------+-------------+-------------+-------------+-------------+-------------+-------------+-------------+-------------+-------------+-------------+-------------+-------------+-------------+-------------+-------------+
|                   Event                  | Counter |    Core 0   |    Core 1   |    Core 2   |    Core 3   |    Core 4   |    Core 5   |    Core 6   |    Core 7   |    Core 8   |    Core 9   |   Core 10   |   Core 11   |   Core 12   |   Core 13   |   Core 14   |   Core 15   |   Core 16   |   Core 17   |   Core 18   |   Core 19   |   Core 20   |   Core 21   |   Core 22   |   Core 23   |
+------------------------------------------+---------+-------------+-------------+-------------+-------------+-------------+-------------+-------------+-------------+-------------+-------------+-------------+-------------+-------------+-------------+-------------+-------------+-------------+-------------+-------------+-------------+-------------+-------------+-------------+-------------+
|             INSTR_RETIRED_ANY            |  FIXC0  | 12534240000 | 10186840000 | 10244130000 | 10242870000 | 10189830000 | 10163950000 | 10076510000 | 10081030000 | 10035750000 | 10033660000 |  9998892000 |  9969591000 |  9976764000 |  9990170000 | 10026440000 | 10025770000 |  9905833000 |  9910122000 |  9981319000 | 10021020000 | 10071500000 | 10076800000 | 10024330000 |  9968470000 |
|           CPU_CLK_UNHALTED_CORE          |  FIXC1  |  5628578000 |  8748537000 |  8741989000 |  8748877000 |  8747762000 |  8746723000 |  8747808000 |  8747969000 |  8746589000 |  8747961000 |  8745547000 |  8747906000 |  8747258000 |  8744094000 |  8723860000 |  8729285000 |  8729873000 |  8727952000 |  8725181000 |  8712953000 |  8725364000 |  8731082000 |  8728868000 |  8689409000 |
|           CPU_CLK_UNHALTED_REF           |  FIXC2  |  7703716000 | 11971690000 | 11962730000 | 11972160000 | 11970620000 | 11969200000 | 11970680000 | 11970920000 | 11969010000 | 11970900000 | 11967590000 | 11970820000 | 11969940000 | 11965610000 | 11937930000 | 11945340000 | 11946150000 | 11943510000 | 11939720000 | 11923000000 | 11939970000 | 11947800000 | 11944760000 | 11890800000 |
|              PWR_PKG_ENERGY              |   PWR0  |    261.3683 |           0 |           0 |           0 |           0 |           0 |           0 |           0 |           0 |           0 |           0 |           0 |           0 |           0 |    231.6668 |           0 |           0 |           0 |           0 |           0 |           0 |           0 |           0 |           0 |
|              PWR_DRAM_ENERGY             |   PWR3  |     32.9717 |           0 |           0 |           0 |           0 |           0 |           0 |           0 |           0 |           0 |           0 |           0 |           0 |           0 |     28.7825 |           0 |           0 |           0 |           0 |           0 |           0 |           0 |           0 |           0 |
| FP_ARITH_INST_RETIRED_128B_PACKED_DOUBLE |   PMC0  |       65560 |           0 |           0 |           0 |           0 |           0 |           0 |           0 |           0 |           0 |           0 |           0 |           0 |           0 |           0 |           0 |           0 |           0 |           0 |           0 |           0 |           0 |           0 |           0 |
|    FP_ARITH_INST_RETIRED_SCALAR_DOUBLE   |   PMC1  |  2691648000 |  2702708000 |  2749633000 |  2745432000 |  2706217000 |  2692894000 |  2671025000 |  2671232000 |  2656210000 |  2635208000 |  2605468000 |  2600340000 |  2603609000 |  2604943000 |  2636711000 |  2654792000 |  2627563000 |  2628724000 |  2646541000 |  2666428000 |  2705529000 |  2710161000 |  2665786000 |  2638208000 |
| FP_ARITH_INST_RETIRED_256B_PACKED_DOUBLE |   PMC2  |       83556 |           0 |           0 |           0 |           0 |           0 |           0 |           0 |           0 |           0 |           0 |           0 |           0 |           0 |           0 |           0 |           0 |           0 |           0 |           0 |           0 |           0 |           0 |           0 |
| FP_ARITH_INST_RETIRED_512B_PACKED_DOUBLE |   PMC3  |      417868 |           0 |           0 |           0 |           0 |           0 |           0 |           0 |           0 |           0 |           0 |           0 |           0 |           0 |           0 |           0 |           0 |           0 |           0 |           0 |           0 |           0 |           0 |           0 |
|               CAS_COUNT_RD               | MBOX0C0 |    78063460 |           0 |           0 |           0 |           0 |           0 |           0 |           0 |           0 |           0 |           0 |           0 |           0 |           0 |    54035730 |           0 |           0 |           0 |           0 |           0 |           0 |           0 |           0 |           0 |
|               CAS_COUNT_WR               | MBOX0C1 |    20165810 |           0 |           0 |           0 |           0 |           0 |           0 |           0 |           0 |           0 |           0 |           0 |           0 |           0 |    13687030 |           0 |           0 |           0 |           0 |           0 |           0 |           0 |           0 |           0 |
|               CAS_COUNT_RD               | MBOX1C0 |    77866650 |           0 |           0 |           0 |           0 |           0 |           0 |           0 |           0 |           0 |           0 |           0 |           0 |           0 |    53985440 |           0 |           0 |           0 |           0 |           0 |           0 |           0 |           0 |           0 |
|               CAS_COUNT_WR               | MBOX1C1 |    20140750 |           0 |           0 |           0 |           0 |           0 |           0 |           0 |           0 |           0 |           0 |           0 |           0 |           0 |    13675880 |           0 |           0 |           0 |           0 |           0 |           0 |           0 |           0 |           0 |
|               CAS_COUNT_RD               | MBOX2C0 |    78224290 |           0 |           0 |           0 |           0 |           0 |           0 |           0 |           0 |           0 |           0 |           0 |           0 |           0 |    53966810 |           0 |           0 |           0 |           0 |           0 |           0 |           0 |           0 |           0 |
|               CAS_COUNT_WR               | MBOX2C1 |    20424470 |           0 |           0 |           0 |           0 |           0 |           0 |           0 |           0 |           0 |           0 |           0 |           0 |           0 |    13683610 |           0 |           0 |           0 |           0 |           0 |           0 |           0 |           0 |           0 |
|               CAS_COUNT_RD               | MBOX3C0 |    77543860 |           0 |           0 |           0 |           0 |           0 |           0 |           0 |           0 |           0 |           0 |           0 |           0 |           0 |    53489320 |           0 |           0 |           0 |           0 |           0 |           0 |           0 |           0 |           0 |
|               CAS_COUNT_WR               | MBOX3C1 |    19850200 |           0 |           0 |           0 |           0 |           0 |           0 |           0 |           0 |           0 |           0 |           0 |           0 |           0 |    13533070 |           0 |           0 |           0 |           0 |           0 |           0 |           0 |           0 |           0 |
|               CAS_COUNT_RD               | MBOX4C0 |    77510230 |           0 |           0 |           0 |           0 |           0 |           0 |           0 |           0 |           0 |           0 |           0 |           0 |           0 |    53540950 |           0 |           0 |           0 |           0 |           0 |           0 |           0 |           0 |           0 |
|               CAS_COUNT_WR               | MBOX4C1 |    19874260 |           0 |           0 |           0 |           0 |           0 |           0 |           0 |           0 |           0 |           0 |           0 |           0 |           0 |    13558630 |           0 |           0 |           0 |           0 |           0 |           0 |           0 |           0 |           0 |
|               CAS_COUNT_RD               | MBOX5C0 |    77463330 |           0 |           0 |           0 |           0 |           0 |           0 |           0 |           0 |           0 |           0 |           0 |           0 |           0 |    53497070 |           0 |           0 |           0 |           0 |           0 |           0 |           0 |           0 |           0 |
|               CAS_COUNT_WR               | MBOX5C1 |    19965040 |           0 |           0 |           0 |           0 |           0 |           0 |           0 |           0 |           0 |           0 |           0 |           0 |           0 |    13512730 |           0 |           0 |           0 |           0 |           0 |           0 |           0 |           0 |           0 |
+------------------------------------------+---------+-------------+-------------+-------------+-------------+-------------+-------------+-------------+-------------+-------------+-------------+-------------+-------------+-------------+-------------+-------------+-------------+-------------+-------------+-------------+-------------+-------------+-------------+-------------+-------------+
+-----------------------------------------------+---------+--------------+------------+-------------+--------------+
|                     Event                     | Counter |      Sum     |     Min    |     Max     |      Avg     |
+-----------------------------------------------+---------+--------------+------------+-------------+--------------+
|             INSTR_RETIRED_ANY STAT            |  FIXC0  | 243735831000 | 9905833000 | 12534240000 |  10155659625 |
|           CPU_CLK_UNHALTED_CORE STAT          |  FIXC1  | 206561425000 | 5628578000 |  8748877000 | 8.606726e+09 |
|           CPU_CLK_UNHALTED_REF STAT           |  FIXC2  | 282664566000 | 7703716000 | 11972160000 |  11777690250 |
|              PWR_PKG_ENERGY STAT              |   PWR0  |     493.0351 |          0 |    261.3683 |      20.5431 |
|              PWR_DRAM_ENERGY STAT             |   PWR3  |      61.7542 |          0 |     32.9717 |       2.5731 |
| FP_ARITH_INST_RETIRED_128B_PACKED_DOUBLE STAT |   PMC0  |        65560 |          0 |       65560 |    2731.6667 |
|    FP_ARITH_INST_RETIRED_SCALAR_DOUBLE STAT   |   PMC1  |  63917010000 | 2600340000 |  2749633000 |   2663208750 |
| FP_ARITH_INST_RETIRED_256B_PACKED_DOUBLE STAT |   PMC2  |        83556 |          0 |       83556 |    3481.5000 |
| FP_ARITH_INST_RETIRED_512B_PACKED_DOUBLE STAT |   PMC3  |       417868 |          0 |      417868 |   17411.1667 |
|               CAS_COUNT_RD STAT               | MBOX0C0 |    132099190 |          0 |    78063460 | 5.504133e+06 |
|               CAS_COUNT_WR STAT               | MBOX0C1 |     33852840 |          0 |    20165810 |      1410535 |
|               CAS_COUNT_RD STAT               | MBOX1C0 |    131852090 |          0 |    77866650 | 5.493837e+06 |
|               CAS_COUNT_WR STAT               | MBOX1C1 |     33816630 |          0 |    20140750 | 1.409026e+06 |
|               CAS_COUNT_RD STAT               | MBOX2C0 |    132191100 |          0 |    78224290 | 5.507962e+06 |
|               CAS_COUNT_WR STAT               | MBOX2C1 |     34108080 |          0 |    20424470 |      1421170 |
|               CAS_COUNT_RD STAT               | MBOX3C0 |    131033180 |          0 |    77543860 | 5.459716e+06 |
|               CAS_COUNT_WR STAT               | MBOX3C1 |     33383270 |          0 |    19850200 | 1.390970e+06 |
|               CAS_COUNT_RD STAT               | MBOX4C0 |    131051180 |          0 |    77510230 | 5.460466e+06 |
|               CAS_COUNT_WR STAT               | MBOX4C1 |     33432890 |          0 |    19874260 | 1.393037e+06 |
|               CAS_COUNT_RD STAT               | MBOX5C0 |    130960400 |          0 |    77463330 | 5.456683e+06 |
|               CAS_COUNT_WR STAT               | MBOX5C1 |     33477770 |          0 |    19965040 | 1.394907e+06 |
+-----------------------------------------------+---------+--------------+------------+-------------+--------------+
+-----------------------------------+-----------+-----------+-----------+-----------+-----------+-----------+-----------+-----------+-----------+-----------+-----------+-----------+-----------+-----------+-----------+-----------+-----------+-----------+-----------+-----------+-----------+-----------+-----------+-----------+
|               Metric              |   Core 0  |   Core 1  |   Core 2  |   Core 3  |   Core 4  |   Core 5  |   Core 6  |   Core 7  |   Core 8  |   Core 9  |  Core 10  |  Core 11  |  Core 12  |  Core 13  |  Core 14  |  Core 15  |  Core 16  |  Core 17  |  Core 18  |  Core 19  |  Core 20  |  Core 21  |  Core 22  |  Core 23  |
+-----------------------------------+-----------+-----------+-----------+-----------+-----------+-----------+-----------+-----------+-----------+-----------+-----------+-----------+-----------+-----------+-----------+-----------+-----------+-----------+-----------+-----------+-----------+-----------+-----------+-----------+
|        Runtime (RDTSC) [s]        |    4.6511 |    4.6521 |    4.6521 |    4.6521 |    4.6521 |    4.6521 |    4.6521 |    4.6521 |    4.6521 |    4.6521 |    4.6521 |    4.6521 |    4.6521 |    4.6521 |    4.6511 |    4.6521 |    4.6521 |    4.6521 |    4.6521 |    4.6521 |    4.6521 |    4.6521 |    4.6521 |    4.6521 |
|        Runtime unhalted [s]       |    2.1701 |    3.3729 |    3.3704 |    3.3731 |    3.3726 |    3.3722 |    3.3727 |    3.3727 |    3.3722 |    3.3727 |    3.3718 |    3.3727 |    3.3724 |    3.3712 |    3.3634 |    3.3655 |    3.3657 |    3.3650 |    3.3639 |    3.3592 |    3.3640 |    3.3662 |    3.3654 |    3.3501 |
|            Clock [MHz]            | 1895.0688 | 1895.4247 | 1895.4246 | 1895.4239 | 1895.4262 | 1895.4259 | 1895.4266 | 1895.4235 | 1895.4269 | 1895.4249 | 1895.4260 | 1895.4257 | 1895.4246 | 1895.4247 | 1895.4233 | 1895.4255 | 1895.4246 | 1895.4264 | 1895.4261 | 1895.4240 | 1895.4262 | 1895.4253 | 1895.4270 | 1895.4211 |
|                CPI                |    0.4491 |    0.8588 |    0.8534 |    0.8541 |    0.8585 |    0.8606 |    0.8681 |    0.8678 |    0.8715 |    0.8719 |    0.8747 |    0.8775 |    0.8768 |    0.8753 |    0.8701 |    0.8707 |    0.8813 |    0.8807 |    0.8742 |    0.8695 |    0.8663 |    0.8665 |    0.8708 |    0.8717 |
|             Energy [J]            |  261.3683 |         0 |         0 |         0 |         0 |         0 |         0 |         0 |         0 |         0 |         0 |         0 |         0 |         0 |  231.6668 |         0 |         0 |         0 |         0 |         0 |         0 |         0 |         0 |         0 |
|             Power [W]             |   56.1951 |         0 |         0 |         0 |         0 |         0 |         0 |         0 |         0 |         0 |         0 |         0 |         0 |         0 |   49.8095 |         0 |         0 |         0 |         0 |         0 |         0 |         0 |         0 |         0 |
|          Energy DRAM [J]          |   32.9717 |         0 |         0 |         0 |         0 |         0 |         0 |         0 |         0 |         0 |         0 |         0 |         0 |         0 |   28.7825 |         0 |         0 |         0 |         0 |         0 |         0 |         0 |         0 |         0 |
|           Power DRAM [W]          |    7.0890 |         0 |         0 |         0 |         0 |         0 |         0 |         0 |         0 |         0 |         0 |         0 |         0 |         0 |    6.1884 |         0 |         0 |         0 |         0 |         0 |         0 |         0 |         0 |         0 |
|            DP [MFLOP/s]           |  579.5328 |  580.9618 |  591.0517 |  590.1483 |  581.7179 |  578.8538 |  574.1543 |  574.1982 |  570.9687 |  566.4536 |  560.0613 |  558.9588 |  559.6615 |  559.9491 |  566.9054 |  570.6639 |  564.8111 |  565.0608 |  568.8911 |  573.1652 |  581.5694 |  582.5661 |  573.0267 |  567.0986 |
|          AVX DP [MFLOP/s]         |    0.7906 |         0 |         0 |         0 |         0 |         0 |         0 |         0 |         0 |         0 |         0 |         0 |         0 |         0 |         0 |         0 |         0 |         0 |         0 |         0 |         0 |         0 |         0 |         0 |
|          Packed [MUOPS/s]         |    0.1219 |         0 |         0 |         0 |         0 |         0 |         0 |         0 |         0 |         0 |         0 |         0 |         0 |         0 |         0 |         0 |         0 |         0 |         0 |         0 |         0 |         0 |         0 |         0 |
|          Scalar [MUOPS/s]         |  578.7140 |  580.9618 |  591.0517 |  590.1483 |  581.7179 |  578.8538 |  574.1543 |  574.1982 |  570.9687 |  566.4536 |  560.0613 |  558.9588 |  559.6615 |  559.9491 |  566.9054 |  570.6639 |  564.8111 |  565.0608 |  568.8911 |  573.1652 |  581.5694 |  582.5661 |  573.0267 |  567.0986 |
|  Memory read bandwidth [MBytes/s] | 6421.5116 |         0 |         0 |         0 |         0 |         0 |         0 |         0 |         0 |         0 |         0 |         0 |         0 |         0 | 4437.9089 |         0 |         0 |         0 |         0 |         0 |         0 |         0 |         0 |         0 |
|  Memory read data volume [GBytes] |   29.8670 |         0 |         0 |         0 |         0 |         0 |         0 |         0 |         0 |         0 |         0 |         0 |         0 |         0 |   20.6410 |         0 |         0 |         0 |         0 |         0 |         0 |         0 |         0 |         0 |
| Memory write bandwidth [MBytes/s] | 1657.0142 |         0 |         0 |         0 |         0 |         0 |         0 |         0 |         0 |         0 |         0 |         0 |         0 |         0 | 1123.5419 |         0 |         0 |         0 |         0 |         0 |         0 |         0 |         0 |         0 |
| Memory write data volume [GBytes] |    7.7069 |         0 |         0 |         0 |         0 |         0 |         0 |         0 |         0 |         0 |         0 |         0 |         0 |         0 |    5.2257 |         0 |         0 |         0 |         0 |         0 |         0 |         0 |         0 |         0 |
|    Memory bandwidth [MBytes/s]    | 8078.5258 |         0 |         0 |         0 |         0 |         0 |         0 |         0 |         0 |         0 |         0 |         0 |         0 |         0 | 5561.4508 |         0 |         0 |         0 |         0 |         0 |         0 |         0 |         0 |         0 |
|    Memory data volume [GBytes]    |   37.5739 |         0 |         0 |         0 |         0 |         0 |         0 |         0 |         0 |         0 |         0 |         0 |         0 |         0 |   25.8666 |         0 |         0 |         0 |         0 |         0 |         0 |         0 |         0 |         0 |
|       Operational intensity       |    0.0717 |    0.0719 |    0.0732 |    0.0731 |    0.0720 |    0.0717 |    0.0711 |    0.0711 |    0.0707 |    0.0701 |    0.0693 |    0.0692 |    0.0693 |    0.0693 |    0.1019 |    0.1026 |    0.1016 |    0.1016 |    0.1023 |    0.1031 |    0.1046 |    0.1048 |    0.1031 |    0.1020 |
+-----------------------------------+-----------+-----------+-----------+-----------+-----------+-----------+-----------+-----------+-----------+-----------+-----------+-----------+-----------+-----------+-----------+-----------+-----------+-----------+-----------+-----------+-----------+-----------+-----------+-----------+
+----------------------------------------+------------+-----------+-----------+-----------+
|                 Metric                 |     Sum    |    Min    |    Max    |    Avg    |
+----------------------------------------+------------+-----------+-----------+-----------+
|        Runtime (RDTSC) [s] STAT        |   111.6484 |    4.6511 |    4.6521 |    4.6520 |
|        Runtime unhalted [s] STAT       |    79.6381 |    2.1701 |    3.3731 |    3.3183 |
|            Clock [MHz] STAT            | 45489.8465 | 1895.0688 | 1895.4270 | 1895.4103 |
|                CPI STAT                |    20.4399 |    0.4491 |    0.8813 |    0.8517 |
|             Energy [J] STAT            |   493.0351 |         0 |  261.3683 |   20.5431 |
|             Power [W] STAT             |   106.0046 |         0 |   56.1951 |    4.4169 |
|          Energy DRAM [J] STAT          |    61.7542 |         0 |   32.9717 |    2.5731 |
|           Power DRAM [W] STAT          |    13.2774 |         0 |    7.0890 |    0.5532 |
|            DP [MFLOP/s] STAT           | 13740.4301 |  558.9588 |  591.0517 |  572.5179 |
|          AVX DP [MFLOP/s] STAT         |     0.7906 |         0 |    0.7906 |    0.0329 |
|          Packed [MUOPS/s] STAT         |     0.1219 |         0 |    0.1219 |    0.0051 |
|          Scalar [MUOPS/s] STAT         | 13739.6113 |  558.9588 |  591.0517 |  572.4838 |
|  Memory read bandwidth [MBytes/s] STAT | 10859.4205 |         0 | 6421.5116 |  452.4759 |
|  Memory read data volume [GBytes] STAT |    50.5080 |         0 |   29.8670 |    2.1045 |
| Memory write bandwidth [MBytes/s] STAT |  2780.5561 |         0 | 1657.0142 |  115.8565 |
| Memory write data volume [GBytes] STAT |    12.9326 |         0 |    7.7069 |    0.5389 |
|    Memory bandwidth [MBytes/s] STAT    | 13639.9766 |         0 | 8078.5258 |  568.3324 |
|    Memory data volume [GBytes] STAT    |    63.4405 |         0 |   37.5739 |    2.6434 |
|       Operational intensity STAT       |     2.0213 |    0.0692 |    0.1048 |    0.0842 |
+----------------------------------------+------------+-----------+-----------+-----------+
