--------------------------------------------------------------------------------
CPU name:	Intel(R) Xeon(R) Gold 6132 CPU @ 2.60GHz
CPU type:	Intel Skylake SP processor
CPU clock:	2.59 GHz
--------------------------------------------------------------------------------
Region Setup, Group 1: MEM_DP
+-------------------+----------+----------+----------+----------+----------+----------+----------+----------+----------+----------+----------+----------+----------+----------+----------+----------+----------+----------+----------+----------+----------+----------+----------+----------+----------+----------+----------+----------+----------+
|    Region Info    |  Core 0  |  Core 1  |  Core 2  |  Core 3  |  Core 4  |  Core 5  |  Core 6  |  Core 7  |  Core 8  |  Core 9  |  Core 10 |  Core 11 |  Core 12 |  Core 13 |  Core 14 |  Core 15 |  Core 16 |  Core 17 |  Core 18 |  Core 19 |  Core 20 |  Core 21 |  Core 22 |  Core 23 |  Core 24 |  Core 25 |  Core 26 |  Core 27 |  Core 28 |
+-------------------+----------+----------+----------+----------+----------+----------+----------+----------+----------+----------+----------+----------+----------+----------+----------+----------+----------+----------+----------+----------+----------+----------+----------+----------+----------+----------+----------+----------+----------+
| RDTSC Runtime [s] | 0.456379 | 0.428432 | 0.428401 | 0.428530 | 0.459874 | 0.428381 | 0.428442 | 0.428374 | 0.428394 | 0.428410 | 0.428450 | 0.428533 | 0.428333 | 0.428456 | 0.456302 | 0.428442 | 0.428297 | 0.428310 | 0.428319 | 0.428324 | 0.428297 | 0.428350 | 0.428315 | 0.428300 | 0.428283 | 0.428312 | 0.428339 | 0.459841 | 0.456283 |
|     call count    |        2 |        2 |        2 |        2 |        2 |        2 |        2 |        2 |        2 |        2 |        2 |        2 |        2 |        2 |        2 |        2 |        2 |        2 |        2 |        2 |        2 |        2 |        2 |        2 |        2 |        2 |        2 |        2 |        2 |
+-------------------+----------+----------+----------+----------+----------+----------+----------+----------+----------+----------+----------+----------+----------+----------+----------+----------+----------+----------+----------+----------+----------+----------+----------+----------+----------+----------+----------+----------+----------+
+------------------------------------------+---------+-----------+-----------+-----------+-----------+-----------+-----------+-----------+-----------+-----------+-----------+-----------+-----------+-----------+-----------+-----------+-----------+-----------+-----------+-----------+-----------+-----------+-----------+-----------+-----------+-----------+-----------+-----------+-----------+-----------+
|                   Event                  | Counter |   Core 0  |   Core 1  |   Core 2  |   Core 3  |   Core 4  |   Core 5  |   Core 6  |   Core 7  |   Core 8  |   Core 9  |  Core 10  |  Core 11  |  Core 12  |  Core 13  |  Core 14  |  Core 15  |  Core 16  |  Core 17  |  Core 18  |  Core 19  |  Core 20  |  Core 21  |  Core 22  |  Core 23  |  Core 24  |  Core 25  |  Core 26  |  Core 27  |  Core 28  |
+------------------------------------------+---------+-----------+-----------+-----------+-----------+-----------+-----------+-----------+-----------+-----------+-----------+-----------+-----------+-----------+-----------+-----------+-----------+-----------+-----------+-----------+-----------+-----------+-----------+-----------+-----------+-----------+-----------+-----------+-----------+-----------+
|             INSTR_RETIRED_ANY            |  FIXC0  | 281609800 |  86573330 |  86570580 |  87163910 |  88571860 |  86350860 |  86190220 |  86481250 |  86496100 |  86597640 |  85867430 |  86598890 |  85696860 |  86183200 |  85076880 |  83456680 |  83111820 |  82808170 |  81876100 |  81355130 |  81381520 |  81079730 |  80928970 |  81795120 |  82308030 |  80989590 |  81948450 |  84136900 |  82734650 |
|           CPU_CLK_UNHALTED_CORE          |  FIXC1  | 303899100 | 311653100 | 315129400 | 324851800 | 357383500 | 308036100 | 307599400 | 311334600 | 314391100 | 317320300 | 310334000 | 322612800 | 307167300 | 315252200 | 300165800 | 263313900 | 265409300 | 256250300 | 255942500 | 262034800 | 264773200 | 258372400 | 255350300 | 273463200 | 284931600 | 258329000 | 278470500 | 324473700 | 293255100 |
|           CPU_CLK_UNHALTED_REF           |  FIXC2  | 415823500 | 426482900 | 431238200 | 444592000 | 489094000 | 421565700 | 420939600 | 426052700 | 430238000 | 434253400 | 424674600 | 441488600 | 420351700 | 431411800 | 411634500 | 361574600 | 364231600 | 351701500 | 351292200 | 359644200 | 363353700 | 354726900 | 350489000 | 375299200 | 390941800 | 354549600 | 382143700 | 444882900 | 402769200 |
|              PWR_PKG_ENERGY              |   PWR0  |   18.8817 |         0 |         0 |         0 |         0 |         0 |         0 |         0 |         0 |         0 |         0 |         0 |         0 |         0 |   19.0422 |         0 |         0 |         0 |         0 |         0 |         0 |         0 |         0 |         0 |         0 |         0 |         0 |         0 |   14.2683 |
|              PWR_DRAM_ENERGY             |   PWR3  |    2.3002 |         0 |         0 |         0 |         0 |         0 |         0 |         0 |         0 |         0 |         0 |         0 |         0 |         0 |    1.7348 |         0 |         0 |         0 |         0 |         0 |         0 |         0 |         0 |         0 |         0 |         0 |         0 |         0 |    1.4272 |
| FP_ARITH_INST_RETIRED_128B_PACKED_DOUBLE |   PMC0  |     23000 |         0 |         0 |         0 |         0 |         0 |         0 |         0 |         0 |         0 |         0 |         0 |         0 |         0 |         0 |         0 |         0 |         0 |         0 |         0 |         0 |         0 |         0 |         0 |         0 |         0 |         0 |         0 |         0 |
|    FP_ARITH_INST_RETIRED_SCALAR_DOUBLE   |   PMC1  |  27552280 |  18764480 |  18726580 |  18764000 |  18725230 |  18763260 |  18724060 |  18759940 |  18722390 |  18738890 |  18666120 |  18704900 |  18664600 |  18698900 |  18660540 |  18698780 |  18659820 |  18697810 |  18441220 |  18221680 |  18207480 |  18207180 |  18207440 |  18207560 |  18203220 |  18196050 |  18196050 |  18196050 |  18195810 |
| FP_ARITH_INST_RETIRED_256B_PACKED_DOUBLE |   PMC2  |     15090 |         0 |         0 |         0 |         0 |         0 |         0 |         0 |         0 |         0 |         0 |         0 |         0 |         0 |         0 |         0 |         0 |         0 |         0 |         0 |         0 |         0 |         0 |         0 |         0 |         0 |         0 |         0 |         0 |
| FP_ARITH_INST_RETIRED_512B_PACKED_DOUBLE |   PMC3  |    141851 |         0 |         0 |         0 |         0 |         0 |         0 |         0 |         0 |         0 |         0 |         0 |         0 |         0 |         0 |         0 |         0 |         0 |         0 |         0 |         0 |         0 |         0 |         0 |         0 |         0 |         0 |         0 |         0 |
|               CAS_COUNT_RD               | MBOX0C0 |   1178272 |         0 |         0 |         0 |         0 |         0 |         0 |         0 |         0 |         0 |         0 |         0 |         0 |         0 |    202910 |         0 |         0 |         0 |         0 |         0 |         0 |         0 |         0 |         0 |         0 |         0 |         0 |         0 |     15531 |
|               CAS_COUNT_WR               | MBOX0C1 |   1626555 |         0 |         0 |         0 |         0 |         0 |         0 |         0 |         0 |         0 |         0 |         0 |         0 |         0 |    328477 |         0 |         0 |         0 |         0 |         0 |         0 |         0 |         0 |         0 |         0 |         0 |         0 |         0 |     23612 |
|               CAS_COUNT_RD               | MBOX1C0 |   1059360 |         0 |         0 |         0 |         0 |         0 |         0 |         0 |         0 |         0 |         0 |         0 |         0 |         0 |    192661 |         0 |         0 |         0 |         0 |         0 |         0 |         0 |         0 |         0 |         0 |         0 |         0 |         0 |     17475 |
|               CAS_COUNT_WR               | MBOX1C1 |   1518167 |         0 |         0 |         0 |         0 |         0 |         0 |         0 |         0 |         0 |         0 |         0 |         0 |         0 |    315923 |         0 |         0 |         0 |         0 |         0 |         0 |         0 |         0 |         0 |         0 |         0 |         0 |         0 |     25732 |
|               CAS_COUNT_RD               | MBOX2C0 |   1061115 |         0 |         0 |         0 |         0 |         0 |         0 |         0 |         0 |         0 |         0 |         0 |         0 |         0 |    181670 |         0 |         0 |         0 |         0 |         0 |         0 |         0 |         0 |         0 |         0 |         0 |         0 |         0 |     20884 |
|               CAS_COUNT_WR               | MBOX2C1 |   1509337 |         0 |         0 |         0 |         0 |         0 |         0 |         0 |         0 |         0 |         0 |         0 |         0 |         0 |    305172 |         0 |         0 |         0 |         0 |         0 |         0 |         0 |         0 |         0 |         0 |         0 |         0 |         0 |     31585 |
|               CAS_COUNT_RD               | MBOX3C0 |    998841 |         0 |         0 |         0 |         0 |         0 |         0 |         0 |         0 |         0 |         0 |         0 |         0 |         0 |    140036 |         0 |         0 |         0 |         0 |         0 |         0 |         0 |         0 |         0 |         0 |         0 |         0 |         0 |     12494 |
|               CAS_COUNT_WR               | MBOX3C1 |   1487576 |         0 |         0 |         0 |         0 |         0 |         0 |         0 |         0 |         0 |         0 |         0 |         0 |         0 |    277583 |         0 |         0 |         0 |         0 |         0 |         0 |         0 |         0 |         0 |         0 |         0 |         0 |         0 |     22445 |
|               CAS_COUNT_RD               | MBOX4C0 |   1112823 |         0 |         0 |         0 |         0 |         0 |         0 |         0 |         0 |         0 |         0 |         0 |         0 |         0 |    227319 |         0 |         0 |         0 |         0 |         0 |         0 |         0 |         0 |         0 |         0 |         0 |         0 |         0 |     12698 |
|               CAS_COUNT_WR               | MBOX4C1 |   1581008 |         0 |         0 |         0 |         0 |         0 |         0 |         0 |         0 |         0 |         0 |         0 |         0 |         0 |    386988 |         0 |         0 |         0 |         0 |         0 |         0 |         0 |         0 |         0 |         0 |         0 |         0 |         0 |     22761 |
|               CAS_COUNT_RD               | MBOX5C0 |    961649 |         0 |         0 |         0 |         0 |         0 |         0 |         0 |         0 |         0 |         0 |         0 |         0 |         0 |    186244 |         0 |         0 |         0 |         0 |         0 |         0 |         0 |         0 |         0 |         0 |         0 |         0 |         0 |     12409 |
|               CAS_COUNT_WR               | MBOX5C1 |   1442783 |         0 |         0 |         0 |         0 |         0 |         0 |         0 |         0 |         0 |         0 |         0 |         0 |         0 |    336592 |         0 |         0 |         0 |         0 |         0 |         0 |         0 |         0 |         0 |         0 |         0 |         0 |         0 |     22578 |
+------------------------------------------+---------+-----------+-----------+-----------+-----------+-----------+-----------+-----------+-----------+-----------+-----------+-----------+-----------+-----------+-----------+-----------+-----------+-----------+-----------+-----------+-----------+-----------+-----------+-----------+-----------+-----------+-----------+-----------+-----------+-----------+
+-----------------------------------------------+---------+-------------+-----------+-----------+--------------+
|                     Event                     | Counter |     Sum     |    Min    |    Max    |      Avg     |
+-----------------------------------------------+---------+-------------+-----------+-----------+--------------+
|             INSTR_RETIRED_ANY STAT            |  FIXC0  |  2641939670 |  80928970 | 281609800 | 9.110137e+07 |
|           CPU_CLK_UNHALTED_CORE STAT          |  FIXC1  |  8521500300 | 255350300 | 357383500 | 2.938448e+08 |
|           CPU_CLK_UNHALTED_REF STAT           |  FIXC2  | 11677441300 | 350489000 | 489094000 | 4.026704e+08 |
|              PWR_PKG_ENERGY STAT              |   PWR0  |     52.1922 |         0 |   19.0422 |       1.7997 |
|              PWR_DRAM_ENERGY STAT             |   PWR3  |      5.4622 |         0 |    2.3002 |       0.1884 |
| FP_ARITH_INST_RETIRED_128B_PACKED_DOUBLE STAT |   PMC0  |       23000 |         0 |     23000 |     793.1034 |
|    FP_ARITH_INST_RETIRED_SCALAR_DOUBLE STAT   |   PMC1  |   546172320 |  18195810 |  27552280 | 1.883353e+07 |
| FP_ARITH_INST_RETIRED_256B_PACKED_DOUBLE STAT |   PMC2  |       15090 |         0 |     15090 |     520.3448 |
| FP_ARITH_INST_RETIRED_512B_PACKED_DOUBLE STAT |   PMC3  |      141851 |         0 |    141851 |    4891.4138 |
|               CAS_COUNT_RD STAT               | MBOX0C0 |     1396713 |         0 |   1178272 |   48162.5172 |
|               CAS_COUNT_WR STAT               | MBOX0C1 |     1978644 |         0 |   1626555 |   68229.1034 |
|               CAS_COUNT_RD STAT               | MBOX1C0 |     1269496 |         0 |   1059360 |   43775.7241 |
|               CAS_COUNT_WR STAT               | MBOX1C1 |     1859822 |         0 |   1518167 |   64131.7931 |
|               CAS_COUNT_RD STAT               | MBOX2C0 |     1263669 |         0 |   1061115 |   43574.7931 |
|               CAS_COUNT_WR STAT               | MBOX2C1 |     1846094 |         0 |   1509337 |   63658.4138 |
|               CAS_COUNT_RD STAT               | MBOX3C0 |     1151371 |         0 |    998841 |   39702.4483 |
|               CAS_COUNT_WR STAT               | MBOX3C1 |     1787604 |         0 |   1487576 |   61641.5172 |
|               CAS_COUNT_RD STAT               | MBOX4C0 |     1352840 |         0 |   1112823 |   46649.6552 |
|               CAS_COUNT_WR STAT               | MBOX4C1 |     1990757 |         0 |   1581008 |   68646.7931 |
|               CAS_COUNT_RD STAT               | MBOX5C0 |     1160302 |         0 |    961649 |   40010.4138 |
|               CAS_COUNT_WR STAT               | MBOX5C1 |     1801953 |         0 |   1442783 |   62136.3103 |
+-----------------------------------------------+---------+-------------+-----------+-----------+--------------+
+-----------------------------------+-----------+-----------+-----------+-----------+-----------+-----------+-----------+-----------+-----------+-----------+-----------+-----------+-----------+-----------+-----------+-----------+-----------+-----------+-----------+-----------+-----------+-----------+-----------+-----------+-----------+-----------+-----------+-----------+-----------+
|               Metric              |   Core 0  |   Core 1  |   Core 2  |   Core 3  |   Core 4  |   Core 5  |   Core 6  |   Core 7  |   Core 8  |   Core 9  |  Core 10  |  Core 11  |  Core 12  |  Core 13  |  Core 14  |  Core 15  |  Core 16  |  Core 17  |  Core 18  |  Core 19  |  Core 20  |  Core 21  |  Core 22  |  Core 23  |  Core 24  |  Core 25  |  Core 26  |  Core 27  |  Core 28  |
+-----------------------------------+-----------+-----------+-----------+-----------+-----------+-----------+-----------+-----------+-----------+-----------+-----------+-----------+-----------+-----------+-----------+-----------+-----------+-----------+-----------+-----------+-----------+-----------+-----------+-----------+-----------+-----------+-----------+-----------+-----------+
|        Runtime (RDTSC) [s]        |    0.4564 |    0.4284 |    0.4284 |    0.4285 |    0.4599 |    0.4284 |    0.4284 |    0.4284 |    0.4284 |    0.4284 |    0.4284 |    0.4285 |    0.4283 |    0.4285 |    0.4563 |    0.4284 |    0.4283 |    0.4283 |    0.4283 |    0.4283 |    0.4283 |    0.4284 |    0.4283 |    0.4283 |    0.4283 |    0.4283 |    0.4283 |    0.4598 |    0.4563 |
|        Runtime unhalted [s]       |    0.1172 |    0.1202 |    0.1215 |    0.1252 |    0.1378 |    0.1188 |    0.1186 |    0.1200 |    0.1212 |    0.1223 |    0.1196 |    0.1244 |    0.1184 |    0.1215 |    0.1157 |    0.1015 |    0.1023 |    0.0988 |    0.0987 |    0.1010 |    0.1021 |    0.0996 |    0.0984 |    0.1054 |    0.1099 |    0.0996 |    0.1074 |    0.1251 |    0.1131 |
|            Clock [MHz]            | 1895.6215 | 1895.4008 | 1895.4090 | 1895.1992 | 1895.2801 | 1895.2547 | 1895.3828 | 1895.3757 | 1895.3644 | 1895.3345 | 1895.4150 | 1895.3671 | 1895.3674 | 1895.3846 | 1891.3882 | 1888.8919 | 1890.0346 | 1889.8242 | 1889.7534 | 1889.8057 | 1890.0603 | 1889.2230 | 1889.7015 | 1889.9594 | 1890.4263 | 1889.8503 | 1890.0954 | 1891.7556 | 1888.5155 |
|                CPI                |    1.0791 |    3.5999 |    3.6401 |    3.7269 |    4.0350 |    3.5673 |    3.5688 |    3.6000 |    3.6347 |    3.6643 |    3.6141 |    3.7254 |    3.5843 |    3.6579 |    3.5282 |    3.1551 |    3.1934 |    3.0945 |    3.1260 |    3.2209 |    3.2535 |    3.1866 |    3.1552 |    3.3433 |    3.4618 |    3.1897 |    3.3981 |    3.8565 |    3.5445 |
|             Energy [J]            |   18.8817 |         0 |         0 |         0 |         0 |         0 |         0 |         0 |         0 |         0 |         0 |         0 |         0 |         0 |   19.0422 |         0 |         0 |         0 |         0 |         0 |         0 |         0 |         0 |         0 |         0 |         0 |         0 |         0 |   14.2683 |
|             Power [W]             |   41.3728 |         0 |         0 |         0 |         0 |         0 |         0 |         0 |         0 |         0 |         0 |         0 |         0 |         0 |   41.7316 |         0 |         0 |         0 |         0 |         0 |         0 |         0 |         0 |         0 |         0 |         0 |         0 |         0 |   31.2706 |
|          Energy DRAM [J]          |    2.3002 |         0 |         0 |         0 |         0 |         0 |         0 |         0 |         0 |         0 |         0 |         0 |         0 |         0 |    1.7348 |         0 |         0 |         0 |         0 |         0 |         0 |         0 |         0 |         0 |         0 |         0 |         0 |         0 |    1.4272 |
|           Power DRAM [W]          |    5.0400 |         0 |         0 |         0 |         0 |         0 |         0 |         0 |         0 |         0 |         0 |         0 |         0 |         0 |    3.8019 |         0 |         0 |         0 |         0 |         0 |         0 |         0 |         0 |         0 |         0 |         0 |         0 |         0 |    3.1278 |
|            DP [MFLOP/s]           |   63.0911 |   43.7980 |   43.7127 |   43.7869 |   40.7182 |   43.8004 |   43.7027 |   43.7934 |   43.7037 |   43.7406 |   43.5666 |   43.6487 |   43.5750 |   43.6425 |   40.8951 |   43.6437 |   43.5675 |   43.6548 |   43.0549 |   42.5418 |   42.5113 |   42.5054 |   42.5095 |   42.5112 |   42.5028 |   42.4832 |   42.4805 |   39.5703 |   39.8783 |
|          AVX DP [MFLOP/s]         |    2.6188 |         0 |         0 |         0 |         0 |         0 |         0 |         0 |         0 |         0 |         0 |         0 |         0 |         0 |         0 |         0 |         0 |         0 |         0 |         0 |         0 |         0 |         0 |         0 |         0 |         0 |         0 |         0 |         0 |
|          Packed [MUOPS/s]         |    0.3943 |         0 |         0 |         0 |         0 |         0 |         0 |         0 |         0 |         0 |         0 |         0 |         0 |         0 |         0 |         0 |         0 |         0 |         0 |         0 |         0 |         0 |         0 |         0 |         0 |         0 |         0 |         0 |         0 |
|          Scalar [MUOPS/s]         |   60.3715 |   43.7980 |   43.7127 |   43.7869 |   40.7182 |   43.8004 |   43.7027 |   43.7934 |   43.7037 |   43.7406 |   43.5666 |   43.6487 |   43.5750 |   43.6425 |   40.8951 |   43.6437 |   43.5675 |   43.6548 |   43.0549 |   42.5418 |   42.5113 |   42.5054 |   42.5095 |   42.5112 |   42.5028 |   42.4832 |   42.4805 |   39.5703 |   39.8783 |
|  Memory read bandwidth [MBytes/s] |  893.5823 |         0 |         0 |         0 |         0 |         0 |         0 |         0 |         0 |         0 |         0 |         0 |         0 |         0 |  158.6092 |         0 |         0 |         0 |         0 |         0 |         0 |         0 |         0 |         0 |         0 |         0 |         0 |         0 |   12.8329 |
|  Memory read data volume [GBytes] |    0.4078 |         0 |         0 |         0 |         0 |         0 |         0 |         0 |         0 |         0 |         0 |         0 |         0 |         0 |    0.0724 |         0 |         0 |         0 |         0 |         0 |         0 |         0 |         0 |         0 |         0 |         0 |         0 |         0 |    0.0059 |
| Memory write bandwidth [MBytes/s] | 1285.3084 |         0 |         0 |         0 |         0 |         0 |         0 |         0 |         0 |         0 |         0 |         0 |         0 |         0 |  273.6060 |         0 |         0 |         0 |         0 |         0 |         0 |         0 |         0 |         0 |         0 |         0 |         0 |         0 |   20.8591 |
| Memory write data volume [GBytes] |    0.5866 |         0 |         0 |         0 |         0 |         0 |         0 |         0 |         0 |         0 |         0 |         0 |         0 |         0 |    0.1248 |         0 |         0 |         0 |         0 |         0 |         0 |         0 |         0 |         0 |         0 |         0 |         0 |         0 |    0.0095 |
|    Memory bandwidth [MBytes/s]    | 2178.8907 |         0 |         0 |         0 |         0 |         0 |         0 |         0 |         0 |         0 |         0 |         0 |         0 |         0 |  432.2152 |         0 |         0 |         0 |         0 |         0 |         0 |         0 |         0 |         0 |         0 |         0 |         0 |         0 |   33.6919 |
|    Memory data volume [GBytes]    |    0.9944 |         0 |         0 |         0 |         0 |         0 |         0 |         0 |         0 |         0 |         0 |         0 |         0 |         0 |    0.1972 |         0 |         0 |         0 |         0 |         0 |         0 |         0 |         0 |         0 |         0 |         0 |         0 |         0 |    0.0154 |
|       Operational intensity       |    0.0290 |    0.0189 |    0.0188 |    0.0189 |    0.0188 |    0.0189 |    0.0188 |    0.0189 |    0.0188 |    0.0188 |    0.0188 |    0.0188 |    0.0188 |    0.0188 |    0.0946 |    0.0948 |    0.0946 |    0.0948 |    0.0935 |    0.0924 |    0.0923 |    0.0923 |    0.0923 |    0.0923 |    0.0923 |    0.0923 |    0.0923 |    0.0923 |    1.1836 |
+-----------------------------------+-----------+-----------+-----------+-----------+-----------+-----------+-----------+-----------+-----------+-----------+-----------+-----------+-----------+-----------+-----------+-----------+-----------+-----------+-----------+-----------+-----------+-----------+-----------+-----------+-----------+-----------+-----------+-----------+-----------+
+----------------------------------------+------------+-----------+-----------+-----------+
|                 Metric                 |     Sum    |    Min    |    Max    |    Avg    |
+----------------------------------------+------------+-----------+-----------+-----------+
|        Runtime (RDTSC) [s] STAT        |    12.5695 |    0.4283 |    0.4599 |    0.4334 |
|        Runtime unhalted [s] STAT       |     3.2853 |    0.0984 |    0.1378 |    0.1133 |
|            Clock [MHz] STAT            | 54884.4421 | 1888.5155 | 1895.6215 | 1892.5670 |
|                CPI STAT                |    98.4051 |    1.0791 |    4.0350 |    3.3933 |
|             Energy [J] STAT            |    52.1922 |         0 |   19.0422 |    1.7997 |
|             Power [W] STAT             |   114.3750 |         0 |   41.7316 |    3.9440 |
|          Energy DRAM [J] STAT          |     5.4622 |         0 |    2.3002 |    0.1884 |
|           Power DRAM [W] STAT          |    11.9697 |         0 |    5.0400 |    0.4127 |
|            DP [MFLOP/s] STAT           |  1262.5908 |   39.5703 |   63.0911 |   43.5376 |
|          AVX DP [MFLOP/s] STAT         |     2.6188 |         0 |    2.6188 |    0.0903 |
|          Packed [MUOPS/s] STAT         |     0.3943 |         0 |    0.3943 |    0.0136 |
|          Scalar [MUOPS/s] STAT         |  1259.8712 |   39.5703 |   60.3715 |   43.4438 |
|  Memory read bandwidth [MBytes/s] STAT |  1065.0244 |         0 |  893.5823 |   36.7250 |
|  Memory read data volume [GBytes] STAT |     0.4861 |         0 |    0.4078 |    0.0168 |
| Memory write bandwidth [MBytes/s] STAT |  1579.7735 |         0 | 1285.3084 |   54.4749 |
| Memory write data volume [GBytes] STAT |     0.7209 |         0 |    0.5866 |    0.0249 |
|    Memory bandwidth [MBytes/s] STAT    |  2644.7978 |         0 | 2178.8907 |   91.1999 |
|    Memory data volume [GBytes] STAT    |     1.2070 |         0 |    0.9944 |    0.0416 |
|       Operational intensity STAT       |     2.7605 |    0.0188 |    1.1836 |    0.0952 |
+----------------------------------------+------------+-----------+-----------+-----------+
--------------------------------------------------------------------------------
CPU name:	Intel(R) Xeon(R) Gold 6132 CPU @ 2.60GHz
CPU type:	Intel Skylake SP processor
CPU clock:	2.59 GHz
--------------------------------------------------------------------------------
Region Solve, Group 1: MEM_DP
+-------------------+----------+----------+----------+----------+----------+----------+----------+----------+----------+----------+----------+----------+----------+----------+----------+----------+----------+----------+----------+----------+----------+----------+----------+----------+----------+----------+----------+----------+----------+
|    Region Info    |  Core 0  |  Core 1  |  Core 2  |  Core 3  |  Core 4  |  Core 5  |  Core 6  |  Core 7  |  Core 8  |  Core 9  |  Core 10 |  Core 11 |  Core 12 |  Core 13 |  Core 14 |  Core 15 |  Core 16 |  Core 17 |  Core 18 |  Core 19 |  Core 20 |  Core 21 |  Core 22 |  Core 23 |  Core 24 |  Core 25 |  Core 26 |  Core 27 |  Core 28 |
+-------------------+----------+----------+----------+----------+----------+----------+----------+----------+----------+----------+----------+----------+----------+----------+----------+----------+----------+----------+----------+----------+----------+----------+----------+----------+----------+----------+----------+----------+----------+
| RDTSC Runtime [s] | 4.266498 | 4.268431 | 4.268429 | 4.268437 | 4.268441 | 4.268367 | 4.268434 | 4.268426 | 4.268432 | 4.268435 | 4.268450 | 4.268452 | 4.268442 | 4.268437 | 4.266484 | 4.268426 | 4.268431 | 4.268437 | 4.268432 | 4.268431 | 4.268442 | 4.268429 | 4.268430 | 4.268445 | 4.268435 | 4.268370 | 4.268426 | 4.268426 | 4.266484 |
|     call count    |        1 |        1 |        1 |        1 |        1 |        1 |        1 |        1 |        1 |        1 |        1 |        1 |        1 |        1 |        1 |        1 |        1 |        1 |        1 |        1 |        1 |        1 |        1 |        1 |        1 |        1 |        1 |        1 |        1 |
+-------------------+----------+----------+----------+----------+----------+----------+----------+----------+----------+----------+----------+----------+----------+----------+----------+----------+----------+----------+----------+----------+----------+----------+----------+----------+----------+----------+----------+----------+----------+
+------------------------------------------+---------+-------------+-------------+-------------+-------------+-------------+-------------+-------------+-------------+-------------+-------------+-------------+-------------+-------------+-------------+-------------+-------------+-------------+-------------+-------------+-------------+-------------+-------------+-------------+-------------+-------------+-------------+-------------+-------------+-------------+
|                   Event                  | Counter |    Core 0   |    Core 1   |    Core 2   |    Core 3   |    Core 4   |    Core 5   |    Core 6   |    Core 7   |    Core 8   |    Core 9   |   Core 10   |   Core 11   |   Core 12   |   Core 13   |   Core 14   |   Core 15   |   Core 16   |   Core 17   |   Core 18   |   Core 19   |   Core 20   |   Core 21   |   Core 22   |   Core 23   |   Core 24   |   Core 25   |   Core 26   |   Core 27   |   Core 28   |
+------------------------------------------+---------+-------------+-------------+-------------+-------------+-------------+-------------+-------------+-------------+-------------+-------------+-------------+-------------+-------------+-------------+-------------+-------------+-------------+-------------+-------------+-------------+-------------+-------------+-------------+-------------+-------------+-------------+-------------+-------------+-------------+
|             INSTR_RETIRED_ANY            |  FIXC0  | 10800080000 |  8568649000 |  8614047000 |  8636698000 |  8621320000 |  8585603000 |  8549326000 |  8514622000 |  8481165000 |  8412138000 |  8394872000 |  8384906000 |  8348037000 |  8335462000 |  8296363000 |  8335348000 |  8345479000 |  8372377000 |  8314033000 |  8156894000 |  8118225000 |  8159107000 |  8179467000 |  8222203000 |  8235483000 |  8242313000 |  8220197000 |  8180704000 |  8153372000 |
|           CPU_CLK_UNHALTED_CORE          |  FIXC1  |  4904113000 |  8016830000 |  8017818000 |  8016903000 |  8019441000 |  8018004000 |  8020290000 |  8019963000 |  8020812000 |  8020777000 |  8021504000 |  8020464000 |  8020433000 |  8017395000 |  7979026000 |  7982074000 |  7983608000 |  7983463000 |  7981023000 |  7980158000 |  7982710000 |  7981203000 |  7982698000 |  7983164000 |  7952818000 |  7981998000 |  7983546000 |  7986165000 |  7962194000 |
|           CPU_CLK_UNHALTED_REF           |  FIXC2  |  6712418000 | 10970400000 | 10971770000 | 10970500000 | 10973970000 | 10972010000 | 10975130000 | 10974690000 | 10975840000 | 10975810000 | 10976800000 | 10975380000 | 10975340000 | 10971180000 | 10918670000 | 10922840000 | 10924940000 | 10924740000 | 10921400000 | 10920220000 | 10923710000 | 10921640000 | 10923700000 | 10924330000 | 10882810000 | 10922740000 | 10924860000 | 10928430000 | 10895900000 |
|              PWR_PKG_ENERGY              |   PWR0  |    236.3793 |           0 |           0 |           0 |           0 |           0 |           0 |           0 |           0 |           0 |           0 |           0 |           0 |           0 |    242.5975 |           0 |           0 |           0 |           0 |           0 |           0 |           0 |           0 |           0 |           0 |           0 |           0 |           0 |    132.6174 |
|              PWR_DRAM_ENERGY             |   PWR3  |     28.5621 |           0 |           0 |           0 |           0 |           0 |           0 |           0 |           0 |           0 |           0 |           0 |           0 |           0 |     28.0367 |           0 |           0 |           0 |           0 |           0 |           0 |           0 |           0 |           0 |           0 |           0 |           0 |           0 |     14.1532 |
| FP_ARITH_INST_RETIRED_128B_PACKED_DOUBLE |   PMC0  |       65560 |           0 |           0 |           0 |           0 |           0 |           0 |           0 |           0 |           0 |           0 |           0 |           0 |           0 |           0 |           0 |           0 |           0 |           0 |           0 |           0 |           0 |           0 |           0 |           0 |           0 |           0 |           0 |           0 |
|    FP_ARITH_INST_RETIRED_SCALAR_DOUBLE   |   PMC1  |  2212532000 |  2255907000 |  2290812000 |  2310950000 |  2294934000 |  2268528000 |  2253907000 |  2246391000 |  2236822000 |  2221724000 |  2216346000 |  2198114000 |  2172776000 |  2170854000 |  2161150000 |  2169882000 |  2173862000 |  2199130000 |  2194939000 |  2150752000 |  2140413000 |  2151937000 |  2156317000 |  2174650000 |  2196312000 |  2208793000 |  2188912000 |  2157118000 |  2142248000 |
| FP_ARITH_INST_RETIRED_256B_PACKED_DOUBLE |   PMC2  |       83556 |           0 |           0 |           0 |           0 |           0 |           0 |           0 |           0 |           0 |           0 |           0 |           0 |           0 |           0 |           0 |           0 |           0 |           0 |           0 |           0 |           0 |           0 |           0 |           0 |           0 |           0 |           0 |           0 |
| FP_ARITH_INST_RETIRED_512B_PACKED_DOUBLE |   PMC3  |      417868 |           0 |           0 |           0 |           0 |           0 |           0 |           0 |           0 |           0 |           0 |           0 |           0 |           0 |           0 |           0 |           0 |           0 |           0 |           0 |           0 |           0 |           0 |           0 |           0 |           0 |           0 |           0 |           0 |
|               CAS_COUNT_RD               | MBOX0C0 |    63285870 |           0 |           0 |           0 |           0 |           0 |           0 |           0 |           0 |           0 |           0 |           0 |           0 |           0 |    60970230 |           0 |           0 |           0 |           0 |           0 |           0 |           0 |           0 |           0 |           0 |           0 |           0 |           0 |     2174068 |
|               CAS_COUNT_WR               | MBOX0C1 |    17472000 |           0 |           0 |           0 |           0 |           0 |           0 |           0 |           0 |           0 |           0 |           0 |           0 |           0 |    17222550 |           0 |           0 |           0 |           0 |           0 |           0 |           0 |           0 |           0 |           0 |           0 |           0 |           0 |      921399 |
|               CAS_COUNT_RD               | MBOX1C0 |    63041980 |           0 |           0 |           0 |           0 |           0 |           0 |           0 |           0 |           0 |           0 |           0 |           0 |           0 |    60885050 |           0 |           0 |           0 |           0 |           0 |           0 |           0 |           0 |           0 |           0 |           0 |           0 |           0 |     2245257 |
|               CAS_COUNT_WR               | MBOX1C1 |    17322300 |           0 |           0 |           0 |           0 |           0 |           0 |           0 |           0 |           0 |           0 |           0 |           0 |           0 |    17179560 |           0 |           0 |           0 |           0 |           0 |           0 |           0 |           0 |           0 |           0 |           0 |           0 |           0 |      946523 |
|               CAS_COUNT_RD               | MBOX2C0 |    62924920 |           0 |           0 |           0 |           0 |           0 |           0 |           0 |           0 |           0 |           0 |           0 |           0 |           0 |    60962300 |           0 |           0 |           0 |           0 |           0 |           0 |           0 |           0 |           0 |           0 |           0 |           0 |           0 |     2175718 |
|               CAS_COUNT_WR               | MBOX2C1 |    17289940 |           0 |           0 |           0 |           0 |           0 |           0 |           0 |           0 |           0 |           0 |           0 |           0 |           0 |    17189560 |           0 |           0 |           0 |           0 |           0 |           0 |           0 |           0 |           0 |           0 |           0 |           0 |           0 |      952679 |
|               CAS_COUNT_RD               | MBOX3C0 |    62552950 |           0 |           0 |           0 |           0 |           0 |           0 |           0 |           0 |           0 |           0 |           0 |           0 |           0 |    60484710 |           0 |           0 |           0 |           0 |           0 |           0 |           0 |           0 |           0 |           0 |           0 |           0 |           0 |     2112873 |
|               CAS_COUNT_WR               | MBOX3C1 |    17056150 |           0 |           0 |           0 |           0 |           0 |           0 |           0 |           0 |           0 |           0 |           0 |           0 |           0 |    16853320 |           0 |           0 |           0 |           0 |           0 |           0 |           0 |           0 |           0 |           0 |           0 |           0 |           0 |      999317 |
|               CAS_COUNT_RD               | MBOX4C0 |    62885900 |           0 |           0 |           0 |           0 |           0 |           0 |           0 |           0 |           0 |           0 |           0 |           0 |           0 |    60525600 |           0 |           0 |           0 |           0 |           0 |           0 |           0 |           0 |           0 |           0 |           0 |           0 |           0 |     2091509 |
|               CAS_COUNT_WR               | MBOX4C1 |    17230800 |           0 |           0 |           0 |           0 |           0 |           0 |           0 |           0 |           0 |           0 |           0 |           0 |           0 |    16976360 |           0 |           0 |           0 |           0 |           0 |           0 |           0 |           0 |           0 |           0 |           0 |           0 |           0 |      972029 |
|               CAS_COUNT_RD               | MBOX5C0 |    62704570 |           0 |           0 |           0 |           0 |           0 |           0 |           0 |           0 |           0 |           0 |           0 |           0 |           0 |    60477880 |           0 |           0 |           0 |           0 |           0 |           0 |           0 |           0 |           0 |           0 |           0 |           0 |           0 |     2104319 |
|               CAS_COUNT_WR               | MBOX5C1 |    17116410 |           0 |           0 |           0 |           0 |           0 |           0 |           0 |           0 |           0 |           0 |           0 |           0 |           0 |    16917440 |           0 |           0 |           0 |           0 |           0 |           0 |           0 |           0 |           0 |           0 |           0 |           0 |           0 |      965071 |
+------------------------------------------+---------+-------------+-------------+-------------+-------------+-------------+-------------+-------------+-------------+-------------+-------------+-------------+-------------+-------------+-------------+-------------+-------------+-------------+-------------+-------------+-------------+-------------+-------------+-------------+-------------+-------------+-------------+-------------+-------------+-------------+
+-----------------------------------------------+---------+--------------+------------+-------------+--------------+
|                     Event                     | Counter |      Sum     |     Min    |     Max     |      Avg     |
+-----------------------------------------------+---------+--------------+------------+-------------+--------------+
|             INSTR_RETIRED_ANY STAT            |  FIXC0  | 244778490000 | 8118225000 | 10800080000 | 8.440638e+09 |
|           CPU_CLK_UNHALTED_CORE STAT          |  FIXC1  | 228840595000 | 4904113000 |  8021504000 |   7891055000 |
|           CPU_CLK_UNHALTED_REF STAT           |  FIXC2  | 313152168000 | 6712418000 | 10976800000 | 1.079835e+10 |
|              PWR_PKG_ENERGY STAT              |   PWR0  |     611.5942 |          0 |    242.5975 |      21.0895 |
|              PWR_DRAM_ENERGY STAT             |   PWR3  |      70.7520 |          0 |     28.5621 |       2.4397 |
| FP_ARITH_INST_RETIRED_128B_PACKED_DOUBLE STAT |   PMC0  |        65560 |          0 |       65560 |    2260.6897 |
|    FP_ARITH_INST_RETIRED_SCALAR_DOUBLE STAT   |   PMC1  |  63917012000 | 2140413000 |  2310950000 | 2.204035e+09 |
| FP_ARITH_INST_RETIRED_256B_PACKED_DOUBLE STAT |   PMC2  |        83556 |          0 |       83556 |    2881.2414 |
| FP_ARITH_INST_RETIRED_512B_PACKED_DOUBLE STAT |   PMC3  |       417868 |          0 |      417868 |   14409.2414 |
|               CAS_COUNT_RD STAT               | MBOX0C0 |    126430168 |          0 |    63285870 | 4.359661e+06 |
|               CAS_COUNT_WR STAT               | MBOX0C1 |     35615949 |          0 |    17472000 | 1.228136e+06 |
|               CAS_COUNT_RD STAT               | MBOX1C0 |    126172287 |          0 |    63041980 | 4.350769e+06 |
|               CAS_COUNT_WR STAT               | MBOX1C1 |     35448383 |          0 |    17322300 | 1.222358e+06 |
|               CAS_COUNT_RD STAT               | MBOX2C0 |    126062938 |          0 |    62924920 | 4.346998e+06 |
|               CAS_COUNT_WR STAT               | MBOX2C1 |     35432179 |          0 |    17289940 | 1.221799e+06 |
|               CAS_COUNT_RD STAT               | MBOX3C0 |    125150533 |          0 |    62552950 | 4.315536e+06 |
|               CAS_COUNT_WR STAT               | MBOX3C1 |     34908787 |          0 |    17056150 | 1.203751e+06 |
|               CAS_COUNT_RD STAT               | MBOX4C0 |    125503009 |          0 |    62885900 | 4.327690e+06 |
|               CAS_COUNT_WR STAT               | MBOX4C1 |     35179189 |          0 |    17230800 | 1.213075e+06 |
|               CAS_COUNT_RD STAT               | MBOX5C0 |    125286769 |          0 |    62704570 | 4.320233e+06 |
|               CAS_COUNT_WR STAT               | MBOX5C1 |     34998921 |          0 |    17116410 | 1.206859e+06 |
+-----------------------------------------------+---------+--------------+------------+-------------+--------------+
+-----------------------------------+-----------+-----------+-----------+-----------+-----------+-----------+-----------+-----------+-----------+-----------+-----------+-----------+-----------+-----------+-----------+-----------+-----------+-----------+-----------+-----------+-----------+-----------+-----------+-----------+-----------+-----------+-----------+-----------+-----------+
|               Metric              |   Core 0  |   Core 1  |   Core 2  |   Core 3  |   Core 4  |   Core 5  |   Core 6  |   Core 7  |   Core 8  |   Core 9  |  Core 10  |  Core 11  |  Core 12  |  Core 13  |  Core 14  |  Core 15  |  Core 16  |  Core 17  |  Core 18  |  Core 19  |  Core 20  |  Core 21  |  Core 22  |  Core 23  |  Core 24  |  Core 25  |  Core 26  |  Core 27  |  Core 28  |
+-----------------------------------+-----------+-----------+-----------+-----------+-----------+-----------+-----------+-----------+-----------+-----------+-----------+-----------+-----------+-----------+-----------+-----------+-----------+-----------+-----------+-----------+-----------+-----------+-----------+-----------+-----------+-----------+-----------+-----------+-----------+
|        Runtime (RDTSC) [s]        |    4.2665 |    4.2684 |    4.2684 |    4.2684 |    4.2684 |    4.2684 |    4.2684 |    4.2684 |    4.2684 |    4.2684 |    4.2684 |    4.2685 |    4.2684 |    4.2684 |    4.2665 |    4.2684 |    4.2684 |    4.2684 |    4.2684 |    4.2684 |    4.2684 |    4.2684 |    4.2684 |    4.2684 |    4.2684 |    4.2684 |    4.2684 |    4.2684 |    4.2665 |
|        Runtime unhalted [s]       |    1.8907 |    3.0908 |    3.0912 |    3.0908 |    3.0918 |    3.0913 |    3.0921 |    3.0920 |    3.0923 |    3.0923 |    3.0926 |    3.0922 |    3.0922 |    3.0910 |    3.0762 |    3.0774 |    3.0780 |    3.0779 |    3.0770 |    3.0767 |    3.0776 |    3.0771 |    3.0776 |    3.0778 |    3.0661 |    3.0774 |    3.0780 |    3.0790 |    3.0697 |
|            Clock [MHz]            | 1895.0152 | 1895.4461 | 1895.4430 | 1895.4461 | 1895.4466 | 1895.4455 | 1895.4469 | 1895.4456 | 1895.4477 | 1895.4446 | 1895.4454 | 1895.4449 | 1895.4445 | 1895.4449 | 1895.4458 | 1895.4460 | 1895.4458 | 1895.4461 | 1895.4463 | 1895.4456 | 1895.4460 | 1895.4474 | 1895.4449 | 1895.4462 | 1895.4452 | 1895.4453 | 1895.4450 | 1895.4474 | 1895.4000 |
|                CPI                |    0.4541 |    0.9356 |    0.9308 |    0.9282 |    0.9302 |    0.9339 |    0.9381 |    0.9419 |    0.9457 |    0.9535 |    0.9555 |    0.9565 |    0.9608 |    0.9618 |    0.9617 |    0.9576 |    0.9566 |    0.9535 |    0.9599 |    0.9783 |    0.9833 |    0.9782 |    0.9759 |    0.9709 |    0.9657 |    0.9684 |    0.9712 |    0.9762 |    0.9766 |
|             Energy [J]            |  236.3793 |         0 |         0 |         0 |         0 |         0 |         0 |         0 |         0 |         0 |         0 |         0 |         0 |         0 |  242.5975 |         0 |         0 |         0 |         0 |         0 |         0 |         0 |         0 |         0 |         0 |         0 |         0 |         0 |  132.6174 |
|             Power [W]             |   55.4036 |         0 |         0 |         0 |         0 |         0 |         0 |         0 |         0 |         0 |         0 |         0 |         0 |         0 |   56.8612 |         0 |         0 |         0 |         0 |         0 |         0 |         0 |         0 |         0 |         0 |         0 |         0 |         0 |   31.0835 |
|          Energy DRAM [J]          |   28.5621 |         0 |         0 |         0 |         0 |         0 |         0 |         0 |         0 |         0 |         0 |         0 |         0 |         0 |   28.0367 |         0 |         0 |         0 |         0 |         0 |         0 |         0 |         0 |         0 |         0 |         0 |         0 |         0 |   14.1532 |
|           Power DRAM [W]          |    6.6945 |         0 |         0 |         0 |         0 |         0 |         0 |         0 |         0 |         0 |         0 |         0 |         0 |         0 |    6.5714 |         0 |         0 |         0 |         0 |         0 |         0 |         0 |         0 |         0 |         0 |         0 |         0 |         0 |    3.3173 |
|            DP [MFLOP/s]           |  519.4753 |  528.5097 |  536.6874 |  541.4043 |  537.6516 |  531.4744 |  528.0407 |  526.2809 |  524.0383 |  520.5008 |  519.2391 |  514.9675 |  509.0326 |  508.5829 |  506.5412 |  508.3565 |  509.2883 |  515.2073 |  514.2261 |  503.8741 |  501.4506 |  504.1520 |  505.1780 |  509.4712 |  514.5474 |  517.4793 |  512.8148 |  505.3661 |  502.1109 |
|          AVX DP [MFLOP/s]         |    0.8619 |         0 |         0 |         0 |         0 |         0 |         0 |         0 |         0 |         0 |         0 |         0 |         0 |         0 |         0 |         0 |         0 |         0 |         0 |         0 |         0 |         0 |         0 |         0 |         0 |         0 |         0 |         0 |         0 |
|          Packed [MUOPS/s]         |    0.1329 |         0 |         0 |         0 |         0 |         0 |         0 |         0 |         0 |         0 |         0 |         0 |         0 |         0 |         0 |         0 |         0 |         0 |         0 |         0 |         0 |         0 |         0 |         0 |         0 |         0 |         0 |         0 |         0 |
|          Scalar [MUOPS/s]         |  518.5827 |  528.5097 |  536.6874 |  541.4043 |  537.6516 |  531.4744 |  528.0407 |  526.2809 |  524.0383 |  520.5008 |  519.2391 |  514.9675 |  509.0326 |  508.5829 |  506.5412 |  508.3565 |  509.2883 |  515.2073 |  514.2261 |  503.8741 |  501.4506 |  504.1520 |  505.1780 |  509.4712 |  514.5474 |  517.4793 |  512.8148 |  505.3661 |  502.1109 |
|  Memory read bandwidth [MBytes/s] | 5661.1666 |         0 |         0 |         0 |         0 |         0 |         0 |         0 |         0 |         0 |         0 |         0 |         0 |         0 | 5464.8205 |         0 |         0 |         0 |         0 |         0 |         0 |         0 |         0 |         0 |         0 |         0 |         0 |         0 |  193.5644 |
|  Memory read data volume [GBytes] |   24.1534 |         0 |         0 |         0 |         0 |         0 |         0 |         0 |         0 |         0 |         0 |         0 |         0 |         0 |   23.3156 |         0 |         0 |         0 |         0 |         0 |         0 |         0 |         0 |         0 |         0 |         0 |         0 |         0 |    0.8258 |
| Memory write bandwidth [MBytes/s] | 1552.3754 |         0 |         0 |         0 |         0 |         0 |         0 |         0 |         0 |         0 |         0 |         0 |         0 |         0 | 1535.1476 |         0 |         0 |         0 |         0 |         0 |         0 |         0 |         0 |         0 |         0 |         0 |         0 |         0 |   86.3590 |
| Memory write data volume [GBytes] |    6.6232 |         0 |         0 |         0 |         0 |         0 |         0 |         0 |         0 |         0 |         0 |         0 |         0 |         0 |    6.5497 |         0 |         0 |         0 |         0 |         0 |         0 |         0 |         0 |         0 |         0 |         0 |         0 |         0 |    0.3684 |
|    Memory bandwidth [MBytes/s]    | 7213.5420 |         0 |         0 |         0 |         0 |         0 |         0 |         0 |         0 |         0 |         0 |         0 |         0 |         0 | 6999.9681 |         0 |         0 |         0 |         0 |         0 |         0 |         0 |         0 |         0 |         0 |         0 |         0 |         0 |  279.9234 |
|    Memory data volume [GBytes]    |   30.7766 |         0 |         0 |         0 |         0 |         0 |         0 |         0 |         0 |         0 |         0 |         0 |         0 |         0 |   29.8653 |         0 |         0 |         0 |         0 |         0 |         0 |         0 |         0 |         0 |         0 |         0 |         0 |         0 |    1.1943 |
|       Operational intensity       |    0.0720 |    0.0733 |    0.0744 |    0.0751 |    0.0746 |    0.0737 |    0.0732 |    0.0730 |    0.0727 |    0.0722 |    0.0720 |    0.0714 |    0.0706 |    0.0705 |    0.0724 |    0.0727 |    0.0728 |    0.0736 |    0.0735 |    0.0720 |    0.0717 |    0.0721 |    0.0722 |    0.0728 |    0.0735 |    0.0740 |    0.0733 |    0.0722 |    1.7937 |
+-----------------------------------+-----------+-----------+-----------+-----------+-----------+-----------+-----------+-----------+-----------+-----------+-----------+-----------+-----------+-----------+-----------+-----------+-----------+-----------+-----------+-----------+-----------+-----------+-----------+-----------+-----------+-----------+-----------+-----------+-----------+
+----------------------------------------+------------+-----------+-----------+-----------+
|                 Metric                 |     Sum    |    Min    |    Max    |    Avg    |
+----------------------------------------+------------+-----------+-----------+-----------+
|        Runtime (RDTSC) [s] STAT        |   123.7780 |    4.2665 |    4.2685 |    4.2682 |
|        Runtime unhalted [s] STAT       |    88.2268 |    1.8907 |    3.0926 |    3.0423 |
|            Clock [MHz] STAT            | 54967.4500 | 1895.0152 | 1895.4477 | 1895.4293 |
|                CPI STAT                |    27.2606 |    0.4541 |    0.9833 |    0.9400 |
|             Energy [J] STAT            |   611.5942 |         0 |  242.5975 |   21.0895 |
|             Power [W] STAT             |   143.3483 |         0 |   56.8612 |    4.9430 |
|          Energy DRAM [J] STAT          |    70.7520 |         0 |   28.5621 |    2.4397 |
|           Power DRAM [W] STAT          |    16.5832 |         0 |    6.6945 |    0.5718 |
|            DP [MFLOP/s] STAT           | 14975.9493 |  501.4506 |  541.4043 |  516.4120 |
|          AVX DP [MFLOP/s] STAT         |     0.8619 |         0 |    0.8619 |    0.0297 |
|          Packed [MUOPS/s] STAT         |     0.1329 |         0 |    0.1329 |    0.0046 |
|          Scalar [MUOPS/s] STAT         | 14975.0567 |  501.4506 |  541.4043 |  516.3813 |
|  Memory read bandwidth [MBytes/s] STAT | 11319.5515 |         0 | 5661.1666 |  390.3294 |
|  Memory read data volume [GBytes] STAT |    48.2948 |         0 |   24.1534 |    1.6653 |
| Memory write bandwidth [MBytes/s] STAT |  3173.8820 |         0 | 1552.3754 |  109.4442 |
| Memory write data volume [GBytes] STAT |    13.5413 |         0 |    6.6232 |    0.4669 |
|    Memory bandwidth [MBytes/s] STAT    | 14493.4335 |         0 | 7213.5420 |  499.7736 |
|    Memory data volume [GBytes] STAT    |    61.8362 |         0 |   30.7766 |    2.1323 |
|       Operational intensity STAT       |     3.8312 |    0.0705 |    1.7937 |    0.1321 |
+----------------------------------------+------------+-----------+-----------+-----------+
