--------------------------------------------------------------------------------
CPU name:	Intel(R) Xeon(R) Gold 6132 CPU @ 2.60GHz
CPU type:	Intel Skylake SP processor
CPU clock:	2.59 GHz
--------------------------------------------------------------------------------
Region Setup, Group 1: MEM_DP
+-------------------+----------+----------+----------+----------+----------+----------+----------+----------+----------+----------+----------+----------+----------+----------+----------+
|    Region Info    |  Core 0  |  Core 1  |  Core 2  |  Core 3  |  Core 4  |  Core 5  |  Core 6  |  Core 7  |  Core 8  |  Core 9  |  Core 10 |  Core 11 |  Core 12 |  Core 13 |  Core 14 |
+-------------------+----------+----------+----------+----------+----------+----------+----------+----------+----------+----------+----------+----------+----------+----------+----------+
| RDTSC Runtime [s] | 0.397631 | 0.399423 | 0.399415 | 0.399416 | 0.399435 | 0.399434 | 0.399439 | 0.399424 | 0.399420 | 0.399434 | 0.399434 | 0.399432 | 0.399434 | 0.399429 | 0.397467 |
|     call count    |        2 |        2 |        2 |        2 |        2 |        2 |        2 |        2 |        2 |        2 |        2 |        2 |        2 |        2 |        2 |
+-------------------+----------+----------+----------+----------+----------+----------+----------+----------+----------+----------+----------+----------+----------+----------+----------+
+------------------------------------------+---------+-----------+-----------+-----------+-----------+-----------+-----------+-----------+-----------+-----------+-----------+-----------+-----------+-----------+-----------+-----------+
|                   Event                  | Counter |   Core 0  |   Core 1  |   Core 2  |   Core 3  |   Core 4  |   Core 5  |   Core 6  |   Core 7  |   Core 8  |   Core 9  |  Core 10  |  Core 11  |  Core 12  |  Core 13  |  Core 14  |
+------------------------------------------+---------+-----------+-----------+-----------+-----------+-----------+-----------+-----------+-----------+-----------+-----------+-----------+-----------+-----------+-----------+-----------+
|             INSTR_RETIRED_ANY            |  FIXC0  | 345507700 | 151868100 | 151654500 | 151708400 | 151256100 | 151473900 | 151311300 | 151209900 | 149893400 | 150076400 | 149969300 | 149979400 | 149888900 | 149238400 | 147554300 |
|           CPU_CLK_UNHALTED_CORE          |  FIXC1  | 265966900 | 300717300 | 301316400 | 299704300 | 299370000 | 301156700 | 300521200 | 301382900 | 301016800 | 302642000 | 303579200 | 301771800 | 301922800 | 304483400 | 272560700 |
|           CPU_CLK_UNHALTED_REF           |  FIXC2  | 363900300 | 411507900 | 412333000 | 410119400 | 409662900 | 412112800 | 411239400 | 412420900 | 411918200 | 414143700 | 415426300 | 412949100 | 413158200 | 416665200 | 374062200 |
|              PWR_PKG_ENERGY              |   PWR0  |   16.6001 |         0 |         0 |         0 |         0 |         0 |         0 |         0 |         0 |         0 |         0 |         0 |         0 |         0 |   12.1002 |
|              PWR_DRAM_ENERGY             |   PWR3  |    2.0541 |         0 |         0 |         0 |         0 |         0 |         0 |         0 |         0 |         0 |         0 |         0 |         0 |         0 |    1.3201 |
| FP_ARITH_INST_RETIRED_128B_PACKED_DOUBLE |   PMC0  |     23000 |         0 |         0 |         0 |         0 |         0 |         0 |         0 |         0 |         0 |         0 |         0 |         0 |         0 |         0 |
|    FP_ARITH_INST_RETIRED_SCALAR_DOUBLE   |   PMC1  |  44828450 |  36036330 |  35989680 |  36027180 |  35951790 |  35990140 |  35953220 |  35953820 |  35693040 |  35718020 |  35686830 |  35711220 |  35687100 |  35472500 |  35472260 |
| FP_ARITH_INST_RETIRED_256B_PACKED_DOUBLE |   PMC2  |     15090 |         0 |         0 |         0 |         0 |         0 |         0 |         0 |         0 |         0 |         0 |         0 |         0 |         0 |         0 |
| FP_ARITH_INST_RETIRED_512B_PACKED_DOUBLE |   PMC3  |    141851 |         0 |         0 |         0 |         0 |         0 |         0 |         0 |         0 |         0 |         0 |         0 |         0 |         0 |         0 |
|               CAS_COUNT_RD               | MBOX0C0 |   1123353 |         0 |         0 |         0 |         0 |         0 |         0 |         0 |         0 |         0 |         0 |         0 |         0 |         0 |     26058 |
|               CAS_COUNT_WR               | MBOX0C1 |   1266030 |         0 |         0 |         0 |         0 |         0 |         0 |         0 |         0 |         0 |         0 |         0 |         0 |         0 |     39918 |
|               CAS_COUNT_RD               | MBOX1C0 |   1131128 |         0 |         0 |         0 |         0 |         0 |         0 |         0 |         0 |         0 |         0 |         0 |         0 |         0 |     28156 |
|               CAS_COUNT_WR               | MBOX1C1 |   1272564 |         0 |         0 |         0 |         0 |         0 |         0 |         0 |         0 |         0 |         0 |         0 |         0 |         0 |     42130 |
|               CAS_COUNT_RD               | MBOX2C0 |   1165561 |         0 |         0 |         0 |         0 |         0 |         0 |         0 |         0 |         0 |         0 |         0 |         0 |         0 |     28066 |
|               CAS_COUNT_WR               | MBOX2C1 |   1318809 |         0 |         0 |         0 |         0 |         0 |         0 |         0 |         0 |         0 |         0 |         0 |         0 |         0 |     42263 |
|               CAS_COUNT_RD               | MBOX3C0 |   1073477 |         0 |         0 |         0 |         0 |         0 |         0 |         0 |         0 |         0 |         0 |         0 |         0 |         0 |     20090 |
|               CAS_COUNT_WR               | MBOX3C1 |   1302054 |         0 |         0 |         0 |         0 |         0 |         0 |         0 |         0 |         0 |         0 |         0 |         0 |         0 |     36546 |
|               CAS_COUNT_RD               | MBOX4C0 |   1032100 |         0 |         0 |         0 |         0 |         0 |         0 |         0 |         0 |         0 |         0 |         0 |         0 |         0 |     22656 |
|               CAS_COUNT_WR               | MBOX4C1 |   1248086 |         0 |         0 |         0 |         0 |         0 |         0 |         0 |         0 |         0 |         0 |         0 |         0 |         0 |     39973 |
|               CAS_COUNT_RD               | MBOX5C0 |   1046177 |         0 |         0 |         0 |         0 |         0 |         0 |         0 |         0 |         0 |         0 |         0 |         0 |         0 |     21005 |
|               CAS_COUNT_WR               | MBOX5C1 |   1261276 |         0 |         0 |         0 |         0 |         0 |         0 |         0 |         0 |         0 |         0 |         0 |         0 |         0 |     38354 |
+------------------------------------------+---------+-----------+-----------+-----------+-----------+-----------+-----------+-----------+-----------+-----------+-----------+-----------+-----------+-----------+-----------+-----------+
+-----------------------------------------------+---------+------------+-----------+-----------+--------------+
|                     Event                     | Counter |     Sum    |    Min    |    Max    |      Avg     |
+-----------------------------------------------+---------+------------+-----------+-----------+--------------+
|             INSTR_RETIRED_ANY STAT            |  FIXC0  | 2452590000 | 147554300 | 345507700 |    163506000 |
|           CPU_CLK_UNHALTED_CORE STAT          |  FIXC1  | 4458112400 | 265966900 | 304483400 | 2.972075e+08 |
|           CPU_CLK_UNHALTED_REF STAT           |  FIXC2  | 6101619500 | 363900300 | 416665200 | 4.067746e+08 |
|              PWR_PKG_ENERGY STAT              |   PWR0  |    28.7003 |         0 |   16.6001 |       1.9134 |
|              PWR_DRAM_ENERGY STAT             |   PWR3  |     3.3742 |         0 |    2.0541 |       0.2249 |
| FP_ARITH_INST_RETIRED_128B_PACKED_DOUBLE STAT |   PMC0  |      23000 |         0 |     23000 |    1533.3333 |
|    FP_ARITH_INST_RETIRED_SCALAR_DOUBLE STAT   |   PMC1  |  546171580 |  35472260 |  44828450 | 3.641144e+07 |
| FP_ARITH_INST_RETIRED_256B_PACKED_DOUBLE STAT |   PMC2  |      15090 |         0 |     15090 |         1006 |
| FP_ARITH_INST_RETIRED_512B_PACKED_DOUBLE STAT |   PMC3  |     141851 |         0 |    141851 |    9456.7333 |
|               CAS_COUNT_RD STAT               | MBOX0C0 |    1149411 |         0 |   1123353 |   76627.4000 |
|               CAS_COUNT_WR STAT               | MBOX0C1 |    1305948 |         0 |   1266030 |   87063.2000 |
|               CAS_COUNT_RD STAT               | MBOX1C0 |    1159284 |         0 |   1131128 |   77285.6000 |
|               CAS_COUNT_WR STAT               | MBOX1C1 |    1314694 |         0 |   1272564 |   87646.2667 |
|               CAS_COUNT_RD STAT               | MBOX2C0 |    1193627 |         0 |   1165561 |   79575.1333 |
|               CAS_COUNT_WR STAT               | MBOX2C1 |    1361072 |         0 |   1318809 |   90738.1333 |
|               CAS_COUNT_RD STAT               | MBOX3C0 |    1093567 |         0 |   1073477 |   72904.4667 |
|               CAS_COUNT_WR STAT               | MBOX3C1 |    1338600 |         0 |   1302054 |        89240 |
|               CAS_COUNT_RD STAT               | MBOX4C0 |    1054756 |         0 |   1032100 |   70317.0667 |
|               CAS_COUNT_WR STAT               | MBOX4C1 |    1288059 |         0 |   1248086 |   85870.6000 |
|               CAS_COUNT_RD STAT               | MBOX5C0 |    1067182 |         0 |   1046177 |   71145.4667 |
|               CAS_COUNT_WR STAT               | MBOX5C1 |    1299630 |         0 |   1261276 |        86642 |
+-----------------------------------------------+---------+------------+-----------+-----------+--------------+
+-----------------------------------+-----------+-----------+-----------+-----------+-----------+-----------+-----------+-----------+-----------+-----------+-----------+-----------+-----------+-----------+-----------+
|               Metric              |   Core 0  |   Core 1  |   Core 2  |   Core 3  |   Core 4  |   Core 5  |   Core 6  |   Core 7  |   Core 8  |   Core 9  |  Core 10  |  Core 11  |  Core 12  |  Core 13  |  Core 14  |
+-----------------------------------+-----------+-----------+-----------+-----------+-----------+-----------+-----------+-----------+-----------+-----------+-----------+-----------+-----------+-----------+-----------+
|        Runtime (RDTSC) [s]        |    0.3976 |    0.3994 |    0.3994 |    0.3994 |    0.3994 |    0.3994 |    0.3994 |    0.3994 |    0.3994 |    0.3994 |    0.3994 |    0.3994 |    0.3994 |    0.3994 |    0.3975 |
|        Runtime unhalted [s]       |    0.1025 |    0.1159 |    0.1162 |    0.1156 |    0.1154 |    0.1161 |    0.1159 |    0.1162 |    0.1161 |    0.1167 |    0.1170 |    0.1163 |    0.1164 |    0.1174 |    0.1051 |
|            Clock [MHz]            | 1895.6872 | 1895.4038 | 1895.3795 | 1895.4144 | 1895.4099 | 1895.3872 | 1895.4045 | 1895.3938 | 1895.4017 | 1895.3946 | 1895.3941 | 1895.4120 | 1895.4007 | 1895.3870 | 1889.9091 |
|                CPI                |    0.7698 |    1.9801 |    1.9869 |    1.9755 |    1.9792 |    1.9882 |    1.9861 |    1.9931 |    2.0082 |    2.0166 |    2.0243 |    2.0121 |    2.0143 |    2.0402 |    1.8472 |
|             Energy [J]            |   16.6001 |         0 |         0 |         0 |         0 |         0 |         0 |         0 |         0 |         0 |         0 |         0 |         0 |         0 |   12.1002 |
|             Power [W]             |   41.7475 |         0 |         0 |         0 |         0 |         0 |         0 |         0 |         0 |         0 |         0 |         0 |         0 |         0 |   30.4433 |
|          Energy DRAM [J]          |    2.0541 |         0 |         0 |         0 |         0 |         0 |         0 |         0 |         0 |         0 |         0 |         0 |         0 |         0 |    1.3201 |
|           Power DRAM [W]          |    5.1659 |         0 |         0 |         0 |         0 |         0 |         0 |         0 |         0 |         0 |         0 |         0 |         0 |         0 |    3.3213 |
|            DP [MFLOP/s]           |  115.8601 |   90.2210 |   90.1060 |   90.1997 |   90.0067 |   90.1028 |   90.0093 |   90.0142 |   89.3622 |   89.4215 |   89.3434 |   89.4051 |   89.3441 |   88.8080 |   89.2458 |
|          AVX DP [MFLOP/s]         |    3.0057 |         0 |         0 |         0 |         0 |         0 |         0 |         0 |         0 |         0 |         0 |         0 |         0 |         0 |         0 |
|          Packed [MUOPS/s]         |    0.4525 |         0 |         0 |         0 |         0 |         0 |         0 |         0 |         0 |         0 |         0 |         0 |         0 |         0 |         0 |
|          Scalar [MUOPS/s]         |  112.7387 |   90.2210 |   90.1060 |   90.1997 |   90.0067 |   90.1028 |   90.0093 |   90.0142 |   89.3622 |   89.4215 |   89.3434 |   89.4051 |   89.3441 |   88.8080 |   89.2458 |
|  Memory read bandwidth [MBytes/s] | 1057.7508 |         0 |         0 |         0 |         0 |         0 |         0 |         0 |         0 |         0 |         0 |         0 |         0 |         0 |   23.5139 |
|  Memory read data volume [GBytes] |    0.4206 |         0 |         0 |         0 |         0 |         0 |         0 |         0 |         0 |         0 |         0 |         0 |         0 |         0 |    0.0093 |
| Memory write bandwidth [MBytes/s] | 1234.3201 |         0 |         0 |         0 |         0 |         0 |         0 |         0 |         0 |         0 |         0 |         0 |         0 |         0 |   38.5133 |
| Memory write data volume [GBytes] |    0.4908 |         0 |         0 |         0 |         0 |         0 |         0 |         0 |         0 |         0 |         0 |         0 |         0 |         0 |    0.0153 |
|    Memory bandwidth [MBytes/s]    | 2292.0709 |         0 |         0 |         0 |         0 |         0 |         0 |         0 |         0 |         0 |         0 |         0 |         0 |         0 |   62.0272 |
|    Memory data volume [GBytes]    |    0.9114 |         0 |         0 |         0 |         0 |         0 |         0 |         0 |         0 |         0 |         0 |         0 |         0 |         0 |    0.0247 |
|       Operational intensity       |    0.0505 |    0.0395 |    0.0395 |    0.0395 |    0.0394 |    0.0395 |    0.0394 |    0.0394 |    0.0392 |    0.0392 |    0.0392 |    0.0392 |    0.0392 |    0.0389 |    1.4388 |
+-----------------------------------+-----------+-----------+-----------+-----------+-----------+-----------+-----------+-----------+-----------+-----------+-----------+-----------+-----------+-----------+-----------+
+----------------------------------------+------------+-----------+-----------+-----------+
|                 Metric                 |     Sum    |    Min    |    Max    |    Avg    |
+----------------------------------------+------------+-----------+-----------+-----------+
|        Runtime (RDTSC) [s] STAT        |     5.9873 |    0.3975 |    0.3994 |    0.3992 |
|        Runtime unhalted [s] STAT       |     1.7188 |    0.1025 |    0.1174 |    0.1146 |
|            Clock [MHz] STAT            | 28425.7795 | 1889.9091 | 1895.6872 | 1895.0520 |
|                CPI STAT                |    28.6218 |    0.7698 |    2.0402 |    1.9081 |
|             Energy [J] STAT            |    28.7003 |         0 |   16.6001 |    1.9134 |
|             Power [W] STAT             |    72.1908 |         0 |   41.7475 |    4.8127 |
|          Energy DRAM [J] STAT          |     3.3742 |         0 |    2.0541 |    0.2249 |
|           Power DRAM [W] STAT          |     8.4872 |         0 |    5.1659 |    0.5658 |
|            DP [MFLOP/s] STAT           |  1371.4499 |   88.8080 |  115.8601 |   91.4300 |
|          AVX DP [MFLOP/s] STAT         |     3.0057 |         0 |    3.0057 |    0.2004 |
|          Packed [MUOPS/s] STAT         |     0.4525 |         0 |    0.4525 |    0.0302 |
|          Scalar [MUOPS/s] STAT         |  1368.3285 |   88.8080 |  112.7387 |   91.2219 |
|  Memory read bandwidth [MBytes/s] STAT |  1081.2647 |         0 | 1057.7508 |   72.0843 |
|  Memory read data volume [GBytes] STAT |     0.4299 |         0 |    0.4206 |    0.0287 |
| Memory write bandwidth [MBytes/s] STAT |  1272.8334 |         0 | 1234.3201 |   84.8556 |
| Memory write data volume [GBytes] STAT |     0.5061 |         0 |    0.4908 |    0.0337 |
|    Memory bandwidth [MBytes/s] STAT    |  2354.0981 |         0 | 2292.0709 |  156.9399 |
|    Memory data volume [GBytes] STAT    |     0.9361 |         0 |    0.9114 |    0.0624 |
|       Operational intensity STAT       |     2.0004 |    0.0389 |    1.4388 |    0.1334 |
+----------------------------------------+------------+-----------+-----------+-----------+
--------------------------------------------------------------------------------
CPU name:	Intel(R) Xeon(R) Gold 6132 CPU @ 2.60GHz
CPU type:	Intel Skylake SP processor
CPU clock:	2.59 GHz
--------------------------------------------------------------------------------
Region Solve, Group 1: MEM_DP
+-------------------+----------+----------+----------+----------+----------+----------+----------+----------+----------+----------+----------+----------+----------+----------+----------+
|    Region Info    |  Core 0  |  Core 1  |  Core 2  |  Core 3  |  Core 4  |  Core 5  |  Core 6  |  Core 7  |  Core 8  |  Core 9  |  Core 10 |  Core 11 |  Core 12 |  Core 13 |  Core 14 |
+-------------------+----------+----------+----------+----------+----------+----------+----------+----------+----------+----------+----------+----------+----------+----------+----------+
| RDTSC Runtime [s] | 5.871952 | 5.873000 | 5.873004 | 5.873005 | 5.873007 | 5.873002 | 5.873004 | 5.873000 | 5.873002 | 5.873003 | 5.872999 | 5.873006 | 5.873000 | 5.873000 | 5.871982 |
|     call count    |        1 |        1 |        1 |        1 |        1 |        1 |        1 |        1 |        1 |        1 |        1 |        1 |        1 |        1 |        1 |
+-------------------+----------+----------+----------+----------+----------+----------+----------+----------+----------+----------+----------+----------+----------+----------+----------+
+------------------------------------------+---------+-------------+-------------+-------------+-------------+-------------+-------------+-------------+-------------+-------------+-------------+-------------+-------------+-------------+-------------+-------------+
|                   Event                  | Counter |    Core 0   |    Core 1   |    Core 2   |    Core 3   |    Core 4   |    Core 5   |    Core 6   |    Core 7   |    Core 8   |    Core 9   |   Core 10   |   Core 11   |   Core 12   |   Core 13   |   Core 14   |
+------------------------------------------+---------+-------------+-------------+-------------+-------------+-------------+-------------+-------------+-------------+-------------+-------------+-------------+-------------+-------------+-------------+-------------+
|             INSTR_RETIRED_ANY            |  FIXC0  | 18386160000 | 16288780000 | 16242390000 | 16101940000 | 15914950000 | 16003220000 | 15914690000 | 15806990000 | 15797590000 | 15841590000 | 15745070000 | 15847830000 | 15979230000 | 15914520000 | 15793490000 |
|           CPU_CLK_UNHALTED_CORE          |  FIXC1  |  7905298000 | 11034940000 | 11034640000 | 11035140000 | 11036830000 | 11036520000 | 11036900000 | 11036810000 | 11035590000 | 11037950000 | 11037020000 | 11038950000 | 11036460000 | 11039130000 | 10927190000 |
|           CPU_CLK_UNHALTED_REF           |  FIXC2  | 10819960000 | 15100460000 | 15100070000 | 15100730000 | 15103040000 | 15102620000 | 15103120000 | 15103020000 | 15101330000 | 15104580000 | 15103300000 | 15105940000 | 15102570000 | 15106190000 | 14953030000 |
|              PWR_PKG_ENERGY              |   PWR0  |    344.9475 |           0 |           0 |           0 |           0 |           0 |           0 |           0 |           0 |           0 |           0 |           0 |           0 |           0 |    186.6620 |
|              PWR_DRAM_ENERGY             |   PWR3  |     48.7234 |           0 |           0 |           0 |           0 |           0 |           0 |           0 |           0 |           0 |           0 |           0 |           0 |           0 |     22.4395 |
| FP_ARITH_INST_RETIRED_128B_PACKED_DOUBLE |   PMC0  |       65560 |           0 |           0 |           0 |           0 |           0 |           0 |           0 |           0 |           0 |           0 |           0 |           0 |           0 |           0 |
|    FP_ARITH_INST_RETIRED_SCALAR_DOUBLE   |   PMC1  |  4273963000 |  4400030000 |  4371227000 |  4303675000 |  4258295000 |  4271235000 |  4194439000 |  4168950000 |  4164397000 |  4230495000 |  4212921000 |  4240000000 |  4309447000 |  4305998000 |  4211936000 |
| FP_ARITH_INST_RETIRED_256B_PACKED_DOUBLE |   PMC2  |       83556 |           0 |           0 |           0 |           0 |           0 |           0 |           0 |           0 |           0 |           0 |           0 |           0 |           0 |           0 |
| FP_ARITH_INST_RETIRED_512B_PACKED_DOUBLE |   PMC3  |      417868 |           0 |           0 |           0 |           0 |           0 |           0 |           0 |           0 |           0 |           0 |           0 |           0 |           0 |           0 |
|               CAS_COUNT_RD               | MBOX0C0 |   136515300 |           0 |           0 |           0 |           0 |           0 |           0 |           0 |           0 |           0 |           0 |           0 |           0 |           0 |     6499381 |
|               CAS_COUNT_WR               | MBOX0C1 |    33996600 |           0 |           0 |           0 |           0 |           0 |           0 |           0 |           0 |           0 |           0 |           0 |           0 |           0 |     1323878 |
|               CAS_COUNT_RD               | MBOX1C0 |   136261000 |           0 |           0 |           0 |           0 |           0 |           0 |           0 |           0 |           0 |           0 |           0 |           0 |           0 |     6445311 |
|               CAS_COUNT_WR               | MBOX1C1 |    33873270 |           0 |           0 |           0 |           0 |           0 |           0 |           0 |           0 |           0 |           0 |           0 |           0 |           0 |     1295601 |
|               CAS_COUNT_RD               | MBOX2C0 |   136465700 |           0 |           0 |           0 |           0 |           0 |           0 |           0 |           0 |           0 |           0 |           0 |           0 |           0 |     6459261 |
|               CAS_COUNT_WR               | MBOX2C1 |    34045350 |           0 |           0 |           0 |           0 |           0 |           0 |           0 |           0 |           0 |           0 |           0 |           0 |           0 |     1309600 |
|               CAS_COUNT_RD               | MBOX3C0 |   135625500 |           0 |           0 |           0 |           0 |           0 |           0 |           0 |           0 |           0 |           0 |           0 |           0 |           0 |     6198339 |
|               CAS_COUNT_WR               | MBOX3C1 |    33471470 |           0 |           0 |           0 |           0 |           0 |           0 |           0 |           0 |           0 |           0 |           0 |           0 |           0 |     1232213 |
|               CAS_COUNT_RD               | MBOX4C0 |   135686500 |           0 |           0 |           0 |           0 |           0 |           0 |           0 |           0 |           0 |           0 |           0 |           0 |           0 |     6237685 |
|               CAS_COUNT_WR               | MBOX4C1 |    33508800 |           0 |           0 |           0 |           0 |           0 |           0 |           0 |           0 |           0 |           0 |           0 |           0 |           0 |     1249287 |
|               CAS_COUNT_RD               | MBOX5C0 |   135457300 |           0 |           0 |           0 |           0 |           0 |           0 |           0 |           0 |           0 |           0 |           0 |           0 |           0 |     6212440 |
|               CAS_COUNT_WR               | MBOX5C1 |    33375320 |           0 |           0 |           0 |           0 |           0 |           0 |           0 |           0 |           0 |           0 |           0 |           0 |           0 |     1237714 |
+------------------------------------------+---------+-------------+-------------+-------------+-------------+-------------+-------------+-------------+-------------+-------------+-------------+-------------+-------------+-------------+-------------+-------------+
+-----------------------------------------------+---------+--------------+-------------+-------------+--------------+
|                     Event                     | Counter |      Sum     |     Min     |     Max     |      Avg     |
+-----------------------------------------------+---------+--------------+-------------+-------------+--------------+
|             INSTR_RETIRED_ANY STAT            |  FIXC0  | 241578440000 | 15745070000 | 18386160000 | 1.610523e+10 |
|           CPU_CLK_UNHALTED_CORE STAT          |  FIXC1  | 162309368000 |  7905298000 | 11039130000 | 1.082062e+10 |
|           CPU_CLK_UNHALTED_REF STAT           |  FIXC2  | 222109960000 | 10819960000 | 15106190000 | 1.480733e+10 |
|              PWR_PKG_ENERGY STAT              |   PWR0  |     531.6095 |           0 |    344.9475 |      35.4406 |
|              PWR_DRAM_ENERGY STAT             |   PWR3  |      71.1629 |           0 |     48.7234 |       4.7442 |
| FP_ARITH_INST_RETIRED_128B_PACKED_DOUBLE STAT |   PMC0  |        65560 |           0 |       65560 |    4370.6667 |
|    FP_ARITH_INST_RETIRED_SCALAR_DOUBLE STAT   |   PMC1  |  63917008000 |  4164397000 |  4400030000 | 4.261134e+09 |
| FP_ARITH_INST_RETIRED_256B_PACKED_DOUBLE STAT |   PMC2  |        83556 |           0 |       83556 |    5570.4000 |
| FP_ARITH_INST_RETIRED_512B_PACKED_DOUBLE STAT |   PMC3  |       417868 |           0 |      417868 |   27857.8667 |
|               CAS_COUNT_RD STAT               | MBOX0C0 |    143014681 |           0 |   136515300 | 9.534312e+06 |
|               CAS_COUNT_WR STAT               | MBOX0C1 |     35320478 |           0 |    33996600 | 2.354699e+06 |
|               CAS_COUNT_RD STAT               | MBOX1C0 |    142706311 |           0 |   136261000 | 9.513754e+06 |
|               CAS_COUNT_WR STAT               | MBOX1C1 |     35168871 |           0 |    33873270 | 2.344591e+06 |
|               CAS_COUNT_RD STAT               | MBOX2C0 |    142924961 |           0 |   136465700 | 9.528331e+06 |
|               CAS_COUNT_WR STAT               | MBOX2C1 |     35354950 |           0 |    34045350 | 2.356997e+06 |
|               CAS_COUNT_RD STAT               | MBOX3C0 |    141823839 |           0 |   135625500 | 9.454923e+06 |
|               CAS_COUNT_WR STAT               | MBOX3C1 |     34703683 |           0 |    33471470 | 2.313579e+06 |
|               CAS_COUNT_RD STAT               | MBOX4C0 |    141924185 |           0 |   135686500 | 9.461612e+06 |
|               CAS_COUNT_WR STAT               | MBOX4C1 |     34758087 |           0 |    33508800 | 2.317206e+06 |
|               CAS_COUNT_RD STAT               | MBOX5C0 |    141669740 |           0 |   135457300 | 9.444649e+06 |
|               CAS_COUNT_WR STAT               | MBOX5C1 |     34613034 |           0 |    33375320 | 2.307536e+06 |
+-----------------------------------------------+---------+--------------+-------------+-------------+--------------+
+-----------------------------------+------------+-----------+-----------+-----------+-----------+-----------+-----------+-----------+-----------+-----------+-----------+-----------+-----------+-----------+-----------+
|               Metric              |   Core 0   |   Core 1  |   Core 2  |   Core 3  |   Core 4  |   Core 5  |   Core 6  |   Core 7  |   Core 8  |   Core 9  |  Core 10  |  Core 11  |  Core 12  |  Core 13  |  Core 14  |
+-----------------------------------+------------+-----------+-----------+-----------+-----------+-----------+-----------+-----------+-----------+-----------+-----------+-----------+-----------+-----------+-----------+
|        Runtime (RDTSC) [s]        |     5.8720 |    5.8730 |    5.8730 |    5.8730 |    5.8730 |    5.8730 |    5.8730 |    5.8730 |    5.8730 |    5.8730 |    5.8730 |    5.8730 |    5.8730 |    5.8730 |    5.8720 |
|        Runtime unhalted [s]       |     3.0479 |    4.2545 |    4.2544 |    4.2546 |    4.2552 |    4.2551 |    4.2553 |    4.2552 |    4.2548 |    4.2557 |    4.2553 |    4.2560 |    4.2551 |    4.2561 |    4.2130 |
|            Clock [MHz]            |  1895.0213 | 1895.4019 | 1895.3993 | 1895.4023 | 1895.4027 | 1895.4021 | 1895.4046 | 1895.4017 | 1895.4043 | 1895.4017 | 1895.4027 | 1895.4028 | 1895.3981 | 1895.4023 | 1895.3997 |
|                CPI                |     0.4300 |    0.6775 |    0.6794 |    0.6853 |    0.6935 |    0.6896 |    0.6935 |    0.6982 |    0.6986 |    0.6968 |    0.7010 |    0.6966 |    0.6907 |    0.6937 |    0.6919 |
|             Energy [J]            |   344.9475 |         0 |         0 |         0 |         0 |         0 |         0 |         0 |         0 |         0 |         0 |         0 |         0 |         0 |  186.6620 |
|             Power [W]             |    58.7449 |         0 |         0 |         0 |         0 |         0 |         0 |         0 |         0 |         0 |         0 |         0 |         0 |         0 |   31.7886 |
|          Energy DRAM [J]          |    48.7234 |         0 |         0 |         0 |         0 |         0 |         0 |         0 |         0 |         0 |         0 |         0 |         0 |         0 |   22.4395 |
|           Power DRAM [W]          |     8.2977 |         0 |         0 |         0 |         0 |         0 |         0 |         0 |         0 |         0 |         0 |         0 |         0 |         0 |    3.8215 |
|            DP [MFLOP/s]           |   728.5092 |  749.1963 |  744.2915 |  732.7893 |  725.0621 |  727.2661 |  714.1897 |  709.8502 |  709.0747 |  720.3291 |  717.3373 |  721.9472 |  733.7727 |  733.1854 |  717.2938 |
|          AVX DP [MFLOP/s]         |     0.6262 |         0 |         0 |         0 |         0 |         0 |         0 |         0 |         0 |         0 |         0 |         0 |         0 |         0 |         0 |
|          Packed [MUOPS/s]         |     0.0966 |         0 |         0 |         0 |         0 |         0 |         0 |         0 |         0 |         0 |         0 |         0 |         0 |         0 |         0 |
|          Scalar [MUOPS/s]         |   727.8607 |  749.1963 |  744.2915 |  732.7893 |  725.0621 |  727.2661 |  714.1897 |  709.8502 |  709.0747 |  720.3291 |  717.3373 |  721.9472 |  733.7727 |  733.1854 |  717.2938 |
|  Memory read bandwidth [MBytes/s] |  8893.9288 |         0 |         0 |         0 |         0 |         0 |         0 |         0 |         0 |         0 |         0 |         0 |         0 |         0 |  414.7415 |
|  Memory read data volume [GBytes] |    52.2247 |         0 |         0 |         0 |         0 |         0 |         0 |         0 |         0 |         0 |         0 |         0 |         0 |         0 |    2.4354 |
| Memory write bandwidth [MBytes/s] |  2204.6045 |         0 |         0 |         0 |         0 |         0 |         0 |         0 |         0 |         0 |         0 |         0 |         0 |         0 |   83.3604 |
| Memory write data volume [GBytes] |    12.9453 |         0 |         0 |         0 |         0 |         0 |         0 |         0 |         0 |         0 |         0 |         0 |         0 |         0 |    0.4895 |
|    Memory bandwidth [MBytes/s]    | 11098.5333 |         0 |         0 |         0 |         0 |         0 |         0 |         0 |         0 |         0 |         0 |         0 |         0 |         0 |  498.1019 |
|    Memory data volume [GBytes]    |    65.1701 |         0 |         0 |         0 |         0 |         0 |         0 |         0 |         0 |         0 |         0 |         0 |         0 |         0 |    2.9248 |
|       Operational intensity       |     0.0656 |    0.0675 |    0.0671 |    0.0660 |    0.0653 |    0.0655 |    0.0644 |    0.0640 |    0.0639 |    0.0649 |    0.0646 |    0.0651 |    0.0661 |    0.0661 |    1.4401 |
+-----------------------------------+------------+-----------+-----------+-----------+-----------+-----------+-----------+-----------+-----------+-----------+-----------+-----------+-----------+-----------+-----------+
+----------------------------------------+------------+-----------+------------+-----------+
|                 Metric                 |     Sum    |    Min    |     Max    |    Avg    |
+----------------------------------------+------------+-----------+------------+-----------+
|        Runtime (RDTSC) [s] STAT        |    88.0930 |    5.8720 |     5.8730 |    5.8729 |
|        Runtime unhalted [s] STAT       |    62.5782 |    3.0479 |     4.2561 |    4.1719 |
|            Clock [MHz] STAT            | 28430.6475 | 1895.0213 |  1895.4046 | 1895.3765 |
|                CPI STAT                |    10.1163 |    0.4300 |     0.7010 |    0.6744 |
|             Energy [J] STAT            |   531.6095 |         0 |   344.9475 |   35.4406 |
|             Power [W] STAT             |    90.5335 |         0 |    58.7449 |    6.0356 |
|          Energy DRAM [J] STAT          |    71.1629 |         0 |    48.7234 |    4.7442 |
|           Power DRAM [W] STAT          |    12.1192 |         0 |     8.2977 |    0.8079 |
|            DP [MFLOP/s] STAT           | 10884.0946 |  709.0747 |   749.1963 |  725.6063 |
|          AVX DP [MFLOP/s] STAT         |     0.6262 |         0 |     0.6262 |    0.0417 |
|          Packed [MUOPS/s] STAT         |     0.0966 |         0 |     0.0966 |    0.0064 |
|          Scalar [MUOPS/s] STAT         | 10883.4461 |  709.0747 |   749.1963 |  725.5631 |
|  Memory read bandwidth [MBytes/s] STAT |  9308.6703 |         0 |  8893.9288 |  620.5780 |
|  Memory read data volume [GBytes] STAT |    54.6601 |         0 |    52.2247 |    3.6440 |
| Memory write bandwidth [MBytes/s] STAT |  2287.9649 |         0 |  2204.6045 |  152.5310 |
| Memory write data volume [GBytes] STAT |    13.4348 |         0 |    12.9453 |    0.8957 |
|    Memory bandwidth [MBytes/s] STAT    | 11596.6352 |         0 | 11098.5333 |  773.1090 |
|    Memory data volume [GBytes] STAT    |    68.0949 |         0 |    65.1701 |    4.5397 |
|       Operational intensity STAT       |     2.3562 |    0.0639 |     1.4401 |    0.1571 |
+----------------------------------------+------------+-----------+------------+-----------+
