--------------------------------------------------------------------------------
CPU name:	Intel(R) Xeon(R) Gold 6132 CPU @ 2.60GHz
CPU type:	Intel Skylake SP processor
CPU clock:	2.59 GHz
--------------------------------------------------------------------------------
Region Setup, Group 1: MEM_DP
+-------------------+----------+----------+----------+----------+----------+----------+----------+----------+----------+----------+----------+----------+----------+----------+----------+----------+----------+----------+----------+----------+----------+----------+----------+----------+----------+----------+----------+----------+
|    Region Info    |  Core 0  |  Core 1  |  Core 2  |  Core 3  |  Core 4  |  Core 5  |  Core 6  |  Core 7  |  Core 8  |  Core 9  |  Core 10 |  Core 11 |  Core 12 |  Core 13 |  Core 14 |  Core 15 |  Core 16 |  Core 17 |  Core 18 |  Core 19 |  Core 20 |  Core 21 |  Core 22 |  Core 23 |  Core 24 |  Core 25 |  Core 26 |  Core 27 |
+-------------------+----------+----------+----------+----------+----------+----------+----------+----------+----------+----------+----------+----------+----------+----------+----------+----------+----------+----------+----------+----------+----------+----------+----------+----------+----------+----------+----------+----------+
| RDTSC Runtime [s] | 0.410233 | 0.411983 | 0.411962 | 0.412027 | 0.411993 | 0.411980 | 0.412042 | 0.412053 | 0.411973 | 0.411974 | 0.412015 | 0.412009 | 0.412006 | 0.412058 | 0.410216 | 0.411970 | 0.411956 | 0.411957 | 0.412001 | 0.411974 | 0.411998 | 0.412048 | 0.411967 | 0.411960 | 0.411963 | 0.411957 | 0.411986 | 0.412052 |
|     call count    |        2 |        2 |        2 |        2 |        2 |        2 |        2 |        2 |        2 |        2 |        2 |        2 |        2 |        2 |        2 |        2 |        2 |        2 |        2 |        2 |        2 |        2 |        2 |        2 |        2 |        2 |        2 |        2 |
+-------------------+----------+----------+----------+----------+----------+----------+----------+----------+----------+----------+----------+----------+----------+----------+----------+----------+----------+----------+----------+----------+----------+----------+----------+----------+----------+----------+----------+----------+
+------------------------------------------+---------+-----------+-----------+-----------+-----------+-----------+-----------+-----------+-----------+-----------+-----------+-----------+-----------+-----------+-----------+-----------+-----------+-----------+-----------+-----------+-----------+-----------+-----------+-----------+-----------+-----------+-----------+-----------+-----------+
|                   Event                  | Counter |   Core 0  |   Core 1  |   Core 2  |   Core 3  |   Core 4  |   Core 5  |   Core 6  |   Core 7  |   Core 8  |   Core 9  |  Core 10  |  Core 11  |  Core 12  |  Core 13  |  Core 14  |  Core 15  |  Core 16  |  Core 17  |  Core 18  |  Core 19  |  Core 20  |  Core 21  |  Core 22  |  Core 23  |  Core 24  |  Core 25  |  Core 26  |  Core 27  |
+------------------------------------------+---------+-----------+-----------+-----------+-----------+-----------+-----------+-----------+-----------+-----------+-----------+-----------+-----------+-----------+-----------+-----------+-----------+-----------+-----------+-----------+-----------+-----------+-----------+-----------+-----------+-----------+-----------+-----------+-----------+
|             INSTR_RETIRED_ANY            |  FIXC0  | 281619900 |  88452770 |  87923260 |  88179720 |  87357240 |  87377690 |  87191700 |  87329960 |  87188560 |  87422280 |  87011840 |  87379730 |  87411970 |  87081870 |  84908520 |  85143440 |  84866670 |  84828750 |  84513560 |  84891130 |  84672070 |  84456620 |  84338530 |  84646110 |  84552900 |  83711440 |  83849250 |  83101200 |
|           CPU_CLK_UNHALTED_CORE          |  FIXC1  | 248057800 | 295860100 | 287568000 | 290795600 | 293934200 | 291390500 | 290465000 | 290903000 | 292302800 | 294290800 | 288645900 | 293399500 | 297104100 | 293332000 | 255539500 | 257204700 | 264954000 | 261274100 | 257387100 | 262627900 | 260843400 | 255731100 | 256075800 | 259681200 | 260484800 | 258766500 | 262511500 | 246937800 |
|           CPU_CLK_UNHALTED_REF           |  FIXC2  | 339355600 | 404874000 | 393535300 | 397939000 | 402236200 | 398762700 | 397489100 | 398085100 | 400003300 | 402730200 | 394994600 | 401501400 | 406581900 | 401411600 | 350199500 | 352467600 | 363083000 | 358047900 | 352735600 | 359897700 | 357457800 | 350448400 | 350975100 | 355917700 | 356964300 | 354683100 | 359748300 | 338424500 |
|              PWR_PKG_ENERGY              |   PWR0  |   17.2889 |         0 |         0 |         0 |         0 |         0 |         0 |         0 |         0 |         0 |         0 |         0 |         0 |         0 |   17.4306 |         0 |         0 |         0 |         0 |         0 |         0 |         0 |         0 |         0 |         0 |         0 |         0 |         0 |
|              PWR_DRAM_ENERGY             |   PWR3  |    2.1405 |         0 |         0 |         0 |         0 |         0 |         0 |         0 |         0 |         0 |         0 |         0 |         0 |         0 |    1.5612 |         0 |         0 |         0 |         0 |         0 |         0 |         0 |         0 |         0 |         0 |         0 |         0 |         0 |
| FP_ARITH_INST_RETIRED_128B_PACKED_DOUBLE |   PMC0  |     23000 |         0 |         0 |         0 |         0 |         0 |         0 |         0 |         0 |         0 |         0 |         0 |         0 |         0 |         0 |         0 |         0 |         0 |         0 |         0 |         0 |         0 |         0 |         0 |         0 |         0 |         0 |         0 |
|    FP_ARITH_INST_RETIRED_SCALAR_DOUBLE   |   PMC1  |  28270240 |  19469010 |  19444540 |  19469230 |  19206610 |  19244630 |  19206390 |  19242490 |  19195060 |  19233030 |  19195270 |  19233990 |  19195640 |  19195020 |  19156980 |  19194900 |  19132490 |  19170600 |  19132930 |  19171000 |  19132900 |  19156560 |  19118810 |  19156810 |  19118810 |  18914000 |  18900580 |  18913750 |
| FP_ARITH_INST_RETIRED_256B_PACKED_DOUBLE |   PMC2  |     15090 |         0 |         0 |         0 |         0 |         0 |         0 |         0 |         0 |         0 |         0 |         0 |         0 |         0 |         0 |         0 |         0 |         0 |         0 |         0 |         0 |         0 |         0 |         0 |         0 |         0 |         0 |         0 |
| FP_ARITH_INST_RETIRED_512B_PACKED_DOUBLE |   PMC3  |    141851 |         0 |         0 |         0 |         0 |         0 |         0 |         0 |         0 |         0 |         0 |         0 |         0 |         0 |         0 |         0 |         0 |         0 |         0 |         0 |         0 |         0 |         0 |         0 |         0 |         0 |         0 |         0 |
|               CAS_COUNT_RD               | MBOX0C0 |   1161346 |         0 |         0 |         0 |         0 |         0 |         0 |         0 |         0 |         0 |         0 |         0 |         0 |         0 |    191390 |         0 |         0 |         0 |         0 |         0 |         0 |         0 |         0 |         0 |         0 |         0 |         0 |         0 |
|               CAS_COUNT_WR               | MBOX0C1 |   1653439 |         0 |         0 |         0 |         0 |         0 |         0 |         0 |         0 |         0 |         0 |         0 |         0 |         0 |    316368 |         0 |         0 |         0 |         0 |         0 |         0 |         0 |         0 |         0 |         0 |         0 |         0 |         0 |
|               CAS_COUNT_RD               | MBOX1C0 |   1094580 |         0 |         0 |         0 |         0 |         0 |         0 |         0 |         0 |         0 |         0 |         0 |         0 |         0 |    185086 |         0 |         0 |         0 |         0 |         0 |         0 |         0 |         0 |         0 |         0 |         0 |         0 |         0 |
|               CAS_COUNT_WR               | MBOX1C1 |   1562025 |         0 |         0 |         0 |         0 |         0 |         0 |         0 |         0 |         0 |         0 |         0 |         0 |         0 |    309696 |         0 |         0 |         0 |         0 |         0 |         0 |         0 |         0 |         0 |         0 |         0 |         0 |         0 |
|               CAS_COUNT_RD               | MBOX2C0 |   1063365 |         0 |         0 |         0 |         0 |         0 |         0 |         0 |         0 |         0 |         0 |         0 |         0 |         0 |    189406 |         0 |         0 |         0 |         0 |         0 |         0 |         0 |         0 |         0 |         0 |         0 |         0 |         0 |
|               CAS_COUNT_WR               | MBOX2C1 |   1521664 |         0 |         0 |         0 |         0 |         0 |         0 |         0 |         0 |         0 |         0 |         0 |         0 |         0 |    314273 |         0 |         0 |         0 |         0 |         0 |         0 |         0 |         0 |         0 |         0 |         0 |         0 |         0 |
|               CAS_COUNT_RD               | MBOX3C0 |    990764 |         0 |         0 |         0 |         0 |         0 |         0 |         0 |         0 |         0 |         0 |         0 |         0 |         0 |    147300 |         0 |         0 |         0 |         0 |         0 |         0 |         0 |         0 |         0 |         0 |         0 |         0 |         0 |
|               CAS_COUNT_WR               | MBOX3C1 |   1498683 |         0 |         0 |         0 |         0 |         0 |         0 |         0 |         0 |         0 |         0 |         0 |         0 |         0 |    288541 |         0 |         0 |         0 |         0 |         0 |         0 |         0 |         0 |         0 |         0 |         0 |         0 |         0 |
|               CAS_COUNT_RD               | MBOX4C0 |   1065765 |         0 |         0 |         0 |         0 |         0 |         0 |         0 |         0 |         0 |         0 |         0 |         0 |         0 |    149787 |         0 |         0 |         0 |         0 |         0 |         0 |         0 |         0 |         0 |         0 |         0 |         0 |         0 |
|               CAS_COUNT_WR               | MBOX4C1 |   1602768 |         0 |         0 |         0 |         0 |         0 |         0 |         0 |         0 |         0 |         0 |         0 |         0 |         0 |    291744 |         0 |         0 |         0 |         0 |         0 |         0 |         0 |         0 |         0 |         0 |         0 |         0 |         0 |
|               CAS_COUNT_RD               | MBOX5C0 |    973827 |         0 |         0 |         0 |         0 |         0 |         0 |         0 |         0 |         0 |         0 |         0 |         0 |         0 |    150577 |         0 |         0 |         0 |         0 |         0 |         0 |         0 |         0 |         0 |         0 |         0 |         0 |         0 |
|               CAS_COUNT_WR               | MBOX5C1 |   1469000 |         0 |         0 |         0 |         0 |         0 |         0 |         0 |         0 |         0 |         0 |         0 |         0 |         0 |    293342 |         0 |         0 |         0 |         0 |         0 |         0 |         0 |         0 |         0 |         0 |         0 |         0 |         0 |
+------------------------------------------+---------+-----------+-----------+-----------+-----------+-----------+-----------+-----------+-----------+-----------+-----------+-----------+-----------+-----------+-----------+-----------+-----------+-----------+-----------+-----------+-----------+-----------+-----------+-----------+-----------+-----------+-----------+-----------+-----------+
+-----------------------------------------------+---------+-------------+-----------+-----------+--------------+
|                     Event                     | Counter |     Sum     |    Min    |    Max    |      Avg     |
+-----------------------------------------------+---------+-------------+-----------+-----------+--------------+
|             INSTR_RETIRED_ANY STAT            |  FIXC0  |  2601408680 |  83101200 | 281619900 | 9.290745e+07 |
|           CPU_CLK_UNHALTED_CORE STAT          |  FIXC1  |  7668068700 | 246937800 | 297104100 | 2.738596e+08 |
|           CPU_CLK_UNHALTED_REF STAT           |  FIXC2  | 10500550500 | 338424500 | 406581900 | 3.750197e+08 |
|              PWR_PKG_ENERGY STAT              |   PWR0  |     34.7195 |         0 |   17.4306 |       1.2400 |
|              PWR_DRAM_ENERGY STAT             |   PWR3  |      3.7017 |         0 |    2.1405 |       0.1322 |
| FP_ARITH_INST_RETIRED_128B_PACKED_DOUBLE STAT |   PMC0  |       23000 |         0 |     23000 |     821.4286 |
|    FP_ARITH_INST_RETIRED_SCALAR_DOUBLE STAT   |   PMC1  |   546172270 |  18900580 |  28270240 | 1.950615e+07 |
| FP_ARITH_INST_RETIRED_256B_PACKED_DOUBLE STAT |   PMC2  |       15090 |         0 |     15090 |     538.9286 |
| FP_ARITH_INST_RETIRED_512B_PACKED_DOUBLE STAT |   PMC3  |      141851 |         0 |    141851 |    5066.1071 |
|               CAS_COUNT_RD STAT               | MBOX0C0 |     1352736 |         0 |   1161346 |        48312 |
|               CAS_COUNT_WR STAT               | MBOX0C1 |     1969807 |         0 |   1653439 |   70350.2500 |
|               CAS_COUNT_RD STAT               | MBOX1C0 |     1279666 |         0 |   1094580 |   45702.3571 |
|               CAS_COUNT_WR STAT               | MBOX1C1 |     1871721 |         0 |   1562025 |   66847.1786 |
|               CAS_COUNT_RD STAT               | MBOX2C0 |     1252771 |         0 |   1063365 |   44741.8214 |
|               CAS_COUNT_WR STAT               | MBOX2C1 |     1835937 |         0 |   1521664 |   65569.1786 |
|               CAS_COUNT_RD STAT               | MBOX3C0 |     1138064 |         0 |    990764 |   40645.1429 |
|               CAS_COUNT_WR STAT               | MBOX3C1 |     1787224 |         0 |   1498683 |   63829.4286 |
|               CAS_COUNT_RD STAT               | MBOX4C0 |     1215552 |         0 |   1065765 |   43412.5714 |
|               CAS_COUNT_WR STAT               | MBOX4C1 |     1894512 |         0 |   1602768 |   67661.1429 |
|               CAS_COUNT_RD STAT               | MBOX5C0 |     1124404 |         0 |    973827 |   40157.2857 |
|               CAS_COUNT_WR STAT               | MBOX5C1 |     1762342 |         0 |   1469000 |   62940.7857 |
+-----------------------------------------------+---------+-------------+-----------+-----------+--------------+
+-----------------------------------+-----------+-----------+-----------+-----------+-----------+-----------+-----------+-----------+-----------+-----------+-----------+-----------+-----------+-----------+-----------+-----------+-----------+-----------+-----------+-----------+-----------+-----------+-----------+-----------+-----------+-----------+-----------+-----------+
|               Metric              |   Core 0  |   Core 1  |   Core 2  |   Core 3  |   Core 4  |   Core 5  |   Core 6  |   Core 7  |   Core 8  |   Core 9  |  Core 10  |  Core 11  |  Core 12  |  Core 13  |  Core 14  |  Core 15  |  Core 16  |  Core 17  |  Core 18  |  Core 19  |  Core 20  |  Core 21  |  Core 22  |  Core 23  |  Core 24  |  Core 25  |  Core 26  |  Core 27  |
+-----------------------------------+-----------+-----------+-----------+-----------+-----------+-----------+-----------+-----------+-----------+-----------+-----------+-----------+-----------+-----------+-----------+-----------+-----------+-----------+-----------+-----------+-----------+-----------+-----------+-----------+-----------+-----------+-----------+-----------+
|        Runtime (RDTSC) [s]        |    0.4102 |    0.4120 |    0.4120 |    0.4120 |    0.4120 |    0.4120 |    0.4120 |    0.4121 |    0.4120 |    0.4120 |    0.4120 |    0.4120 |    0.4120 |    0.4121 |    0.4102 |    0.4120 |    0.4120 |    0.4120 |    0.4120 |    0.4120 |    0.4120 |    0.4120 |    0.4120 |    0.4120 |    0.4120 |    0.4120 |    0.4120 |    0.4121 |
|        Runtime unhalted [s]       |    0.0956 |    0.1141 |    0.1109 |    0.1121 |    0.1133 |    0.1123 |    0.1120 |    0.1122 |    0.1127 |    0.1135 |    0.1113 |    0.1131 |    0.1145 |    0.1131 |    0.0985 |    0.0992 |    0.1022 |    0.1007 |    0.0992 |    0.1013 |    0.1006 |    0.0986 |    0.0987 |    0.1001 |    0.1004 |    0.0998 |    0.1012 |    0.0952 |
|            Clock [MHz]            | 1895.9611 | 1895.3878 | 1895.3457 | 1895.4088 | 1895.3985 | 1895.3631 | 1895.3968 | 1895.4130 | 1895.4004 | 1895.3702 | 1895.4215 | 1895.4131 | 1895.3620 | 1895.4009 | 1892.6665 | 1892.7413 | 1892.7625 | 1892.7219 | 1892.6445 | 1892.7504 | 1892.7212 | 1892.7403 | 1892.4473 | 1892.4416 | 1892.7322 | 1892.3398 | 1892.6972 | 1892.5935 |
|                CPI                |    0.8808 |    3.3448 |    3.2707 |    3.2978 |    3.3647 |    3.3348 |    3.3313 |    3.3311 |    3.3525 |    3.3663 |    3.3173 |    3.3578 |    3.3989 |    3.3685 |    3.0096 |    3.0208 |    3.1220 |    3.0800 |    3.0455 |    3.0937 |    3.0806 |    3.0280 |    3.0363 |    3.0678 |    3.0807 |    3.0912 |    3.1308 |    2.9715 |
|             Energy [J]            |   17.2889 |         0 |         0 |         0 |         0 |         0 |         0 |         0 |         0 |         0 |         0 |         0 |         0 |         0 |   17.4306 |         0 |         0 |         0 |         0 |         0 |         0 |         0 |         0 |         0 |         0 |         0 |         0 |         0 |
|             Power [W]             |   42.1440 |         0 |         0 |         0 |         0 |         0 |         0 |         0 |         0 |         0 |         0 |         0 |         0 |         0 |   42.4912 |         0 |         0 |         0 |         0 |         0 |         0 |         0 |         0 |         0 |         0 |         0 |         0 |         0 |
|          Energy DRAM [J]          |    2.1405 |         0 |         0 |         0 |         0 |         0 |         0 |         0 |         0 |         0 |         0 |         0 |         0 |         0 |    1.5612 |         0 |         0 |         0 |         0 |         0 |         0 |         0 |         0 |         0 |         0 |         0 |         0 |         0 |
|           Power DRAM [W]          |    5.2178 |         0 |         0 |         0 |         0 |         0 |         0 |         0 |         0 |         0 |         0 |         0 |         0 |         0 |    3.8057 |         0 |         0 |         0 |         0 |         0 |         0 |         0 |         0 |         0 |         0 |         0 |         0 |         0 |
|            DP [MFLOP/s]           |   71.9381 |   47.2568 |   47.1998 |   47.2524 |   46.6188 |   46.7125 |   46.6127 |   46.6991 |   46.5931 |   46.6850 |   46.5887 |   46.6834 |   46.5907 |   46.5833 |   46.6997 |   46.5929 |   46.4430 |   46.5355 |   46.4391 |   46.5345 |   46.4393 |   46.4911 |   46.4087 |   46.5016 |   46.4091 |   45.9125 |   45.8767 |   45.9013 |
|          AVX DP [MFLOP/s]         |    2.9134 |         0 |         0 |         0 |         0 |         0 |         0 |         0 |         0 |         0 |         0 |         0 |         0 |         0 |         0 |         0 |         0 |         0 |         0 |         0 |         0 |         0 |         0 |         0 |         0 |         0 |         0 |         0 |
|          Packed [MUOPS/s]         |    0.4386 |         0 |         0 |         0 |         0 |         0 |         0 |         0 |         0 |         0 |         0 |         0 |         0 |         0 |         0 |         0 |         0 |         0 |         0 |         0 |         0 |         0 |         0 |         0 |         0 |         0 |         0 |         0 |
|          Scalar [MUOPS/s]         |   68.9126 |   47.2568 |   47.1998 |   47.2524 |   46.6188 |   46.7125 |   46.6127 |   46.6991 |   46.5931 |   46.6850 |   46.5887 |   46.6834 |   46.5907 |   46.5833 |   46.6997 |   46.5929 |   46.4430 |   46.5355 |   46.4391 |   46.5345 |   46.4393 |   46.4911 |   46.4087 |   46.5016 |   46.4091 |   45.9125 |   45.8767 |   45.9013 |
|  Memory read bandwidth [MBytes/s] |  990.6003 |         0 |         0 |         0 |         0 |         0 |         0 |         0 |         0 |         0 |         0 |         0 |         0 |         0 |  158.1286 |         0 |         0 |         0 |         0 |         0 |         0 |         0 |         0 |         0 |         0 |         0 |         0 |         0 |
|  Memory read data volume [GBytes] |    0.4064 |         0 |         0 |         0 |         0 |         0 |         0 |         0 |         0 |         0 |         0 |         0 |         0 |         0 |    0.0649 |         0 |         0 |         0 |         0 |         0 |         0 |         0 |         0 |         0 |         0 |         0 |         0 |         0 |
| Memory write bandwidth [MBytes/s] | 1452.0634 |         0 |         0 |         0 |         0 |         0 |         0 |         0 |         0 |         0 |         0 |         0 |         0 |         0 |  283.0060 |         0 |         0 |         0 |         0 |         0 |         0 |         0 |         0 |         0 |         0 |         0 |         0 |         0 |
| Memory write data volume [GBytes] |    0.5957 |         0 |         0 |         0 |         0 |         0 |         0 |         0 |         0 |         0 |         0 |         0 |         0 |         0 |    0.1161 |         0 |         0 |         0 |         0 |         0 |         0 |         0 |         0 |         0 |         0 |         0 |         0 |         0 |
|    Memory bandwidth [MBytes/s]    | 2442.6637 |         0 |         0 |         0 |         0 |         0 |         0 |         0 |         0 |         0 |         0 |         0 |         0 |         0 |  441.1346 |         0 |         0 |         0 |         0 |         0 |         0 |         0 |         0 |         0 |         0 |         0 |         0 |         0 |
|    Memory data volume [GBytes]    |    1.0021 |         0 |         0 |         0 |         0 |         0 |         0 |         0 |         0 |         0 |         0 |         0 |         0 |         0 |    0.1810 |         0 |         0 |         0 |         0 |         0 |         0 |         0 |         0 |         0 |         0 |         0 |         0 |         0 |
|       Operational intensity       |    0.0295 |    0.0194 |    0.0194 |    0.0194 |    0.0192 |    0.0192 |    0.0192 |    0.0192 |    0.0192 |    0.0192 |    0.0192 |    0.0192 |    0.0192 |    0.0192 |    0.1059 |    0.1061 |    0.1057 |    0.1059 |    0.1057 |    0.1059 |    0.1057 |    0.1059 |    0.1057 |    0.1059 |    0.1057 |    0.1045 |    0.1044 |    0.1045 |
+-----------------------------------+-----------+-----------+-----------+-----------+-----------+-----------+-----------+-----------+-----------+-----------+-----------+-----------+-----------+-----------+-----------+-----------+-----------+-----------+-----------+-----------+-----------+-----------+-----------+-----------+-----------+-----------+-----------+-----------+
+----------------------------------------+------------+-----------+-----------+-----------+
|                 Metric                 |     Sum    |    Min    |    Max    |    Avg    |
+----------------------------------------+------------+-----------+-----------+-----------+
|        Runtime (RDTSC) [s] STAT        |    11.5327 |    0.4102 |    0.4121 |    0.4119 |
|        Runtime unhalted [s] STAT       |     2.9564 |    0.0952 |    0.1145 |    0.1056 |
|            Clock [MHz] STAT            | 53033.0431 | 1892.3398 | 1895.9611 | 1894.0373 |
|                CPI STAT                |    87.1758 |    0.8808 |    3.3989 |    3.1134 |
|             Energy [J] STAT            |    34.7195 |         0 |   17.4306 |    1.2400 |
|             Power [W] STAT             |    84.6352 |         0 |   42.4912 |    3.0227 |
|          Energy DRAM [J] STAT          |     3.7017 |         0 |    2.1405 |    0.1322 |
|           Power DRAM [W] STAT          |     9.0235 |         0 |    5.2178 |    0.3223 |
|            DP [MFLOP/s] STAT           |  1329.1994 |   45.8767 |   71.9381 |   47.4714 |
|          AVX DP [MFLOP/s] STAT         |     2.9134 |         0 |    2.9134 |    0.1041 |
|          Packed [MUOPS/s] STAT         |     0.4386 |         0 |    0.4386 |    0.0157 |
|          Scalar [MUOPS/s] STAT         |  1326.1739 |   45.8767 |   68.9126 |   47.3634 |
|  Memory read bandwidth [MBytes/s] STAT |  1148.7289 |         0 |  990.6003 |   41.0260 |
|  Memory read data volume [GBytes] STAT |     0.4713 |         0 |    0.4064 |    0.0168 |
| Memory write bandwidth [MBytes/s] STAT |  1735.0694 |         0 | 1452.0634 |   61.9668 |
| Memory write data volume [GBytes] STAT |     0.7118 |         0 |    0.5957 |    0.0254 |
|    Memory bandwidth [MBytes/s] STAT    |  2883.7983 |         0 | 2442.6637 |  102.9928 |
|    Memory data volume [GBytes] STAT    |     1.1831 |         0 |    1.0021 |    0.0423 |
|       Operational intensity STAT       |     1.7572 |    0.0192 |    0.1061 |    0.0628 |
+----------------------------------------+------------+-----------+-----------+-----------+
--------------------------------------------------------------------------------
CPU name:	Intel(R) Xeon(R) Gold 6132 CPU @ 2.60GHz
CPU type:	Intel Skylake SP processor
CPU clock:	2.59 GHz
--------------------------------------------------------------------------------
Region Solve, Group 1: MEM_DP
+-------------------+----------+----------+----------+----------+----------+----------+----------+----------+----------+----------+----------+----------+----------+----------+----------+----------+----------+----------+----------+----------+----------+----------+----------+----------+----------+----------+----------+----------+
|    Region Info    |  Core 0  |  Core 1  |  Core 2  |  Core 3  |  Core 4  |  Core 5  |  Core 6  |  Core 7  |  Core 8  |  Core 9  |  Core 10 |  Core 11 |  Core 12 |  Core 13 |  Core 14 |  Core 15 |  Core 16 |  Core 17 |  Core 18 |  Core 19 |  Core 20 |  Core 21 |  Core 22 |  Core 23 |  Core 24 |  Core 25 |  Core 26 |  Core 27 |
+-------------------+----------+----------+----------+----------+----------+----------+----------+----------+----------+----------+----------+----------+----------+----------+----------+----------+----------+----------+----------+----------+----------+----------+----------+----------+----------+----------+----------+----------+
| RDTSC Runtime [s] | 4.322988 | 4.324037 | 4.324036 | 4.324031 | 4.324045 | 4.324030 | 4.324037 | 4.324041 | 4.324037 | 4.324039 | 4.324042 | 4.324040 | 4.324042 | 4.324053 | 4.322969 | 4.324033 | 4.324035 | 4.324029 | 4.324044 | 4.324036 | 4.324033 | 4.324028 | 4.324033 | 4.324034 | 4.324036 | 4.324044 | 4.324049 | 4.324050 |
|     call count    |        1 |        1 |        1 |        1 |        1 |        1 |        1 |        1 |        1 |        1 |        1 |        1 |        1 |        1 |        1 |        1 |        1 |        1 |        1 |        1 |        1 |        1 |        1 |        1 |        1 |        1 |        1 |        1 |
+-------------------+----------+----------+----------+----------+----------+----------+----------+----------+----------+----------+----------+----------+----------+----------+----------+----------+----------+----------+----------+----------+----------+----------+----------+----------+----------+----------+----------+----------+
+------------------------------------------+---------+-------------+-------------+-------------+-------------+-------------+-------------+-------------+-------------+-------------+-------------+-------------+-------------+-------------+-------------+-------------+-------------+-------------+-------------+-------------+-------------+-------------+-------------+-------------+-------------+-------------+-------------+-------------+-------------+
|                   Event                  | Counter |    Core 0   |    Core 1   |    Core 2   |    Core 3   |    Core 4   |    Core 5   |    Core 6   |    Core 7   |    Core 8   |    Core 9   |   Core 10   |   Core 11   |   Core 12   |   Core 13   |   Core 14   |   Core 15   |   Core 16   |   Core 17   |   Core 18   |   Core 19   |   Core 20   |   Core 21   |   Core 22   |   Core 23   |   Core 24   |   Core 25   |   Core 26   |   Core 27   |
+------------------------------------------+---------+-------------+-------------+-------------+-------------+-------------+-------------+-------------+-------------+-------------+-------------+-------------+-------------+-------------+-------------+-------------+-------------+-------------+-------------+-------------+-------------+-------------+-------------+-------------+-------------+-------------+-------------+-------------+-------------+
|             INSTR_RETIRED_ANY            |  FIXC0  | 11058780000 |  8859396000 |  8907810000 |  8929533000 |  8832872000 |  8783204000 |  8783373000 |  8706055000 |  8673282000 |  8706089000 |  8728127000 |  8704846000 |  8648274000 |  8567502000 |  8573396000 |  8592681000 |  8549057000 |  8570310000 |  8546363000 |  8515286000 |  8509404000 |  8556248000 |  8563842000 |  8613748000 |  8631106000 |  8513932000 |  8472507000 |  8427761000 |
|           CPU_CLK_UNHALTED_CORE          |  FIXC1  |  5019424000 |  8123065000 |  8119422000 |  8120513000 |  8122358000 |  8121081000 |  8122428000 |  8121631000 |  8121027000 |  8123827000 |  8121995000 |  8123532000 |  8121187000 |  8120646000 |  8094790000 |  8096764000 |  8097335000 |  8097921000 |  8096908000 |  8096977000 |  8096790000 |  8097234000 |  8098031000 |  8083502000 |  8088812000 |  8098930000 |  8102876000 |  8060106000 |
|           CPU_CLK_UNHALTED_REF           |  FIXC2  |  6869855000 | 11115780000 | 11110800000 | 11112280000 | 11114810000 | 11113060000 | 11114900000 | 11113810000 | 11112980000 | 11116820000 | 11114320000 | 11116420000 | 11113210000 | 11112470000 | 11077080000 | 11079790000 | 11080570000 | 11081360000 | 11079980000 | 11080080000 | 11079820000 | 11080420000 | 11081510000 | 11061640000 | 11068910000 | 11082750000 | 11088150000 | 11029610000 |
|              PWR_PKG_ENERGY              |   PWR0  |    240.1459 |           0 |           0 |           0 |           0 |           0 |           0 |           0 |           0 |           0 |           0 |           0 |           0 |           0 |    246.8212 |           0 |           0 |           0 |           0 |           0 |           0 |           0 |           0 |           0 |           0 |           0 |           0 |           0 |
|              PWR_DRAM_ENERGY             |   PWR3  |     29.2026 |           0 |           0 |           0 |           0 |           0 |           0 |           0 |           0 |           0 |           0 |           0 |           0 |           0 |     29.1233 |           0 |           0 |           0 |           0 |           0 |           0 |           0 |           0 |           0 |           0 |           0 |           0 |           0 |
| FP_ARITH_INST_RETIRED_128B_PACKED_DOUBLE |   PMC0  |       65560 |           0 |           0 |           0 |           0 |           0 |           0 |           0 |           0 |           0 |           0 |           0 |           0 |           0 |           0 |           0 |           0 |           0 |           0 |           0 |           0 |           0 |           0 |           0 |           0 |           0 |           0 |           0 |
|    FP_ARITH_INST_RETIRED_SCALAR_DOUBLE   |   PMC1  |  2290609000 |  2336405000 |  2374372000 |  2391807000 |  2347939000 |  2318185000 |  2316561000 |  2296873000 |  2288736000 |  2297298000 |  2296592000 |  2270643000 |  2245464000 |  2229623000 |  2232108000 |  2232571000 |  2236151000 |  2262290000 |  2261493000 |  2253183000 |  2252127000 |  2264227000 |  2269939000 |  2301013000 |  2320487000 |  2272440000 |  2237566000 |  2220310000 |
| FP_ARITH_INST_RETIRED_256B_PACKED_DOUBLE |   PMC2  |       83556 |           0 |           0 |           0 |           0 |           0 |           0 |           0 |           0 |           0 |           0 |           0 |           0 |           0 |           0 |           0 |           0 |           0 |           0 |           0 |           0 |           0 |           0 |           0 |           0 |           0 |           0 |           0 |
| FP_ARITH_INST_RETIRED_512B_PACKED_DOUBLE |   PMC3  |      417868 |           0 |           0 |           0 |           0 |           0 |           0 |           0 |           0 |           0 |           0 |           0 |           0 |           0 |           0 |           0 |           0 |           0 |           0 |           0 |           0 |           0 |           0 |           0 |           0 |           0 |           0 |           0 |
|               CAS_COUNT_RD               | MBOX0C0 |    64764560 |           0 |           0 |           0 |           0 |           0 |           0 |           0 |           0 |           0 |           0 |           0 |           0 |           0 |    66228720 |           0 |           0 |           0 |           0 |           0 |           0 |           0 |           0 |           0 |           0 |           0 |           0 |           0 |
|               CAS_COUNT_WR               | MBOX0C1 |    18070740 |           0 |           0 |           0 |           0 |           0 |           0 |           0 |           0 |           0 |           0 |           0 |           0 |           0 |    17697960 |           0 |           0 |           0 |           0 |           0 |           0 |           0 |           0 |           0 |           0 |           0 |           0 |           0 |
|               CAS_COUNT_RD               | MBOX1C0 |    64671300 |           0 |           0 |           0 |           0 |           0 |           0 |           0 |           0 |           0 |           0 |           0 |           0 |           0 |    66241330 |           0 |           0 |           0 |           0 |           0 |           0 |           0 |           0 |           0 |           0 |           0 |           0 |           0 |
|               CAS_COUNT_WR               | MBOX1C1 |    18003730 |           0 |           0 |           0 |           0 |           0 |           0 |           0 |           0 |           0 |           0 |           0 |           0 |           0 |    17691120 |           0 |           0 |           0 |           0 |           0 |           0 |           0 |           0 |           0 |           0 |           0 |           0 |           0 |
|               CAS_COUNT_RD               | MBOX2C0 |    64539260 |           0 |           0 |           0 |           0 |           0 |           0 |           0 |           0 |           0 |           0 |           0 |           0 |           0 |    66266080 |           0 |           0 |           0 |           0 |           0 |           0 |           0 |           0 |           0 |           0 |           0 |           0 |           0 |
|               CAS_COUNT_WR               | MBOX2C1 |    17893900 |           0 |           0 |           0 |           0 |           0 |           0 |           0 |           0 |           0 |           0 |           0 |           0 |           0 |    17695790 |           0 |           0 |           0 |           0 |           0 |           0 |           0 |           0 |           0 |           0 |           0 |           0 |           0 |
|               CAS_COUNT_RD               | MBOX3C0 |    64214690 |           0 |           0 |           0 |           0 |           0 |           0 |           0 |           0 |           0 |           0 |           0 |           0 |           0 |    65707250 |           0 |           0 |           0 |           0 |           0 |           0 |           0 |           0 |           0 |           0 |           0 |           0 |           0 |
|               CAS_COUNT_WR               | MBOX3C1 |    17689960 |           0 |           0 |           0 |           0 |           0 |           0 |           0 |           0 |           0 |           0 |           0 |           0 |           0 |    17542920 |           0 |           0 |           0 |           0 |           0 |           0 |           0 |           0 |           0 |           0 |           0 |           0 |           0 |
|               CAS_COUNT_RD               | MBOX4C0 |    64378030 |           0 |           0 |           0 |           0 |           0 |           0 |           0 |           0 |           0 |           0 |           0 |           0 |           0 |    65631900 |           0 |           0 |           0 |           0 |           0 |           0 |           0 |           0 |           0 |           0 |           0 |           0 |           0 |
|               CAS_COUNT_WR               | MBOX4C1 |    17819560 |           0 |           0 |           0 |           0 |           0 |           0 |           0 |           0 |           0 |           0 |           0 |           0 |           0 |    17472720 |           0 |           0 |           0 |           0 |           0 |           0 |           0 |           0 |           0 |           0 |           0 |           0 |           0 |
|               CAS_COUNT_RD               | MBOX5C0 |    64195600 |           0 |           0 |           0 |           0 |           0 |           0 |           0 |           0 |           0 |           0 |           0 |           0 |           0 |    65668820 |           0 |           0 |           0 |           0 |           0 |           0 |           0 |           0 |           0 |           0 |           0 |           0 |           0 |
|               CAS_COUNT_WR               | MBOX5C1 |    17671660 |           0 |           0 |           0 |           0 |           0 |           0 |           0 |           0 |           0 |           0 |           0 |           0 |           0 |    17517600 |           0 |           0 |           0 |           0 |           0 |           0 |           0 |           0 |           0 |           0 |           0 |           0 |           0 |
+------------------------------------------+---------+-------------+-------------+-------------+-------------+-------------+-------------+-------------+-------------+-------------+-------------+-------------+-------------+-------------+-------------+-------------+-------------+-------------+-------------+-------------+-------------+-------------+-------------+-------------+-------------+-------------+-------------+-------------+-------------+
+-----------------------------------------------+---------+--------------+------------+-------------+--------------+
|                     Event                     | Counter |      Sum     |     Min    |     Max     |      Avg     |
+-----------------------------------------------+---------+--------------+------------+-------------+--------------+
|             INSTR_RETIRED_ANY STAT            |  FIXC0  | 244524784000 | 8427761000 | 11058780000 |   8733028000 |
|           CPU_CLK_UNHALTED_CORE STAT          |  FIXC1  | 223909112000 | 5019424000 |  8123827000 |   7996754000 |
|           CPU_CLK_UNHALTED_REF STAT           |  FIXC2  | 306403185000 | 6869855000 | 11116820000 | 1.094297e+10 |
|              PWR_PKG_ENERGY STAT              |   PWR0  |     486.9671 |          0 |    246.8212 |      17.3917 |
|              PWR_DRAM_ENERGY STAT             |   PWR3  |      58.3259 |          0 |     29.2026 |       2.0831 |
| FP_ARITH_INST_RETIRED_128B_PACKED_DOUBLE STAT |   PMC0  |        65560 |          0 |       65560 |    2341.4286 |
|    FP_ARITH_INST_RETIRED_SCALAR_DOUBLE STAT   |   PMC1  |  63917012000 | 2220310000 |  2391807000 | 2.282750e+09 |
| FP_ARITH_INST_RETIRED_256B_PACKED_DOUBLE STAT |   PMC2  |        83556 |          0 |       83556 |    2984.1429 |
| FP_ARITH_INST_RETIRED_512B_PACKED_DOUBLE STAT |   PMC3  |       417868 |          0 |      417868 |   14923.8571 |
|               CAS_COUNT_RD STAT               | MBOX0C0 |    130993280 |          0 |    66228720 | 4.678331e+06 |
|               CAS_COUNT_WR STAT               | MBOX0C1 |     35768700 |          0 |    18070740 | 1.277454e+06 |
|               CAS_COUNT_RD STAT               | MBOX1C0 |    130912630 |          0 |    66241330 | 4.675451e+06 |
|               CAS_COUNT_WR STAT               | MBOX1C1 |     35694850 |          0 |    18003730 | 1.274816e+06 |
|               CAS_COUNT_RD STAT               | MBOX2C0 |    130805340 |          0 |    66266080 | 4.671619e+06 |
|               CAS_COUNT_WR STAT               | MBOX2C1 |     35589690 |          0 |    17893900 | 1.271060e+06 |
|               CAS_COUNT_RD STAT               | MBOX3C0 |    129921940 |          0 |    65707250 | 4.640069e+06 |
|               CAS_COUNT_WR STAT               | MBOX3C1 |     35232880 |          0 |    17689960 | 1.258317e+06 |
|               CAS_COUNT_RD STAT               | MBOX4C0 |    130009930 |          0 |    65631900 | 4.643212e+06 |
|               CAS_COUNT_WR STAT               | MBOX4C1 |     35292280 |          0 |    17819560 | 1.260439e+06 |
|               CAS_COUNT_RD STAT               | MBOX5C0 |    129864420 |          0 |    65668820 |      4638015 |
|               CAS_COUNT_WR STAT               | MBOX5C1 |     35189260 |          0 |    17671660 | 1.256759e+06 |
+-----------------------------------------------+---------+--------------+------------+-------------+--------------+
+-----------------------------------+-----------+-----------+-----------+-----------+-----------+-----------+-----------+-----------+-----------+-----------+-----------+-----------+-----------+-----------+-----------+-----------+-----------+-----------+-----------+-----------+-----------+-----------+-----------+-----------+-----------+-----------+-----------+-----------+
|               Metric              |   Core 0  |   Core 1  |   Core 2  |   Core 3  |   Core 4  |   Core 5  |   Core 6  |   Core 7  |   Core 8  |   Core 9  |  Core 10  |  Core 11  |  Core 12  |  Core 13  |  Core 14  |  Core 15  |  Core 16  |  Core 17  |  Core 18  |  Core 19  |  Core 20  |  Core 21  |  Core 22  |  Core 23  |  Core 24  |  Core 25  |  Core 26  |  Core 27  |
+-----------------------------------+-----------+-----------+-----------+-----------+-----------+-----------+-----------+-----------+-----------+-----------+-----------+-----------+-----------+-----------+-----------+-----------+-----------+-----------+-----------+-----------+-----------+-----------+-----------+-----------+-----------+-----------+-----------+-----------+
|        Runtime (RDTSC) [s]        |    4.3230 |    4.3240 |    4.3240 |    4.3240 |    4.3240 |    4.3240 |    4.3240 |    4.3240 |    4.3240 |    4.3240 |    4.3240 |    4.3240 |    4.3240 |    4.3241 |    4.3230 |    4.3240 |    4.3240 |    4.3240 |    4.3240 |    4.3240 |    4.3240 |    4.3240 |    4.3240 |    4.3240 |    4.3240 |    4.3240 |    4.3240 |    4.3240 |
|        Runtime unhalted [s]       |    1.9352 |    3.1318 |    3.1304 |    3.1308 |    3.1315 |    3.1310 |    3.1315 |    3.1312 |    3.1310 |    3.1321 |    3.1313 |    3.1319 |    3.1310 |    3.1308 |    3.1209 |    3.1216 |    3.1218 |    3.1221 |    3.1217 |    3.1217 |    3.1216 |    3.1218 |    3.1221 |    3.1165 |    3.1186 |    3.1225 |    3.1240 |    3.1075 |
|            Clock [MHz]            | 1895.1251 | 1895.4466 | 1895.4457 | 1895.4479 | 1895.4470 | 1895.4475 | 1895.4480 | 1895.4479 | 1895.4485 | 1895.4471 | 1895.4459 | 1895.4464 | 1895.4466 | 1895.4466 | 1895.4479 | 1895.4464 | 1895.4467 | 1895.4487 | 1895.4477 | 1895.4467 | 1895.4474 | 1895.4487 | 1895.4488 | 1895.4468 | 1895.4462 | 1895.4471 | 1895.4471 | 1895.4493 |
|                CPI                |    0.4539 |    0.9169 |    0.9115 |    0.9094 |    0.9196 |    0.9246 |    0.9248 |    0.9329 |    0.9363 |    0.9331 |    0.9306 |    0.9332 |    0.9391 |    0.9478 |    0.9442 |    0.9423 |    0.9472 |    0.9449 |    0.9474 |    0.9509 |    0.9515 |    0.9464 |    0.9456 |    0.9384 |    0.9372 |    0.9513 |    0.9564 |    0.9564 |
|             Energy [J]            |  240.1459 |         0 |         0 |         0 |         0 |         0 |         0 |         0 |         0 |         0 |         0 |         0 |         0 |         0 |  246.8212 |         0 |         0 |         0 |         0 |         0 |         0 |         0 |         0 |         0 |         0 |         0 |         0 |         0 |
|             Power [W]             |   55.5509 |         0 |         0 |         0 |         0 |         0 |         0 |         0 |         0 |         0 |         0 |         0 |         0 |         0 |   57.0953 |         0 |         0 |         0 |         0 |         0 |         0 |         0 |         0 |         0 |         0 |         0 |         0 |         0 |
|          Energy DRAM [J]          |   29.2026 |         0 |         0 |         0 |         0 |         0 |         0 |         0 |         0 |         0 |         0 |         0 |         0 |         0 |   29.1233 |         0 |         0 |         0 |         0 |         0 |         0 |         0 |         0 |         0 |         0 |         0 |         0 |         0 |
|           Power DRAM [W]          |    6.7552 |         0 |         0 |         0 |         0 |         0 |         0 |         0 |         0 |         0 |         0 |         0 |         0 |         0 |    6.7369 |         0 |         0 |         0 |         0 |         0 |         0 |         0 |         0 |         0 |         0 |         0 |         0 |         0 |
|            DP [MFLOP/s]           |  530.7480 |  540.3296 |  549.1101 |  553.1429 |  542.9960 |  536.1168 |  535.7403 |  531.1867 |  529.3054 |  531.2852 |  531.1216 |  525.1207 |  519.2975 |  515.6327 |  516.3368 |  516.3168 |  517.1445 |  523.1903 |  523.0042 |  521.0833 |  520.8395 |  523.6384 |  524.9588 |  532.1450 |  536.6484 |  525.5358 |  517.4701 |  513.4793 |
|          AVX DP [MFLOP/s]         |    0.8506 |         0 |         0 |         0 |         0 |         0 |         0 |         0 |         0 |         0 |         0 |         0 |         0 |         0 |         0 |         0 |         0 |         0 |         0 |         0 |         0 |         0 |         0 |         0 |         0 |         0 |         0 |         0 |
|          Packed [MUOPS/s]         |    0.1312 |         0 |         0 |         0 |         0 |         0 |         0 |         0 |         0 |         0 |         0 |         0 |         0 |         0 |         0 |         0 |         0 |         0 |         0 |         0 |         0 |         0 |         0 |         0 |         0 |         0 |         0 |         0 |
|          Scalar [MUOPS/s]         |  529.8671 |  540.3296 |  549.1101 |  553.1429 |  542.9960 |  536.1168 |  535.7403 |  531.1867 |  529.3054 |  531.2852 |  531.1216 |  525.1207 |  519.2975 |  515.6327 |  516.3368 |  516.3168 |  517.1445 |  523.1903 |  523.0042 |  521.0833 |  520.8395 |  523.6384 |  524.9588 |  532.1450 |  536.6484 |  525.5358 |  517.4701 |  513.4793 |
|  Memory read bandwidth [MBytes/s] | 5725.8683 |         0 |         0 |         0 |         0 |         0 |         0 |         0 |         0 |         0 |         0 |         0 |         0 |         0 | 5858.8490 |         0 |         0 |         0 |         0 |         0 |         0 |         0 |         0 |         0 |         0 |         0 |         0 |         0 |
|  Memory read data volume [GBytes] |   24.7529 |         0 |         0 |         0 |         0 |         0 |         0 |         0 |         0 |         0 |         0 |         0 |         0 |         0 |   25.3276 |         0 |         0 |         0 |         0 |         0 |         0 |         0 |         0 |         0 |         0 |         0 |         0 |         0 |
| Memory write bandwidth [MBytes/s] | 1586.3035 |         0 |         0 |         0 |         0 |         0 |         0 |         0 |         0 |         0 |         0 |         0 |         0 |         0 | 1563.6381 |         0 |         0 |         0 |         0 |         0 |         0 |         0 |         0 |         0 |         0 |         0 |         0 |         0 |
| Memory write data volume [GBytes] |    6.8576 |         0 |         0 |         0 |         0 |         0 |         0 |         0 |         0 |         0 |         0 |         0 |         0 |         0 |    6.7596 |         0 |         0 |         0 |         0 |         0 |         0 |         0 |         0 |         0 |         0 |         0 |         0 |         0 |
|    Memory bandwidth [MBytes/s]    | 7312.1719 |         0 |         0 |         0 |         0 |         0 |         0 |         0 |         0 |         0 |         0 |         0 |         0 |         0 | 7422.4871 |         0 |         0 |         0 |         0 |         0 |         0 |         0 |         0 |         0 |         0 |         0 |         0 |         0 |
|    Memory data volume [GBytes]    |   31.6104 |         0 |         0 |         0 |         0 |         0 |         0 |         0 |         0 |         0 |         0 |         0 |         0 |         0 |   32.0872 |         0 |         0 |         0 |         0 |         0 |         0 |         0 |         0 |         0 |         0 |         0 |         0 |         0 |
|       Operational intensity       |    0.0726 |    0.0739 |    0.0751 |    0.0757 |    0.0743 |    0.0733 |    0.0733 |    0.0727 |    0.0724 |    0.0727 |    0.0727 |    0.0718 |    0.0710 |    0.0705 |    0.0696 |    0.0696 |    0.0697 |    0.0705 |    0.0705 |    0.0702 |    0.0702 |    0.0706 |    0.0707 |    0.0717 |    0.0723 |    0.0708 |    0.0697 |    0.0692 |
+-----------------------------------+-----------+-----------+-----------+-----------+-----------+-----------+-----------+-----------+-----------+-----------+-----------+-----------+-----------+-----------+-----------+-----------+-----------+-----------+-----------+-----------+-----------+-----------+-----------+-----------+-----------+-----------+-----------+-----------+
+----------------------------------------+------------+-----------+-----------+-----------+
|                 Metric                 |     Sum    |    Min    |    Max    |    Avg    |
+----------------------------------------+------------+-----------+-----------+-----------+
|        Runtime (RDTSC) [s] STAT        |   121.0701 |    4.3230 |    4.3241 |    4.3239 |
|        Runtime unhalted [s] STAT       |    86.3259 |    1.9352 |    3.1321 |    3.0831 |
|            Clock [MHz] STAT            | 53072.2023 | 1895.1251 | 1895.4493 | 1895.4358 |
|                CPI STAT                |    25.7738 |    0.4539 |    0.9564 |    0.9205 |
|             Energy [J] STAT            |   486.9671 |         0 |  246.8212 |   17.3917 |
|             Power [W] STAT             |   112.6462 |         0 |   57.0953 |    4.0231 |
|          Energy DRAM [J] STAT          |    58.3259 |         0 |   29.2026 |    2.0831 |
|           Power DRAM [W] STAT          |    13.4921 |         0 |    6.7552 |    0.4819 |
|            DP [MFLOP/s] STAT           | 14782.9247 |  513.4793 |  553.1429 |  527.9616 |
|          AVX DP [MFLOP/s] STAT         |     0.8506 |         0 |    0.8506 |    0.0304 |
|          Packed [MUOPS/s] STAT         |     0.1312 |         0 |    0.1312 |    0.0047 |
|          Scalar [MUOPS/s] STAT         | 14782.0438 |  513.4793 |  553.1429 |  527.9301 |
|  Memory read bandwidth [MBytes/s] STAT | 11584.7173 |         0 | 5858.8490 |  413.7399 |
|  Memory read data volume [GBytes] STAT |    50.0805 |         0 |   25.3276 |    1.7886 |
| Memory write bandwidth [MBytes/s] STAT |  3149.9416 |         0 | 1586.3035 |  112.4979 |
| Memory write data volume [GBytes] STAT |    13.6172 |         0 |    6.8576 |    0.4863 |
|    Memory bandwidth [MBytes/s] STAT    | 14734.6590 |         0 | 7422.4871 |  526.2378 |
|    Memory data volume [GBytes] STAT    |    63.6976 |         0 |   32.0872 |    2.2749 |
|       Operational intensity STAT       |     2.0073 |    0.0692 |    0.0757 |    0.0717 |
+----------------------------------------+------------+-----------+-----------+-----------+
