--------------------------------------------------------------------------------
CPU name:	Intel(R) Xeon(R) Gold 6132 CPU @ 2.60GHz
CPU type:	Intel Skylake SP processor
CPU clock:	2.59 GHz
--------------------------------------------------------------------------------
Region Setup, Group 1: MEM_DP
+-------------------+----------+----------+----------+----------+----------+----------+----------+----------+----------+----------+----------+----------+----------+----------+----------+----------+----------+----------+----------+----------+----------+----------+----------+----------+----------+----------+----------+----------+----------+----------+----------+----------+
|    Region Info    |  Core 0  |  Core 1  |  Core 2  |  Core 3  |  Core 4  |  Core 5  |  Core 6  |  Core 7  |  Core 8  |  Core 9  |  Core 10 |  Core 11 |  Core 12 |  Core 13 |  Core 14 |  Core 15 |  Core 16 |  Core 17 |  Core 18 |  Core 19 |  Core 20 |  Core 21 |  Core 22 |  Core 23 |  Core 24 |  Core 25 |  Core 26 |  Core 27 |  Core 28 |  Core 29 |  Core 30 |  Core 31 |
+-------------------+----------+----------+----------+----------+----------+----------+----------+----------+----------+----------+----------+----------+----------+----------+----------+----------+----------+----------+----------+----------+----------+----------+----------+----------+----------+----------+----------+----------+----------+----------+----------+----------+
| RDTSC Runtime [s] | 0.440774 | 0.444181 | 0.444180 | 0.444186 | 0.444118 | 0.444120 | 0.444102 | 0.444152 | 0.444155 | 0.444106 | 0.444098 | 0.444063 | 0.444118 | 0.444086 | 0.440655 | 0.444169 | 0.444106 | 0.444154 | 0.444136 | 0.444080 | 0.444170 | 0.444061 | 0.444117 | 0.444102 | 0.444099 | 0.444140 | 0.444138 | 0.444195 | 0.440661 | 0.444061 | 0.444072 | 0.444123 |
|     call count    |        2 |        2 |        2 |        2 |        2 |        2 |        2 |        2 |        2 |        2 |        2 |        2 |        2 |        2 |        2 |        2 |        2 |        2 |        2 |        2 |        2 |        2 |        2 |        2 |        2 |        2 |        2 |        2 |        2 |        2 |        2 |        2 |
+-------------------+----------+----------+----------+----------+----------+----------+----------+----------+----------+----------+----------+----------+----------+----------+----------+----------+----------+----------+----------+----------+----------+----------+----------+----------+----------+----------+----------+----------+----------+----------+----------+----------+
+------------------------------------------+---------+-----------+-----------+-----------+-----------+-----------+-----------+-----------+-----------+-----------+-----------+-----------+-----------+-----------+-----------+-----------+-----------+-----------+-----------+-----------+-----------+-----------+-----------+-----------+-----------+-----------+-----------+-----------+-----------+-----------+-----------+-----------+-----------+
|                   Event                  | Counter |   Core 0  |   Core 1  |   Core 2  |   Core 3  |   Core 4  |   Core 5  |   Core 6  |   Core 7  |   Core 8  |   Core 9  |  Core 10  |  Core 11  |  Core 12  |  Core 13  |  Core 14  |  Core 15  |  Core 16  |  Core 17  |  Core 18  |  Core 19  |  Core 20  |  Core 21  |  Core 22  |  Core 23  |  Core 24  |  Core 25  |  Core 26  |  Core 27  |  Core 28  |  Core 29  |  Core 30  |  Core 31  |
+------------------------------------------+---------+-----------+-----------+-----------+-----------+-----------+-----------+-----------+-----------+-----------+-----------+-----------+-----------+-----------+-----------+-----------+-----------+-----------+-----------+-----------+-----------+-----------+-----------+-----------+-----------+-----------+-----------+-----------+-----------+-----------+-----------+-----------+-----------+
|             INSTR_RETIRED_ANY            |  FIXC0  | 273005200 |  80605140 |  79808620 |  79852040 |  79331690 |  79498620 |  79840870 |  80008760 |  79705110 |  79536680 |  79201670 |  79797540 |  79804920 |  80537540 |  76545100 |  76061610 |  75947280 |  76027660 |  75733520 |  75490570 |  75480610 |  75800670 |  75562640 |  75461000 |  76407510 |  76515600 |  77014920 |  75368100 |  75573060 |  76195200 |  75926490 |  75466440 |
|           CPU_CLK_UNHALTED_CORE          |  FIXC1  | 259634100 | 346418300 | 330452800 | 331097000 | 320629000 | 324134800 | 331219200 | 335186700 | 328813800 | 325110000 | 318068800 | 330545200 | 330894100 | 346804100 | 268538500 | 258259200 | 262492100 | 266445800 | 260442300 | 255213500 | 255121800 | 261656600 | 256806100 | 254701500 | 274588200 | 277807500 | 288397700 | 253776800 | 255528900 | 268363100 | 262825700 | 253966400 |
|           CPU_CLK_UNHALTED_REF           |  FIXC2  | 355210200 | 474095600 | 452218200 | 453092100 | 438784500 | 443558500 | 453262200 | 458705500 | 449968700 | 444902400 | 435271100 | 452346500 | 452838800 | 474601600 | 367921500 | 353862700 | 359669100 | 365075900 | 356869900 | 349687800 | 349623700 | 358513900 | 351878800 | 348994800 | 376272100 | 380611100 | 395118400 | 347774600 | 350220900 | 367735600 | 360580300 | 348063900 |
|              PWR_PKG_ENERGY              |   PWR0  |   18.5165 |         0 |         0 |         0 |         0 |         0 |         0 |         0 |         0 |         0 |         0 |         0 |         0 |         0 |   18.7971 |         0 |         0 |         0 |         0 |         0 |         0 |         0 |         0 |         0 |         0 |         0 |         0 |         0 |   14.9091 |         0 |         0 |         0 |
|              PWR_DRAM_ENERGY             |   PWR3  |    2.2962 |         0 |         0 |         0 |         0 |         0 |         0 |         0 |         0 |         0 |         0 |         0 |         0 |         0 |    1.7329 |         0 |         0 |         0 |         0 |         0 |         0 |         0 |         0 |         0 |         0 |         0 |         0 |         0 |    1.4240 |         0 |         0 |         0 |
| FP_ARITH_INST_RETIRED_128B_PACKED_DOUBLE |   PMC0  |     23000 |         0 |         0 |         0 |         0 |         0 |         0 |         0 |         0 |         0 |         0 |         0 |         0 |         0 |         0 |         0 |         0 |         0 |         0 |         0 |         0 |         0 |         0 |         0 |         0 |         0 |         0 |         0 |         0 |         0 |         0 |         0 |
|    FP_ARITH_INST_RETIRED_SCALAR_DOUBLE   |   PMC1  |  25868510 |  16796820 |  16796920 |  16796970 |  16796090 |  16796210 |  16796220 |  16794050 |  16794150 |  16794380 |  16794420 |  16794470 |  16794820 |  16791490 |  16791360 |  16791180 |  16790380 |  16775910 |  16775910 |  16775910 |  16776170 |  16776290 |  16776390 |  16776240 |  16776230 |  16769320 |  16769320 |  16769320 |  16769320 |  16769320 |  16769320 |  16769070 |
| FP_ARITH_INST_RETIRED_256B_PACKED_DOUBLE |   PMC2  |     15090 |         0 |         0 |         0 |         0 |         0 |         0 |         0 |         0 |         0 |         0 |         0 |         0 |         0 |         0 |         0 |         0 |         0 |         0 |         0 |         0 |         0 |         0 |         0 |         0 |         0 |         0 |         0 |         0 |         0 |         0 |         0 |
| FP_ARITH_INST_RETIRED_512B_PACKED_DOUBLE |   PMC3  |    141851 |         0 |         0 |         0 |         0 |         0 |         0 |         0 |         0 |         0 |         0 |         0 |         0 |         0 |         0 |         0 |         0 |         0 |         0 |         0 |         0 |         0 |         0 |         0 |         0 |         0 |         0 |         0 |         0 |         0 |         0 |         0 |
|               CAS_COUNT_RD               | MBOX0C0 |   1450259 |         0 |         0 |         0 |         0 |         0 |         0 |         0 |         0 |         0 |         0 |         0 |         0 |         0 |    259851 |         0 |         0 |         0 |         0 |         0 |         0 |         0 |         0 |         0 |         0 |         0 |         0 |         0 |     45913 |         0 |         0 |         0 |
|               CAS_COUNT_WR               | MBOX0C1 |   1816011 |         0 |         0 |         0 |         0 |         0 |         0 |         0 |         0 |         0 |         0 |         0 |         0 |         0 |    385593 |         0 |         0 |         0 |         0 |         0 |         0 |         0 |         0 |         0 |         0 |         0 |         0 |         0 |     72429 |         0 |         0 |         0 |
|               CAS_COUNT_RD               | MBOX1C0 |   1144575 |         0 |         0 |         0 |         0 |         0 |         0 |         0 |         0 |         0 |         0 |         0 |         0 |         0 |    217964 |         0 |         0 |         0 |         0 |         0 |         0 |         0 |         0 |         0 |         0 |         0 |         0 |         0 |     46186 |         0 |         0 |         0 |
|               CAS_COUNT_WR               | MBOX1C1 |   1586521 |         0 |         0 |         0 |         0 |         0 |         0 |         0 |         0 |         0 |         0 |         0 |         0 |         0 |    335685 |         0 |         0 |         0 |         0 |         0 |         0 |         0 |         0 |         0 |         0 |         0 |         0 |         0 |     73198 |         0 |         0 |         0 |
|               CAS_COUNT_RD               | MBOX2C0 |   1092430 |         0 |         0 |         0 |         0 |         0 |         0 |         0 |         0 |         0 |         0 |         0 |         0 |         0 |    178043 |         0 |         0 |         0 |         0 |         0 |         0 |         0 |         0 |         0 |         0 |         0 |         0 |         0 |     49650 |         0 |         0 |         0 |
|               CAS_COUNT_WR               | MBOX2C1 |   1562957 |         0 |         0 |         0 |         0 |         0 |         0 |         0 |         0 |         0 |         0 |         0 |         0 |         0 |    290669 |         0 |         0 |         0 |         0 |         0 |         0 |         0 |         0 |         0 |         0 |         0 |         0 |         0 |     78848 |         0 |         0 |         0 |
|               CAS_COUNT_RD               | MBOX3C0 |   1002885 |         0 |         0 |         0 |         0 |         0 |         0 |         0 |         0 |         0 |         0 |         0 |         0 |         0 |    135667 |         0 |         0 |         0 |         0 |         0 |         0 |         0 |         0 |         0 |         0 |         0 |         0 |         0 |     31792 |         0 |         0 |         0 |
|               CAS_COUNT_WR               | MBOX3C1 |   1497312 |         0 |         0 |         0 |         0 |         0 |         0 |         0 |         0 |         0 |         0 |         0 |         0 |         0 |    260389 |         0 |         0 |         0 |         0 |         0 |         0 |         0 |         0 |         0 |         0 |         0 |         0 |         0 |     61976 |         0 |         0 |         0 |
|               CAS_COUNT_RD               | MBOX4C0 |   1163456 |         0 |         0 |         0 |         0 |         0 |         0 |         0 |         0 |         0 |         0 |         0 |         0 |         0 |    368450 |         0 |         0 |         0 |         0 |         0 |         0 |         0 |         0 |         0 |         0 |         0 |         0 |         0 |     33378 |         0 |         0 |         0 |
|               CAS_COUNT_WR               | MBOX4C1 |   1513629 |         0 |         0 |         0 |         0 |         0 |         0 |         0 |         0 |         0 |         0 |         0 |         0 |         0 |    578797 |         0 |         0 |         0 |         0 |         0 |         0 |         0 |         0 |         0 |         0 |         0 |         0 |         0 |     63609 |         0 |         0 |         0 |
|               CAS_COUNT_RD               | MBOX5C0 |    994843 |         0 |         0 |         0 |         0 |         0 |         0 |         0 |         0 |         0 |         0 |         0 |         0 |         0 |    259745 |         0 |         0 |         0 |         0 |         0 |         0 |         0 |         0 |         0 |         0 |         0 |         0 |         0 |     32897 |         0 |         0 |         0 |
|               CAS_COUNT_WR               | MBOX5C1 |   1480874 |         0 |         0 |         0 |         0 |         0 |         0 |         0 |         0 |         0 |         0 |         0 |         0 |         0 |    427625 |         0 |         0 |         0 |         0 |         0 |         0 |         0 |         0 |         0 |         0 |         0 |         0 |         0 |     63312 |         0 |         0 |         0 |
+------------------------------------------+---------+-----------+-----------+-----------+-----------+-----------+-----------+-----------+-----------+-----------+-----------+-----------+-----------+-----------+-----------+-----------+-----------+-----------+-----------+-----------+-----------+-----------+-----------+-----------+-----------+-----------+-----------+-----------+-----------+-----------+-----------+-----------+-----------+
+-----------------------------------------------+---------+-------------+-----------+-----------+--------------+
|                     Event                     | Counter |     Sum     |    Min    |    Max    |      Avg     |
+-----------------------------------------------+---------+-------------+-----------+-----------+--------------+
|             INSTR_RETIRED_ANY STAT            |  FIXC0  |  2677112380 |  75368100 | 273005200 | 8.365976e+07 |
|           CPU_CLK_UNHALTED_CORE STAT          |  FIXC1  |  9293939600 | 253776800 | 346804100 | 2.904356e+08 |
|           CPU_CLK_UNHALTED_REF STAT           |  FIXC2  | 12727330900 | 347774600 | 474601600 | 3.977291e+08 |
|              PWR_PKG_ENERGY STAT              |   PWR0  |     52.2227 |         0 |   18.7971 |       1.6320 |
|              PWR_DRAM_ENERGY STAT             |   PWR3  |      5.4531 |         0 |    2.2962 |       0.1704 |
| FP_ARITH_INST_RETIRED_128B_PACKED_DOUBLE STAT |   PMC0  |       23000 |         0 |     23000 |     718.7500 |
|    FP_ARITH_INST_RETIRED_SCALAR_DOUBLE STAT   |   PMC1  |   546172480 |  16769070 |  25868510 |     17067890 |
| FP_ARITH_INST_RETIRED_256B_PACKED_DOUBLE STAT |   PMC2  |       15090 |         0 |     15090 |     471.5625 |
| FP_ARITH_INST_RETIRED_512B_PACKED_DOUBLE STAT |   PMC3  |      141851 |         0 |    141851 |    4432.8438 |
|               CAS_COUNT_RD STAT               | MBOX0C0 |     1756023 |         0 |   1450259 |   54875.7188 |
|               CAS_COUNT_WR STAT               | MBOX0C1 |     2274033 |         0 |   1816011 |   71063.5312 |
|               CAS_COUNT_RD STAT               | MBOX1C0 |     1408725 |         0 |   1144575 |   44022.6562 |
|               CAS_COUNT_WR STAT               | MBOX1C1 |     1995404 |         0 |   1586521 |   62356.3750 |
|               CAS_COUNT_RD STAT               | MBOX2C0 |     1320123 |         0 |   1092430 |   41253.8438 |
|               CAS_COUNT_WR STAT               | MBOX2C1 |     1932474 |         0 |   1562957 |   60389.8125 |
|               CAS_COUNT_RD STAT               | MBOX3C0 |     1170344 |         0 |   1002885 |   36573.2500 |
|               CAS_COUNT_WR STAT               | MBOX3C1 |     1819677 |         0 |   1497312 |   56864.9062 |
|               CAS_COUNT_RD STAT               | MBOX4C0 |     1565284 |         0 |   1163456 |   48915.1250 |
|               CAS_COUNT_WR STAT               | MBOX4C1 |     2156035 |         0 |   1513629 |   67376.0938 |
|               CAS_COUNT_RD STAT               | MBOX5C0 |     1287485 |         0 |    994843 |   40233.9062 |
|               CAS_COUNT_WR STAT               | MBOX5C1 |     1971811 |         0 |   1480874 |   61619.0938 |
+-----------------------------------------------+---------+-------------+-----------+-----------+--------------+
+-----------------------------------+-----------+-----------+-----------+-----------+-----------+-----------+-----------+-----------+-----------+-----------+-----------+-----------+-----------+-----------+-----------+-----------+-----------+-----------+-----------+-----------+-----------+-----------+-----------+-----------+-----------+-----------+-----------+-----------+-----------+-----------+-----------+-----------+
|               Metric              |   Core 0  |   Core 1  |   Core 2  |   Core 3  |   Core 4  |   Core 5  |   Core 6  |   Core 7  |   Core 8  |   Core 9  |  Core 10  |  Core 11  |  Core 12  |  Core 13  |  Core 14  |  Core 15  |  Core 16  |  Core 17  |  Core 18  |  Core 19  |  Core 20  |  Core 21  |  Core 22  |  Core 23  |  Core 24  |  Core 25  |  Core 26  |  Core 27  |  Core 28  |  Core 29  |  Core 30  |  Core 31  |
+-----------------------------------+-----------+-----------+-----------+-----------+-----------+-----------+-----------+-----------+-----------+-----------+-----------+-----------+-----------+-----------+-----------+-----------+-----------+-----------+-----------+-----------+-----------+-----------+-----------+-----------+-----------+-----------+-----------+-----------+-----------+-----------+-----------+-----------+
|        Runtime (RDTSC) [s]        |    0.4408 |    0.4442 |    0.4442 |    0.4442 |    0.4441 |    0.4441 |    0.4441 |    0.4442 |    0.4442 |    0.4441 |    0.4441 |    0.4441 |    0.4441 |    0.4441 |    0.4407 |    0.4442 |    0.4441 |    0.4442 |    0.4441 |    0.4441 |    0.4442 |    0.4441 |    0.4441 |    0.4441 |    0.4441 |    0.4441 |    0.4441 |    0.4442 |    0.4407 |    0.4441 |    0.4441 |    0.4441 |
|        Runtime unhalted [s]       |    0.1001 |    0.1336 |    0.1274 |    0.1277 |    0.1236 |    0.1250 |    0.1277 |    0.1292 |    0.1268 |    0.1253 |    0.1226 |    0.1274 |    0.1276 |    0.1337 |    0.1035 |    0.0996 |    0.1012 |    0.1027 |    0.1004 |    0.0984 |    0.0984 |    0.1009 |    0.0990 |    0.0982 |    0.1059 |    0.1071 |    0.1112 |    0.0978 |    0.0985 |    0.1035 |    0.1013 |    0.0979 |
|            Clock [MHz]            | 1895.8676 | 1895.2505 | 1895.3661 | 1895.3982 | 1895.3230 | 1895.4244 | 1895.3862 | 1895.3287 | 1895.3937 | 1895.3843 | 1895.3654 | 1895.3583 | 1895.2963 | 1895.3383 | 1893.1416 | 1893.0092 | 1892.9747 | 1893.0297 | 1892.9246 | 1893.0186 | 1892.6853 | 1893.0296 | 1892.9709 | 1892.9723 | 1892.8298 | 1893.1901 | 1893.1989 | 1892.7174 | 1892.4729 | 1892.8615 | 1890.5908 | 1892.5571 |
|                CPI                |    0.9510 |    4.2977 |    4.1406 |    4.1464 |    4.0416 |    4.0772 |    4.1485 |    4.1894 |    4.1254 |    4.0875 |    4.0159 |    4.1423 |    4.1463 |    4.3061 |    3.5082 |    3.3954 |    3.4562 |    3.5046 |    3.4389 |    3.3807 |    3.3800 |    3.4519 |    3.3986 |    3.3753 |    3.5937 |    3.6307 |    3.7447 |    3.3672 |    3.3812 |    3.5220 |    3.4616 |    3.3653 |
|             Energy [J]            |   18.5165 |         0 |         0 |         0 |         0 |         0 |         0 |         0 |         0 |         0 |         0 |         0 |         0 |         0 |   18.7971 |         0 |         0 |         0 |         0 |         0 |         0 |         0 |         0 |         0 |         0 |         0 |         0 |         0 |   14.9091 |         0 |         0 |         0 |
|             Power [W]             |   42.0091 |         0 |         0 |         0 |         0 |         0 |         0 |         0 |         0 |         0 |         0 |         0 |         0 |         0 |   42.6572 |         0 |         0 |         0 |         0 |         0 |         0 |         0 |         0 |         0 |         0 |         0 |         0 |         0 |   33.8334 |         0 |         0 |         0 |
|          Energy DRAM [J]          |    2.2962 |         0 |         0 |         0 |         0 |         0 |         0 |         0 |         0 |         0 |         0 |         0 |         0 |         0 |    1.7329 |         0 |         0 |         0 |         0 |         0 |         0 |         0 |         0 |         0 |         0 |         0 |         0 |         0 |    1.4240 |         0 |         0 |         0 |
|           Power DRAM [W]          |    5.2095 |         0 |         0 |         0 |         0 |         0 |         0 |         0 |         0 |         0 |         0 |         0 |         0 |         0 |    3.9326 |         0 |         0 |         0 |         0 |         0 |         0 |         0 |         0 |         0 |         0 |         0 |         0 |         0 |    3.2316 |         0 |         0 |         0 |
|            DP [MFLOP/s]           |   61.5047 |   37.8152 |   37.8156 |   37.8152 |   37.8190 |   37.8191 |   37.8207 |   37.8115 |   37.8114 |   37.8162 |   37.8169 |   37.8200 |   37.8161 |   37.8114 |   38.1055 |   37.8035 |   37.8071 |   37.7705 |   37.7720 |   37.7768 |   37.7697 |   37.7792 |   37.7747 |   37.7756 |   37.7759 |   37.7568 |   37.7570 |   37.7521 |   38.0549 |   37.7635 |   37.7626 |   37.7577 |
|          AVX DP [MFLOP/s]         |    2.7115 |         0 |         0 |         0 |         0 |         0 |         0 |         0 |         0 |         0 |         0 |         0 |         0 |         0 |         0 |         0 |         0 |         0 |         0 |         0 |         0 |         0 |         0 |         0 |         0 |         0 |         0 |         0 |         0 |         0 |         0 |         0 |
|          Packed [MUOPS/s]         |    0.4082 |         0 |         0 |         0 |         0 |         0 |         0 |         0 |         0 |         0 |         0 |         0 |         0 |         0 |         0 |         0 |         0 |         0 |         0 |         0 |         0 |         0 |         0 |         0 |         0 |         0 |         0 |         0 |         0 |         0 |         0 |         0 |
|          Scalar [MUOPS/s]         |   58.6888 |   37.8152 |   37.8156 |   37.8152 |   37.8190 |   37.8191 |   37.8207 |   37.8115 |   37.8114 |   37.8162 |   37.8169 |   37.8200 |   37.8161 |   37.8114 |   38.1055 |   37.8035 |   37.8071 |   37.7705 |   37.7720 |   37.7768 |   37.7697 |   37.7792 |   37.7747 |   37.7756 |   37.7759 |   37.7568 |   37.7570 |   37.7521 |   38.0549 |   37.7635 |   37.7626 |   37.7577 |
|  Memory read bandwidth [MBytes/s] |  994.3884 |         0 |         0 |         0 |         0 |         0 |         0 |         0 |         0 |         0 |         0 |         0 |         0 |         0 |  206.1979 |         0 |         0 |         0 |         0 |         0 |         0 |         0 |         0 |         0 |         0 |         0 |         0 |         0 |   34.8300 |         0 |         0 |         0 |
|  Memory read data volume [GBytes] |    0.4383 |         0 |         0 |         0 |         0 |         0 |         0 |         0 |         0 |         0 |         0 |         0 |         0 |         0 |    0.0909 |         0 |         0 |         0 |         0 |         0 |         0 |         0 |         0 |         0 |         0 |         0 |         0 |         0 |    0.0153 |         0 |         0 |         0 |
| Memory write bandwidth [MBytes/s] | 1373.1920 |         0 |         0 |         0 |         0 |         0 |         0 |         0 |         0 |         0 |         0 |         0 |         0 |         0 |  330.9632 |         0 |         0 |         0 |         0 |         0 |         0 |         0 |         0 |         0 |         0 |         0 |         0 |         0 |   60.0366 |         0 |         0 |         0 |
| Memory write data volume [GBytes] |    0.6053 |         0 |         0 |         0 |         0 |         0 |         0 |         0 |         0 |         0 |         0 |         0 |         0 |         0 |    0.1458 |         0 |         0 |         0 |         0 |         0 |         0 |         0 |         0 |         0 |         0 |         0 |         0 |         0 |    0.0265 |         0 |         0 |         0 |
|    Memory bandwidth [MBytes/s]    | 2367.5804 |         0 |         0 |         0 |         0 |         0 |         0 |         0 |         0 |         0 |         0 |         0 |         0 |         0 |  537.1610 |         0 |         0 |         0 |         0 |         0 |         0 |         0 |         0 |         0 |         0 |         0 |         0 |         0 |   94.8666 |         0 |         0 |         0 |
|    Memory data volume [GBytes]    |    1.0436 |         0 |         0 |         0 |         0 |         0 |         0 |         0 |         0 |         0 |         0 |         0 |         0 |         0 |    0.2367 |         0 |         0 |         0 |         0 |         0 |         0 |         0 |         0 |         0 |         0 |         0 |         0 |         0 |    0.0418 |         0 |         0 |         0 |
|       Operational intensity       |    0.0260 |    0.0161 |    0.0161 |    0.0161 |    0.0161 |    0.0161 |    0.0161 |    0.0161 |    0.0161 |    0.0161 |    0.0161 |    0.0161 |    0.0161 |    0.0161 |    0.0709 |    0.0709 |    0.0709 |    0.0709 |    0.0709 |    0.0709 |    0.0709 |    0.0709 |    0.0709 |    0.0709 |    0.0709 |    0.0708 |    0.0708 |    0.0708 |    0.4011 |    0.4011 |    0.4011 |    0.4011 |
+-----------------------------------+-----------+-----------+-----------+-----------+-----------+-----------+-----------+-----------+-----------+-----------+-----------+-----------+-----------+-----------+-----------+-----------+-----------+-----------+-----------+-----------+-----------+-----------+-----------+-----------+-----------+-----------+-----------+-----------+-----------+-----------+-----------+-----------+
+----------------------------------------+------------+-----------+-----------+-----------+
|                 Metric                 |     Sum    |    Min    |    Max    |    Avg    |
+----------------------------------------+------------+-----------+-----------+-----------+
|        Runtime (RDTSC) [s] STAT        |    14.2020 |    0.4407 |    0.4442 |    0.4438 |
|        Runtime unhalted [s] STAT       |     3.5832 |    0.0978 |    0.1337 |    0.1120 |
|            Clock [MHz] STAT            | 60605.6560 | 1890.5908 | 1895.8676 | 1893.9267 |
|                CPI STAT                |   117.1721 |    0.9510 |    4.3061 |    3.6616 |
|             Energy [J] STAT            |    52.2227 |         0 |   18.7971 |    1.6320 |
|             Power [W] STAT             |   118.4997 |         0 |   42.6572 |    3.7031 |
|          Energy DRAM [J] STAT          |     5.4531 |         0 |    2.2962 |    0.1704 |
|           Power DRAM [W] STAT          |    12.3737 |         0 |    5.2095 |    0.3867 |
|            DP [MFLOP/s] STAT           |  1233.6281 |   37.7521 |   61.5047 |   38.5509 |
|          AVX DP [MFLOP/s] STAT         |     2.7115 |         0 |    2.7115 |    0.0847 |
|          Packed [MUOPS/s] STAT         |     0.4082 |         0 |    0.4082 |    0.0128 |
|          Scalar [MUOPS/s] STAT         |  1230.8122 |   37.7521 |   58.6888 |   38.4629 |
|  Memory read bandwidth [MBytes/s] STAT |  1235.4163 |         0 |  994.3884 |   38.6068 |
|  Memory read data volume [GBytes] STAT |     0.5445 |         0 |    0.4383 |    0.0170 |
| Memory write bandwidth [MBytes/s] STAT |  1764.1918 |         0 | 1373.1920 |   55.1310 |
| Memory write data volume [GBytes] STAT |     0.7776 |         0 |    0.6053 |    0.0243 |
|    Memory bandwidth [MBytes/s] STAT    |  2999.6080 |         0 | 2367.5804 |   93.7377 |
|    Memory data volume [GBytes] STAT    |     1.3221 |         0 |    1.0436 |    0.0413 |
|       Operational intensity STAT       |     2.8320 |    0.0161 |    0.4011 |    0.0885 |
+----------------------------------------+------------+-----------+-----------+-----------+
--------------------------------------------------------------------------------
CPU name:	Intel(R) Xeon(R) Gold 6132 CPU @ 2.60GHz
CPU type:	Intel Skylake SP processor
CPU clock:	2.59 GHz
--------------------------------------------------------------------------------
Region Solve, Group 1: MEM_DP
+-------------------+----------+----------+----------+----------+----------+----------+----------+----------+----------+----------+----------+----------+----------+----------+----------+----------+----------+----------+----------+----------+----------+----------+----------+----------+----------+----------+----------+----------+----------+----------+----------+----------+
|    Region Info    |  Core 0  |  Core 1  |  Core 2  |  Core 3  |  Core 4  |  Core 5  |  Core 6  |  Core 7  |  Core 8  |  Core 9  |  Core 10 |  Core 11 |  Core 12 |  Core 13 |  Core 14 |  Core 15 |  Core 16 |  Core 17 |  Core 18 |  Core 19 |  Core 20 |  Core 21 |  Core 22 |  Core 23 |  Core 24 |  Core 25 |  Core 26 |  Core 27 |  Core 28 |  Core 29 |  Core 30 |  Core 31 |
+-------------------+----------+----------+----------+----------+----------+----------+----------+----------+----------+----------+----------+----------+----------+----------+----------+----------+----------+----------+----------+----------+----------+----------+----------+----------+----------+----------+----------+----------+----------+----------+----------+----------+
| RDTSC Runtime [s] | 4.102724 | 4.104726 | 4.104533 | 4.104688 | 4.104808 | 4.104528 | 4.104545 | 4.104534 | 4.104625 | 4.104529 | 4.104528 | 4.104528 | 4.104740 | 4.104787 | 4.102652 | 4.104772 | 4.104855 | 4.104767 | 4.104754 | 4.104708 | 4.104861 | 4.104812 | 4.104702 | 4.104833 | 4.104607 | 4.104834 | 4.104616 | 4.104717 | 4.102574 | 4.104617 | 4.104626 | 4.104529 |
|     call count    |        1 |        1 |        1 |        1 |        1 |        1 |        1 |        1 |        1 |        1 |        1 |        1 |        1 |        1 |        1 |        1 |        1 |        1 |        1 |        1 |        1 |        1 |        1 |        1 |        1 |        1 |        1 |        1 |        1 |        1 |        1 |        1 |
+-------------------+----------+----------+----------+----------+----------+----------+----------+----------+----------+----------+----------+----------+----------+----------+----------+----------+----------+----------+----------+----------+----------+----------+----------+----------+----------+----------+----------+----------+----------+----------+----------+----------+
+------------------------------------------+---------+-------------+-------------+-------------+-------------+-------------+-------------+-------------+-------------+-------------+-------------+-------------+-------------+-------------+-------------+-------------+-------------+-------------+-------------+-------------+-------------+-------------+-------------+-------------+-------------+-------------+-------------+-------------+-------------+-------------+-------------+-------------+-------------+
|                   Event                  | Counter |    Core 0   |    Core 1   |    Core 2   |    Core 3   |    Core 4   |    Core 5   |    Core 6   |    Core 7   |    Core 8   |    Core 9   |   Core 10   |   Core 11   |   Core 12   |   Core 13   |   Core 14   |   Core 15   |   Core 16   |   Core 17   |   Core 18   |   Core 19   |   Core 20   |   Core 21   |   Core 22   |   Core 23   |   Core 24   |   Core 25   |   Core 26   |   Core 27   |   Core 28   |   Core 29   |   Core 30   |   Core 31   |
+------------------------------------------+---------+-------------+-------------+-------------+-------------+-------------+-------------+-------------+-------------+-------------+-------------+-------------+-------------+-------------+-------------+-------------+-------------+-------------+-------------+-------------+-------------+-------------+-------------+-------------+-------------+-------------+-------------+-------------+-------------+-------------+-------------+-------------+-------------+
|             INSTR_RETIRED_ANY            |  FIXC0  | 10004230000 |  7636948000 |  7673900000 |  7700635000 |  7700183000 |  7679867000 |  7627715000 |  7642396000 |  7578619000 |  7566584000 |  7584055000 |  7612240000 |  7608502000 |  7578929000 |  7565614000 |  7547203000 |  7532211000 |  7530403000 |  7542428000 |  7564387000 |  7565569000 |  7534078000 |  7518507000 |  7527281000 |  7587252000 |  7558729000 |  7614113000 |  7633524000 |  7643942000 |  7619471000 |  7590019000 |  7555145000 |
|           CPU_CLK_UNHALTED_CORE          |  FIXC1  |  4616983000 |  7713005000 |  7712887000 |  7712846000 |  7712677000 |  7711845000 |  7712144000 |  7713080000 |  7714368000 |  7717998000 |  7713895000 |  7714133000 |  7713108000 |  7710825000 |  7661397000 |  7665363000 |  7666108000 |  7664556000 |  7664471000 |  7664874000 |  7663529000 |  7662623000 |  7662222000 |  7662642000 |  7657667000 |  7657074000 |  7660260000 |  7663119000 |  7671788000 |  7675618000 |  7679635000 |  7662870000 |
|           CPU_CLK_UNHALTED_REF           |  FIXC2  |  6319578000 | 10554640000 | 10554480000 | 10554430000 | 10554180000 | 10553050000 | 10553460000 | 10554740000 | 10556500000 | 10561480000 | 10555860000 | 10556190000 | 10554780000 | 10551670000 | 10484020000 | 10489440000 | 10490470000 | 10488340000 | 10488220000 | 10488780000 | 10486930000 | 10485700000 | 10485150000 | 10485720000 | 10478910000 | 10478100000 | 10482460000 | 10486370000 | 10498290000 | 10503490000 | 10508990000 | 10486040000 |
|              PWR_PKG_ENERGY              |   PWR0  |    226.7646 |           0 |           0 |           0 |           0 |           0 |           0 |           0 |           0 |           0 |           0 |           0 |           0 |           0 |    233.9489 |           0 |           0 |           0 |           0 |           0 |           0 |           0 |           0 |           0 |           0 |           0 |           0 |           0 |    148.5882 |           0 |           0 |           0 |
|              PWR_DRAM_ENERGY             |   PWR3  |     26.2370 |           0 |           0 |           0 |           0 |           0 |           0 |           0 |           0 |           0 |           0 |           0 |           0 |           0 |     26.2638 |           0 |           0 |           0 |           0 |           0 |           0 |           0 |           0 |           0 |           0 |           0 |           0 |           0 |     16.2380 |           0 |           0 |           0 |
| FP_ARITH_INST_RETIRED_128B_PACKED_DOUBLE |   PMC0  |       65560 |           0 |           0 |           0 |           0 |           0 |           0 |           0 |           0 |           0 |           0 |           0 |           0 |           0 |           0 |           0 |           0 |           0 |           0 |           0 |           0 |           0 |           0 |           0 |           0 |           0 |           0 |           0 |           0 |           0 |           0 |           0 |
|    FP_ARITH_INST_RETIRED_SCALAR_DOUBLE   |   PMC1  |  2004415000 |  2003893000 |  2031038000 |  2054368000 |  2052436000 |  2032261000 |  2007196000 |  2011124000 |  1994756000 |  1990945000 |  1995271000 |  2002038000 |  1990203000 |  1966884000 |  1958831000 |  1958114000 |  1953417000 |  1949422000 |  1958075000 |  1979554000 |  1991543000 |  1984094000 |  1980057000 |  1982247000 |  1997992000 |  1991140000 |  2017810000 |  2038407000 |  2042290000 |  2019346000 |  1994678000 |  1983167000 |
| FP_ARITH_INST_RETIRED_256B_PACKED_DOUBLE |   PMC2  |       83556 |           0 |           0 |           0 |           0 |           0 |           0 |           0 |           0 |           0 |           0 |           0 |           0 |           0 |           0 |           0 |           0 |           0 |           0 |           0 |           0 |           0 |           0 |           0 |           0 |           0 |           0 |           0 |           0 |           0 |           0 |           0 |
| FP_ARITH_INST_RETIRED_512B_PACKED_DOUBLE |   PMC3  |      417868 |           0 |           0 |           0 |           0 |           0 |           0 |           0 |           0 |           0 |           0 |           0 |           0 |           0 |           0 |           0 |           0 |           0 |           0 |           0 |           0 |           0 |           0 |           0 |           0 |           0 |           0 |           0 |           0 |           0 |           0 |           0 |
|               CAS_COUNT_RD               | MBOX0C0 |    55781190 |           0 |           0 |           0 |           0 |           0 |           0 |           0 |           0 |           0 |           0 |           0 |           0 |           0 |    54757660 |           0 |           0 |           0 |           0 |           0 |           0 |           0 |           0 |           0 |           0 |           0 |           0 |           0 |     9469613 |           0 |           0 |           0 |
|               CAS_COUNT_WR               | MBOX0C1 |    15447160 |           0 |           0 |           0 |           0 |           0 |           0 |           0 |           0 |           0 |           0 |           0 |           0 |           0 |    15901400 |           0 |           0 |           0 |           0 |           0 |           0 |           0 |           0 |           0 |           0 |           0 |           0 |           0 |     2049939 |           0 |           0 |           0 |
|               CAS_COUNT_RD               | MBOX1C0 |    55335380 |           0 |           0 |           0 |           0 |           0 |           0 |           0 |           0 |           0 |           0 |           0 |           0 |           0 |    54694650 |           0 |           0 |           0 |           0 |           0 |           0 |           0 |           0 |           0 |           0 |           0 |           0 |           0 |     9429517 |           0 |           0 |           0 |
|               CAS_COUNT_WR               | MBOX1C1 |    15176320 |           0 |           0 |           0 |           0 |           0 |           0 |           0 |           0 |           0 |           0 |           0 |           0 |           0 |    15868000 |           0 |           0 |           0 |           0 |           0 |           0 |           0 |           0 |           0 |           0 |           0 |           0 |           0 |     2037427 |           0 |           0 |           0 |
|               CAS_COUNT_RD               | MBOX2C0 |    55312220 |           0 |           0 |           0 |           0 |           0 |           0 |           0 |           0 |           0 |           0 |           0 |           0 |           0 |    54686750 |           0 |           0 |           0 |           0 |           0 |           0 |           0 |           0 |           0 |           0 |           0 |           0 |           0 |     9438630 |           0 |           0 |           0 |
|               CAS_COUNT_WR               | MBOX2C1 |    15105700 |           0 |           0 |           0 |           0 |           0 |           0 |           0 |           0 |           0 |           0 |           0 |           0 |           0 |    15853800 |           0 |           0 |           0 |           0 |           0 |           0 |           0 |           0 |           0 |           0 |           0 |           0 |           0 |     2018833 |           0 |           0 |           0 |
|               CAS_COUNT_RD               | MBOX3C0 |    54921220 |           0 |           0 |           0 |           0 |           0 |           0 |           0 |           0 |           0 |           0 |           0 |           0 |           0 |    54175890 |           0 |           0 |           0 |           0 |           0 |           0 |           0 |           0 |           0 |           0 |           0 |           0 |           0 |     9200582 |           0 |           0 |           0 |
|               CAS_COUNT_WR               | MBOX3C1 |    14846570 |           0 |           0 |           0 |           0 |           0 |           0 |           0 |           0 |           0 |           0 |           0 |           0 |           0 |    15504120 |           0 |           0 |           0 |           0 |           0 |           0 |           0 |           0 |           0 |           0 |           0 |           0 |           0 |     1927277 |           0 |           0 |           0 |
|               CAS_COUNT_RD               | MBOX4C0 |    55168810 |           0 |           0 |           0 |           0 |           0 |           0 |           0 |           0 |           0 |           0 |           0 |           0 |           0 |    54534780 |           0 |           0 |           0 |           0 |           0 |           0 |           0 |           0 |           0 |           0 |           0 |           0 |           0 |     9200022 |           0 |           0 |           0 |
|               CAS_COUNT_WR               | MBOX4C1 |    14906470 |           0 |           0 |           0 |           0 |           0 |           0 |           0 |           0 |           0 |           0 |           0 |           0 |           0 |    15949060 |           0 |           0 |           0 |           0 |           0 |           0 |           0 |           0 |           0 |           0 |           0 |           0 |           0 |     1943932 |           0 |           0 |           0 |
|               CAS_COUNT_RD               | MBOX5C0 |    54880720 |           0 |           0 |           0 |           0 |           0 |           0 |           0 |           0 |           0 |           0 |           0 |           0 |           0 |    54301800 |           0 |           0 |           0 |           0 |           0 |           0 |           0 |           0 |           0 |           0 |           0 |           0 |           0 |     9181412 |           0 |           0 |           0 |
|               CAS_COUNT_WR               | MBOX5C1 |    14889760 |           0 |           0 |           0 |           0 |           0 |           0 |           0 |           0 |           0 |           0 |           0 |           0 |           0 |    15652510 |           0 |           0 |           0 |           0 |           0 |           0 |           0 |           0 |           0 |           0 |           0 |           0 |           0 |     1948097 |           0 |           0 |           0 |
+------------------------------------------+---------+-------------+-------------+-------------+-------------+-------------+-------------+-------------+-------------+-------------+-------------+-------------+-------------+-------------+-------------+-------------+-------------+-------------+-------------+-------------+-------------+-------------+-------------+-------------+-------------+-------------+-------------+-------------+-------------+-------------+-------------+-------------+-------------+
+-----------------------------------------------+---------+--------------+------------+-------------+--------------+
|                     Event                     | Counter |      Sum     |     Min    |     Max     |      Avg     |
+-----------------------------------------------+---------+--------------+------------+-------------+--------------+
|             INSTR_RETIRED_ANY STAT            |  FIXC0  | 245424679000 | 7518507000 | 10004230000 | 7.669521e+09 |
|           CPU_CLK_UNHALTED_CORE STAT          |  FIXC1  | 242855610000 | 4616983000 |  7717998000 | 7.589238e+09 |
|           CPU_CLK_UNHALTED_REF STAT           |  FIXC2  | 332330458000 | 6319578000 | 10561480000 | 1.038533e+10 |
|              PWR_PKG_ENERGY STAT              |   PWR0  |     609.3017 |          0 |    233.9489 |      19.0407 |
|              PWR_DRAM_ENERGY STAT             |   PWR3  |      68.7388 |          0 |     26.2638 |       2.1481 |
| FP_ARITH_INST_RETIRED_128B_PACKED_DOUBLE STAT |   PMC0  |        65560 |          0 |       65560 |    2048.7500 |
|    FP_ARITH_INST_RETIRED_SCALAR_DOUBLE STAT   |   PMC1  |  63917012000 | 1949422000 |  2054368000 |   1997406625 |
| FP_ARITH_INST_RETIRED_256B_PACKED_DOUBLE STAT |   PMC2  |        83556 |          0 |       83556 |    2611.1250 |
| FP_ARITH_INST_RETIRED_512B_PACKED_DOUBLE STAT |   PMC3  |       417868 |          0 |      417868 |   13058.3750 |
|               CAS_COUNT_RD STAT               | MBOX0C0 |    120008463 |          0 |    55781190 | 3.750264e+06 |
|               CAS_COUNT_WR STAT               | MBOX0C1 |     33398499 |          0 |    15901400 | 1.043703e+06 |
|               CAS_COUNT_RD STAT               | MBOX1C0 |    119459547 |          0 |    55335380 | 3.733111e+06 |
|               CAS_COUNT_WR STAT               | MBOX1C1 |     33081747 |          0 |    15868000 | 1.033805e+06 |
|               CAS_COUNT_RD STAT               | MBOX2C0 |    119437600 |          0 |    55312220 |      3732425 |
|               CAS_COUNT_WR STAT               | MBOX2C1 |     32978333 |          0 |    15853800 | 1.030573e+06 |
|               CAS_COUNT_RD STAT               | MBOX3C0 |    118297692 |          0 |    54921220 | 3.696803e+06 |
|               CAS_COUNT_WR STAT               | MBOX3C1 |     32277967 |          0 |    15504120 | 1.008686e+06 |
|               CAS_COUNT_RD STAT               | MBOX4C0 |    118903612 |          0 |    55168810 | 3.715738e+06 |
|               CAS_COUNT_WR STAT               | MBOX4C1 |     32799462 |          0 |    15949060 | 1.024983e+06 |
|               CAS_COUNT_RD STAT               | MBOX5C0 |    118363932 |          0 |    54880720 | 3.698873e+06 |
|               CAS_COUNT_WR STAT               | MBOX5C1 |     32490367 |          0 |    15652510 | 1.015324e+06 |
+-----------------------------------------------+---------+--------------+------------+-------------+--------------+
+-----------------------------------+-----------+-----------+-----------+-----------+-----------+-----------+-----------+-----------+-----------+-----------+-----------+-----------+-----------+-----------+-----------+-----------+-----------+-----------+-----------+-----------+-----------+-----------+-----------+-----------+-----------+-----------+-----------+-----------+-----------+-----------+-----------+-----------+
|               Metric              |   Core 0  |   Core 1  |   Core 2  |   Core 3  |   Core 4  |   Core 5  |   Core 6  |   Core 7  |   Core 8  |   Core 9  |  Core 10  |  Core 11  |  Core 12  |  Core 13  |  Core 14  |  Core 15  |  Core 16  |  Core 17  |  Core 18  |  Core 19  |  Core 20  |  Core 21  |  Core 22  |  Core 23  |  Core 24  |  Core 25  |  Core 26  |  Core 27  |  Core 28  |  Core 29  |  Core 30  |  Core 31  |
+-----------------------------------+-----------+-----------+-----------+-----------+-----------+-----------+-----------+-----------+-----------+-----------+-----------+-----------+-----------+-----------+-----------+-----------+-----------+-----------+-----------+-----------+-----------+-----------+-----------+-----------+-----------+-----------+-----------+-----------+-----------+-----------+-----------+-----------+
|        Runtime (RDTSC) [s]        |    4.1027 |    4.1047 |    4.1045 |    4.1047 |    4.1048 |    4.1045 |    4.1045 |    4.1045 |    4.1046 |    4.1045 |    4.1045 |    4.1045 |    4.1047 |    4.1048 |    4.1027 |    4.1048 |    4.1049 |    4.1048 |    4.1048 |    4.1047 |    4.1049 |    4.1048 |    4.1047 |    4.1048 |    4.1046 |    4.1048 |    4.1046 |    4.1047 |    4.1026 |    4.1046 |    4.1046 |    4.1045 |
|        Runtime unhalted [s]       |    1.7800 |    2.9737 |    2.9736 |    2.9736 |    2.9735 |    2.9732 |    2.9733 |    2.9737 |    2.9742 |    2.9756 |    2.9740 |    2.9741 |    2.9737 |    2.9728 |    2.9538 |    2.9553 |    2.9556 |    2.9550 |    2.9550 |    2.9551 |    2.9546 |    2.9542 |    2.9541 |    2.9542 |    2.9523 |    2.9521 |    2.9533 |    2.9544 |    2.9578 |    2.9592 |    2.9608 |    2.9543 |
|            Clock [MHz]            | 1894.9681 | 1895.4481 | 1895.4478 | 1895.4467 | 1895.4501 | 1895.4486 | 1895.4484 | 1895.4486 | 1895.4490 | 1895.4468 | 1895.4477 | 1895.4470 | 1895.4483 | 1895.4457 | 1895.4478 | 1895.4491 | 1895.4472 | 1895.4484 | 1895.4490 | 1895.4475 | 1895.4492 | 1895.4474 | 1895.4476 | 1895.4485 | 1895.4489 | 1895.4486 | 1895.4486 | 1895.4490 | 1895.4387 | 1895.4461 | 1895.4455 | 1895.4471 |
|                CPI                |    0.4615 |    1.0100 |    1.0051 |    1.0016 |    1.0016 |    1.0042 |    1.0111 |    1.0092 |    1.0179 |    1.0200 |    1.0171 |    1.0134 |    1.0137 |    1.0174 |    1.0127 |    1.0157 |    1.0178 |    1.0178 |    1.0162 |    1.0133 |    1.0129 |    1.0171 |    1.0191 |    1.0180 |    1.0093 |    1.0130 |    1.0061 |    1.0039 |    1.0036 |    1.0074 |    1.0118 |    1.0143 |
|             Energy [J]            |  226.7646 |         0 |         0 |         0 |         0 |         0 |         0 |         0 |         0 |         0 |         0 |         0 |         0 |         0 |  233.9489 |         0 |         0 |         0 |         0 |         0 |         0 |         0 |         0 |         0 |         0 |         0 |         0 |         0 |  148.5882 |         0 |         0 |         0 |
|             Power [W]             |   55.2717 |         0 |         0 |         0 |         0 |         0 |         0 |         0 |         0 |         0 |         0 |         0 |         0 |         0 |   57.0238 |         0 |         0 |         0 |         0 |         0 |         0 |         0 |         0 |         0 |         0 |         0 |         0 |         0 |   36.2183 |         0 |         0 |         0 |
|          Energy DRAM [J]          |   26.2370 |         0 |         0 |         0 |         0 |         0 |         0 |         0 |         0 |         0 |         0 |         0 |         0 |         0 |   26.2638 |         0 |         0 |         0 |         0 |         0 |         0 |         0 |         0 |         0 |         0 |         0 |         0 |         0 |   16.2380 |         0 |         0 |         0 |
|           Power DRAM [W]          |    6.3950 |         0 |         0 |         0 |         0 |         0 |         0 |         0 |         0 |         0 |         0 |         0 |         0 |         0 |    6.4017 |         0 |         0 |         0 |         0 |         0 |         0 |         0 |         0 |         0 |         0 |         0 |         0 |         0 |    3.9580 |         0 |         0 |         0 |
|            DP [MFLOP/s]           |  489.4853 |  488.1917 |  494.8280 |  500.4931 |  500.0078 |  495.1266 |  489.0179 |  489.9762 |  485.9776 |  485.0605 |  486.1146 |  487.7633 |  484.8548 |  479.1683 |  477.4548 |  477.0336 |  475.8797 |  474.9166 |  477.0262 |  482.2643 |  485.1670 |  483.3581 |  482.3875 |  482.9056 |  486.7682 |  485.0720 |  491.5953 |  496.6011 |  497.8070 |  491.9694 |  485.9585 |  483.1655 |
|          AVX DP [MFLOP/s]         |    0.8963 |         0 |         0 |         0 |         0 |         0 |         0 |         0 |         0 |         0 |         0 |         0 |         0 |         0 |         0 |         0 |         0 |         0 |         0 |         0 |         0 |         0 |         0 |         0 |         0 |         0 |         0 |         0 |         0 |         0 |         0 |         0 |
|          Packed [MUOPS/s]         |    0.1382 |         0 |         0 |         0 |         0 |         0 |         0 |         0 |         0 |         0 |         0 |         0 |         0 |         0 |         0 |         0 |         0 |         0 |         0 |         0 |         0 |         0 |         0 |         0 |         0 |         0 |         0 |         0 |         0 |         0 |         0 |         0 |
|          Scalar [MUOPS/s]         |  488.5571 |  488.1917 |  494.8280 |  500.4931 |  500.0078 |  495.1266 |  489.0179 |  489.9762 |  485.9776 |  485.0605 |  486.1146 |  487.7633 |  484.8548 |  479.1683 |  477.4548 |  477.0336 |  475.8797 |  474.9166 |  477.0262 |  482.2643 |  485.1670 |  483.3581 |  482.3875 |  482.9056 |  486.7682 |  485.0720 |  491.5953 |  496.6011 |  497.8070 |  491.9694 |  485.9585 |  483.1655 |
|  Memory read bandwidth [MBytes/s] | 5169.6313 |         0 |         0 |         0 |         0 |         0 |         0 |         0 |         0 |         0 |         0 |         0 |         0 |         0 | 5103.4545 |         0 |         0 |         0 |         0 |         0 |         0 |         0 |         0 |         0 |         0 |         0 |         0 |         0 |  872.3464 |         0 |         0 |         0 |
|  Memory read data volume [GBytes] |   21.2096 |         0 |         0 |         0 |         0 |         0 |         0 |         0 |         0 |         0 |         0 |         0 |         0 |         0 |   20.9377 |         0 |         0 |         0 |         0 |         0 |         0 |         0 |         0 |         0 |         0 |         0 |         0 |         0 |    3.5789 |         0 |         0 |         0 |
| Memory write bandwidth [MBytes/s] | 1409.7479 |         0 |         0 |         0 |         0 |         0 |         0 |         0 |         0 |         0 |         0 |         0 |         0 |         0 | 1477.7390 |         0 |         0 |         0 |         0 |         0 |         0 |         0 |         0 |         0 |         0 |         0 |         0 |         0 |  186.0374 |         0 |         0 |         0 |
| Memory write data volume [GBytes] |    5.7838 |         0 |         0 |         0 |         0 |         0 |         0 |         0 |         0 |         0 |         0 |         0 |         0 |         0 |    6.0626 |         0 |         0 |         0 |         0 |         0 |         0 |         0 |         0 |         0 |         0 |         0 |         0 |         0 |    0.7632 |         0 |         0 |         0 |
|    Memory bandwidth [MBytes/s]    | 6579.3793 |         0 |         0 |         0 |         0 |         0 |         0 |         0 |         0 |         0 |         0 |         0 |         0 |         0 | 6581.1935 |         0 |         0 |         0 |         0 |         0 |         0 |         0 |         0 |         0 |         0 |         0 |         0 |         0 | 1058.3838 |         0 |         0 |         0 |
|    Memory data volume [GBytes]    |   26.9934 |         0 |         0 |         0 |         0 |         0 |         0 |         0 |         0 |         0 |         0 |         0 |         0 |         0 |   27.0003 |         0 |         0 |         0 |         0 |         0 |         0 |         0 |         0 |         0 |         0 |         0 |         0 |         0 |    4.3421 |         0 |         0 |         0 |
|       Operational intensity       |    0.0744 |    0.0742 |    0.0752 |    0.0761 |    0.0760 |    0.0753 |    0.0744 |    0.0745 |    0.0739 |    0.0738 |    0.0739 |    0.0742 |    0.0737 |    0.0729 |    0.0725 |    0.0725 |    0.0723 |    0.0722 |    0.0725 |    0.0733 |    0.0738 |    0.0735 |    0.0733 |    0.0734 |    0.0740 |    0.0737 |    0.0747 |    0.0755 |    0.4703 |    0.4651 |    0.4594 |    0.4567 |
+-----------------------------------+-----------+-----------+-----------+-----------+-----------+-----------+-----------+-----------+-----------+-----------+-----------+-----------+-----------+-----------+-----------+-----------+-----------+-----------+-----------+-----------+-----------+-----------+-----------+-----------+-----------+-----------+-----------+-----------+-----------+-----------+-----------+-----------+
+----------------------------------------+------------+-----------+-----------+-----------+
|                 Metric                 |     Sum    |    Min    |    Max    |    Avg    |
+----------------------------------------+------------+-----------+-----------+-----------+
|        Runtime (RDTSC) [s] STAT        |   131.3434 |    4.1026 |    4.1049 |    4.1045 |
|        Runtime unhalted [s] STAT       |    93.6301 |    1.7800 |    2.9756 |    2.9259 |
|            Clock [MHz] STAT            | 60653.8451 | 1894.9681 | 1895.4501 | 1895.4327 |
|                CPI STAT                |    31.8338 |    0.4615 |    1.0200 |    0.9948 |
|             Energy [J] STAT            |   609.3017 |         0 |  233.9489 |   19.0407 |
|             Power [W] STAT             |   148.5138 |         0 |   57.0238 |    4.6411 |
|          Energy DRAM [J] STAT          |    68.7388 |         0 |   26.2638 |    2.1481 |
|           Power DRAM [W] STAT          |    16.7547 |         0 |    6.4017 |    0.5236 |
|            DP [MFLOP/s] STAT           | 15573.3961 |  474.9166 |  500.4931 |  486.6686 |
|          AVX DP [MFLOP/s] STAT         |     0.8963 |         0 |    0.8963 |    0.0280 |
|          Packed [MUOPS/s] STAT         |     0.1382 |         0 |    0.1382 |    0.0043 |
|          Scalar [MUOPS/s] STAT         | 15572.4679 |  474.9166 |  500.4931 |  486.6396 |
|  Memory read bandwidth [MBytes/s] STAT | 11145.4322 |         0 | 5169.6313 |  348.2948 |
|  Memory read data volume [GBytes] STAT |    45.7262 |         0 |   21.2096 |    1.4289 |
| Memory write bandwidth [MBytes/s] STAT |  3073.5243 |         0 | 1477.7390 |   96.0476 |
| Memory write data volume [GBytes] STAT |    12.6096 |         0 |    6.0626 |    0.3940 |
|    Memory bandwidth [MBytes/s] STAT    | 14218.9566 |         0 | 6581.1935 |  444.3424 |
|    Memory data volume [GBytes] STAT    |    58.3358 |         0 |   27.0003 |    1.8230 |
|       Operational intensity STAT       |     3.9212 |    0.0722 |    0.4703 |    0.1225 |
+----------------------------------------+------------+-----------+-----------+-----------+
