--------------------------------------------------------------------------------
CPU name:	Intel(R) Xeon(R) Gold 6132 CPU @ 2.60GHz
CPU type:	Intel Skylake SP processor
CPU clock:	2.59 GHz
--------------------------------------------------------------------------------
Region Setup, Group 1: MEM_DP
+-------------------+----------+----------+----------+----------+----------+----------+----------+----------+----------+----------+----------+----------+----------+----------+----------+----------+----------+----------+----------+----------+----------+----------+----------+----------+----------+----------+----------+
|    Region Info    |  Core 0  |  Core 1  |  Core 2  |  Core 3  |  Core 4  |  Core 5  |  Core 6  |  Core 7  |  Core 8  |  Core 9  |  Core 10 |  Core 11 |  Core 12 |  Core 13 |  Core 14 |  Core 15 |  Core 16 |  Core 17 |  Core 18 |  Core 19 |  Core 20 |  Core 21 |  Core 22 |  Core 23 |  Core 24 |  Core 25 |  Core 26 |
+-------------------+----------+----------+----------+----------+----------+----------+----------+----------+----------+----------+----------+----------+----------+----------+----------+----------+----------+----------+----------+----------+----------+----------+----------+----------+----------+----------+----------+
| RDTSC Runtime [s] | 0.409606 | 0.411268 | 0.411328 | 0.409469 | 0.411270 | 0.411324 | 0.411301 | 0.411266 | 0.411256 | 0.411261 | 0.411271 | 0.411263 | 0.411384 | 0.411294 | 0.409558 | 0.411277 | 0.411258 | 0.411327 | 0.411298 | 0.411350 | 0.411239 | 0.411248 | 0.411352 | 0.411273 | 0.411297 | 0.411316 | 0.411247 |
|     call count    |        2 |        2 |        2 |        2 |        2 |        2 |        2 |        2 |        2 |        2 |        2 |        2 |        2 |        2 |        2 |        2 |        2 |        2 |        2 |        2 |        2 |        2 |        2 |        2 |        2 |        2 |        2 |
+-------------------+----------+----------+----------+----------+----------+----------+----------+----------+----------+----------+----------+----------+----------+----------+----------+----------+----------+----------+----------+----------+----------+----------+----------+----------+----------+----------+----------+
+------------------------------------------+---------+-----------+-----------+-----------+-----------+-----------+-----------+-----------+-----------+-----------+-----------+-----------+-----------+-----------+-----------+-----------+-----------+-----------+-----------+-----------+-----------+-----------+-----------+-----------+-----------+-----------+-----------+-----------+
|                   Event                  | Counter |   Core 0  |   Core 1  |   Core 2  |   Core 3  |   Core 4  |   Core 5  |   Core 6  |   Core 7  |   Core 8  |   Core 9  |  Core 10  |  Core 11  |  Core 12  |  Core 13  |  Core 14  |  Core 15  |  Core 16  |  Core 17  |  Core 18  |  Core 19  |  Core 20  |  Core 21  |  Core 22  |  Core 23  |  Core 24  |  Core 25  |  Core 26  |
+------------------------------------------+---------+-----------+-----------+-----------+-----------+-----------+-----------+-----------+-----------+-----------+-----------+-----------+-----------+-----------+-----------+-----------+-----------+-----------+-----------+-----------+-----------+-----------+-----------+-----------+-----------+-----------+-----------+-----------+
|             INSTR_RETIRED_ANY            |  FIXC0  | 284338400 |  90889760 |  90622140 |  90589980 |  90052180 |  89938550 |  89924870 |  89898570 |  89766410 |  90070900 |  89881150 |  89837610 |  89804710 |  89910920 |  87968220 |  88155930 |  87457420 |  87714990 |  87317670 |  87595180 |  87918440 |  87498700 |  87368170 |  86949070 |  86933390 |  86957710 |  85997530 |
|           CPU_CLK_UNHALTED_CORE          |  FIXC1  | 249883600 | 294820000 | 289695100 | 289106200 | 295653400 | 291583500 | 293605800 | 291104900 | 290372800 | 294674100 | 292815300 | 289849400 | 291394600 | 292837300 | 257781400 | 259415700 | 259045700 | 262548200 | 256160700 | 259872700 | 269325300 | 258277200 | 260132700 | 266038100 | 267065800 | 270998700 | 254457900 |
|           CPU_CLK_UNHALTED_REF           |  FIXC2  | 341852500 | 403452400 | 396444400 | 395626600 | 404591900 | 399028000 | 401805600 | 398366100 | 397359100 | 403270300 | 400710100 | 396645800 | 398761900 | 400750000 | 353482400 | 355741200 | 355219600 | 360030600 | 351296000 | 356340300 | 369303200 | 354143100 | 356694000 | 364779200 | 366215600 | 371570300 | 348994500 |
|              PWR_PKG_ENERGY              |   PWR0  |   17.2600 |         0 |         0 |         0 |         0 |         0 |         0 |         0 |         0 |         0 |         0 |         0 |         0 |         0 |   17.0591 |         0 |         0 |         0 |         0 |         0 |         0 |         0 |         0 |         0 |         0 |         0 |         0 |
|              PWR_DRAM_ENERGY             |   PWR3  |    2.1448 |         0 |         0 |         0 |         0 |         0 |         0 |         0 |         0 |         0 |         0 |         0 |         0 |         0 |    1.5386 |         0 |         0 |         0 |         0 |         0 |         0 |         0 |         0 |         0 |         0 |         0 |         0 |
| FP_ARITH_INST_RETIRED_128B_PACKED_DOUBLE |   PMC0  |     23000 |         0 |         0 |         0 |         0 |         0 |         0 |         0 |         0 |         0 |         0 |         0 |         0 |         0 |         0 |         0 |         0 |         0 |         0 |         0 |         0 |         0 |         0 |         0 |         0 |         0 |         0 |
|    FP_ARITH_INST_RETIRED_SCALAR_DOUBLE   |   PMC1  |  28978480 |  20152680 |  20152780 |  20152930 |  19916510 |  19940470 |  19915550 |  19938440 |  19914090 |  19938640 |  19913590 |  19938480 |  19913610 |  19929880 |  19905440 |  19929940 |  19869750 |  19894730 |  19870220 |  19894860 |  19867930 |  19892860 |  19853950 |  19646260 |  19635100 |  19617560 |  19597450 |
| FP_ARITH_INST_RETIRED_256B_PACKED_DOUBLE |   PMC2  |     15090 |         0 |         0 |         0 |         0 |         0 |         0 |         0 |         0 |         0 |         0 |         0 |         0 |         0 |         0 |         0 |         0 |         0 |         0 |         0 |         0 |         0 |         0 |         0 |         0 |         0 |         0 |
| FP_ARITH_INST_RETIRED_512B_PACKED_DOUBLE |   PMC3  |    141851 |         0 |         0 |         0 |         0 |         0 |         0 |         0 |         0 |         0 |         0 |         0 |         0 |         0 |         0 |         0 |         0 |         0 |         0 |         0 |         0 |         0 |         0 |         0 |         0 |         0 |         0 |
|               CAS_COUNT_RD               | MBOX0C0 |   1086065 |         0 |         0 |         0 |         0 |         0 |         0 |         0 |         0 |         0 |         0 |         0 |         0 |         0 |    181667 |         0 |         0 |         0 |         0 |         0 |         0 |         0 |         0 |         0 |         0 |         0 |         0 |
|               CAS_COUNT_WR               | MBOX0C1 |   1537608 |         0 |         0 |         0 |         0 |         0 |         0 |         0 |         0 |         0 |         0 |         0 |         0 |         0 |    300417 |         0 |         0 |         0 |         0 |         0 |         0 |         0 |         0 |         0 |         0 |         0 |         0 |
|               CAS_COUNT_RD               | MBOX1C0 |   1077625 |         0 |         0 |         0 |         0 |         0 |         0 |         0 |         0 |         0 |         0 |         0 |         0 |         0 |    184659 |         0 |         0 |         0 |         0 |         0 |         0 |         0 |         0 |         0 |         0 |         0 |         0 |
|               CAS_COUNT_WR               | MBOX1C1 |   1526576 |         0 |         0 |         0 |         0 |         0 |         0 |         0 |         0 |         0 |         0 |         0 |         0 |         0 |    303517 |         0 |         0 |         0 |         0 |         0 |         0 |         0 |         0 |         0 |         0 |         0 |         0 |
|               CAS_COUNT_RD               | MBOX2C0 |   1074940 |         0 |         0 |         0 |         0 |         0 |         0 |         0 |         0 |         0 |         0 |         0 |         0 |         0 |    182565 |         0 |         0 |         0 |         0 |         0 |         0 |         0 |         0 |         0 |         0 |         0 |         0 |
|               CAS_COUNT_WR               | MBOX2C1 |   1519809 |         0 |         0 |         0 |         0 |         0 |         0 |         0 |         0 |         0 |         0 |         0 |         0 |         0 |    300829 |         0 |         0 |         0 |         0 |         0 |         0 |         0 |         0 |         0 |         0 |         0 |         0 |
|               CAS_COUNT_RD               | MBOX3C0 |   1173088 |         0 |         0 |         0 |         0 |         0 |         0 |         0 |         0 |         0 |         0 |         0 |         0 |         0 |    144835 |         0 |         0 |         0 |         0 |         0 |         0 |         0 |         0 |         0 |         0 |         0 |         0 |
|               CAS_COUNT_WR               | MBOX3C1 |   1733271 |         0 |         0 |         0 |         0 |         0 |         0 |         0 |         0 |         0 |         0 |         0 |         0 |         0 |    278684 |         0 |         0 |         0 |         0 |         0 |         0 |         0 |         0 |         0 |         0 |         0 |         0 |
|               CAS_COUNT_RD               | MBOX4C0 |    986607 |         0 |         0 |         0 |         0 |         0 |         0 |         0 |         0 |         0 |         0 |         0 |         0 |         0 |    146568 |         0 |         0 |         0 |         0 |         0 |         0 |         0 |         0 |         0 |         0 |         0 |         0 |
|               CAS_COUNT_WR               | MBOX4C1 |   1479324 |         0 |         0 |         0 |         0 |         0 |         0 |         0 |         0 |         0 |         0 |         0 |         0 |         0 |    281714 |         0 |         0 |         0 |         0 |         0 |         0 |         0 |         0 |         0 |         0 |         0 |         0 |
|               CAS_COUNT_RD               | MBOX5C0 |    966381 |         0 |         0 |         0 |         0 |         0 |         0 |         0 |         0 |         0 |         0 |         0 |         0 |         0 |    145410 |         0 |         0 |         0 |         0 |         0 |         0 |         0 |         0 |         0 |         0 |         0 |         0 |
|               CAS_COUNT_WR               | MBOX5C1 |   1449206 |         0 |         0 |         0 |         0 |         0 |         0 |         0 |         0 |         0 |         0 |         0 |         0 |         0 |    281062 |         0 |         0 |         0 |         0 |         0 |         0 |         0 |         0 |         0 |         0 |         0 |         0 |
+------------------------------------------+---------+-----------+-----------+-----------+-----------+-----------+-----------+-----------+-----------+-----------+-----------+-----------+-----------+-----------+-----------+-----------+-----------+-----------+-----------+-----------+-----------+-----------+-----------+-----------+-----------+-----------+-----------+-----------+
+-----------------------------------------------+---------+-------------+-----------+-----------+--------------+
|                     Event                     | Counter |     Sum     |    Min    |    Max    |      Avg     |
+-----------------------------------------------+---------+-------------+-----------+-----------+--------------+
|             INSTR_RETIRED_ANY STAT            |  FIXC0  |  2591358570 |  85997530 | 284338400 | 9.597624e+07 |
|           CPU_CLK_UNHALTED_CORE STAT          |  FIXC1  |  7448516100 | 249883600 | 295653400 | 2.758710e+08 |
|           CPU_CLK_UNHALTED_REF STAT           |  FIXC2  | 10202474700 | 341852500 | 404591900 | 3.778694e+08 |
|              PWR_PKG_ENERGY STAT              |   PWR0  |     34.3191 |         0 |   17.2600 |       1.2711 |
|              PWR_DRAM_ENERGY STAT             |   PWR3  |      3.6834 |         0 |    2.1448 |       0.1364 |
| FP_ARITH_INST_RETIRED_128B_PACKED_DOUBLE STAT |   PMC0  |       23000 |         0 |     23000 |     851.8519 |
|    FP_ARITH_INST_RETIRED_SCALAR_DOUBLE STAT   |   PMC1  |   546172180 |  19597450 |  28978480 | 2.022860e+07 |
| FP_ARITH_INST_RETIRED_256B_PACKED_DOUBLE STAT |   PMC2  |       15090 |         0 |     15090 |     558.8889 |
| FP_ARITH_INST_RETIRED_512B_PACKED_DOUBLE STAT |   PMC3  |      141851 |         0 |    141851 |    5253.7407 |
|               CAS_COUNT_RD STAT               | MBOX0C0 |     1267732 |         0 |   1086065 |   46953.0370 |
|               CAS_COUNT_WR STAT               | MBOX0C1 |     1838025 |         0 |   1537608 |        68075 |
|               CAS_COUNT_RD STAT               | MBOX1C0 |     1262284 |         0 |   1077625 |   46751.2593 |
|               CAS_COUNT_WR STAT               | MBOX1C1 |     1830093 |         0 |   1526576 |   67781.2222 |
|               CAS_COUNT_RD STAT               | MBOX2C0 |     1257505 |         0 |   1074940 |   46574.2593 |
|               CAS_COUNT_WR STAT               | MBOX2C1 |     1820638 |         0 |   1519809 |   67431.0370 |
|               CAS_COUNT_RD STAT               | MBOX3C0 |     1317923 |         0 |   1173088 |   48811.9630 |
|               CAS_COUNT_WR STAT               | MBOX3C1 |     2011955 |         0 |   1733271 |   74516.8519 |
|               CAS_COUNT_RD STAT               | MBOX4C0 |     1133175 |         0 |    986607 |   41969.4444 |
|               CAS_COUNT_WR STAT               | MBOX4C1 |     1761038 |         0 |   1479324 |   65223.6296 |
|               CAS_COUNT_RD STAT               | MBOX5C0 |     1111791 |         0 |    966381 |   41177.4444 |
|               CAS_COUNT_WR STAT               | MBOX5C1 |     1730268 |         0 |   1449206 |        64084 |
+-----------------------------------------------+---------+-------------+-----------+-----------+--------------+
+-----------------------------------+-----------+-----------+-----------+-----------+-----------+-----------+-----------+-----------+-----------+-----------+-----------+-----------+-----------+-----------+-----------+-----------+-----------+-----------+-----------+-----------+-----------+-----------+-----------+-----------+-----------+-----------+-----------+
|               Metric              |   Core 0  |   Core 1  |   Core 2  |   Core 3  |   Core 4  |   Core 5  |   Core 6  |   Core 7  |   Core 8  |   Core 9  |  Core 10  |  Core 11  |  Core 12  |  Core 13  |  Core 14  |  Core 15  |  Core 16  |  Core 17  |  Core 18  |  Core 19  |  Core 20  |  Core 21  |  Core 22  |  Core 23  |  Core 24  |  Core 25  |  Core 26  |
+-----------------------------------+-----------+-----------+-----------+-----------+-----------+-----------+-----------+-----------+-----------+-----------+-----------+-----------+-----------+-----------+-----------+-----------+-----------+-----------+-----------+-----------+-----------+-----------+-----------+-----------+-----------+-----------+-----------+
|        Runtime (RDTSC) [s]        |    0.4096 |    0.4113 |    0.4113 |    0.4095 |    0.4113 |    0.4113 |    0.4113 |    0.4113 |    0.4113 |    0.4113 |    0.4113 |    0.4113 |    0.4114 |    0.4113 |    0.4096 |    0.4113 |    0.4113 |    0.4113 |    0.4113 |    0.4113 |    0.4112 |    0.4112 |    0.4114 |    0.4113 |    0.4113 |    0.4113 |    0.4112 |
|        Runtime unhalted [s]       |    0.0963 |    0.1137 |    0.1117 |    0.1115 |    0.1140 |    0.1124 |    0.1132 |    0.1122 |    0.1120 |    0.1136 |    0.1129 |    0.1118 |    0.1123 |    0.1129 |    0.0994 |    0.1000 |    0.0999 |    0.1012 |    0.0988 |    0.1002 |    0.1038 |    0.0996 |    0.1003 |    0.1026 |    0.1030 |    0.1045 |    0.0981 |
|            Clock [MHz]            | 1895.9338 | 1895.3473 | 1895.3221 | 1895.3791 | 1895.3520 | 1895.3252 | 1895.2775 | 1895.3583 | 1895.3828 | 1895.2648 | 1895.3423 | 1895.3688 | 1895.3613 | 1895.2960 | 1891.5070 | 1891.4125 | 1891.4882 | 1891.4454 | 1891.3133 | 1891.5590 | 1891.5519 | 1891.6094 | 1891.5739 | 1891.6376 | 1891.4968 | 1891.6918 | 1891.1306 |
|                CPI                |    0.8788 |    3.2437 |    3.1967 |    3.1914 |    3.2831 |    3.2420 |    3.2650 |    3.2381 |    3.2348 |    3.2716 |    3.2578 |    3.2264 |    3.2448 |    3.2570 |    2.9304 |    2.9427 |    2.9620 |    2.9932 |    2.9337 |    2.9667 |    3.0634 |    2.9518 |    2.9774 |    3.0597 |    3.0721 |    3.1164 |    2.9589 |
|             Energy [J]            |   17.2600 |         0 |         0 |         0 |         0 |         0 |         0 |         0 |         0 |         0 |         0 |         0 |         0 |         0 |   17.0591 |         0 |         0 |         0 |         0 |         0 |         0 |         0 |         0 |         0 |         0 |         0 |         0 |
|             Power [W]             |   42.1380 |         0 |         0 |         0 |         0 |         0 |         0 |         0 |         0 |         0 |         0 |         0 |         0 |         0 |   41.6526 |         0 |         0 |         0 |         0 |         0 |         0 |         0 |         0 |         0 |         0 |         0 |         0 |
|          Energy DRAM [J]          |    2.1448 |         0 |         0 |         0 |         0 |         0 |         0 |         0 |         0 |         0 |         0 |         0 |         0 |         0 |    1.5386 |         0 |         0 |         0 |         0 |         0 |         0 |         0 |         0 |         0 |         0 |         0 |         0 |
|           Power DRAM [W]          |    5.2362 |         0 |         0 |         0 |         0 |         0 |         0 |         0 |         0 |         0 |         0 |         0 |         0 |         0 |    3.7566 |         0 |         0 |         0 |         0 |         0 |         0 |         0 |         0 |         0 |         0 |         0 |         0 |
|            DP [MFLOP/s]           |   73.7773 |   49.0013 |   48.9944 |   49.2172 |   48.4268 |   48.4787 |   48.4208 |   48.4806 |   48.4226 |   48.4818 |   48.4197 |   48.4810 |   48.4064 |   48.4566 |   48.6022 |   48.4587 |   48.3146 |   48.3672 |   48.3110 |   48.3648 |   48.3123 |   48.3719 |   48.2651 |   47.7693 |   47.7394 |   47.6946 |   47.6537 |
|          AVX DP [MFLOP/s]         |    2.9178 |         0 |         0 |         0 |         0 |         0 |         0 |         0 |         0 |         0 |         0 |         0 |         0 |         0 |         0 |         0 |         0 |         0 |         0 |         0 |         0 |         0 |         0 |         0 |         0 |         0 |         0 |
|          Packed [MUOPS/s]         |    0.4393 |         0 |         0 |         0 |         0 |         0 |         0 |         0 |         0 |         0 |         0 |         0 |         0 |         0 |         0 |         0 |         0 |         0 |         0 |         0 |         0 |         0 |         0 |         0 |         0 |         0 |         0 |
|          Scalar [MUOPS/s]         |   70.7472 |   49.0013 |   48.9944 |   49.2172 |   48.4268 |   48.4787 |   48.4208 |   48.4806 |   48.4226 |   48.4818 |   48.4197 |   48.4810 |   48.4064 |   48.4566 |   48.6022 |   48.4587 |   48.3146 |   48.3672 |   48.3110 |   48.3648 |   48.3123 |   48.3719 |   48.2651 |   47.7693 |   47.7394 |   47.6946 |   47.6537 |
|  Memory read bandwidth [MBytes/s] |  994.4700 |         0 |         0 |         0 |         0 |         0 |         0 |         0 |         0 |         0 |         0 |         0 |         0 |         0 |  154.0320 |         0 |         0 |         0 |         0 |         0 |         0 |         0 |         0 |         0 |         0 |         0 |         0 |
|  Memory read data volume [GBytes] |    0.4073 |         0 |         0 |         0 |         0 |         0 |         0 |         0 |         0 |         0 |         0 |         0 |         0 |         0 |    0.0631 |         0 |         0 |         0 |         0 |         0 |         0 |         0 |         0 |         0 |         0 |         0 |         0 |
| Memory write bandwidth [MBytes/s] | 1444.6331 |         0 |         0 |         0 |         0 |         0 |         0 |         0 |         0 |         0 |         0 |         0 |         0 |         0 |  272.8753 |         0 |         0 |         0 |         0 |         0 |         0 |         0 |         0 |         0 |         0 |         0 |         0 |
| Memory write data volume [GBytes] |    0.5917 |         0 |         0 |         0 |         0 |         0 |         0 |         0 |         0 |         0 |         0 |         0 |         0 |         0 |    0.1118 |         0 |         0 |         0 |         0 |         0 |         0 |         0 |         0 |         0 |         0 |         0 |         0 |
|    Memory bandwidth [MBytes/s]    | 2439.1031 |         0 |         0 |         0 |         0 |         0 |         0 |         0 |         0 |         0 |         0 |         0 |         0 |         0 |  426.9073 |         0 |         0 |         0 |         0 |         0 |         0 |         0 |         0 |         0 |         0 |         0 |         0 |
|    Memory data volume [GBytes]    |    0.9991 |         0 |         0 |         0 |         0 |         0 |         0 |         0 |         0 |         0 |         0 |         0 |         0 |         0 |    0.1748 |         0 |         0 |         0 |         0 |         0 |         0 |         0 |         0 |         0 |         0 |         0 |         0 |
|       Operational intensity       |    0.0302 |    0.0202 |    0.0202 |    0.0202 |    0.0199 |    0.0200 |    0.0199 |    0.0200 |    0.0199 |    0.0200 |    0.0199 |    0.0200 |    0.0199 |    0.0199 |    0.1138 |    0.1140 |    0.1136 |    0.1138 |    0.1136 |    0.1138 |    0.1136 |    0.1138 |    0.1136 |    0.1124 |    0.1123 |    0.1122 |    0.1121 |
+-----------------------------------+-----------+-----------+-----------+-----------+-----------+-----------+-----------+-----------+-----------+-----------+-----------+-----------+-----------+-----------+-----------+-----------+-----------+-----------+-----------+-----------+-----------+-----------+-----------+-----------+-----------+-----------+-----------+
+----------------------------------------+------------+-----------+-----------+-----------+
|                 Metric                 |     Sum    |    Min    |    Max    |    Avg    |
+----------------------------------------+------------+-----------+-----------+-----------+
|        Runtime (RDTSC) [s] STAT        |    11.0998 |    0.4095 |    0.4114 |    0.4111 |
|        Runtime unhalted [s] STAT       |     2.8719 |    0.0963 |    0.1140 |    0.1064 |
|            Clock [MHz] STAT            | 51124.7287 | 1891.1306 | 1895.9338 | 1893.5085 |
|                CPI STAT                |    81.9596 |    0.8788 |    3.2831 |    3.0355 |
|             Energy [J] STAT            |    34.3191 |         0 |   17.2600 |    1.2711 |
|             Power [W] STAT             |    83.7906 |         0 |   42.1380 |    3.1034 |
|          Energy DRAM [J] STAT          |     3.6834 |         0 |    2.1448 |    0.1364 |
|           Power DRAM [W] STAT          |     8.9928 |         0 |    5.2362 |    0.3331 |
|            DP [MFLOP/s] STAT           |  1331.6900 |   47.6537 |   73.7773 |   49.3219 |
|          AVX DP [MFLOP/s] STAT         |     2.9178 |         0 |    2.9178 |    0.1081 |
|          Packed [MUOPS/s] STAT         |     0.4393 |         0 |    0.4393 |    0.0163 |
|          Scalar [MUOPS/s] STAT         |  1328.6599 |   47.6537 |   70.7472 |   49.2096 |
|  Memory read bandwidth [MBytes/s] STAT |  1148.5020 |         0 |  994.4700 |   42.5371 |
|  Memory read data volume [GBytes] STAT |     0.4704 |         0 |    0.4073 |    0.0174 |
| Memory write bandwidth [MBytes/s] STAT |  1717.5084 |         0 | 1444.6331 |   63.6114 |
| Memory write data volume [GBytes] STAT |     0.7035 |         0 |    0.5917 |    0.0261 |
|    Memory bandwidth [MBytes/s] STAT    |  2866.0104 |         0 | 2439.1031 |  106.1485 |
|    Memory data volume [GBytes] STAT    |     1.1739 |         0 |    0.9991 |    0.0435 |
|       Operational intensity STAT       |     1.7628 |    0.0199 |    0.1140 |    0.0653 |
+----------------------------------------+------------+-----------+-----------+-----------+
--------------------------------------------------------------------------------
CPU name:	Intel(R) Xeon(R) Gold 6132 CPU @ 2.60GHz
CPU type:	Intel Skylake SP processor
CPU clock:	2.59 GHz
--------------------------------------------------------------------------------
Region Solve, Group 1: MEM_DP
+-------------------+----------+----------+----------+----------+----------+----------+----------+----------+----------+----------+----------+----------+----------+----------+----------+----------+----------+----------+----------+----------+----------+----------+----------+----------+----------+----------+----------+
|    Region Info    |  Core 0  |  Core 1  |  Core 2  |  Core 3  |  Core 4  |  Core 5  |  Core 6  |  Core 7  |  Core 8  |  Core 9  |  Core 10 |  Core 11 |  Core 12 |  Core 13 |  Core 14 |  Core 15 |  Core 16 |  Core 17 |  Core 18 |  Core 19 |  Core 20 |  Core 21 |  Core 22 |  Core 23 |  Core 24 |  Core 25 |  Core 26 |
+-------------------+----------+----------+----------+----------+----------+----------+----------+----------+----------+----------+----------+----------+----------+----------+----------+----------+----------+----------+----------+----------+----------+----------+----------+----------+----------+----------+----------+
| RDTSC Runtime [s] | 4.441409 | 4.442420 | 4.442419 | 4.442428 | 4.442425 | 4.442421 | 4.442429 | 4.442426 | 4.442424 | 4.442419 | 4.442429 | 4.442424 | 4.442419 | 4.442419 | 4.441384 | 4.442419 | 4.442421 | 4.442421 | 4.442418 | 4.442424 | 4.442422 | 4.442427 | 4.442429 | 4.442428 | 4.442431 | 4.442426 | 4.442427 |
|     call count    |        1 |        1 |        1 |        1 |        1 |        1 |        1 |        1 |        1 |        1 |        1 |        1 |        1 |        1 |        1 |        1 |        1 |        1 |        1 |        1 |        1 |        1 |        1 |        1 |        1 |        1 |        1 |
+-------------------+----------+----------+----------+----------+----------+----------+----------+----------+----------+----------+----------+----------+----------+----------+----------+----------+----------+----------+----------+----------+----------+----------+----------+----------+----------+----------+----------+
+------------------------------------------+---------+-------------+-------------+-------------+-------------+-------------+-------------+-------------+-------------+-------------+-------------+-------------+-------------+-------------+-------------+-------------+-------------+-------------+-------------+-------------+-------------+-------------+-------------+-------------+-------------+-------------+-------------+-------------+
|                   Event                  | Counter |    Core 0   |    Core 1   |    Core 2   |    Core 3   |    Core 4   |    Core 5   |    Core 6   |    Core 7   |    Core 8   |    Core 9   |   Core 10   |   Core 11   |   Core 12   |   Core 13   |   Core 14   |   Core 15   |   Core 16   |   Core 17   |   Core 18   |   Core 19   |   Core 20   |   Core 21   |   Core 22   |   Core 23   |   Core 24   |   Core 25   |   Core 26   |
+------------------------------------------+---------+-------------+-------------+-------------+-------------+-------------+-------------+-------------+-------------+-------------+-------------+-------------+-------------+-------------+-------------+-------------+-------------+-------------+-------------+-------------+-------------+-------------+-------------+-------------+-------------+-------------+-------------+-------------+
|             INSTR_RETIRED_ANY            |  FIXC0  | 11340310000 |  9142744000 |  9193658000 |  9211293000 |  9101098000 |  9037636000 |  9045520000 |  8961093000 |  8971944000 |  9011147000 |  9014936000 |  8984345000 |  8966923000 |  8910558000 |  8948096000 |  8932118000 |  8911608000 |  8904140000 |  8865040000 |  8855146000 |  8931027000 |  8910448000 |  8950683000 |  8918841000 |  8894508000 |  8781393000 |  8711758000 |
|           CPU_CLK_UNHALTED_CORE          |  FIXC1  |  5218941000 |  8350830000 |  8348923000 |  8341067000 |  8339887000 |  8346380000 |  8349801000 |  8349428000 |  8347075000 |  8349989000 |  8349414000 |  8350284000 |  8347635000 |  8345592000 |  8319272000 |  8324181000 |  8324586000 |  8324167000 |  8324707000 |  8324091000 |  8325020000 |  8325601000 |  8309691000 |  8324831000 |  8318010000 |  8327792000 |  8286659000 |
|           CPU_CLK_UNHALTED_REF           |  FIXC2  |  7144243000 | 11427460000 | 11424860000 | 11414100000 | 11412490000 | 11421370000 | 11426050000 | 11425540000 | 11422310000 | 11426300000 | 11425520000 | 11426710000 | 11423100000 | 11420310000 | 11384270000 | 11390990000 | 11391540000 | 11390970000 | 11391700000 | 11390870000 | 11392130000 | 11392930000 | 11371160000 | 11391880000 | 11382560000 | 11395930000 | 11339650000 |
|              PWR_PKG_ENERGY              |   PWR0  |    247.3732 |           0 |           0 |           0 |           0 |           0 |           0 |           0 |           0 |           0 |           0 |           0 |           0 |           0 |    245.8860 |           0 |           0 |           0 |           0 |           0 |           0 |           0 |           0 |           0 |           0 |           0 |           0 |
|              PWR_DRAM_ENERGY             |   PWR3  |     30.2920 |           0 |           0 |           0 |           0 |           0 |           0 |           0 |           0 |           0 |           0 |           0 |           0 |           0 |     29.3619 |           0 |           0 |           0 |           0 |           0 |           0 |           0 |           0 |           0 |           0 |           0 |           0 |
| FP_ARITH_INST_RETIRED_128B_PACKED_DOUBLE |   PMC0  |       65560 |           0 |           0 |           0 |           0 |           0 |           0 |           0 |           0 |           0 |           0 |           0 |           0 |           0 |           0 |           0 |           0 |           0 |           0 |           0 |           0 |           0 |           0 |           0 |           0 |           0 |           0 |
|    FP_ARITH_INST_RETIRED_SCALAR_DOUBLE   |   PMC1  |  2368959000 |  2417069000 |  2457094000 |  2471601000 |  2419728000 |  2386845000 |  2389475000 |  2366922000 |  2368991000 |  2378862000 |  2366493000 |  2337997000 |  2331725000 |  2319692000 |  2327531000 |  2326239000 |  2343290000 |  2354034000 |  2343653000 |  2341751000 |  2361897000 |  2358222000 |  2386600000 |  2392209000 |  2375858000 |  2324031000 |  2300244000 |
| FP_ARITH_INST_RETIRED_256B_PACKED_DOUBLE |   PMC2  |       83556 |           0 |           0 |           0 |           0 |           0 |           0 |           0 |           0 |           0 |           0 |           0 |           0 |           0 |           0 |           0 |           0 |           0 |           0 |           0 |           0 |           0 |           0 |           0 |           0 |           0 |           0 |
| FP_ARITH_INST_RETIRED_512B_PACKED_DOUBLE |   PMC3  |      417868 |           0 |           0 |           0 |           0 |           0 |           0 |           0 |           0 |           0 |           0 |           0 |           0 |           0 |           0 |           0 |           0 |           0 |           0 |           0 |           0 |           0 |           0 |           0 |           0 |           0 |           0 |
|               CAS_COUNT_RD               | MBOX0C0 |    67503920 |           0 |           0 |           0 |           0 |           0 |           0 |           0 |           0 |           0 |           0 |           0 |           0 |           0 |    63645120 |           0 |           0 |           0 |           0 |           0 |           0 |           0 |           0 |           0 |           0 |           0 |           0 |
|               CAS_COUNT_WR               | MBOX0C1 |    18575180 |           0 |           0 |           0 |           0 |           0 |           0 |           0 |           0 |           0 |           0 |           0 |           0 |           0 |    16587560 |           0 |           0 |           0 |           0 |           0 |           0 |           0 |           0 |           0 |           0 |           0 |           0 |
|               CAS_COUNT_RD               | MBOX1C0 |    67444770 |           0 |           0 |           0 |           0 |           0 |           0 |           0 |           0 |           0 |           0 |           0 |           0 |           0 |    63779170 |           0 |           0 |           0 |           0 |           0 |           0 |           0 |           0 |           0 |           0 |           0 |           0 |
|               CAS_COUNT_WR               | MBOX1C1 |    18617980 |           0 |           0 |           0 |           0 |           0 |           0 |           0 |           0 |           0 |           0 |           0 |           0 |           0 |    16648320 |           0 |           0 |           0 |           0 |           0 |           0 |           0 |           0 |           0 |           0 |           0 |           0 |
|               CAS_COUNT_RD               | MBOX2C0 |    67413410 |           0 |           0 |           0 |           0 |           0 |           0 |           0 |           0 |           0 |           0 |           0 |           0 |           0 |    63821650 |           0 |           0 |           0 |           0 |           0 |           0 |           0 |           0 |           0 |           0 |           0 |           0 |
|               CAS_COUNT_WR               | MBOX2C1 |    18448050 |           0 |           0 |           0 |           0 |           0 |           0 |           0 |           0 |           0 |           0 |           0 |           0 |           0 |    16663530 |           0 |           0 |           0 |           0 |           0 |           0 |           0 |           0 |           0 |           0 |           0 |           0 |
|               CAS_COUNT_RD               | MBOX3C0 |    67266670 |           0 |           0 |           0 |           0 |           0 |           0 |           0 |           0 |           0 |           0 |           0 |           0 |           0 |    63267200 |           0 |           0 |           0 |           0 |           0 |           0 |           0 |           0 |           0 |           0 |           0 |           0 |
|               CAS_COUNT_WR               | MBOX3C1 |    18515260 |           0 |           0 |           0 |           0 |           0 |           0 |           0 |           0 |           0 |           0 |           0 |           0 |           0 |    16499280 |           0 |           0 |           0 |           0 |           0 |           0 |           0 |           0 |           0 |           0 |           0 |           0 |
|               CAS_COUNT_RD               | MBOX4C0 |    66944080 |           0 |           0 |           0 |           0 |           0 |           0 |           0 |           0 |           0 |           0 |           0 |           0 |           0 |    63101380 |           0 |           0 |           0 |           0 |           0 |           0 |           0 |           0 |           0 |           0 |           0 |           0 |
|               CAS_COUNT_WR               | MBOX4C1 |    18178840 |           0 |           0 |           0 |           0 |           0 |           0 |           0 |           0 |           0 |           0 |           0 |           0 |           0 |    16411810 |           0 |           0 |           0 |           0 |           0 |           0 |           0 |           0 |           0 |           0 |           0 |           0 |
|               CAS_COUNT_RD               | MBOX5C0 |    66916830 |           0 |           0 |           0 |           0 |           0 |           0 |           0 |           0 |           0 |           0 |           0 |           0 |           0 |    63223160 |           0 |           0 |           0 |           0 |           0 |           0 |           0 |           0 |           0 |           0 |           0 |           0 |
|               CAS_COUNT_WR               | MBOX5C1 |    18234250 |           0 |           0 |           0 |           0 |           0 |           0 |           0 |           0 |           0 |           0 |           0 |           0 |           0 |    16479480 |           0 |           0 |           0 |           0 |           0 |           0 |           0 |           0 |           0 |           0 |           0 |           0 |
+------------------------------------------+---------+-------------+-------------+-------------+-------------+-------------+-------------+-------------+-------------+-------------+-------------+-------------+-------------+-------------+-------------+-------------+-------------+-------------+-------------+-------------+-------------+-------------+-------------+-------------+-------------+-------------+-------------+-------------+
+-----------------------------------------------+---------+--------------+------------+-------------+--------------+
|                     Event                     | Counter |      Sum     |     Min    |     Max     |      Avg     |
+-----------------------------------------------+---------+--------------+------------+-------------+--------------+
|             INSTR_RETIRED_ANY STAT            |  FIXC0  | 244408011000 | 8711758000 | 11340310000 | 9.052149e+09 |
|           CPU_CLK_UNHALTED_CORE STAT          |  FIXC1  | 221893854000 | 5218941000 |  8350830000 | 8.218291e+09 |
|           CPU_CLK_UNHALTED_REF STAT           |  FIXC2  | 303646943000 | 7144243000 | 11427460000 | 1.124618e+10 |
|              PWR_PKG_ENERGY STAT              |   PWR0  |     493.2592 |          0 |    247.3732 |      18.2689 |
|              PWR_DRAM_ENERGY STAT             |   PWR3  |      59.6539 |          0 |     30.2920 |       2.2094 |
| FP_ARITH_INST_RETIRED_128B_PACKED_DOUBLE STAT |   PMC0  |        65560 |          0 |       65560 |    2428.1481 |
|    FP_ARITH_INST_RETIRED_SCALAR_DOUBLE STAT   |   PMC1  |  63917012000 | 2300244000 |  2471601000 | 2.367297e+09 |
| FP_ARITH_INST_RETIRED_256B_PACKED_DOUBLE STAT |   PMC2  |        83556 |          0 |       83556 |    3094.6667 |
| FP_ARITH_INST_RETIRED_512B_PACKED_DOUBLE STAT |   PMC3  |       417868 |          0 |      417868 |   15476.5926 |
|               CAS_COUNT_RD STAT               | MBOX0C0 |    131149040 |          0 |    67503920 | 4.857372e+06 |
|               CAS_COUNT_WR STAT               | MBOX0C1 |     35162740 |          0 |    18575180 | 1.302324e+06 |
|               CAS_COUNT_RD STAT               | MBOX1C0 |    131223940 |          0 |    67444770 | 4.860146e+06 |
|               CAS_COUNT_WR STAT               | MBOX1C1 |     35266300 |          0 |    18617980 | 1.306159e+06 |
|               CAS_COUNT_RD STAT               | MBOX2C0 |    131235060 |          0 |    67413410 | 4.860558e+06 |
|               CAS_COUNT_WR STAT               | MBOX2C1 |     35111580 |          0 |    18448050 | 1.300429e+06 |
|               CAS_COUNT_RD STAT               | MBOX3C0 |    130533870 |          0 |    67266670 | 4.834588e+06 |
|               CAS_COUNT_WR STAT               | MBOX3C1 |     35014540 |          0 |    18515260 | 1.296835e+06 |
|               CAS_COUNT_RD STAT               | MBOX4C0 |    130045460 |          0 |    66944080 | 4.816499e+06 |
|               CAS_COUNT_WR STAT               | MBOX4C1 |     34590650 |          0 |    18178840 | 1.281135e+06 |
|               CAS_COUNT_RD STAT               | MBOX5C0 |    130139990 |          0 |    66916830 | 4.820000e+06 |
|               CAS_COUNT_WR STAT               | MBOX5C1 |     34713730 |          0 |    18234250 | 1.285694e+06 |
+-----------------------------------------------+---------+--------------+------------+-------------+--------------+
+-----------------------------------+-----------+-----------+-----------+-----------+-----------+-----------+-----------+-----------+-----------+-----------+-----------+-----------+-----------+-----------+-----------+-----------+-----------+-----------+-----------+-----------+-----------+-----------+-----------+-----------+-----------+-----------+-----------+
|               Metric              |   Core 0  |   Core 1  |   Core 2  |   Core 3  |   Core 4  |   Core 5  |   Core 6  |   Core 7  |   Core 8  |   Core 9  |  Core 10  |  Core 11  |  Core 12  |  Core 13  |  Core 14  |  Core 15  |  Core 16  |  Core 17  |  Core 18  |  Core 19  |  Core 20  |  Core 21  |  Core 22  |  Core 23  |  Core 24  |  Core 25  |  Core 26  |
+-----------------------------------+-----------+-----------+-----------+-----------+-----------+-----------+-----------+-----------+-----------+-----------+-----------+-----------+-----------+-----------+-----------+-----------+-----------+-----------+-----------+-----------+-----------+-----------+-----------+-----------+-----------+-----------+-----------+
|        Runtime (RDTSC) [s]        |    4.4414 |    4.4424 |    4.4424 |    4.4424 |    4.4424 |    4.4424 |    4.4424 |    4.4424 |    4.4424 |    4.4424 |    4.4424 |    4.4424 |    4.4424 |    4.4424 |    4.4414 |    4.4424 |    4.4424 |    4.4424 |    4.4424 |    4.4424 |    4.4424 |    4.4424 |    4.4424 |    4.4424 |    4.4424 |    4.4424 |    4.4424 |
|        Runtime unhalted [s]       |    2.0121 |    3.2196 |    3.2189 |    3.2159 |    3.2154 |    3.2179 |    3.2192 |    3.2191 |    3.2182 |    3.2193 |    3.2191 |    3.2194 |    3.2184 |    3.2176 |    3.2075 |    3.2094 |    3.2095 |    3.2093 |    3.2096 |    3.2093 |    3.2097 |    3.2099 |    3.2038 |    3.2096 |    3.2070 |    3.2107 |    3.1949 |
|            Clock [MHz]            | 1894.7431 | 1895.4141 | 1895.4125 | 1895.4141 | 1895.4133 | 1895.4142 | 1895.4144 | 1895.4143 | 1895.4160 | 1895.4156 | 1895.4145 | 1895.4146 | 1895.4121 | 1895.4111 | 1895.4150 | 1895.4146 | 1895.4153 | 1895.4147 | 1895.4162 | 1895.4141 | 1895.4159 | 1895.4151 | 1895.4148 | 1895.4145 | 1895.4122 | 1895.4148 | 1895.4136 |
|                CPI                |    0.4602 |    0.9134 |    0.9081 |    0.9055 |    0.9164 |    0.9235 |    0.9231 |    0.9317 |    0.9304 |    0.9266 |    0.9262 |    0.9294 |    0.9309 |    0.9366 |    0.9297 |    0.9319 |    0.9341 |    0.9349 |    0.9390 |    0.9400 |    0.9321 |    0.9344 |    0.9284 |    0.9334 |    0.9352 |    0.9483 |    0.9512 |
|             Energy [J]            |  247.3732 |         0 |         0 |         0 |         0 |         0 |         0 |         0 |         0 |         0 |         0 |         0 |         0 |         0 |  245.8860 |         0 |         0 |         0 |         0 |         0 |         0 |         0 |         0 |         0 |         0 |         0 |         0 |
|             Power [W]             |   55.6970 |         0 |         0 |         0 |         0 |         0 |         0 |         0 |         0 |         0 |         0 |         0 |         0 |         0 |   55.3625 |         0 |         0 |         0 |         0 |         0 |         0 |         0 |         0 |         0 |         0 |         0 |         0 |
|          Energy DRAM [J]          |   30.2920 |         0 |         0 |         0 |         0 |         0 |         0 |         0 |         0 |         0 |         0 |         0 |         0 |         0 |   29.3619 |         0 |         0 |         0 |         0 |         0 |         0 |         0 |         0 |         0 |         0 |         0 |         0 |
|           Power DRAM [W]          |    6.8203 |         0 |         0 |         0 |         0 |         0 |         0 |         0 |         0 |         0 |         0 |         0 |         0 |         0 |    6.6110 |         0 |         0 |         0 |         0 |         0 |         0 |         0 |         0 |         0 |         0 |         0 |         0 |
|            DP [MFLOP/s]           |  534.2375 |  544.0884 |  553.0982 |  556.3626 |  544.6863 |  537.2847 |  537.8758 |  532.7994 |  533.2654 |  535.4880 |  532.7025 |  526.2886 |  524.8773 |  522.1687 |  524.0553 |  523.6424 |  527.4804 |  529.8989 |  527.5625 |  527.1336 |  531.6688 |  530.8409 |  537.2286 |  538.4913 |  534.8103 |  523.1446 |  517.7899 |
|          AVX DP [MFLOP/s]         |    0.8279 |         0 |         0 |         0 |         0 |         0 |         0 |         0 |         0 |         0 |         0 |         0 |         0 |         0 |         0 |         0 |         0 |         0 |         0 |         0 |         0 |         0 |         0 |         0 |         0 |         0 |         0 |
|          Packed [MUOPS/s]         |    0.1277 |         0 |         0 |         0 |         0 |         0 |         0 |         0 |         0 |         0 |         0 |         0 |         0 |         0 |         0 |         0 |         0 |         0 |         0 |         0 |         0 |         0 |         0 |         0 |         0 |         0 |         0 |
|          Scalar [MUOPS/s]         |  533.3801 |  544.0884 |  553.0982 |  556.3626 |  544.6863 |  537.2847 |  537.8758 |  532.7994 |  533.2654 |  535.4880 |  532.7025 |  526.2886 |  524.8773 |  522.1687 |  524.0553 |  523.6424 |  527.4804 |  529.8989 |  527.5625 |  527.1336 |  531.6688 |  530.8409 |  537.2286 |  538.4913 |  534.8103 |  523.1446 |  517.7899 |
|  Memory read bandwidth [MBytes/s] | 5814.2224 |         0 |         0 |         0 |         0 |         0 |         0 |         0 |         0 |         0 |         0 |         0 |         0 |         0 | 5487.8415 |         0 |         0 |         0 |         0 |         0 |         0 |         0 |         0 |         0 |         0 |         0 |         0 |
|  Memory read data volume [GBytes] |   25.8233 |         0 |         0 |         0 |         0 |         0 |         0 |         0 |         0 |         0 |         0 |         0 |         0 |         0 |   24.3736 |         0 |         0 |         0 |         0 |         0 |         0 |         0 |         0 |         0 |         0 |         0 |         0 |
| Memory write bandwidth [MBytes/s] | 1593.2898 |         0 |         0 |         0 |         0 |         0 |         0 |         0 |         0 |         0 |         0 |         0 |         0 |         0 | 1430.7609 |         0 |         0 |         0 |         0 |         0 |         0 |         0 |         0 |         0 |         0 |         0 |         0 |
| Memory write data volume [GBytes] |    7.0765 |         0 |         0 |         0 |         0 |         0 |         0 |         0 |         0 |         0 |         0 |         0 |         0 |         0 |    6.3546 |         0 |         0 |         0 |         0 |         0 |         0 |         0 |         0 |         0 |         0 |         0 |         0 |
|    Memory bandwidth [MBytes/s]    | 7407.5122 |         0 |         0 |         0 |         0 |         0 |         0 |         0 |         0 |         0 |         0 |         0 |         0 |         0 | 6918.6025 |         0 |         0 |         0 |         0 |         0 |         0 |         0 |         0 |         0 |         0 |         0 |         0 |
|    Memory data volume [GBytes]    |   32.8998 |         0 |         0 |         0 |         0 |         0 |         0 |         0 |         0 |         0 |         0 |         0 |         0 |         0 |   30.7282 |         0 |         0 |         0 |         0 |         0 |         0 |         0 |         0 |         0 |         0 |         0 |         0 |
|       Operational intensity       |    0.0721 |    0.0735 |    0.0747 |    0.0751 |    0.0735 |    0.0725 |    0.0726 |    0.0719 |    0.0720 |    0.0723 |    0.0719 |    0.0711 |    0.0709 |    0.0705 |    0.0757 |    0.0757 |    0.0763 |    0.0766 |    0.0763 |    0.0762 |    0.0769 |    0.0767 |    0.0777 |    0.0779 |    0.0773 |    0.0756 |    0.0749 |
+-----------------------------------+-----------+-----------+-----------+-----------+-----------+-----------+-----------+-----------+-----------+-----------+-----------+-----------+-----------+-----------+-----------+-----------+-----------+-----------+-----------+-----------+-----------+-----------+-----------+-----------+-----------+-----------+-----------+
+----------------------------------------+------------+-----------+-----------+-----------+
|                 Metric                 |     Sum    |    Min    |    Max    |    Avg    |
+----------------------------------------+------------+-----------+-----------+-----------+
|        Runtime (RDTSC) [s] STAT        |   119.9428 |    4.4414 |    4.4424 |    4.4423 |
|        Runtime unhalted [s] STAT       |    85.5503 |    2.0121 |    3.2196 |    3.1685 |
|            Clock [MHz] STAT            | 51175.5147 | 1894.7431 | 1895.4162 | 1895.3894 |
|                CPI STAT                |    24.6346 |    0.4602 |    0.9512 |    0.9124 |
|             Energy [J] STAT            |   493.2592 |         0 |  247.3732 |   18.2689 |
|             Power [W] STAT             |   111.0595 |         0 |   55.6970 |    4.1133 |
|          Energy DRAM [J] STAT          |    59.6539 |         0 |   30.2920 |    2.2094 |
|           Power DRAM [W] STAT          |    13.4313 |         0 |    6.8203 |    0.4975 |
|            DP [MFLOP/s] STAT           | 14388.9709 |  517.7899 |  556.3626 |  532.9248 |
|          AVX DP [MFLOP/s] STAT         |     0.8279 |         0 |    0.8279 |    0.0307 |
|          Packed [MUOPS/s] STAT         |     0.1277 |         0 |    0.1277 |    0.0047 |
|          Scalar [MUOPS/s] STAT         | 14388.1135 |  517.7899 |  556.3626 |  532.8931 |
|  Memory read bandwidth [MBytes/s] STAT | 11302.0639 |         0 | 5814.2224 |  418.5950 |
|  Memory read data volume [GBytes] STAT |    50.1969 |         0 |   25.8233 |    1.8591 |
| Memory write bandwidth [MBytes/s] STAT |  3024.0507 |         0 | 1593.2898 |  112.0019 |
| Memory write data volume [GBytes] STAT |    13.4311 |         0 |    7.0765 |    0.4974 |
|    Memory bandwidth [MBytes/s] STAT    | 14326.1147 |         0 | 7407.5122 |  530.5968 |
|    Memory data volume [GBytes] STAT    |    63.6280 |         0 |   32.8998 |    2.3566 |
|       Operational intensity STAT       |     2.0084 |    0.0705 |    0.0779 |    0.0744 |
+----------------------------------------+------------+-----------+-----------+-----------+
