--------------------------------------------------------------------------------
CPU name:	Intel(R) Xeon(R) Gold 6132 CPU @ 2.60GHz
CPU type:	Intel Skylake SP processor
CPU clock:	2.59 GHz
--------------------------------------------------------------------------------
Region Setup, Group 1: MEM_DP
+-------------------+----------+----------+----------+----------+----------+----------+----------+----------+----------+----------+----------+----------+----------+----------+----------+----------+----------+----------+----------+----------+----------+----------+----------+----------+----------+----------+----------+----------+----------+----------+----------+----------+
|    Region Info    |  Core 0  |  Core 1  |  Core 2  |  Core 3  |  Core 4  |  Core 5  |  Core 6  |  Core 7  |  Core 14 |  Core 15 |  Core 16 |  Core 17 |  Core 18 |  Core 19 |  Core 20 |  Core 21 |  Core 28 |  Core 29 |  Core 30 |  Core 31 |  Core 32 |  Core 33 |  Core 34 |  Core 35 |  Core 42 |  Core 43 |  Core 44 |  Core 45 |  Core 46 |  Core 47 |  Core 48 |  Core 49 |
+-------------------+----------+----------+----------+----------+----------+----------+----------+----------+----------+----------+----------+----------+----------+----------+----------+----------+----------+----------+----------+----------+----------+----------+----------+----------+----------+----------+----------+----------+----------+----------+----------+----------+
| RDTSC Runtime [s] | 0.473645 | 0.478012 | 0.478059 | 0.478034 | 0.478012 | 0.478088 | 0.478065 | 0.478083 | 0.473601 | 0.477958 | 0.478013 | 0.477985 | 0.477994 | 0.478087 | 0.477969 | 0.477978 | 0.473588 | 0.477991 | 0.477967 | 0.477984 | 0.477992 | 0.478029 | 0.478082 | 0.478074 | 0.473611 | 0.478060 | 0.478002 | 0.477990 | 0.478078 | 0.478097 | 0.478050 | 0.477952 |
|     call count    |        2 |        2 |        2 |        2 |        2 |        2 |        2 |        2 |        2 |        2 |        2 |        2 |        2 |        2 |        2 |        2 |        2 |        2 |        2 |        2 |        2 |        2 |        2 |        2 |        2 |        2 |        2 |        2 |        2 |        2 |        2 |        2 |
+-------------------+----------+----------+----------+----------+----------+----------+----------+----------+----------+----------+----------+----------+----------+----------+----------+----------+----------+----------+----------+----------+----------+----------+----------+----------+----------+----------+----------+----------+----------+----------+----------+----------+
+------------------------------------------+---------+-----------+-----------+-----------+-----------+-----------+-----------+-----------+-----------+-----------+-----------+-----------+-----------+-----------+-----------+-----------+-----------+-----------+-----------+-----------+-----------+-----------+-----------+-----------+-----------+-----------+-----------+-----------+-----------+-----------+-----------+-----------+-----------+
|                   Event                  | Counter |   Core 0  |   Core 1  |   Core 2  |   Core 3  |   Core 4  |   Core 5  |   Core 6  |   Core 7  |  Core 14  |  Core 15  |  Core 16  |  Core 17  |  Core 18  |  Core 19  |  Core 20  |  Core 21  |  Core 28  |  Core 29  |  Core 30  |  Core 31  |  Core 32  |  Core 33  |  Core 34  |  Core 35  |  Core 42  |  Core 43  |  Core 44  |  Core 45  |  Core 46  |  Core 47  |  Core 48  |  Core 49  |
+------------------------------------------+---------+-----------+-----------+-----------+-----------+-----------+-----------+-----------+-----------+-----------+-----------+-----------+-----------+-----------+-----------+-----------+-----------+-----------+-----------+-----------+-----------+-----------+-----------+-----------+-----------+-----------+-----------+-----------+-----------+-----------+-----------+-----------+-----------+
|             INSTR_RETIRED_ANY            |  FIXC0  | 274682600 |  81326990 |  81634960 |  81448080 |  81181580 |  80980270 |  81471200 |  81251280 |  76724940 |  76960590 |  77199240 |  76670530 |  76375960 |  76403930 |  76006430 |  75971280 |  75639330 |  75945040 |  76692700 |  76216960 |  76126580 |  76411280 |  76398840 |  76997460 |  76455390 |  76027790 |  76777350 |  76911490 |  76023570 |  76200260 |  75964720 |  75504090 |
|           CPU_CLK_UNHALTED_CORE          |  FIXC1  | 294235300 | 360641400 | 367803400 | 363941100 | 358676400 | 354225800 | 364664000 | 360668700 | 270762100 | 275704400 | 280705300 | 269610800 | 263535900 | 264669500 | 256340600 | 255570000 | 255434500 | 263967200 | 279489800 | 269523100 | 267638000 | 273595600 | 273489200 | 286101200 | 273964600 | 265954000 | 281660200 | 284294100 | 265784400 | 269414200 | 264595600 | 255545200 |
|           CPU_CLK_UNHALTED_REF           |  FIXC2  | 402887800 | 493667500 | 503746200 | 498235000 | 491364200 | 484893400 | 499155800 | 493721300 | 371209400 | 377939100 | 384831200 | 369601500 | 361304300 | 362866600 | 351523300 | 350396000 | 350138000 | 361864700 | 383064200 | 369390400 | 366839200 | 374979300 | 374893100 | 392453700 | 375991400 | 365034700 | 386505600 | 390127100 | 364762300 | 369755700 | 363216200 | 350884500 |
|              PWR_PKG_ENERGY              |   PWR0  |   18.6865 |         0 |         0 |         0 |         0 |         0 |         0 |         0 |   16.0909 |         0 |         0 |         0 |         0 |         0 |         0 |         0 |   17.2873 |         0 |         0 |         0 |         0 |         0 |         0 |         0 |   16.7055 |         0 |         0 |         0 |         0 |         0 |         0 |         0 |
|              PWR_DRAM_ENERGY             |   PWR3  |    2.4242 |         0 |         0 |         0 |         0 |         0 |         0 |         0 |    1.8828 |         0 |         0 |         0 |         0 |         0 |         0 |         0 |    1.3629 |         0 |         0 |         0 |         0 |         0 |         0 |         0 |    1.8617 |         0 |         0 |         0 |         0 |         0 |         0 |         0 |
| FP_ARITH_INST_RETIRED_128B_PACKED_DOUBLE |   PMC0  |     23000 |         0 |         0 |         0 |         0 |         0 |         0 |         0 |         0 |         0 |         0 |         0 |         0 |         0 |         0 |         0 |         0 |         0 |         0 |         0 |         0 |         0 |         0 |         0 |         0 |         0 |         0 |         0 |         0 |         0 |         0 |         0 |
|    FP_ARITH_INST_RETIRED_SCALAR_DOUBLE   |   PMC1  |  25868510 |  16796820 |  16796920 |  16796970 |  16796090 |  16796200 |  16796220 |  16794050 |  16794150 |  16794380 |  16794420 |  16794470 |  16794820 |  16791490 |  16791360 |  16791180 |  16790380 |  16775910 |  16775910 |  16775910 |  16776170 |  16776290 |  16776390 |  16776240 |  16776230 |  16769320 |  16769320 |  16769320 |  16769320 |  16769320 |  16769320 |  16769070 |
| FP_ARITH_INST_RETIRED_256B_PACKED_DOUBLE |   PMC2  |     15090 |         0 |         0 |         0 |         0 |         0 |         0 |         0 |         0 |         0 |         0 |         0 |         0 |         0 |         0 |         0 |         0 |         0 |         0 |         0 |         0 |         0 |         0 |         0 |         0 |         0 |         0 |         0 |         0 |         0 |         0 |         0 |
| FP_ARITH_INST_RETIRED_512B_PACKED_DOUBLE |   PMC3  |    141851 |         0 |         0 |         0 |         0 |         0 |         0 |         0 |         0 |         0 |         0 |         0 |         0 |         0 |         0 |         0 |         0 |         0 |         0 |         0 |         0 |         0 |         0 |         0 |         0 |         0 |         0 |         0 |         0 |         0 |         0 |         0 |
|               CAS_COUNT_RD               | MBOX0C0 |   1030031 |         0 |         0 |         0 |         0 |         0 |         0 |         0 |     88700 |         0 |         0 |         0 |         0 |         0 |         0 |         0 |     83504 |         0 |         0 |         0 |         0 |         0 |         0 |         0 |    511496 |         0 |         0 |         0 |         0 |         0 |         0 |         0 |
|               CAS_COUNT_WR               | MBOX0C1 |   1577667 |         0 |         0 |         0 |         0 |         0 |         0 |         0 |    146624 |         0 |         0 |         0 |         0 |         0 |         0 |         0 |    144377 |         0 |         0 |         0 |         0 |         0 |         0 |         0 |    485996 |         0 |         0 |         0 |         0 |         0 |         0 |         0 |
|               CAS_COUNT_RD               | MBOX1C0 |   1009873 |         0 |         0 |         0 |         0 |         0 |         0 |         0 |     81598 |         0 |         0 |         0 |         0 |         0 |         0 |         0 |     85269 |         0 |         0 |         0 |         0 |         0 |         0 |         0 |    672570 |         0 |         0 |         0 |         0 |         0 |         0 |         0 |
|               CAS_COUNT_WR               | MBOX1C1 |   1584840 |         0 |         0 |         0 |         0 |         0 |         0 |         0 |    139611 |         0 |         0 |         0 |         0 |         0 |         0 |         0 |    145353 |         0 |         0 |         0 |         0 |         0 |         0 |         0 |    658273 |         0 |         0 |         0 |         0 |         0 |         0 |         0 |
|               CAS_COUNT_RD               | MBOX2C0 |   1572411 |         0 |         0 |         0 |         0 |         0 |         0 |         0 |     90081 |         0 |         0 |         0 |         0 |         0 |         0 |         0 |     93181 |         0 |         0 |         0 |         0 |         0 |         0 |         0 |    355015 |         0 |         0 |         0 |         0 |         0 |         0 |         0 |
|               CAS_COUNT_WR               | MBOX2C1 |   1625935 |         0 |         0 |         0 |         0 |         0 |         0 |         0 |    150782 |         0 |         0 |         0 |         0 |         0 |         0 |         0 |    156743 |         0 |         0 |         0 |         0 |         0 |         0 |         0 |    342674 |         0 |         0 |         0 |         0 |         0 |         0 |         0 |
|               CAS_COUNT_RD               | MBOX3C0 |   1785971 |         0 |         0 |         0 |         0 |         0 |         0 |         0 |     61658 |         0 |         0 |         0 |         0 |         0 |         0 |         0 |     63293 |         0 |         0 |         0 |         0 |         0 |         0 |         0 |    564861 |         0 |         0 |         0 |         0 |         0 |         0 |         0 |
|               CAS_COUNT_WR               | MBOX3C1 |   1597891 |         0 |         0 |         0 |         0 |         0 |         0 |         0 |    126785 |         0 |         0 |         0 |         0 |         0 |         0 |         0 |    130396 |         0 |         0 |         0 |         0 |         0 |         0 |         0 |    550711 |         0 |         0 |         0 |         0 |         0 |         0 |         0 |
|               CAS_COUNT_RD               | MBOX4C0 |    938103 |         0 |         0 |         0 |         0 |         0 |         0 |         0 |     60377 |         0 |         0 |         0 |         0 |         0 |         0 |         0 |     62526 |         0 |         0 |         0 |         0 |         0 |         0 |         0 |    966564 |         0 |         0 |         0 |         0 |         0 |         0 |         0 |
|               CAS_COUNT_WR               | MBOX4C1 |   1509346 |         0 |         0 |         0 |         0 |         0 |         0 |         0 |    125447 |         0 |         0 |         0 |         0 |         0 |         0 |         0 |    131465 |         0 |         0 |         0 |         0 |         0 |         0 |         0 |    956368 |         0 |         0 |         0 |         0 |         0 |         0 |         0 |
|               CAS_COUNT_RD               | MBOX5C0 |    955680 |         0 |         0 |         0 |         0 |         0 |         0 |         0 |     63604 |         0 |         0 |         0 |         0 |         0 |         0 |         0 |     63640 |         0 |         0 |         0 |         0 |         0 |         0 |         0 |    523218 |         0 |         0 |         0 |         0 |         0 |         0 |         0 |
|               CAS_COUNT_WR               | MBOX5C1 |   1523787 |         0 |         0 |         0 |         0 |         0 |         0 |         0 |    128741 |         0 |         0 |         0 |         0 |         0 |         0 |         0 |    132607 |         0 |         0 |         0 |         0 |         0 |         0 |         0 |    539289 |         0 |         0 |         0 |         0 |         0 |         0 |         0 |
+------------------------------------------+---------+-----------+-----------+-----------+-----------+-----------+-----------+-----------+-----------+-----------+-----------+-----------+-----------+-----------+-----------+-----------+-----------+-----------+-----------+-----------+-----------+-----------+-----------+-----------+-----------+-----------+-----------+-----------+-----------+-----------+-----------+-----------+-----------+
+-----------------------------------------------+---------+-------------+-----------+-----------+--------------+
|                     Event                     | Counter |     Sum     |    Min    |    Max    |      Avg     |
+-----------------------------------------------+---------+-------------+-----------+-----------+--------------+
|             INSTR_RETIRED_ANY STAT            |  FIXC0  |  2676582710 |  75504090 | 274682600 | 8.364321e+07 |
|           CPU_CLK_UNHALTED_CORE STAT          |  FIXC1  |  9292205600 | 255434500 | 367803400 |    290381425 |
|           CPU_CLK_UNHALTED_REF STAT           |  FIXC2  | 12737242700 | 350138000 | 503746200 | 3.980388e+08 |
|              PWR_PKG_ENERGY STAT              |   PWR0  |     68.7702 |         0 |   18.6865 |       2.1491 |
|              PWR_DRAM_ENERGY STAT             |   PWR3  |      7.5316 |         0 |    2.4242 |       0.2354 |
| FP_ARITH_INST_RETIRED_128B_PACKED_DOUBLE STAT |   PMC0  |       23000 |         0 |     23000 |     718.7500 |
|    FP_ARITH_INST_RETIRED_SCALAR_DOUBLE STAT   |   PMC1  |   546172470 |  16769070 |  25868510 | 1.706789e+07 |
| FP_ARITH_INST_RETIRED_256B_PACKED_DOUBLE STAT |   PMC2  |       15090 |         0 |     15090 |     471.5625 |
| FP_ARITH_INST_RETIRED_512B_PACKED_DOUBLE STAT |   PMC3  |      141851 |         0 |    141851 |    4432.8438 |
|               CAS_COUNT_RD STAT               | MBOX0C0 |     1713731 |         0 |   1030031 |   53554.0938 |
|               CAS_COUNT_WR STAT               | MBOX0C1 |     2354664 |         0 |   1577667 |   73583.2500 |
|               CAS_COUNT_RD STAT               | MBOX1C0 |     1849310 |         0 |   1009873 |   57790.9375 |
|               CAS_COUNT_WR STAT               | MBOX1C1 |     2528077 |         0 |   1584840 |   79002.4062 |
|               CAS_COUNT_RD STAT               | MBOX2C0 |     2110688 |         0 |   1572411 |        65959 |
|               CAS_COUNT_WR STAT               | MBOX2C1 |     2276134 |         0 |   1625935 |   71129.1875 |
|               CAS_COUNT_RD STAT               | MBOX3C0 |     2475783 |         0 |   1785971 |   77368.2188 |
|               CAS_COUNT_WR STAT               | MBOX3C1 |     2405783 |         0 |   1597891 |   75180.7188 |
|               CAS_COUNT_RD STAT               | MBOX4C0 |     2027570 |         0 |    966564 |   63361.5625 |
|               CAS_COUNT_WR STAT               | MBOX4C1 |     2722626 |         0 |   1509346 |   85082.0625 |
|               CAS_COUNT_RD STAT               | MBOX5C0 |     1606142 |         0 |    955680 |   50191.9375 |
|               CAS_COUNT_WR STAT               | MBOX5C1 |     2324424 |         0 |   1523787 |   72638.2500 |
+-----------------------------------------------+---------+-------------+-----------+-----------+--------------+
+-----------------------------------+-----------+-----------+-----------+-----------+-----------+-----------+-----------+-----------+-----------+-----------+-----------+-----------+-----------+-----------+-----------+-----------+-----------+-----------+-----------+-----------+-----------+-----------+-----------+-----------+-----------+-----------+-----------+-----------+-----------+-----------+-----------+-----------+
|               Metric              |   Core 0  |   Core 1  |   Core 2  |   Core 3  |   Core 4  |   Core 5  |   Core 6  |   Core 7  |  Core 14  |  Core 15  |  Core 16  |  Core 17  |  Core 18  |  Core 19  |  Core 20  |  Core 21  |  Core 28  |  Core 29  |  Core 30  |  Core 31  |  Core 32  |  Core 33  |  Core 34  |  Core 35  |  Core 42  |  Core 43  |  Core 44  |  Core 45  |  Core 46  |  Core 47  |  Core 48  |  Core 49  |
+-----------------------------------+-----------+-----------+-----------+-----------+-----------+-----------+-----------+-----------+-----------+-----------+-----------+-----------+-----------+-----------+-----------+-----------+-----------+-----------+-----------+-----------+-----------+-----------+-----------+-----------+-----------+-----------+-----------+-----------+-----------+-----------+-----------+-----------+
|        Runtime (RDTSC) [s]        |    0.4736 |    0.4780 |    0.4781 |    0.4780 |    0.4780 |    0.4781 |    0.4781 |    0.4781 |    0.4736 |    0.4780 |    0.4780 |    0.4780 |    0.4780 |    0.4781 |    0.4780 |    0.4780 |    0.4736 |    0.4780 |    0.4780 |    0.4780 |    0.4780 |    0.4780 |    0.4781 |    0.4781 |    0.4736 |    0.4781 |    0.4780 |    0.4780 |    0.4781 |    0.4781 |    0.4781 |    0.4780 |
|        Runtime unhalted [s]       |    0.1134 |    0.1390 |    0.1418 |    0.1403 |    0.1383 |    0.1366 |    0.1406 |    0.1391 |    0.1044 |    0.1063 |    0.1082 |    0.1039 |    0.1016 |    0.1020 |    0.0988 |    0.0985 |    0.0985 |    0.1018 |    0.1078 |    0.1039 |    0.1032 |    0.1055 |    0.1054 |    0.1103 |    0.1056 |    0.1025 |    0.1086 |    0.1096 |    0.1025 |    0.1039 |    0.1020 |    0.0985 |
|            Clock [MHz]            | 1894.2704 | 1894.8391 | 1893.8050 | 1894.6464 | 1893.3487 | 1894.8081 | 1894.9078 | 1894.7761 | 1891.9089 | 1892.1396 | 1891.9587 | 1892.0598 | 1891.8991 | 1891.8566 | 1891.4488 | 1891.8297 | 1892.2199 | 1892.0606 | 1892.4556 | 1892.5253 | 1892.3582 | 1892.4879 | 1892.1869 | 1890.8739 | 1889.9392 | 1889.7471 | 1890.1706 | 1890.1359 | 1889.9523 | 1889.8917 | 1889.5079 | 1889.0126 |
|                CPI                |    1.0712 |    4.4345 |    4.5055 |    4.4684 |    4.4182 |    4.3742 |    4.4760 |    4.4389 |    3.5290 |    3.5824 |    3.6361 |    3.5165 |    3.4505 |    3.4641 |    3.3726 |    3.3640 |    3.3770 |    3.4758 |    3.6443 |    3.5363 |    3.5157 |    3.5806 |    3.5798 |    3.7157 |    3.5833 |    3.4981 |    3.6685 |    3.6964 |    3.4961 |    3.5356 |    3.4831 |    3.3845 |
|             Energy [J]            |   18.6865 |         0 |         0 |         0 |         0 |         0 |         0 |         0 |   16.0909 |         0 |         0 |         0 |         0 |         0 |         0 |         0 |   17.2873 |         0 |         0 |         0 |         0 |         0 |         0 |         0 |   16.7055 |         0 |         0 |         0 |         0 |         0 |         0 |         0 |
|             Power [W]             |   39.4525 |         0 |         0 |         0 |         0 |         0 |         0 |         0 |   33.9756 |         0 |         0 |         0 |         0 |         0 |         0 |         0 |   36.5028 |         0 |         0 |         0 |         0 |         0 |         0 |         0 |   35.2727 |         0 |         0 |         0 |         0 |         0 |         0 |         0 |
|          Energy DRAM [J]          |    2.4242 |         0 |         0 |         0 |         0 |         0 |         0 |         0 |    1.8828 |         0 |         0 |         0 |         0 |         0 |         0 |         0 |    1.3629 |         0 |         0 |         0 |         0 |         0 |         0 |         0 |    1.8617 |         0 |         0 |         0 |         0 |         0 |         0 |         0 |
|           Power DRAM [W]          |    5.1181 |         0 |         0 |         0 |         0 |         0 |         0 |         0 |    3.9755 |         0 |         0 |         0 |         0 |         0 |         0 |         0 |    2.8779 |         0 |         0 |         0 |         0 |         0 |         0 |         0 |    3.9308 |         0 |         0 |         0 |         0 |         0 |         0 |         0 |
|            DP [MFLOP/s]           |   57.2363 |   35.1389 |   35.1356 |   35.1376 |   35.1374 |   35.1320 |   35.1338 |   35.1279 |   35.4606 |   35.1378 |   35.1338 |   35.1360 |   35.1361 |   35.1223 |   35.1307 |   35.1296 |   35.4535 |   35.0967 |   35.0985 |   35.0972 |   35.0972 |   35.0947 |   35.0910 |   35.0913 |   35.4220 |   35.0779 |   35.0821 |   35.0830 |   35.0766 |   35.0751 |   35.0786 |   35.0852 |
|          AVX DP [MFLOP/s]         |    2.5233 |         0 |         0 |         0 |         0 |         0 |         0 |         0 |         0 |         0 |         0 |         0 |         0 |         0 |         0 |         0 |         0 |         0 |         0 |         0 |         0 |         0 |         0 |         0 |         0 |         0 |         0 |         0 |         0 |         0 |         0 |         0 |
|          Packed [MUOPS/s]         |    0.3799 |         0 |         0 |         0 |         0 |         0 |         0 |         0 |         0 |         0 |         0 |         0 |         0 |         0 |         0 |         0 |         0 |         0 |         0 |         0 |         0 |         0 |         0 |         0 |         0 |         0 |         0 |         0 |         0 |         0 |         0 |         0 |
|          Scalar [MUOPS/s]         |   54.6159 |   35.1389 |   35.1356 |   35.1376 |   35.1374 |   35.1320 |   35.1338 |   35.1279 |   35.4606 |   35.1378 |   35.1338 |   35.1360 |   35.1361 |   35.1223 |   35.1307 |   35.1296 |   35.4535 |   35.0967 |   35.0985 |   35.0972 |   35.0972 |   35.0947 |   35.0910 |   35.0913 |   35.4220 |   35.0779 |   35.0821 |   35.0830 |   35.0766 |   35.0751 |   35.0786 |   35.0852 |
|  Memory read bandwidth [MBytes/s] |  985.3219 |         0 |         0 |         0 |         0 |         0 |         0 |         0 |   60.2726 |         0 |         0 |         0 |         0 |         0 |         0 |         0 |   61.0033 |         0 |         0 |         0 |         0 |         0 |         0 |         0 |  485.6275 |         0 |         0 |         0 |         0 |         0 |         0 |         0 |
|  Memory read data volume [GBytes] |    0.4667 |         0 |         0 |         0 |         0 |         0 |         0 |         0 |    0.0285 |         0 |         0 |         0 |         0 |         0 |         0 |         0 |    0.0289 |         0 |         0 |         0 |         0 |         0 |         0 |         0 |    0.2300 |         0 |         0 |         0 |         0 |         0 |         0 |         0 |
| Memory write bandwidth [MBytes/s] | 1272.7810 |         0 |         0 |         0 |         0 |         0 |         0 |         0 |  110.5390 |         0 |         0 |         0 |         0 |         0 |         0 |         0 |  113.6435 |         0 |         0 |         0 |         0 |         0 |         0 |         0 |  477.4638 |         0 |         0 |         0 |         0 |         0 |         0 |         0 |
| Memory write data volume [GBytes] |    0.6028 |         0 |         0 |         0 |         0 |         0 |         0 |         0 |    0.0524 |         0 |         0 |         0 |         0 |         0 |         0 |         0 |    0.0538 |         0 |         0 |         0 |         0 |         0 |         0 |         0 |    0.2261 |         0 |         0 |         0 |         0 |         0 |         0 |         0 |
|    Memory bandwidth [MBytes/s]    | 2258.1029 |         0 |         0 |         0 |         0 |         0 |         0 |         0 |  170.8116 |         0 |         0 |         0 |         0 |         0 |         0 |         0 |  174.6468 |         0 |         0 |         0 |         0 |         0 |         0 |         0 |  963.0913 |         0 |         0 |         0 |         0 |         0 |         0 |         0 |
|    Memory data volume [GBytes]    |    1.0695 |         0 |         0 |         0 |         0 |         0 |         0 |         0 |    0.0809 |         0 |         0 |         0 |         0 |         0 |         0 |         0 |    0.0827 |         0 |         0 |         0 |         0 |         0 |         0 |         0 |    0.4561 |         0 |         0 |         0 |         0 |         0 |         0 |         0 |
|       Operational intensity       |    0.0253 |    0.0157 |    0.0157 |    0.0157 |    0.0157 |    0.0157 |    0.0157 |    0.0157 |    0.2076 |    0.2076 |    0.2076 |    0.2076 |    0.2076 |    0.2076 |    0.2076 |    0.2076 |    0.2030 |    0.2028 |    0.2028 |    0.2028 |    0.2028 |    0.2028 |    0.2028 |    0.2028 |    0.0368 |    0.0368 |    0.0368 |    0.0368 |    0.0368 |    0.0368 |    0.0368 |    0.0368 |
+-----------------------------------+-----------+-----------+-----------+-----------+-----------+-----------+-----------+-----------+-----------+-----------+-----------+-----------+-----------+-----------+-----------+-----------+-----------+-----------+-----------+-----------+-----------+-----------+-----------+-----------+-----------+-----------+-----------+-----------+-----------+-----------+-----------+-----------+
+----------------------------------------+------------+-----------+-----------+-----------+
|                 Metric                 |     Sum    |    Min    |    Max    |    Avg    |
+----------------------------------------+------------+-----------+-----------+-----------+
|        Runtime (RDTSC) [s] STAT        |    15.2795 |    0.4736 |    0.4781 |    0.4775 |
|        Runtime unhalted [s] STAT       |     3.5824 |    0.0985 |    0.1418 |    0.1120 |
|            Clock [MHz] STAT            | 60546.0284 | 1889.0126 | 1894.9078 | 1892.0634 |
|                CPI STAT                |   116.8729 |    1.0712 |    4.5055 |    3.6523 |
|             Energy [J] STAT            |    68.7702 |         0 |   18.6865 |    2.1491 |
|             Power [W] STAT             |   145.2036 |         0 |   39.4525 |    4.5376 |
|          Energy DRAM [J] STAT          |     7.5316 |         0 |    2.4242 |    0.2354 |
|           Power DRAM [W] STAT          |    15.9023 |         0 |    5.1181 |    0.4969 |
|            DP [MFLOP/s] STAT           |  1146.6670 |   35.0751 |   57.2363 |   35.8333 |
|          AVX DP [MFLOP/s] STAT         |     2.5233 |         0 |    2.5233 |    0.0789 |
|          Packed [MUOPS/s] STAT         |     0.3799 |         0 |    0.3799 |    0.0119 |
|          Scalar [MUOPS/s] STAT         |  1144.0466 |   35.0751 |   54.6159 |   35.7515 |
|  Memory read bandwidth [MBytes/s] STAT |  1592.2253 |         0 |  985.3219 |   49.7570 |
|  Memory read data volume [GBytes] STAT |     0.7541 |         0 |    0.4667 |    0.0236 |
| Memory write bandwidth [MBytes/s] STAT |  1974.4273 |         0 | 1272.7810 |   61.7009 |
| Memory write data volume [GBytes] STAT |     0.9351 |         0 |    0.6028 |    0.0292 |
|    Memory bandwidth [MBytes/s] STAT    |  3566.6526 |         0 | 2258.1029 |  111.4579 |
|    Memory data volume [GBytes] STAT    |     1.6892 |         0 |    1.0695 |    0.0528 |
|       Operational intensity STAT       |     3.7130 |    0.0157 |    0.2076 |    0.1160 |
+----------------------------------------+------------+-----------+-----------+-----------+
--------------------------------------------------------------------------------
CPU name:	Intel(R) Xeon(R) Gold 6132 CPU @ 2.60GHz
CPU type:	Intel Skylake SP processor
CPU clock:	2.59 GHz
--------------------------------------------------------------------------------
Region Solve, Group 1: MEM_DP
+-------------------+----------+----------+----------+----------+----------+----------+----------+----------+----------+----------+----------+----------+----------+----------+----------+----------+----------+----------+----------+----------+----------+----------+----------+----------+----------+----------+----------+----------+----------+----------+----------+----------+
|    Region Info    |  Core 0  |  Core 1  |  Core 2  |  Core 3  |  Core 4  |  Core 5  |  Core 6  |  Core 7  |  Core 14 |  Core 15 |  Core 16 |  Core 17 |  Core 18 |  Core 19 |  Core 20 |  Core 21 |  Core 28 |  Core 29 |  Core 30 |  Core 31 |  Core 32 |  Core 33 |  Core 34 |  Core 35 |  Core 42 |  Core 43 |  Core 44 |  Core 45 |  Core 46 |  Core 47 |  Core 48 |  Core 49 |
+-------------------+----------+----------+----------+----------+----------+----------+----------+----------+----------+----------+----------+----------+----------+----------+----------+----------+----------+----------+----------+----------+----------+----------+----------+----------+----------+----------+----------+----------+----------+----------+----------+----------+
| RDTSC Runtime [s] | 4.043210 | 4.045684 | 4.045769 | 4.045779 | 4.045688 | 4.045775 | 4.045683 | 4.045682 | 4.043374 | 4.045677 | 4.045673 | 4.045678 | 4.045681 | 4.045676 | 4.045673 | 4.045678 | 4.043196 | 4.045747 | 4.045748 | 4.045792 | 4.045849 | 4.045672 | 4.045804 | 4.045670 | 4.043349 | 4.045674 | 4.045783 | 4.045677 | 4.045757 | 4.045670 | 4.045777 | 4.045683 |
|     call count    |        1 |        1 |        1 |        1 |        1 |        1 |        1 |        1 |        1 |        1 |        1 |        1 |        1 |        1 |        1 |        1 |        1 |        1 |        1 |        1 |        1 |        1 |        1 |        1 |        1 |        1 |        1 |        1 |        1 |        1 |        1 |        1 |
+-------------------+----------+----------+----------+----------+----------+----------+----------+----------+----------+----------+----------+----------+----------+----------+----------+----------+----------+----------+----------+----------+----------+----------+----------+----------+----------+----------+----------+----------+----------+----------+----------+----------+
+------------------------------------------+---------+-------------+-------------+-------------+-------------+-------------+-------------+-------------+-------------+-------------+-------------+-------------+-------------+-------------+-------------+-------------+-------------+-------------+-------------+-------------+-------------+-------------+-------------+-------------+-------------+-------------+-------------+-------------+-------------+-------------+-------------+-------------+-------------+
|                   Event                  | Counter |    Core 0   |    Core 1   |    Core 2   |    Core 3   |    Core 4   |    Core 5   |    Core 6   |    Core 7   |   Core 14   |   Core 15   |   Core 16   |   Core 17   |   Core 18   |   Core 19   |   Core 20   |   Core 21   |   Core 28   |   Core 29   |   Core 30   |   Core 31   |   Core 32   |   Core 33   |   Core 34   |   Core 35   |   Core 42   |   Core 43   |   Core 44   |   Core 45   |   Core 46   |   Core 47   |   Core 48   |   Core 49   |
+------------------------------------------+---------+-------------+-------------+-------------+-------------+-------------+-------------+-------------+-------------+-------------+-------------+-------------+-------------+-------------+-------------+-------------+-------------+-------------+-------------+-------------+-------------+-------------+-------------+-------------+-------------+-------------+-------------+-------------+-------------+-------------+-------------+-------------+-------------+
|             INSTR_RETIRED_ANY            |  FIXC0  | 10005820000 |  7635362000 |  7673047000 |  7699640000 |  7699414000 |  7678642000 |  7626306000 |  7640325000 |  7572101000 |  7559441000 |  7577507000 |  7608329000 |  7605360000 |  7575709000 |  7564145000 |  7544984000 |  7529004000 |  7527522000 |  7540932000 |  7562843000 |  7564336000 |  7532692000 |  7517000000 |  7524175000 |  7584571000 |  7557596000 |  7613149000 |  7633685000 |  7638191000 |  7611518000 |  7581817000 |  7547519000 |
|           CPU_CLK_UNHALTED_CORE          |  FIXC1  |  4542213000 |  7584492000 |  7585266000 |  7584694000 |  7586338000 |  7584440000 |  7585102000 |  7582592000 |  7506131000 |  7506464000 |  7504248000 |  7505468000 |  7503107000 |  7503258000 |  7504681000 |  7504791000 |  7499116000 |  7505719000 |  7506868000 |  7502897000 |  7507719000 |  7502816000 |  7504847000 |  7505093000 |  7502250000 |  7516889000 |  7516124000 |  7519182000 |  7518784000 |  7517226000 |  7515539000 |  7503711000 |
|           CPU_CLK_UNHALTED_REF           |  FIXC2  |  6215712000 | 10378780000 | 10379840000 | 10379050000 | 10381300000 | 10378710000 | 10379610000 | 10376170000 | 10271550000 | 10272020000 | 10268980000 | 10270660000 | 10267420000 | 10267620000 | 10269590000 | 10269720000 | 10261940000 | 10270990000 | 10272560000 | 10267120000 | 10273720000 | 10267010000 | 10269790000 | 10270120000 | 10266230000 | 10286270000 | 10285220000 | 10289400000 | 10288870000 | 10286730000 | 10284430000 | 10268240000 |
|              PWR_PKG_ENERGY              |   PWR0  |    196.5728 |           0 |           0 |           0 |           0 |           0 |           0 |           0 |    173.6125 |           0 |           0 |           0 |           0 |           0 |           0 |           0 |    187.0233 |           0 |           0 |           0 |           0 |           0 |           0 |           0 |    176.0093 |           0 |           0 |           0 |           0 |           0 |           0 |           0 |
|              PWR_DRAM_ENERGY             |   PWR3  |     21.6153 |           0 |           0 |           0 |           0 |           0 |           0 |           0 |     21.7871 |           0 |           0 |           0 |           0 |           0 |           0 |           0 |     18.0388 |           0 |           0 |           0 |           0 |           0 |           0 |           0 |     19.7594 |           0 |           0 |           0 |           0 |           0 |           0 |           0 |
| FP_ARITH_INST_RETIRED_128B_PACKED_DOUBLE |   PMC0  |       65560 |           0 |           0 |           0 |           0 |           0 |           0 |           0 |           0 |           0 |           0 |           0 |           0 |           0 |           0 |           0 |           0 |           0 |           0 |           0 |           0 |           0 |           0 |           0 |           0 |           0 |           0 |           0 |           0 |           0 |           0 |           0 |
|    FP_ARITH_INST_RETIRED_SCALAR_DOUBLE   |   PMC1  |  2004415000 |  2003893000 |  2031042000 |  2054368000 |  2052446000 |  2032259000 |  2007201000 |  2011128000 |  1994753000 |  1990945000 |  1995270000 |  2002032000 |  1990201000 |  1966885000 |  1958834000 |  1958115000 |  1953417000 |  1949421000 |  1958075000 |  1979554000 |  1991543000 |  1984095000 |  1980057000 |  1982246000 |  1997992000 |  1991141000 |  2017811000 |  2038407000 |  2042288000 |  2019346000 |  1994673000 |  1983163000 |
| FP_ARITH_INST_RETIRED_256B_PACKED_DOUBLE |   PMC2  |       83556 |           0 |           0 |           0 |           0 |           0 |           0 |           0 |           0 |           0 |           0 |           0 |           0 |           0 |           0 |           0 |           0 |           0 |           0 |           0 |           0 |           0 |           0 |           0 |           0 |           0 |           0 |           0 |           0 |           0 |           0 |           0 |
| FP_ARITH_INST_RETIRED_512B_PACKED_DOUBLE |   PMC3  |      417868 |           0 |           0 |           0 |           0 |           0 |           0 |           0 |           0 |           0 |           0 |           0 |           0 |           0 |           0 |           0 |           0 |           0 |           0 |           0 |           0 |           0 |           0 |           0 |           0 |           0 |           0 |           0 |           0 |           0 |           0 |           0 |
|               CAS_COUNT_RD               | MBOX0C0 |    28258160 |           0 |           0 |           0 |           0 |           0 |           0 |           0 |    27065140 |           0 |           0 |           0 |           0 |           0 |           0 |           0 |    26802720 |           0 |           0 |           0 |           0 |           0 |           0 |           0 |    27204790 |           0 |           0 |           0 |           0 |           0 |           0 |           0 |
|               CAS_COUNT_WR               | MBOX0C1 |     8737796 |           0 |           0 |           0 |           0 |           0 |           0 |           0 |     9027930 |           0 |           0 |           0 |           0 |           0 |           0 |           0 |     7869281 |           0 |           0 |           0 |           0 |           0 |           0 |           0 |     6571048 |           0 |           0 |           0 |           0 |           0 |           0 |           0 |
|               CAS_COUNT_RD               | MBOX1C0 |    28288300 |           0 |           0 |           0 |           0 |           0 |           0 |           0 |    26991450 |           0 |           0 |           0 |           0 |           0 |           0 |           0 |    26729240 |           0 |           0 |           0 |           0 |           0 |           0 |           0 |    27356620 |           0 |           0 |           0 |           0 |           0 |           0 |           0 |
|               CAS_COUNT_WR               | MBOX1C1 |     8768357 |           0 |           0 |           0 |           0 |           0 |           0 |           0 |     8967814 |           0 |           0 |           0 |           0 |           0 |           0 |           0 |     7794498 |           0 |           0 |           0 |           0 |           0 |           0 |           0 |     6772626 |           0 |           0 |           0 |           0 |           0 |           0 |           0 |
|               CAS_COUNT_RD               | MBOX2C0 |    28768100 |           0 |           0 |           0 |           0 |           0 |           0 |           0 |    27045920 |           0 |           0 |           0 |           0 |           0 |           0 |           0 |    26604100 |           0 |           0 |           0 |           0 |           0 |           0 |           0 |    27079690 |           0 |           0 |           0 |           0 |           0 |           0 |           0 |
|               CAS_COUNT_WR               | MBOX2C1 |     8896196 |           0 |           0 |           0 |           0 |           0 |           0 |           0 |     9034038 |           0 |           0 |           0 |           0 |           0 |           0 |           0 |     7724338 |           0 |           0 |           0 |           0 |           0 |           0 |           0 |     6482163 |           0 |           0 |           0 |           0 |           0 |           0 |           0 |
|               CAS_COUNT_RD               | MBOX3C0 |    28772440 |           0 |           0 |           0 |           0 |           0 |           0 |           0 |    26767160 |           0 |           0 |           0 |           0 |           0 |           0 |           0 |    26378060 |           0 |           0 |           0 |           0 |           0 |           0 |           0 |    27010850 |           0 |           0 |           0 |           0 |           0 |           0 |           0 |
|               CAS_COUNT_WR               | MBOX3C1 |     8717412 |           0 |           0 |           0 |           0 |           0 |           0 |           0 |     8854609 |           0 |           0 |           0 |           0 |           0 |           0 |           0 |     7589012 |           0 |           0 |           0 |           0 |           0 |           0 |           0 |     6591965 |           0 |           0 |           0 |           0 |           0 |           0 |           0 |
|               CAS_COUNT_RD               | MBOX4C0 |    28034540 |           0 |           0 |           0 |           0 |           0 |           0 |           0 |    26764830 |           0 |           0 |           0 |           0 |           0 |           0 |           0 |    26502860 |           0 |           0 |           0 |           0 |           0 |           0 |           0 |    27243850 |           0 |           0 |           0 |           0 |           0 |           0 |           0 |
|               CAS_COUNT_WR               | MBOX4C1 |     8618200 |           0 |           0 |           0 |           0 |           0 |           0 |           0 |     8835347 |           0 |           0 |           0 |           0 |           0 |           0 |           0 |     7674253 |           0 |           0 |           0 |           0 |           0 |           0 |           0 |     6798410 |           0 |           0 |           0 |           0 |           0 |           0 |           0 |
|               CAS_COUNT_RD               | MBOX5C0 |    28115340 |           0 |           0 |           0 |           0 |           0 |           0 |           0 |    26957190 |           0 |           0 |           0 |           0 |           0 |           0 |           0 |    26449160 |           0 |           0 |           0 |           0 |           0 |           0 |           0 |    27011940 |           0 |           0 |           0 |           0 |           0 |           0 |           0 |
|               CAS_COUNT_WR               | MBOX5C1 |     8672393 |           0 |           0 |           0 |           0 |           0 |           0 |           0 |     9036578 |           0 |           0 |           0 |           0 |           0 |           0 |           0 |     7617032 |           0 |           0 |           0 |           0 |           0 |           0 |           0 |     6632831 |           0 |           0 |           0 |           0 |           0 |           0 |           0 |
+------------------------------------------+---------+-------------+-------------+-------------+-------------+-------------+-------------+-------------+-------------+-------------+-------------+-------------+-------------+-------------+-------------+-------------+-------------+-------------+-------------+-------------+-------------+-------------+-------------+-------------+-------------+-------------+-------------+-------------+-------------+-------------+-------------+-------------+-------------+
+-----------------------------------------------+---------+--------------+------------+-------------+--------------+
|                     Event                     | Counter |      Sum     |     Min    |     Max     |      Avg     |
+-----------------------------------------------+---------+--------------+------------+-------------+--------------+
|             INSTR_RETIRED_ANY STAT            |  FIXC0  | 245332682000 | 7517000000 | 10005820000 | 7.666646e+09 |
|           CPU_CLK_UNHALTED_CORE STAT          |  FIXC1  | 237818065000 | 4542213000 |  7586338000 | 7.431815e+09 |
|           CPU_CLK_UNHALTED_REF STAT           |  FIXC2  | 325435372000 | 6215712000 | 10381300000 |  10169855375 |
|              PWR_PKG_ENERGY STAT              |   PWR0  |     733.2179 |          0 |    196.5728 |      22.9131 |
|              PWR_DRAM_ENERGY STAT             |   PWR3  |      81.2006 |          0 |     21.7871 |       2.5375 |
| FP_ARITH_INST_RETIRED_128B_PACKED_DOUBLE STAT |   PMC0  |        65560 |          0 |       65560 |    2048.7500 |
|    FP_ARITH_INST_RETIRED_SCALAR_DOUBLE STAT   |   PMC1  |  63917016000 | 1949421000 |  2054368000 |   1997406750 |
| FP_ARITH_INST_RETIRED_256B_PACKED_DOUBLE STAT |   PMC2  |        83556 |          0 |       83556 |    2611.1250 |
| FP_ARITH_INST_RETIRED_512B_PACKED_DOUBLE STAT |   PMC3  |       417868 |          0 |      417868 |   13058.3750 |
|               CAS_COUNT_RD STAT               | MBOX0C0 |    109330810 |          0 |    28258160 | 3.416588e+06 |
|               CAS_COUNT_WR STAT               | MBOX0C1 |     32206055 |          0 |     9027930 | 1.006439e+06 |
|               CAS_COUNT_RD STAT               | MBOX1C0 |    109365610 |          0 |    28288300 | 3.417675e+06 |
|               CAS_COUNT_WR STAT               | MBOX1C1 |     32303295 |          0 |     8967814 | 1.009478e+06 |
|               CAS_COUNT_RD STAT               | MBOX2C0 |    109497810 |          0 |    28768100 | 3.421807e+06 |
|               CAS_COUNT_WR STAT               | MBOX2C1 |     32136735 |          0 |     9034038 | 1.004273e+06 |
|               CAS_COUNT_RD STAT               | MBOX3C0 |    108928510 |          0 |    28772440 | 3.404016e+06 |
|               CAS_COUNT_WR STAT               | MBOX3C1 |     31752998 |          0 |     8854609 |  992281.1875 |
|               CAS_COUNT_RD STAT               | MBOX4C0 |    108546080 |          0 |    28034540 |      3392065 |
|               CAS_COUNT_WR STAT               | MBOX4C1 |     31926210 |          0 |     8835347 |  997694.0625 |
|               CAS_COUNT_RD STAT               | MBOX5C0 |    108533630 |          0 |    28115340 | 3.391676e+06 |
|               CAS_COUNT_WR STAT               | MBOX5C1 |     31958834 |          0 |     9036578 |  998713.5625 |
+-----------------------------------------------+---------+--------------+------------+-------------+--------------+
+-----------------------------------+-----------+-----------+-----------+-----------+-----------+-----------+-----------+-----------+-----------+-----------+-----------+-----------+-----------+-----------+-----------+-----------+-----------+-----------+-----------+-----------+-----------+-----------+-----------+-----------+-----------+-----------+-----------+-----------+-----------+-----------+-----------+-----------+
|               Metric              |   Core 0  |   Core 1  |   Core 2  |   Core 3  |   Core 4  |   Core 5  |   Core 6  |   Core 7  |  Core 14  |  Core 15  |  Core 16  |  Core 17  |  Core 18  |  Core 19  |  Core 20  |  Core 21  |  Core 28  |  Core 29  |  Core 30  |  Core 31  |  Core 32  |  Core 33  |  Core 34  |  Core 35  |  Core 42  |  Core 43  |  Core 44  |  Core 45  |  Core 46  |  Core 47  |  Core 48  |  Core 49  |
+-----------------------------------+-----------+-----------+-----------+-----------+-----------+-----------+-----------+-----------+-----------+-----------+-----------+-----------+-----------+-----------+-----------+-----------+-----------+-----------+-----------+-----------+-----------+-----------+-----------+-----------+-----------+-----------+-----------+-----------+-----------+-----------+-----------+-----------+
|        Runtime (RDTSC) [s]        |    4.0432 |    4.0457 |    4.0458 |    4.0458 |    4.0457 |    4.0458 |    4.0457 |    4.0457 |    4.0434 |    4.0457 |    4.0457 |    4.0457 |    4.0457 |    4.0457 |    4.0457 |    4.0457 |    4.0432 |    4.0457 |    4.0457 |    4.0458 |    4.0458 |    4.0457 |    4.0458 |    4.0457 |    4.0433 |    4.0457 |    4.0458 |    4.0457 |    4.0458 |    4.0457 |    4.0458 |    4.0457 |
|        Runtime unhalted [s]       |    1.7512 |    2.9241 |    2.9244 |    2.9242 |    2.9248 |    2.9241 |    2.9244 |    2.9234 |    2.8939 |    2.8940 |    2.8932 |    2.8937 |    2.8927 |    2.8928 |    2.8933 |    2.8934 |    2.8912 |    2.8937 |    2.8942 |    2.8927 |    2.8945 |    2.8926 |    2.8934 |    2.8935 |    2.8924 |    2.8981 |    2.8978 |    2.8989 |    2.8988 |    2.8982 |    2.8975 |    2.8930 |
|            Clock [MHz]            | 1895.4307 | 1895.4463 | 1895.4462 | 1895.4475 | 1895.4475 | 1895.4461 | 1895.4472 | 1895.4482 | 1895.4462 | 1895.4435 | 1895.4449 | 1895.4430 | 1895.4447 | 1895.4459 | 1895.4417 | 1895.4455 | 1895.4481 | 1895.4455 | 1895.4459 | 1895.4470 | 1895.4468 | 1895.4469 | 1895.4467 | 1895.4480 | 1895.4479 | 1895.4465 | 1895.4470 | 1895.4479 | 1895.4452 | 1895.4467 | 1895.4451 | 1895.4459 |
|                CPI                |    0.4540 |    0.9933 |    0.9886 |    0.9851 |    0.9853 |    0.9877 |    0.9946 |    0.9924 |    0.9913 |    0.9930 |    0.9903 |    0.9865 |    0.9866 |    0.9904 |    0.9921 |    0.9947 |    0.9960 |    0.9971 |    0.9955 |    0.9921 |    0.9925 |    0.9960 |    0.9984 |    0.9975 |    0.9891 |    0.9946 |    0.9873 |    0.9850 |    0.9844 |    0.9876 |    0.9913 |    0.9942 |
|             Energy [J]            |  196.5728 |         0 |         0 |         0 |         0 |         0 |         0 |         0 |  173.6125 |         0 |         0 |         0 |         0 |         0 |         0 |         0 |  187.0233 |         0 |         0 |         0 |         0 |         0 |         0 |         0 |  176.0093 |         0 |         0 |         0 |         0 |         0 |         0 |         0 |
|             Power [W]             |   48.6180 |         0 |         0 |         0 |         0 |         0 |         0 |         0 |   42.9375 |         0 |         0 |         0 |         0 |         0 |         0 |         0 |   46.2563 |         0 |         0 |         0 |         0 |         0 |         0 |         0 |   43.5306 |         0 |         0 |         0 |         0 |         0 |         0 |         0 |
|          Energy DRAM [J]          |   21.6153 |         0 |         0 |         0 |         0 |         0 |         0 |         0 |   21.7871 |         0 |         0 |         0 |         0 |         0 |         0 |         0 |   18.0388 |         0 |         0 |         0 |         0 |         0 |         0 |         0 |   19.7594 |         0 |         0 |         0 |         0 |         0 |         0 |         0 |
|           Power DRAM [W]          |    5.3461 |         0 |         0 |         0 |         0 |         0 |         0 |         0 |    5.3883 |         0 |         0 |         0 |         0 |         0 |         0 |         0 |    4.4615 |         0 |         0 |         0 |         0 |         0 |         0 |         0 |    4.8869 |         0 |         0 |         0 |         0 |         0 |         0 |         0 |
|            DP [MFLOP/s]           |  496.6903 |  495.3162 |  502.0163 |  507.7806 |  507.3169 |  502.3164 |  496.1340 |  497.1048 |  493.3387 |  492.1166 |  493.1862 |  494.8570 |  491.9323 |  486.1697 |  484.1800 |  484.0017 |  483.1369 |  481.8445 |  483.9834 |  489.2871 |  492.2435 |  490.4241 |  489.4100 |  489.9673 |  494.1429 |  492.1655 |  498.7442 |  503.8482 |  504.7975 |  499.1376 |  493.0259 |  490.1924 |
|          AVX DP [MFLOP/s]         |    0.9095 |         0 |         0 |         0 |         0 |         0 |         0 |         0 |         0 |         0 |         0 |         0 |         0 |         0 |         0 |         0 |         0 |         0 |         0 |         0 |         0 |         0 |         0 |         0 |         0 |         0 |         0 |         0 |         0 |         0 |         0 |         0 |
|          Packed [MUOPS/s]         |    0.1402 |         0 |         0 |         0 |         0 |         0 |         0 |         0 |         0 |         0 |         0 |         0 |         0 |         0 |         0 |         0 |         0 |         0 |         0 |         0 |         0 |         0 |         0 |         0 |         0 |         0 |         0 |         0 |         0 |         0 |         0 |         0 |
|          Scalar [MUOPS/s]         |  495.7484 |  495.3162 |  502.0163 |  507.7806 |  507.3169 |  502.3164 |  496.1340 |  497.1048 |  493.3387 |  492.1166 |  493.1862 |  494.8570 |  491.9323 |  486.1697 |  484.1800 |  484.0017 |  483.1369 |  481.8445 |  483.9834 |  489.2871 |  492.2435 |  490.4241 |  489.4100 |  489.9673 |  494.1429 |  492.1655 |  498.7442 |  503.8482 |  504.7975 |  499.1376 |  493.0259 |  490.1924 |
|  Memory read bandwidth [MBytes/s] | 2694.6808 |         0 |         0 |         0 |         0 |         0 |         0 |         0 | 2557.7323 |         0 |         0 |         0 |         0 |         0 |         0 |         0 | 2524.1994 |         0 |         0 |         0 |         0 |         0 |         0 |         0 | 2578.5791 |         0 |         0 |         0 |         0 |         0 |         0 |         0 |
|  Memory read data volume [GBytes] |   10.8952 |         0 |         0 |         0 |         0 |         0 |         0 |         0 |   10.3419 |         0 |         0 |         0 |         0 |         0 |         0 |         0 |   10.2058 |         0 |         0 |         0 |         0 |         0 |         0 |         0 |   10.4261 |         0 |         0 |         0 |         0 |         0 |         0 |         0 |
| Memory write bandwidth [MBytes/s] |  829.6039 |         0 |         0 |         0 |         0 |         0 |         0 |         0 |  850.8746 |         0 |         0 |         0 |         0 |         0 |         0 |         0 |  732.3856 |         0 |         0 |         0 |         0 |         0 |         0 |         0 |  630.7491 |         0 |         0 |         0 |         0 |         0 |         0 |         0 |
| Memory write data volume [GBytes] |    3.3543 |         0 |         0 |         0 |         0 |         0 |         0 |         0 |    3.4404 |         0 |         0 |         0 |         0 |         0 |         0 |         0 |    2.9612 |         0 |         0 |         0 |         0 |         0 |         0 |         0 |    2.5503 |         0 |         0 |         0 |         0 |         0 |         0 |         0 |
|    Memory bandwidth [MBytes/s]    | 3524.2847 |         0 |         0 |         0 |         0 |         0 |         0 |         0 | 3408.6069 |         0 |         0 |         0 |         0 |         0 |         0 |         0 | 3256.5850 |         0 |         0 |         0 |         0 |         0 |         0 |         0 | 3209.3282 |         0 |         0 |         0 |         0 |         0 |         0 |         0 |
|    Memory data volume [GBytes]    |   14.2494 |         0 |         0 |         0 |         0 |         0 |         0 |         0 |   13.7823 |         0 |         0 |         0 |         0 |         0 |         0 |         0 |   13.1670 |         0 |         0 |         0 |         0 |         0 |         0 |         0 |   12.9764 |         0 |         0 |         0 |         0 |         0 |         0 |         0 |
|       Operational intensity       |    0.1409 |    0.1406 |    0.1425 |    0.1442 |    0.1440 |    0.1426 |    0.1409 |    0.1411 |    0.1447 |    0.1445 |    0.1448 |    0.1453 |    0.1444 |    0.1427 |    0.1421 |    0.1421 |    0.1484 |    0.1481 |    0.1487 |    0.1503 |    0.1513 |    0.1507 |    0.1504 |    0.1505 |    0.1540 |    0.1534 |    0.1555 |    0.1571 |    0.1574 |    0.1556 |    0.1537 |    0.1528 |
+-----------------------------------+-----------+-----------+-----------+-----------+-----------+-----------+-----------+-----------+-----------+-----------+-----------+-----------+-----------+-----------+-----------+-----------+-----------+-----------+-----------+-----------+-----------+-----------+-----------+-----------+-----------+-----------+-----------+-----------+-----------+-----------+-----------+-----------+
+----------------------------------------+------------+-----------+-----------+-----------+
|                 Metric                 |     Sum    |    Min    |    Max    |    Avg    |
+----------------------------------------+------------+-----------+-----------+-----------+
|        Runtime (RDTSC) [s] STAT        |   129.4536 |    4.0432 |    4.0458 |    4.0454 |
|        Runtime unhalted [s] STAT       |    91.6881 |    1.7512 |    2.9248 |    2.8653 |
|            Clock [MHz] STAT            | 60654.2622 | 1895.4307 | 1895.4482 | 1895.4457 |
|                CPI STAT                |    31.1845 |    0.4540 |    0.9984 |    0.9745 |
|             Energy [J] STAT            |   733.2179 |         0 |  196.5728 |   22.9131 |
|             Power [W] STAT             |   181.3424 |         0 |   48.6180 |    5.6669 |
|          Energy DRAM [J] STAT          |    81.2006 |         0 |   21.7871 |    2.5375 |
|           Power DRAM [W] STAT          |    20.0828 |         0 |    5.3883 |    0.6276 |
|            DP [MFLOP/s] STAT           | 15800.8087 |  481.8445 |  507.7806 |  493.7753 |
|          AVX DP [MFLOP/s] STAT         |     0.9095 |         0 |    0.9095 |    0.0284 |
|          Packed [MUOPS/s] STAT         |     0.1402 |         0 |    0.1402 |    0.0044 |
|          Scalar [MUOPS/s] STAT         | 15799.8668 |  481.8445 |  507.7806 |  493.7458 |
|  Memory read bandwidth [MBytes/s] STAT | 10355.1916 |         0 | 2694.6808 |  323.5997 |
|  Memory read data volume [GBytes] STAT |    41.8690 |         0 |   10.8952 |    1.3084 |
| Memory write bandwidth [MBytes/s] STAT |  3043.6132 |         0 |  850.8746 |   95.1129 |
| Memory write data volume [GBytes] STAT |    12.3062 |         0 |    3.4404 |    0.3846 |
|    Memory bandwidth [MBytes/s] STAT    | 13398.8048 |         0 | 3524.2847 |  418.7127 |
|    Memory data volume [GBytes] STAT    |    54.1751 |         0 |   14.2494 |    1.6930 |
|       Operational intensity STAT       |     4.7253 |    0.1406 |    0.1574 |    0.1477 |
+----------------------------------------+------------+-----------+-----------+-----------+
