--------------------------------------------------------------------------------
CPU name:	Intel(R) Xeon(R) Gold 6132 CPU @ 2.60GHz
CPU type:	Intel Skylake SP processor
CPU clock:	2.59 GHz
--------------------------------------------------------------------------------
Region Setup, Group 1: MEM_DP
+-------------------+----------+----------+----------+----------+----------+----------+----------+----------+----------+----------+----------+----------+----------+----------+----------+----------+----------+----------+----------+----------+----------+----------+----------+----------+----------+----------+----------+----------+----------+----------+
|    Region Info    |  Core 0  |  Core 1  |  Core 2  |  Core 3  |  Core 4  |  Core 5  |  Core 6  |  Core 7  |  Core 14 |  Core 15 |  Core 16 |  Core 17 |  Core 18 |  Core 19 |  Core 20 |  Core 21 |  Core 28 |  Core 29 |  Core 30 |  Core 31 |  Core 32 |  Core 33 |  Core 34 |  Core 42 |  Core 43 |  Core 44 |  Core 45 |  Core 46 |  Core 47 |  Core 48 |
+-------------------+----------+----------+----------+----------+----------+----------+----------+----------+----------+----------+----------+----------+----------+----------+----------+----------+----------+----------+----------+----------+----------+----------+----------+----------+----------+----------+----------+----------+----------+----------+
| RDTSC Runtime [s] | 0.466102 | 0.470440 | 0.470428 | 0.470469 | 0.470462 | 0.470475 | 0.470449 | 0.470376 | 0.466039 | 0.470352 | 0.470386 | 0.470411 | 0.470498 | 0.470383 | 0.470370 | 0.470365 | 0.466006 | 0.470380 | 0.470364 | 0.470384 | 0.470346 | 0.470356 | 0.470342 | 0.466005 | 0.470376 | 0.470415 | 0.470438 | 0.470371 | 0.470375 | 0.470365 |
|     call count    |        2 |        2 |        2 |        2 |        2 |        2 |        2 |        2 |        2 |        2 |        2 |        2 |        2 |        2 |        2 |        2 |        2 |        2 |        2 |        2 |        2 |        2 |        2 |        2 |        2 |        2 |        2 |        2 |        2 |        2 |
+-------------------+----------+----------+----------+----------+----------+----------+----------+----------+----------+----------+----------+----------+----------+----------+----------+----------+----------+----------+----------+----------+----------+----------+----------+----------+----------+----------+----------+----------+----------+----------+
+------------------------------------------+---------+-----------+-----------+-----------+-----------+-----------+-----------+-----------+-----------+-----------+-----------+-----------+-----------+-----------+-----------+-----------+-----------+-----------+-----------+-----------+-----------+-----------+-----------+-----------+-----------+-----------+-----------+-----------+-----------+-----------+-----------+
|                   Event                  | Counter |   Core 0  |   Core 1  |   Core 2  |   Core 3  |   Core 4  |   Core 5  |   Core 6  |   Core 7  |  Core 14  |  Core 15  |  Core 16  |  Core 17  |  Core 18  |  Core 19  |  Core 20  |  Core 21  |  Core 28  |  Core 29  |  Core 30  |  Core 31  |  Core 32  |  Core 33  |  Core 34  |  Core 42  |  Core 43  |  Core 44  |  Core 45  |  Core 46  |  Core 47  |  Core 48  |
+------------------------------------------+---------+-----------+-----------+-----------+-----------+-----------+-----------+-----------+-----------+-----------+-----------+-----------+-----------+-----------+-----------+-----------+-----------+-----------+-----------+-----------+-----------+-----------+-----------+-----------+-----------+-----------+-----------+-----------+-----------+-----------+-----------+
|             INSTR_RETIRED_ANY            |  FIXC0  | 279280200 |  87130120 |  86965140 |  87123040 |  87164910 |  87509350 |  86451000 |  86595760 |  80572250 |  82142280 |  80993010 |  80913220 |  81048610 |  80233340 |  80041540 |  80968300 |  79081810 |  80416040 |  79843450 |  79615900 |  80151840 |  79430780 |  79267710 |  79218490 |  80974350 |  79559520 |  81680830 |  80953360 |  79995320 |  78869650 |
|           CPU_CLK_UNHALTED_CORE          |  FIXC1  | 293944700 | 359733100 | 361427700 | 361959900 | 369087600 | 374125900 | 354741400 | 361060900 | 259702400 | 290634700 | 268467100 | 264725700 | 269912700 | 268918200 | 265017200 | 284352600 | 251650700 | 279563700 | 267558100 | 264716900 | 276149900 | 260960600 | 257588300 | 256215900 | 292913800 | 264176900 | 308775300 | 293490600 | 273401300 | 250752400 |
|           CPU_CLK_UNHALTED_REF           |  FIXC2  | 402438200 | 492463900 | 494717300 | 495417100 | 505243100 | 512102200 | 485534200 | 494236700 | 356136100 | 398455900 | 368135200 | 362999200 | 370104200 | 368737500 | 363377400 | 389892000 | 345236300 | 383411800 | 366949000 | 363104000 | 378905000 | 357873600 | 353285100 | 351420100 | 401609200 | 362260900 | 423343300 | 402447600 | 374899800 | 343912500 |
|              PWR_PKG_ENERGY              |   PWR0  |   18.4240 |         0 |         0 |         0 |         0 |         0 |         0 |         0 |   15.9047 |         0 |         0 |         0 |         0 |         0 |         0 |         0 |   16.7113 |         0 |         0 |         0 |         0 |         0 |         0 |   16.1122 |         0 |         0 |         0 |         0 |         0 |         0 |
|              PWR_DRAM_ENERGY             |   PWR3  |    2.3521 |         0 |         0 |         0 |         0 |         0 |         0 |         0 |    1.8381 |         0 |         0 |         0 |         0 |         0 |         0 |         0 |    1.3388 |         0 |         0 |         0 |         0 |         0 |         0 |    1.8430 |         0 |         0 |         0 |         0 |         0 |         0 |
| FP_ARITH_INST_RETIRED_128B_PACKED_DOUBLE |   PMC0  |     23000 |         0 |         0 |         0 |         0 |         0 |         0 |         0 |         0 |         0 |         0 |         0 |         0 |         0 |         0 |         0 |         0 |         0 |         0 |         0 |         0 |         0 |         0 |         0 |         0 |         0 |         0 |         0 |         0 |         0 |
|    FP_ARITH_INST_RETIRED_SCALAR_DOUBLE   |   PMC1  |  27079680 |  18291870 |  18244640 |  18282680 |  18221370 |  18259400 |  18221350 |  18222200 |  17963720 |  17988290 |  17963750 |  17988780 |  17964430 |  17749730 |  17749460 |  17749520 |  17744250 |  17744250 |  17744250 |  17730320 |  17730320 |  17730460 |  17730120 |  17730490 |  17730520 |  17723360 |  17723360 |  17723360 |  17723360 |  17723110 |
| FP_ARITH_INST_RETIRED_256B_PACKED_DOUBLE |   PMC2  |     15090 |         0 |         0 |         0 |         0 |         0 |         0 |         0 |         0 |         0 |         0 |         0 |         0 |         0 |         0 |         0 |         0 |         0 |         0 |         0 |         0 |         0 |         0 |         0 |         0 |         0 |         0 |         0 |         0 |         0 |
| FP_ARITH_INST_RETIRED_512B_PACKED_DOUBLE |   PMC3  |    141851 |         0 |         0 |         0 |         0 |         0 |         0 |         0 |         0 |         0 |         0 |         0 |         0 |         0 |         0 |         0 |         0 |         0 |         0 |         0 |         0 |         0 |         0 |         0 |         0 |         0 |         0 |         0 |         0 |         0 |
|               CAS_COUNT_RD               | MBOX0C0 |   1019571 |         0 |         0 |         0 |         0 |         0 |         0 |         0 |     92418 |         0 |         0 |         0 |         0 |         0 |         0 |         0 |     81118 |         0 |         0 |         0 |         0 |         0 |         0 |    454292 |         0 |         0 |         0 |         0 |         0 |         0 |
|               CAS_COUNT_WR               | MBOX0C1 |   1563662 |         0 |         0 |         0 |         0 |         0 |         0 |         0 |    157991 |         0 |         0 |         0 |         0 |         0 |         0 |         0 |    134061 |         0 |         0 |         0 |         0 |         0 |         0 |    413197 |         0 |         0 |         0 |         0 |         0 |         0 |
|               CAS_COUNT_RD               | MBOX1C0 |   1088196 |         0 |         0 |         0 |         0 |         0 |         0 |         0 |     87256 |         0 |         0 |         0 |         0 |         0 |         0 |         0 |     82084 |         0 |         0 |         0 |         0 |         0 |         0 |    412364 |         0 |         0 |         0 |         0 |         0 |         0 |
|               CAS_COUNT_WR               | MBOX1C1 |   1577193 |         0 |         0 |         0 |         0 |         0 |         0 |         0 |    152965 |         0 |         0 |         0 |         0 |         0 |         0 |         0 |    135903 |         0 |         0 |         0 |         0 |         0 |         0 |    408290 |         0 |         0 |         0 |         0 |         0 |         0 |
|               CAS_COUNT_RD               | MBOX2C0 |   1463636 |         0 |         0 |         0 |         0 |         0 |         0 |         0 |     93685 |         0 |         0 |         0 |         0 |         0 |         0 |         0 |     92452 |         0 |         0 |         0 |         0 |         0 |         0 |    589934 |         0 |         0 |         0 |         0 |         0 |         0 |
|               CAS_COUNT_WR               | MBOX2C1 |   1590123 |         0 |         0 |         0 |         0 |         0 |         0 |         0 |    162707 |         0 |         0 |         0 |         0 |         0 |         0 |         0 |    148018 |         0 |         0 |         0 |         0 |         0 |         0 |    518052 |         0 |         0 |         0 |         0 |         0 |         0 |
|               CAS_COUNT_RD               | MBOX3C0 |   1753916 |         0 |         0 |         0 |         0 |         0 |         0 |         0 |     65876 |         0 |         0 |         0 |         0 |         0 |         0 |         0 |     88946 |         0 |         0 |         0 |         0 |         0 |         0 |    592711 |         0 |         0 |         0 |         0 |         0 |         0 |
|               CAS_COUNT_WR               | MBOX3C1 |   1588391 |         0 |         0 |         0 |         0 |         0 |         0 |         0 |    139164 |         0 |         0 |         0 |         0 |         0 |         0 |         0 |    150118 |         0 |         0 |         0 |         0 |         0 |         0 |    510688 |         0 |         0 |         0 |         0 |         0 |         0 |
|               CAS_COUNT_RD               | MBOX4C0 |    964264 |         0 |         0 |         0 |         0 |         0 |         0 |         0 |     65584 |         0 |         0 |         0 |         0 |         0 |         0 |         0 |     61493 |         0 |         0 |         0 |         0 |         0 |         0 |    822232 |         0 |         0 |         0 |         0 |         0 |         0 |
|               CAS_COUNT_WR               | MBOX4C1 |   1517070 |         0 |         0 |         0 |         0 |         0 |         0 |         0 |    138275 |         0 |         0 |         0 |         0 |         0 |         0 |         0 |    122349 |         0 |         0 |         0 |         0 |         0 |         0 |    793811 |         0 |         0 |         0 |         0 |         0 |         0 |
|               CAS_COUNT_RD               | MBOX5C0 |    914428 |         0 |         0 |         0 |         0 |         0 |         0 |         0 |     66141 |         0 |         0 |         0 |         0 |         0 |         0 |         0 |     63279 |         0 |         0 |         0 |         0 |         0 |         0 |    786413 |         0 |         0 |         0 |         0 |         0 |         0 |
|               CAS_COUNT_WR               | MBOX5C1 |   1477455 |         0 |         0 |         0 |         0 |         0 |         0 |         0 |    138928 |         0 |         0 |         0 |         0 |         0 |         0 |         0 |    123854 |         0 |         0 |         0 |         0 |         0 |         0 |    756333 |         0 |         0 |         0 |         0 |         0 |         0 |
+------------------------------------------+---------+-----------+-----------+-----------+-----------+-----------+-----------+-----------+-----------+-----------+-----------+-----------+-----------+-----------+-----------+-----------+-----------+-----------+-----------+-----------+-----------+-----------+-----------+-----------+-----------+-----------+-----------+-----------+-----------+-----------+-----------+
+-----------------------------------------------+---------+-------------+-----------+-----------+--------------+
|                     Event                     | Counter |     Sum     |    Min    |    Max    |      Avg     |
+-----------------------------------------------+---------+-------------+-----------+-----------+--------------+
|             INSTR_RETIRED_ANY STAT            |  FIXC0  |  2654191120 |  78869650 | 279280200 | 8.847304e+07 |
|           CPU_CLK_UNHALTED_CORE STAT          |  FIXC1  |  8805726200 | 250752400 | 374125900 | 2.935242e+08 |
|           CPU_CLK_UNHALTED_REF STAT           |  FIXC2  | 12068648400 | 343912500 | 512102200 |    402288280 |
|              PWR_PKG_ENERGY STAT              |   PWR0  |     67.1522 |         0 |   18.4240 |       2.2384 |
|              PWR_DRAM_ENERGY STAT             |   PWR3  |      7.3720 |         0 |    2.3521 |       0.2457 |
| FP_ARITH_INST_RETIRED_128B_PACKED_DOUBLE STAT |   PMC0  |       23000 |         0 |     23000 |     766.6667 |
|    FP_ARITH_INST_RETIRED_SCALAR_DOUBLE STAT   |   PMC1  |   546172400 |  17723110 |  27079680 | 1.820575e+07 |
| FP_ARITH_INST_RETIRED_256B_PACKED_DOUBLE STAT |   PMC2  |       15090 |         0 |     15090 |          503 |
| FP_ARITH_INST_RETIRED_512B_PACKED_DOUBLE STAT |   PMC3  |      141851 |         0 |    141851 |    4728.3667 |
|               CAS_COUNT_RD STAT               | MBOX0C0 |     1647399 |         0 |   1019571 |   54913.3000 |
|               CAS_COUNT_WR STAT               | MBOX0C1 |     2268911 |         0 |   1563662 |   75630.3667 |
|               CAS_COUNT_RD STAT               | MBOX1C0 |     1669900 |         0 |   1088196 |   55663.3333 |
|               CAS_COUNT_WR STAT               | MBOX1C1 |     2274351 |         0 |   1577193 |   75811.7000 |
|               CAS_COUNT_RD STAT               | MBOX2C0 |     2239707 |         0 |   1463636 |   74656.9000 |
|               CAS_COUNT_WR STAT               | MBOX2C1 |     2418900 |         0 |   1590123 |        80630 |
|               CAS_COUNT_RD STAT               | MBOX3C0 |     2501449 |         0 |   1753916 |   83381.6333 |
|               CAS_COUNT_WR STAT               | MBOX3C1 |     2388361 |         0 |   1588391 |   79612.0333 |
|               CAS_COUNT_RD STAT               | MBOX4C0 |     1913573 |         0 |    964264 |   63785.7667 |
|               CAS_COUNT_WR STAT               | MBOX4C1 |     2571505 |         0 |   1517070 |   85716.8333 |
|               CAS_COUNT_RD STAT               | MBOX5C0 |     1830261 |         0 |    914428 |   61008.7000 |
|               CAS_COUNT_WR STAT               | MBOX5C1 |     2496570 |         0 |   1477455 |        83219 |
+-----------------------------------------------+---------+-------------+-----------+-----------+--------------+
+-----------------------------------+-----------+-----------+-----------+-----------+-----------+-----------+-----------+-----------+-----------+-----------+-----------+-----------+-----------+-----------+-----------+-----------+-----------+-----------+-----------+-----------+-----------+-----------+-----------+-----------+-----------+-----------+-----------+-----------+-----------+-----------+
|               Metric              |   Core 0  |   Core 1  |   Core 2  |   Core 3  |   Core 4  |   Core 5  |   Core 6  |   Core 7  |  Core 14  |  Core 15  |  Core 16  |  Core 17  |  Core 18  |  Core 19  |  Core 20  |  Core 21  |  Core 28  |  Core 29  |  Core 30  |  Core 31  |  Core 32  |  Core 33  |  Core 34  |  Core 42  |  Core 43  |  Core 44  |  Core 45  |  Core 46  |  Core 47  |  Core 48  |
+-----------------------------------+-----------+-----------+-----------+-----------+-----------+-----------+-----------+-----------+-----------+-----------+-----------+-----------+-----------+-----------+-----------+-----------+-----------+-----------+-----------+-----------+-----------+-----------+-----------+-----------+-----------+-----------+-----------+-----------+-----------+-----------+
|        Runtime (RDTSC) [s]        |    0.4661 |    0.4704 |    0.4704 |    0.4705 |    0.4705 |    0.4705 |    0.4704 |    0.4704 |    0.4660 |    0.4704 |    0.4704 |    0.4704 |    0.4705 |    0.4704 |    0.4704 |    0.4704 |    0.4660 |    0.4704 |    0.4704 |    0.4704 |    0.4703 |    0.4704 |    0.4703 |    0.4660 |    0.4704 |    0.4704 |    0.4704 |    0.4704 |    0.4704 |    0.4704 |
|        Runtime unhalted [s]       |    0.1133 |    0.1387 |    0.1393 |    0.1396 |    0.1423 |    0.1442 |    0.1368 |    0.1392 |    0.1001 |    0.1121 |    0.1035 |    0.1021 |    0.1041 |    0.1037 |    0.1022 |    0.1096 |    0.0970 |    0.1078 |    0.1032 |    0.1021 |    0.1065 |    0.1006 |    0.0993 |    0.0988 |    0.1129 |    0.1019 |    0.1190 |    0.1132 |    0.1054 |    0.0967 |
|            Clock [MHz]            | 1894.4945 | 1894.6670 | 1894.9216 | 1895.0312 | 1894.7677 | 1894.9076 | 1895.0425 | 1894.8392 | 1891.4152 | 1891.8823 | 1891.5187 | 1891.5479 | 1891.5865 | 1891.6021 | 1891.6599 | 1891.6456 | 1890.6389 | 1891.2207 | 1891.2080 | 1890.9391 | 1890.3467 | 1891.3512 | 1891.1576 | 1891.0647 | 1891.7471 | 1891.4736 | 1891.8067 | 1891.5236 | 1891.5258 | 1891.1416 |
|                CPI                |    1.0525 |    4.1287 |    4.1560 |    4.1546 |    4.2344 |    4.2753 |    4.1034 |    4.1695 |    3.2232 |    3.5382 |    3.3147 |    3.2717 |    3.3303 |    3.3517 |    3.3110 |    3.5119 |    3.1822 |    3.4765 |    3.3510 |    3.3249 |    3.4453 |    3.2854 |    3.2496 |    3.2343 |    3.6174 |    3.3205 |    3.7803 |    3.6254 |    3.4177 |    3.1793 |
|             Energy [J]            |   18.4240 |         0 |         0 |         0 |         0 |         0 |         0 |         0 |   15.9047 |         0 |         0 |         0 |         0 |         0 |         0 |         0 |   16.7113 |         0 |         0 |         0 |         0 |         0 |         0 |   16.1122 |         0 |         0 |         0 |         0 |         0 |         0 |
|             Power [W]             |   39.5277 |         0 |         0 |         0 |         0 |         0 |         0 |         0 |   34.1275 |         0 |         0 |         0 |         0 |         0 |         0 |         0 |   35.8607 |         0 |         0 |         0 |         0 |         0 |         0 |   34.5752 |         0 |         0 |         0 |         0 |         0 |         0 |
|          Energy DRAM [J]          |    2.3521 |         0 |         0 |         0 |         0 |         0 |         0 |         0 |    1.8381 |         0 |         0 |         0 |         0 |         0 |         0 |         0 |    1.3388 |         0 |         0 |         0 |         0 |         0 |         0 |    1.8430 |         0 |         0 |         0 |         0 |         0 |         0 |
|           Power DRAM [W]          |    5.0464 |         0 |         0 |         0 |         0 |         0 |         0 |         0 |    3.9442 |         0 |         0 |         0 |         0 |         0 |         0 |         0 |    2.8729 |         0 |         0 |         0 |         0 |         0 |         0 |    3.9549 |         0 |         0 |         0 |         0 |         0 |         0 |
|            DP [MFLOP/s]           |   60.7610 |   38.8825 |   38.7830 |   38.8605 |   38.7308 |   38.8106 |   38.7318 |   38.7397 |   38.5455 |   38.2443 |   38.1894 |   38.2405 |   38.1818 |   37.7346 |   37.7351 |   37.7356 |   38.0773 |   37.7233 |   37.7245 |   37.6933 |   37.6963 |   37.6958 |   37.6962 |   38.0478 |   37.6943 |   37.6760 |   37.6742 |   37.6795 |   37.6792 |   37.6795 |
|          AVX DP [MFLOP/s]         |    2.5642 |         0 |         0 |         0 |         0 |         0 |         0 |         0 |         0 |         0 |         0 |         0 |         0 |         0 |         0 |         0 |         0 |         0 |         0 |         0 |         0 |         0 |         0 |         0 |         0 |         0 |         0 |         0 |         0 |         0 |
|          Packed [MUOPS/s]         |    0.3861 |         0 |         0 |         0 |         0 |         0 |         0 |         0 |         0 |         0 |         0 |         0 |         0 |         0 |         0 |         0 |         0 |         0 |         0 |         0 |         0 |         0 |         0 |         0 |         0 |         0 |         0 |         0 |         0 |         0 |
|          Scalar [MUOPS/s]         |   58.0981 |   38.8825 |   38.7830 |   38.8605 |   38.7308 |   38.8106 |   38.7318 |   38.7397 |   38.5455 |   38.2443 |   38.1894 |   38.2405 |   38.1818 |   37.7346 |   37.7351 |   37.7356 |   38.0773 |   37.7233 |   37.7245 |   37.6933 |   37.6963 |   37.6958 |   37.6962 |   38.0478 |   37.6943 |   37.6760 |   37.6742 |   37.6795 |   37.6792 |   37.6795 |
|  Memory read bandwidth [MBytes/s] |  989.1749 |         0 |         0 |         0 |         0 |         0 |         0 |         0 |   64.6758 |         0 |         0 |         0 |         0 |         0 |         0 |         0 |   64.4623 |         0 |         0 |         0 |         0 |         0 |         0 |  502.3732 |         0 |         0 |         0 |         0 |         0 |         0 |
|  Memory read data volume [GBytes] |    0.4611 |         0 |         0 |         0 |         0 |         0 |         0 |         0 |    0.0301 |         0 |         0 |         0 |         0 |         0 |         0 |         0 |    0.0300 |         0 |         0 |         0 |         0 |         0 |         0 |    0.2341 |         0 |         0 |         0 |         0 |         0 |         0 |
| Memory write bandwidth [MBytes/s] | 1278.8807 |         0 |         0 |         0 |         0 |         0 |         0 |         0 |  122.2257 |         0 |         0 |         0 |         0 |         0 |         0 |         0 |  111.8342 |         0 |         0 |         0 |         0 |         0 |         0 |  466.9985 |         0 |         0 |         0 |         0 |         0 |         0 |
| Memory write data volume [GBytes] |    0.5961 |         0 |         0 |         0 |         0 |         0 |         0 |         0 |    0.0570 |         0 |         0 |         0 |         0 |         0 |         0 |         0 |    0.0521 |         0 |         0 |         0 |         0 |         0 |         0 |    0.2176 |         0 |         0 |         0 |         0 |         0 |         0 |
|    Memory bandwidth [MBytes/s]    | 2268.0556 |         0 |         0 |         0 |         0 |         0 |         0 |         0 |  186.9015 |         0 |         0 |         0 |         0 |         0 |         0 |         0 |  176.2964 |         0 |         0 |         0 |         0 |         0 |         0 |  969.3718 |         0 |         0 |         0 |         0 |         0 |         0 |
|    Memory data volume [GBytes]    |    1.0571 |         0 |         0 |         0 |         0 |         0 |         0 |         0 |    0.0871 |         0 |         0 |         0 |         0 |         0 |         0 |         0 |    0.0822 |         0 |         0 |         0 |         0 |         0 |         0 |    0.4517 |         0 |         0 |         0 |         0 |         0 |         0 |
|       Operational intensity       |    0.0268 |    0.0173 |    0.0173 |    0.0173 |    0.0172 |    0.0173 |    0.0172 |    0.0172 |    0.2062 |    0.2065 |    0.2062 |    0.2065 |    0.2062 |    0.2038 |    0.2038 |    0.2038 |    0.2160 |    0.2160 |    0.2160 |    0.2158 |    0.2158 |    0.2158 |    0.2158 |    0.0392 |    0.0393 |    0.0392 |    0.0392 |    0.0392 |    0.0392 |    0.0392 |
+-----------------------------------+-----------+-----------+-----------+-----------+-----------+-----------+-----------+-----------+-----------+-----------+-----------+-----------+-----------+-----------+-----------+-----------+-----------+-----------+-----------+-----------+-----------+-----------+-----------+-----------+-----------+-----------+-----------+-----------+-----------+-----------+
+----------------------------------------+------------+-----------+-----------+-----------+
|                 Metric                 |     Sum    |    Min    |    Max    |    Avg    |
+----------------------------------------+------------+-----------+-----------+-----------+
|        Runtime (RDTSC) [s] STAT        |    14.0947 |    0.4660 |    0.4705 |    0.4698 |
|        Runtime unhalted [s] STAT       |     3.3952 |    0.0967 |    0.1442 |    0.1132 |
|            Clock [MHz] STAT            | 56768.6748 | 1890.3467 | 1895.0425 | 1892.2892 |
|                CPI STAT                |   104.6169 |    1.0525 |    4.2753 |    3.4872 |
|             Energy [J] STAT            |    67.1522 |         0 |   18.4240 |    2.2384 |
|             Power [W] STAT             |   144.0911 |         0 |   39.5277 |    4.8030 |
|          Energy DRAM [J] STAT          |     7.3720 |         0 |    2.3521 |    0.2457 |
|           Power DRAM [W] STAT          |    15.8184 |         0 |    5.0464 |    0.5273 |
|            DP [MFLOP/s] STAT           |  1165.3439 |   37.6742 |   60.7610 |   38.8448 |
|          AVX DP [MFLOP/s] STAT         |     2.5642 |         0 |    2.5642 |    0.0855 |
|          Packed [MUOPS/s] STAT         |     0.3861 |         0 |    0.3861 |    0.0129 |
|          Scalar [MUOPS/s] STAT         |  1162.6810 |   37.6742 |   58.0981 |   38.7560 |
|  Memory read bandwidth [MBytes/s] STAT |  1620.6862 |         0 |  989.1749 |   54.0229 |
|  Memory read data volume [GBytes] STAT |     0.7553 |         0 |    0.4611 |    0.0252 |
| Memory write bandwidth [MBytes/s] STAT |  1979.9391 |         0 | 1278.8807 |   65.9980 |
| Memory write data volume [GBytes] STAT |     0.9228 |         0 |    0.5961 |    0.0308 |
|    Memory bandwidth [MBytes/s] STAT    |  3600.6253 |         0 | 2268.0556 |  120.0208 |
|    Memory data volume [GBytes] STAT    |     1.6781 |         0 |    1.0571 |    0.0559 |
|       Operational intensity STAT       |     3.5763 |    0.0172 |    0.2160 |    0.1192 |
+----------------------------------------+------------+-----------+-----------+-----------+
--------------------------------------------------------------------------------
CPU name:	Intel(R) Xeon(R) Gold 6132 CPU @ 2.60GHz
CPU type:	Intel Skylake SP processor
CPU clock:	2.59 GHz
--------------------------------------------------------------------------------
Region Solve, Group 1: MEM_DP
+-------------------+----------+----------+----------+----------+----------+----------+----------+----------+----------+----------+----------+----------+----------+----------+----------+----------+----------+----------+----------+----------+----------+----------+----------+----------+----------+----------+----------+----------+----------+----------+
|    Region Info    |  Core 0  |  Core 1  |  Core 2  |  Core 3  |  Core 4  |  Core 5  |  Core 6  |  Core 7  |  Core 14 |  Core 15 |  Core 16 |  Core 17 |  Core 18 |  Core 19 |  Core 20 |  Core 21 |  Core 28 |  Core 29 |  Core 30 |  Core 31 |  Core 32 |  Core 33 |  Core 34 |  Core 42 |  Core 43 |  Core 44 |  Core 45 |  Core 46 |  Core 47 |  Core 48 |
+-------------------+----------+----------+----------+----------+----------+----------+----------+----------+----------+----------+----------+----------+----------+----------+----------+----------+----------+----------+----------+----------+----------+----------+----------+----------+----------+----------+----------+----------+----------+----------+
| RDTSC Runtime [s] | 4.125393 | 4.127896 | 4.127906 | 4.127901 | 4.127890 | 4.127911 | 4.127898 | 4.127896 | 4.125534 | 4.127898 | 4.127902 | 4.127897 | 4.127910 | 4.127901 | 4.127881 | 4.127898 | 4.125514 | 4.127880 | 4.127888 | 4.127890 | 4.127890 | 4.127881 | 4.127885 | 4.125514 | 4.127878 | 4.127887 | 4.127887 | 4.127886 | 4.127877 | 4.127889 |
|     call count    |        1 |        1 |        1 |        1 |        1 |        1 |        1 |        1 |        1 |        1 |        1 |        1 |        1 |        1 |        1 |        1 |        1 |        1 |        1 |        1 |        1 |        1 |        1 |        1 |        1 |        1 |        1 |        1 |        1 |        1 |
+-------------------+----------+----------+----------+----------+----------+----------+----------+----------+----------+----------+----------+----------+----------+----------+----------+----------+----------+----------+----------+----------+----------+----------+----------+----------+----------+----------+----------+----------+----------+----------+
+------------------------------------------+---------+-------------+-------------+-------------+-------------+-------------+-------------+-------------+-------------+-------------+-------------+-------------+-------------+-------------+-------------+-------------+-------------+-------------+-------------+-------------+-------------+-------------+-------------+-------------+-------------+-------------+-------------+-------------+-------------+-------------+-------------+
|                   Event                  | Counter |    Core 0   |    Core 1   |    Core 2   |    Core 3   |    Core 4   |    Core 5   |    Core 6   |    Core 7   |   Core 14   |   Core 15   |   Core 16   |   Core 17   |   Core 18   |   Core 19   |   Core 20   |   Core 21   |   Core 28   |   Core 29   |   Core 30   |   Core 31   |   Core 32   |   Core 33   |   Core 34   |   Core 42   |   Core 43   |   Core 44   |   Core 45   |   Core 46   |   Core 47   |   Core 48   |
+------------------------------------------+---------+-------------+-------------+-------------+-------------+-------------+-------------+-------------+-------------+-------------+-------------+-------------+-------------+-------------+-------------+-------------+-------------+-------------+-------------+-------------+-------------+-------------+-------------+-------------+-------------+-------------+-------------+-------------+-------------+-------------+-------------+
|             INSTR_RETIRED_ANY            |  FIXC0  | 10605670000 |  8375179000 |  8392670000 |  8419680000 |  8344512000 |  8316778000 |  8233913000 |  8176771000 |  8053485000 |  8066833000 |  8099676000 |  8111031000 |  8081359000 |  7976651000 |  7948654000 |  7961808000 |  7963876000 |  7979535000 |  7991133000 |  7955988000 |  7925912000 |  7914531000 |  7973582000 |  7966260000 |  8018997000 |  8034850000 |  8047738000 |  8023414000 |  7987775000 |  7950647000 |
|           CPU_CLK_UNHALTED_CORE          |  FIXC1  |  4700779000 |  7746396000 |  7746776000 |  7746638000 |  7747031000 |  7746009000 |  7746165000 |  7744210000 |  7667672000 |  7670626000 |  7669907000 |  7668721000 |  7669506000 |  7668921000 |  7669725000 |  7669269000 |  7664275000 |  7670900000 |  7670493000 |  7671547000 |  7672657000 |  7672569000 |  7674486000 |  7658472000 |  7678403000 |  7682628000 |  7683806000 |  7688359000 |  7685074000 |  7670253000 |
|           CPU_CLK_UNHALTED_REF           |  FIXC2  |  6432757000 | 10600320000 | 10600850000 | 10600660000 | 10601200000 | 10599800000 | 10600010000 | 10597330000 | 10492610000 | 10496660000 | 10495670000 | 10494050000 | 10495120000 | 10494320000 | 10495430000 | 10494790000 | 10487960000 | 10497020000 | 10496460000 | 10497910000 | 10499420000 | 10499300000 | 10501940000 | 10480010000 | 10507290000 | 10513070000 | 10514680000 | 10520910000 | 10516410000 | 10496140000 |
|              PWR_PKG_ENERGY              |   PWR0  |    201.4645 |           0 |           0 |           0 |           0 |           0 |           0 |           0 |    177.5431 |           0 |           0 |           0 |           0 |           0 |           0 |           0 |    182.9355 |           0 |           0 |           0 |           0 |           0 |           0 |    172.1791 |           0 |           0 |           0 |           0 |           0 |           0 |
|              PWR_DRAM_ENERGY             |   PWR3  |     22.6947 |           0 |           0 |           0 |           0 |           0 |           0 |           0 |     22.5502 |           0 |           0 |           0 |           0 |           0 |           0 |           0 |     17.7302 |           0 |           0 |           0 |           0 |           0 |           0 |     19.5602 |           0 |           0 |           0 |           0 |           0 |           0 |
| FP_ARITH_INST_RETIRED_128B_PACKED_DOUBLE |   PMC0  |       65560 |           0 |           0 |           0 |           0 |           0 |           0 |           0 |           0 |           0 |           0 |           0 |           0 |           0 |           0 |           0 |           0 |           0 |           0 |           0 |           0 |           0 |           0 |           0 |           0 |           0 |           0 |           0 |           0 |           0 |
|    FP_ARITH_INST_RETIRED_SCALAR_DOUBLE   |   PMC1  |  2161121000 |  2203397000 |  2230246000 |  2252486000 |  2227194000 |  2203407000 |  2174003000 |  2162666000 |  2127747000 |  2130651000 |  2138990000 |  2131782000 |  2105992000 |  2066879000 |  2063475000 |  2068123000 |  2064554000 |  2077032000 |  2098578000 |  2097729000 |  2089551000 |  2086598000 |  2103166000 |  2100237000 |  2122773000 |  2143867000 |  2155382000 |  2133942000 |  2104626000 |  2090822000 |
| FP_ARITH_INST_RETIRED_256B_PACKED_DOUBLE |   PMC2  |       83556 |           0 |           0 |           0 |           0 |           0 |           0 |           0 |           0 |           0 |           0 |           0 |           0 |           0 |           0 |           0 |           0 |           0 |           0 |           0 |           0 |           0 |           0 |           0 |           0 |           0 |           0 |           0 |           0 |           0 |
| FP_ARITH_INST_RETIRED_512B_PACKED_DOUBLE |   PMC3  |      417868 |           0 |           0 |           0 |           0 |           0 |           0 |           0 |           0 |           0 |           0 |           0 |           0 |           0 |           0 |           0 |           0 |           0 |           0 |           0 |           0 |           0 |           0 |           0 |           0 |           0 |           0 |           0 |           0 |           0 |
|               CAS_COUNT_RD               | MBOX0C0 |    31751170 |           0 |           0 |           0 |           0 |           0 |           0 |           0 |    29657410 |           0 |           0 |           0 |           0 |           0 |           0 |           0 |    24155860 |           0 |           0 |           0 |           0 |           0 |           0 |    24748560 |           0 |           0 |           0 |           0 |           0 |           0 |
|               CAS_COUNT_WR               | MBOX0C1 |     9561039 |           0 |           0 |           0 |           0 |           0 |           0 |           0 |     9708997 |           0 |           0 |           0 |           0 |           0 |           0 |           0 |     6967370 |           0 |           0 |           0 |           0 |           0 |           0 |     5792490 |           0 |           0 |           0 |           0 |           0 |           0 |
|               CAS_COUNT_RD               | MBOX1C0 |    31967240 |           0 |           0 |           0 |           0 |           0 |           0 |           0 |    29498040 |           0 |           0 |           0 |           0 |           0 |           0 |           0 |    24120170 |           0 |           0 |           0 |           0 |           0 |           0 |    24590190 |           0 |           0 |           0 |           0 |           0 |           0 |
|               CAS_COUNT_WR               | MBOX1C1 |     9739134 |           0 |           0 |           0 |           0 |           0 |           0 |           0 |     9579871 |           0 |           0 |           0 |           0 |           0 |           0 |           0 |     6892178 |           0 |           0 |           0 |           0 |           0 |           0 |     5737596 |           0 |           0 |           0 |           0 |           0 |           0 |
|               CAS_COUNT_RD               | MBOX2C0 |    32201600 |           0 |           0 |           0 |           0 |           0 |           0 |           0 |    29464800 |           0 |           0 |           0 |           0 |           0 |           0 |           0 |    24110370 |           0 |           0 |           0 |           0 |           0 |           0 |    24902850 |           0 |           0 |           0 |           0 |           0 |           0 |
|               CAS_COUNT_WR               | MBOX2C1 |     9613878 |           0 |           0 |           0 |           0 |           0 |           0 |           0 |     9510584 |           0 |           0 |           0 |           0 |           0 |           0 |           0 |     6946245 |           0 |           0 |           0 |           0 |           0 |           0 |     5968314 |           0 |           0 |           0 |           0 |           0 |           0 |
|               CAS_COUNT_RD               | MBOX3C0 |    32229600 |           0 |           0 |           0 |           0 |           0 |           0 |           0 |    29221570 |           0 |           0 |           0 |           0 |           0 |           0 |           0 |    23864330 |           0 |           0 |           0 |           0 |           0 |           0 |    24632660 |           0 |           0 |           0 |           0 |           0 |           0 |
|               CAS_COUNT_WR               | MBOX3C1 |     9497171 |           0 |           0 |           0 |           0 |           0 |           0 |           0 |     9382204 |           0 |           0 |           0 |           0 |           0 |           0 |           0 |     6801730 |           0 |           0 |           0 |           0 |           0 |           0 |     5849841 |           0 |           0 |           0 |           0 |           0 |           0 |
|               CAS_COUNT_RD               | MBOX4C0 |    31509070 |           0 |           0 |           0 |           0 |           0 |           0 |           0 |    29254820 |           0 |           0 |           0 |           0 |           0 |           0 |           0 |    23910540 |           0 |           0 |           0 |           0 |           0 |           0 |    24926590 |           0 |           0 |           0 |           0 |           0 |           0 |
|               CAS_COUNT_WR               | MBOX4C1 |     9431261 |           0 |           0 |           0 |           0 |           0 |           0 |           0 |     9457237 |           0 |           0 |           0 |           0 |           0 |           0 |           0 |     6822581 |           0 |           0 |           0 |           0 |           0 |           0 |     6180265 |           0 |           0 |           0 |           0 |           0 |           0 |
|               CAS_COUNT_RD               | MBOX5C0 |    31590230 |           0 |           0 |           0 |           0 |           0 |           0 |           0 |    29274490 |           0 |           0 |           0 |           0 |           0 |           0 |           0 |    23876200 |           0 |           0 |           0 |           0 |           0 |           0 |    24615760 |           0 |           0 |           0 |           0 |           0 |           0 |
|               CAS_COUNT_WR               | MBOX5C1 |     9483246 |           0 |           0 |           0 |           0 |           0 |           0 |           0 |     9457173 |           0 |           0 |           0 |           0 |           0 |           0 |           0 |     6760409 |           0 |           0 |           0 |           0 |           0 |           0 |     5934596 |           0 |           0 |           0 |           0 |           0 |           0 |
+------------------------------------------+---------+-------------+-------------+-------------+-------------+-------------+-------------+-------------+-------------+-------------+-------------+-------------+-------------+-------------+-------------+-------------+-------------+-------------+-------------+-------------+-------------+-------------+-------------+-------------+-------------+-------------+-------------+-------------+-------------+-------------+-------------+
+-----------------------------------------------+---------+--------------+------------+-------------+--------------+
|                     Event                     | Counter |      Sum     |     Min    |     Max     |      Avg     |
+-----------------------------------------------+---------+--------------+------------+-------------+--------------+
|             INSTR_RETIRED_ANY STAT            |  FIXC0  | 244898908000 | 7914531000 | 10605670000 | 8.163297e+09 |
|           CPU_CLK_UNHALTED_CORE STAT          |  FIXC1  | 227722273000 | 4700779000 |  7747031000 | 7.590742e+09 |
|           CPU_CLK_UNHALTED_REF STAT           |  FIXC2  | 311620097000 | 6432757000 | 10601200000 | 1.038734e+10 |
|              PWR_PKG_ENERGY STAT              |   PWR0  |     734.1222 |          0 |    201.4645 |      24.4707 |
|              PWR_DRAM_ENERGY STAT             |   PWR3  |      82.5353 |          0 |     22.6947 |       2.7512 |
| FP_ARITH_INST_RETIRED_128B_PACKED_DOUBLE STAT |   PMC0  |        65560 |          0 |       65560 |    2185.3333 |
|    FP_ARITH_INST_RETIRED_SCALAR_DOUBLE STAT   |   PMC1  |  63917016000 | 2063475000 |  2252486000 |   2130567200 |
| FP_ARITH_INST_RETIRED_256B_PACKED_DOUBLE STAT |   PMC2  |        83556 |          0 |       83556 |    2785.2000 |
| FP_ARITH_INST_RETIRED_512B_PACKED_DOUBLE STAT |   PMC3  |       417868 |          0 |      417868 |   13928.9333 |
|               CAS_COUNT_RD STAT               | MBOX0C0 |    110313000 |          0 |    31751170 |      3677100 |
|               CAS_COUNT_WR STAT               | MBOX0C1 |     32029896 |          0 |     9708997 | 1.067663e+06 |
|               CAS_COUNT_RD STAT               | MBOX1C0 |    110175640 |          0 |    31967240 | 3.672521e+06 |
|               CAS_COUNT_WR STAT               | MBOX1C1 |     31948779 |          0 |     9739134 | 1.064959e+06 |
|               CAS_COUNT_RD STAT               | MBOX2C0 |    110679620 |          0 |    32201600 | 3.689321e+06 |
|               CAS_COUNT_WR STAT               | MBOX2C1 |     32039021 |          0 |     9613878 | 1.067967e+06 |
|               CAS_COUNT_RD STAT               | MBOX3C0 |    109948160 |          0 |    32229600 | 3.664939e+06 |
|               CAS_COUNT_WR STAT               | MBOX3C1 |     31530946 |          0 |     9497171 | 1.051032e+06 |
|               CAS_COUNT_RD STAT               | MBOX4C0 |    109601020 |          0 |    31509070 | 3.653367e+06 |
|               CAS_COUNT_WR STAT               | MBOX4C1 |     31891344 |          0 |     9457237 | 1.063045e+06 |
|               CAS_COUNT_RD STAT               | MBOX5C0 |    109356680 |          0 |    31590230 | 3.645223e+06 |
|               CAS_COUNT_WR STAT               | MBOX5C1 |     31635424 |          0 |     9483246 | 1.054514e+06 |
+-----------------------------------------------+---------+--------------+------------+-------------+--------------+
+-----------------------------------+-----------+-----------+-----------+-----------+-----------+-----------+-----------+-----------+-----------+-----------+-----------+-----------+-----------+-----------+-----------+-----------+-----------+-----------+-----------+-----------+-----------+-----------+-----------+-----------+-----------+-----------+-----------+-----------+-----------+-----------+
|               Metric              |   Core 0  |   Core 1  |   Core 2  |   Core 3  |   Core 4  |   Core 5  |   Core 6  |   Core 7  |  Core 14  |  Core 15  |  Core 16  |  Core 17  |  Core 18  |  Core 19  |  Core 20  |  Core 21  |  Core 28  |  Core 29  |  Core 30  |  Core 31  |  Core 32  |  Core 33  |  Core 34  |  Core 42  |  Core 43  |  Core 44  |  Core 45  |  Core 46  |  Core 47  |  Core 48  |
+-----------------------------------+-----------+-----------+-----------+-----------+-----------+-----------+-----------+-----------+-----------+-----------+-----------+-----------+-----------+-----------+-----------+-----------+-----------+-----------+-----------+-----------+-----------+-----------+-----------+-----------+-----------+-----------+-----------+-----------+-----------+-----------+
|        Runtime (RDTSC) [s]        |    4.1254 |    4.1279 |    4.1279 |    4.1279 |    4.1279 |    4.1279 |    4.1279 |    4.1279 |    4.1255 |    4.1279 |    4.1279 |    4.1279 |    4.1279 |    4.1279 |    4.1279 |    4.1279 |    4.1255 |    4.1279 |    4.1279 |    4.1279 |    4.1279 |    4.1279 |    4.1279 |    4.1255 |    4.1279 |    4.1279 |    4.1279 |    4.1279 |    4.1279 |    4.1279 |
|        Runtime unhalted [s]       |    1.8124 |    2.9866 |    2.9867 |    2.9867 |    2.9868 |    2.9864 |    2.9865 |    2.9857 |    2.9562 |    2.9574 |    2.9571 |    2.9566 |    2.9569 |    2.9567 |    2.9570 |    2.9568 |    2.9549 |    2.9575 |    2.9573 |    2.9577 |    2.9581 |    2.9581 |    2.9588 |    2.9527 |    2.9604 |    2.9620 |    2.9624 |    2.9642 |    2.9629 |    2.9572 |
|            Clock [MHz]            | 1895.3944 | 1895.4294 | 1895.4276 | 1895.4279 | 1895.4275 | 1895.4277 | 1895.4283 | 1895.4292 | 1895.4263 | 1895.4249 | 1895.4260 | 1895.4255 | 1895.4262 | 1895.4261 | 1895.4244 | 1895.4273 | 1895.4265 | 1895.4276 | 1895.4281 | 1895.4268 | 1895.4284 | 1895.4283 | 1895.4253 | 1895.4282 | 1895.4271 | 1895.4274 | 1895.4277 | 1895.4278 | 1895.4287 | 1895.4266 |
|                CPI                |    0.4432 |    0.9249 |    0.9230 |    0.9201 |    0.9284 |    0.9314 |    0.9408 |    0.9471 |    0.9521 |    0.9509 |    0.9469 |    0.9455 |    0.9490 |    0.9614 |    0.9649 |    0.9633 |    0.9624 |    0.9613 |    0.9599 |    0.9642 |    0.9680 |    0.9694 |    0.9625 |    0.9614 |    0.9575 |    0.9562 |    0.9548 |    0.9582 |    0.9621 |    0.9647 |
|             Energy [J]            |  201.4645 |         0 |         0 |         0 |         0 |         0 |         0 |         0 |  177.5431 |         0 |         0 |         0 |         0 |         0 |         0 |         0 |  182.9355 |         0 |         0 |         0 |         0 |         0 |         0 |  172.1791 |         0 |         0 |         0 |         0 |         0 |         0 |
|             Power [W]             |   48.8352 |         0 |         0 |         0 |         0 |         0 |         0 |         0 |   43.0352 |         0 |         0 |         0 |         0 |         0 |         0 |         0 |   44.3425 |         0 |         0 |         0 |         0 |         0 |         0 |   41.7352 |         0 |         0 |         0 |         0 |         0 |         0 |
|          Energy DRAM [J]          |   22.6947 |         0 |         0 |         0 |         0 |         0 |         0 |         0 |   22.5502 |         0 |         0 |         0 |         0 |         0 |         0 |         0 |   17.7302 |         0 |         0 |         0 |         0 |         0 |         0 |   19.5602 |         0 |         0 |         0 |         0 |         0 |         0 |
|           Power DRAM [W]          |    5.5012 |         0 |         0 |         0 |         0 |         0 |         0 |         0 |    5.4660 |         0 |         0 |         0 |         0 |         0 |         0 |         0 |    4.2977 |         0 |         0 |         0 |         0 |         0 |         0 |    4.7413 |         0 |         0 |         0 |         0 |         0 |         0 |
|            DP [MFLOP/s]           |  524.7813 |  533.7821 |  540.2851 |  545.6735 |  539.5478 |  533.7826 |  526.6610 |  523.9148 |  515.7507 |  516.1588 |  518.1785 |  516.4329 |  510.1836 |  500.7094 |  499.8872 |  501.0112 |  500.4356 |  503.1716 |  508.3902 |  508.1843 |  506.2032 |  505.4889 |  509.5021 |  509.0849 |  514.2528 |  519.3618 |  522.1514 |  516.9576 |  509.8568 |  506.5112 |
|          AVX DP [MFLOP/s]         |    0.8913 |         0 |         0 |         0 |         0 |         0 |         0 |         0 |         0 |         0 |         0 |         0 |         0 |         0 |         0 |         0 |         0 |         0 |         0 |         0 |         0 |         0 |         0 |         0 |         0 |         0 |         0 |         0 |         0 |         0 |
|          Packed [MUOPS/s]         |    0.1374 |         0 |         0 |         0 |         0 |         0 |         0 |         0 |         0 |         0 |         0 |         0 |         0 |         0 |         0 |         0 |         0 |         0 |         0 |         0 |         0 |         0 |         0 |         0 |         0 |         0 |         0 |         0 |         0 |         0 |
|          Scalar [MUOPS/s]         |  523.8582 |  533.7821 |  540.2851 |  545.6735 |  539.5478 |  533.7826 |  526.6610 |  523.9148 |  515.7507 |  516.1588 |  518.1785 |  516.4329 |  510.1836 |  500.7094 |  499.8872 |  501.0112 |  500.4356 |  503.1716 |  508.3902 |  508.1843 |  506.2032 |  505.4889 |  509.5021 |  509.0849 |  514.2528 |  519.3618 |  522.1514 |  516.9576 |  509.8568 |  506.5112 |
|  Memory read bandwidth [MBytes/s] | 2966.9731 |         0 |         0 |         0 |         0 |         0 |         0 |         0 | 2736.0706 |         0 |         0 |         0 |         0 |         0 |         0 |         0 | 2234.4847 |         0 |         0 |         0 |         0 |         0 |         0 | 2302.4193 |         0 |         0 |         0 |         0 |         0 |         0 |
|  Memory read data volume [GBytes] |   12.2399 |         0 |         0 |         0 |         0 |         0 |         0 |         0 |   11.2878 |         0 |         0 |         0 |         0 |         0 |         0 |         0 |    9.2184 |         0 |         0 |         0 |         0 |         0 |         0 |    9.4987 |         0 |         0 |         0 |         0 |         0 |         0 |
| Memory write bandwidth [MBytes/s] |  889.3326 |         0 |         0 |         0 |         0 |         0 |         0 |         0 |  885.7395 |         0 |         0 |         0 |         0 |         0 |         0 |         0 |  638.9974 |         0 |         0 |         0 |         0 |         0 |         0 |  550.1468 |         0 |         0 |         0 |         0 |         0 |         0 |
| Memory write data volume [GBytes] |    3.6688 |         0 |         0 |         0 |         0 |         0 |         0 |         0 |    3.6541 |         0 |         0 |         0 |         0 |         0 |         0 |         0 |    2.6362 |         0 |         0 |         0 |         0 |         0 |         0 |    2.2696 |         0 |         0 |         0 |         0 |         0 |         0 |
|    Memory bandwidth [MBytes/s]    | 3856.3058 |         0 |         0 |         0 |         0 |         0 |         0 |         0 | 3621.8101 |         0 |         0 |         0 |         0 |         0 |         0 |         0 | 2873.4822 |         0 |         0 |         0 |         0 |         0 |         0 | 2852.5661 |         0 |         0 |         0 |         0 |         0 |         0 |
|    Memory data volume [GBytes]    |   15.9088 |         0 |         0 |         0 |         0 |         0 |         0 |         0 |   14.9419 |         0 |         0 |         0 |         0 |         0 |         0 |         0 |   11.8546 |         0 |         0 |         0 |         0 |         0 |         0 |   11.7683 |         0 |         0 |         0 |         0 |         0 |         0 |
|       Operational intensity       |    0.1361 |    0.1385 |    0.1402 |    0.1416 |    0.1400 |    0.1385 |    0.1367 |    0.1359 |    0.1424 |    0.1426 |    0.1432 |    0.1427 |    0.1409 |    0.1383 |    0.1381 |    0.1384 |    0.1742 |    0.1752 |    0.1770 |    0.1770 |    0.1763 |    0.1760 |    0.1774 |    0.1785 |    0.1804 |    0.1822 |    0.1832 |    0.1813 |    0.1788 |    0.1777 |
+-----------------------------------+-----------+-----------+-----------+-----------+-----------+-----------+-----------+-----------+-----------+-----------+-----------+-----------+-----------+-----------+-----------+-----------+-----------+-----------+-----------+-----------+-----------+-----------+-----------+-----------+-----------+-----------+-----------+-----------+-----------+-----------+
+----------------------------------------+------------+-----------+-----------+-----------+
|                 Metric                 |     Sum    |    Min    |    Max    |    Avg    |
+----------------------------------------+------------+-----------+-----------+-----------+
|        Runtime (RDTSC) [s] STAT        |   123.8273 |    4.1254 |    4.1279 |    4.1276 |
|        Runtime unhalted [s] STAT       |    87.7967 |    1.8124 |    2.9868 |    2.9266 |
|            Clock [MHz] STAT            | 56862.7832 | 1895.3944 | 1895.4294 | 1895.4261 |
|                CPI STAT                |    28.0555 |    0.4432 |    0.9694 |    0.9352 |
|             Energy [J] STAT            |   734.1222 |         0 |  201.4645 |   24.4707 |
|             Power [W] STAT             |   177.9481 |         0 |   48.8352 |    5.9316 |
|          Energy DRAM [J] STAT          |    82.5353 |         0 |   22.6947 |    2.7512 |
|           Power DRAM [W] STAT          |    20.0062 |         0 |    5.5012 |    0.6669 |
|            DP [MFLOP/s] STAT           | 15486.2929 |  499.8872 |  545.6735 |  516.2098 |
|          AVX DP [MFLOP/s] STAT         |     0.8913 |         0 |    0.8913 |    0.0297 |
|          Packed [MUOPS/s] STAT         |     0.1374 |         0 |    0.1374 |    0.0046 |
|          Scalar [MUOPS/s] STAT         | 15485.3698 |  499.8872 |  545.6735 |  516.1790 |
|  Memory read bandwidth [MBytes/s] STAT | 10239.9477 |         0 | 2966.9731 |  341.3316 |
|  Memory read data volume [GBytes] STAT |    42.2448 |         0 |   12.2399 |    1.4082 |
| Memory write bandwidth [MBytes/s] STAT |  2964.2163 |         0 |  889.3326 |   98.8072 |
| Memory write data volume [GBytes] STAT |    12.2287 |         0 |    3.6688 |    0.4076 |
|    Memory bandwidth [MBytes/s] STAT    | 13204.1642 |         0 | 3856.3058 |  440.1388 |
|    Memory data volume [GBytes] STAT    |    54.4736 |         0 |   15.9088 |    1.8158 |
|       Operational intensity STAT       |     4.7293 |    0.1359 |    0.1832 |    0.1576 |
+----------------------------------------+------------+-----------+-----------+-----------+
