--------------------------------------------------------------------------------
CPU name:	Intel(R) Xeon(R) Gold 6132 CPU @ 2.60GHz
CPU type:	Intel Skylake SP processor
CPU clock:	2.59 GHz
--------------------------------------------------------------------------------
Region Setup, Group 1: MEM_DP
+-------------------+----------+----------+----------+----------+----------+----------+----------+----------+----------+----------+----------+----------+----------+----------+----------+----------+----------+----------+----------+----------+----------+----------+----------+----------+
|    Region Info    |  Core 0  |  Core 1  |  Core 2  |  Core 3  |  Core 4  |  Core 5  |  Core 14 |  Core 15 |  Core 16 |  Core 17 |  Core 18 |  Core 19 |  Core 28 |  Core 29 |  Core 30 |  Core 31 |  Core 32 |  Core 33 |  Core 42 |  Core 43 |  Core 44 |  Core 45 |  Core 46 |  Core 47 |
+-------------------+----------+----------+----------+----------+----------+----------+----------+----------+----------+----------+----------+----------+----------+----------+----------+----------+----------+----------+----------+----------+----------+----------+----------+----------+
| RDTSC Runtime [s] | 0.466469 | 0.470934 | 0.470951 | 0.470990 | 0.470979 | 0.470997 | 0.466401 | 0.470989 | 0.470901 | 0.470889 | 0.470947 | 0.470959 | 0.466396 | 0.471009 | 0.470945 | 0.471008 | 0.470904 | 0.471012 | 0.466402 | 0.470976 | 0.470945 | 0.470935 | 0.471028 | 0.470938 |
|     call count    |        2 |        2 |        2 |        2 |        2 |        2 |        2 |        2 |        2 |        2 |        2 |        2 |        2 |        2 |        2 |        2 |        2 |        2 |        2 |        2 |        2 |        2 |        2 |        2 |
+-------------------+----------+----------+----------+----------+----------+----------+----------+----------+----------+----------+----------+----------+----------+----------+----------+----------+----------+----------+----------+----------+----------+----------+----------+----------+
+------------------------------------------+---------+-----------+-----------+-----------+-----------+-----------+-----------+-----------+-----------+-----------+-----------+-----------+-----------+-----------+-----------+-----------+-----------+-----------+-----------+-----------+-----------+-----------+-----------+-----------+-----------+
|                   Event                  | Counter |   Core 0  |   Core 1  |   Core 2  |   Core 3  |   Core 4  |   Core 5  |  Core 14  |  Core 15  |  Core 16  |  Core 17  |  Core 18  |  Core 19  |  Core 28  |  Core 29  |  Core 30  |  Core 31  |  Core 32  |  Core 33  |  Core 42  |  Core 43  |  Core 44  |  Core 45  |  Core 46  |  Core 47  |
+------------------------------------------+---------+-----------+-----------+-----------+-----------+-----------+-----------+-----------+-----------+-----------+-----------+-----------+-----------+-----------+-----------+-----------+-----------+-----------+-----------+-----------+-----------+-----------+-----------+-----------+-----------+
|             INSTR_RETIRED_ANY            |  FIXC0  | 298238100 | 103704800 | 103719200 | 103440300 | 103334400 | 103484100 |  98311940 |  98877940 |  98022960 |  97628470 |  97687980 |  97593230 |  97049540 |  97839340 |  97891000 |  97675360 |  97790390 |  97232870 |  96934480 |  97358910 |  97634620 |  97292450 |  97388730 |  96703960 |
|           CPU_CLK_UNHALTED_CORE          |  FIXC1  | 326488000 | 370856200 | 372066000 | 366050300 | 364115400 | 367473200 | 264590700 | 276945900 | 277963000 | 268931100 | 271080100 | 268440800 | 257830500 | 274131900 | 275676200 | 270373300 | 284744200 | 272519900 | 266745900 | 274722700 | 281421100 | 273239900 | 276241900 | 262083400 |
|           CPU_CLK_UNHALTED_REF           |  FIXC2  | 447066600 | 507958400 | 509594900 | 501344600 | 498748600 | 503323200 | 362949200 | 379854700 | 381289200 | 368872700 | 371827000 | 368204800 | 353615900 | 375913000 | 378049900 | 371160600 | 390433500 | 373697700 | 366049900 | 376976000 | 386400200 | 374987200 | 379066200 | 360168800 |
|              PWR_PKG_ENERGY              |   PWR0  |   17.8265 |         0 |         0 |         0 |         0 |         0 |   15.3020 |         0 |         0 |         0 |         0 |         0 |   16.3493 |         0 |         0 |         0 |         0 |         0 |   15.8858 |         0 |         0 |         0 |         0 |         0 |
|              PWR_DRAM_ENERGY             |   PWR3  |    2.4820 |         0 |         0 |         0 |         0 |         0 |    1.8506 |         0 |         0 |         0 |         0 |         0 |    1.3404 |         0 |         0 |         0 |         0 |         0 |    1.7354 |         0 |         0 |         0 |         0 |         0 |
| FP_ARITH_INST_RETIRED_128B_PACKED_DOUBLE |   PMC0  |     23000 |         0 |         0 |         0 |         0 |         0 |         0 |         0 |         0 |         0 |         0 |         0 |         0 |         0 |         0 |         0 |         0 |         0 |         0 |         0 |         0 |         0 |         0 |         0 |
|    FP_ARITH_INST_RETIRED_SCALAR_DOUBLE   |   PMC1  |  31641630 |  22548440 |  22548540 |  22548840 |  22547880 |  22547640 |  22547700 |  22546000 |  22302350 |  22316560 |  22303200 |  22316340 |  22302690 |  22312410 |  22298990 |  22312870 |  22271940 |  22285320 |  22271920 |  22285580 |  22272160 |  22285580 |  22272160 |  22285330 |
| FP_ARITH_INST_RETIRED_256B_PACKED_DOUBLE |   PMC2  |     15090 |         0 |         0 |         0 |         0 |         0 |         0 |         0 |         0 |         0 |         0 |         0 |         0 |         0 |         0 |         0 |         0 |         0 |         0 |         0 |         0 |         0 |         0 |         0 |
| FP_ARITH_INST_RETIRED_512B_PACKED_DOUBLE |   PMC3  |    141851 |         0 |         0 |         0 |         0 |         0 |         0 |         0 |         0 |         0 |         0 |         0 |         0 |         0 |         0 |         0 |         0 |         0 |         0 |         0 |         0 |         0 |         0 |         0 |
|               CAS_COUNT_RD               | MBOX0C0 |   1307421 |         0 |         0 |         0 |         0 |         0 |     95164 |         0 |         0 |         0 |         0 |         0 |     94619 |         0 |         0 |         0 |         0 |         0 |    290863 |         0 |         0 |         0 |         0 |         0 |
|               CAS_COUNT_WR               | MBOX0C1 |   1667232 |         0 |         0 |         0 |         0 |         0 |    149345 |         0 |         0 |         0 |         0 |         0 |    151485 |         0 |         0 |         0 |         0 |         0 |    296834 |         0 |         0 |         0 |         0 |         0 |
|               CAS_COUNT_RD               | MBOX1C0 |   1303541 |         0 |         0 |         0 |         0 |         0 |     89672 |         0 |         0 |         0 |         0 |         0 |     92267 |         0 |         0 |         0 |         0 |         0 |    314793 |         0 |         0 |         0 |         0 |         0 |
|               CAS_COUNT_WR               | MBOX1C1 |   1645959 |         0 |         0 |         0 |         0 |         0 |    145353 |         0 |         0 |         0 |         0 |         0 |    149832 |         0 |         0 |         0 |         0 |         0 |    318418 |         0 |         0 |         0 |         0 |         0 |
|               CAS_COUNT_RD               | MBOX2C0 |   1602753 |         0 |         0 |         0 |         0 |         0 |     92743 |         0 |         0 |         0 |         0 |         0 |    101942 |         0 |         0 |         0 |         0 |         0 |    261389 |         0 |         0 |         0 |         0 |         0 |
|               CAS_COUNT_WR               | MBOX2C1 |   1650815 |         0 |         0 |         0 |         0 |         0 |    149978 |         0 |         0 |         0 |         0 |         0 |    162089 |         0 |         0 |         0 |         0 |         0 |    279417 |         0 |         0 |         0 |         0 |         0 |
|               CAS_COUNT_RD               | MBOX3C0 |   2536778 |         0 |         0 |         0 |         0 |         0 |     67940 |         0 |         0 |         0 |         0 |         0 |     74240 |         0 |         0 |         0 |         0 |         0 |    434201 |         0 |         0 |         0 |         0 |         0 |
|               CAS_COUNT_WR               | MBOX3C1 |   2030868 |         0 |         0 |         0 |         0 |         0 |    129060 |         0 |         0 |         0 |         0 |         0 |    136682 |         0 |         0 |         0 |         0 |         0 |    445850 |         0 |         0 |         0 |         0 |         0 |
|               CAS_COUNT_RD               | MBOX4C0 |   1136499 |         0 |         0 |         0 |         0 |         0 |     68609 |         0 |         0 |         0 |         0 |         0 |     73059 |         0 |         0 |         0 |         0 |         0 |    457743 |         0 |         0 |         0 |         0 |         0 |
|               CAS_COUNT_WR               | MBOX4C1 |   1563019 |         0 |         0 |         0 |         0 |         0 |    130098 |         0 |         0 |         0 |         0 |         0 |    135666 |         0 |         0 |         0 |         0 |         0 |    484707 |         0 |         0 |         0 |         0 |         0 |
|               CAS_COUNT_RD               | MBOX5C0 |   1076435 |         0 |         0 |         0 |         0 |         0 |     63989 |         0 |         0 |         0 |         0 |         0 |     78247 |         0 |         0 |         0 |         0 |         0 |    694903 |         0 |         0 |         0 |         0 |         0 |
|               CAS_COUNT_WR               | MBOX5C1 |   1505859 |         0 |         0 |         0 |         0 |         0 |    124932 |         0 |         0 |         0 |         0 |         0 |    140281 |         0 |         0 |         0 |         0 |         0 |    692678 |         0 |         0 |         0 |         0 |         0 |
+------------------------------------------+---------+-----------+-----------+-----------+-----------+-----------+-----------+-----------+-----------+-----------+-----------+-----------+-----------+-----------+-----------+-----------+-----------+-----------+-----------+-----------+-----------+-----------+-----------+-----------+-----------+
+-----------------------------------------------+---------+------------+-----------+-----------+--------------+
|                     Event                     | Counter |     Sum    |    Min    |    Max    |      Avg     |
+-----------------------------------------------+---------+------------+-----------+-----------+--------------+
|             INSTR_RETIRED_ANY STAT            |  FIXC0  | 2572835070 |  96703960 | 298238100 | 1.072015e+08 |
|           CPU_CLK_UNHALTED_CORE STAT          |  FIXC1  | 7064731600 | 257830500 | 372066000 | 2.943638e+08 |
|           CPU_CLK_UNHALTED_REF STAT           |  FIXC2  | 9687552800 | 353615900 | 509594900 | 4.036480e+08 |
|              PWR_PKG_ENERGY STAT              |   PWR0  |    65.3636 |         0 |   17.8265 |       2.7235 |
|              PWR_DRAM_ENERGY STAT             |   PWR3  |     7.4084 |         0 |    2.4820 |       0.3087 |
| FP_ARITH_INST_RETIRED_128B_PACKED_DOUBLE STAT |   PMC0  |      23000 |         0 |     23000 |     958.3333 |
|    FP_ARITH_INST_RETIRED_SCALAR_DOUBLE STAT   |   PMC1  |  546172070 |  22271920 |  31641630 | 2.275717e+07 |
| FP_ARITH_INST_RETIRED_256B_PACKED_DOUBLE STAT |   PMC2  |      15090 |         0 |     15090 |     628.7500 |
| FP_ARITH_INST_RETIRED_512B_PACKED_DOUBLE STAT |   PMC3  |     141851 |         0 |    141851 |    5910.4583 |
|               CAS_COUNT_RD STAT               | MBOX0C0 |    1788067 |         0 |   1307421 |   74502.7917 |
|               CAS_COUNT_WR STAT               | MBOX0C1 |    2264896 |         0 |   1667232 |   94370.6667 |
|               CAS_COUNT_RD STAT               | MBOX1C0 |    1800273 |         0 |   1303541 |   75011.3750 |
|               CAS_COUNT_WR STAT               | MBOX1C1 |    2259562 |         0 |   1645959 |   94148.4167 |
|               CAS_COUNT_RD STAT               | MBOX2C0 |    2058827 |         0 |   1602753 |   85784.4583 |
|               CAS_COUNT_WR STAT               | MBOX2C1 |    2242299 |         0 |   1650815 |   93429.1250 |
|               CAS_COUNT_RD STAT               | MBOX3C0 |    3113159 |         0 |   2536778 |  129714.9583 |
|               CAS_COUNT_WR STAT               | MBOX3C1 |    2742460 |         0 |   2030868 |  114269.1667 |
|               CAS_COUNT_RD STAT               | MBOX4C0 |    1735910 |         0 |   1136499 |   72329.5833 |
|               CAS_COUNT_WR STAT               | MBOX4C1 |    2313490 |         0 |   1563019 |   96395.4167 |
|               CAS_COUNT_RD STAT               | MBOX5C0 |    1913574 |         0 |   1076435 |   79732.2500 |
|               CAS_COUNT_WR STAT               | MBOX5C1 |    2463750 |         0 |   1505859 |  102656.2500 |
+-----------------------------------------------+---------+------------+-----------+-----------+--------------+
+-----------------------------------+-----------+-----------+-----------+-----------+-----------+-----------+-----------+-----------+-----------+-----------+-----------+-----------+-----------+-----------+-----------+-----------+-----------+-----------+-----------+-----------+-----------+-----------+-----------+-----------+
|               Metric              |   Core 0  |   Core 1  |   Core 2  |   Core 3  |   Core 4  |   Core 5  |  Core 14  |  Core 15  |  Core 16  |  Core 17  |  Core 18  |  Core 19  |  Core 28  |  Core 29  |  Core 30  |  Core 31  |  Core 32  |  Core 33  |  Core 42  |  Core 43  |  Core 44  |  Core 45  |  Core 46  |  Core 47  |
+-----------------------------------+-----------+-----------+-----------+-----------+-----------+-----------+-----------+-----------+-----------+-----------+-----------+-----------+-----------+-----------+-----------+-----------+-----------+-----------+-----------+-----------+-----------+-----------+-----------+-----------+
|        Runtime (RDTSC) [s]        |    0.4665 |    0.4709 |    0.4710 |    0.4710 |    0.4710 |    0.4710 |    0.4664 |    0.4710 |    0.4709 |    0.4709 |    0.4709 |    0.4710 |    0.4664 |    0.4710 |    0.4709 |    0.4710 |    0.4709 |    0.4710 |    0.4664 |    0.4710 |    0.4709 |    0.4709 |    0.4710 |    0.4709 |
|        Runtime unhalted [s]       |    0.1259 |    0.1430 |    0.1434 |    0.1411 |    0.1404 |    0.1417 |    0.1020 |    0.1068 |    0.1072 |    0.1037 |    0.1045 |    0.1035 |    0.0994 |    0.1057 |    0.1063 |    0.1042 |    0.1098 |    0.1051 |    0.1028 |    0.1059 |    0.1085 |    0.1053 |    0.1065 |    0.1010 |
|            Clock [MHz]            | 1894.2052 | 1893.6923 | 1893.7687 | 1893.8102 | 1893.6049 | 1893.6981 | 1890.8660 | 1891.0781 | 1890.8823 | 1891.0218 | 1890.9878 | 1890.9981 | 1891.1872 | 1891.4909 | 1891.3947 | 1889.4437 | 1891.6459 | 1891.5151 | 1890.1204 | 1890.2222 | 1889.0843 | 1889.9908 | 1890.1946 | 1887.4065 |
|                CPI                |    1.0947 |    3.5761 |    3.5872 |    3.5388 |    3.5237 |    3.5510 |    2.6913 |    2.8009 |    2.8357 |    2.7546 |    2.7750 |    2.7506 |    2.6567 |    2.8019 |    2.8162 |    2.7681 |    2.9118 |    2.8028 |    2.7518 |    2.8218 |    2.8824 |    2.8084 |    2.8365 |    2.7102 |
|             Energy [J]            |   17.8265 |         0 |         0 |         0 |         0 |         0 |   15.3020 |         0 |         0 |         0 |         0 |         0 |   16.3493 |         0 |         0 |         0 |         0 |         0 |   15.8858 |         0 |         0 |         0 |         0 |         0 |
|             Power [W]             |   38.2160 |         0 |         0 |         0 |         0 |         0 |   32.8087 |         0 |         0 |         0 |         0 |         0 |   35.0545 |         0 |         0 |         0 |         0 |         0 |   34.0603 |         0 |         0 |         0 |         0 |         0 |
|          Energy DRAM [J]          |    2.4820 |         0 |         0 |         0 |         0 |         0 |    1.8506 |         0 |         0 |         0 |         0 |         0 |    1.3404 |         0 |         0 |         0 |         0 |         0 |    1.7354 |         0 |         0 |         0 |         0 |         0 |
|           Power DRAM [W]          |    5.3209 |         0 |         0 |         0 |         0 |         0 |    3.9679 |         0 |         0 |         0 |         0 |         0 |    2.8740 |         0 |         0 |         0 |         0 |         0 |    3.7208 |         0 |         0 |         0 |         0 |         0 |
|            DP [MFLOP/s]           |   70.4931 |   47.8803 |   47.8787 |   47.8754 |   47.8745 |   47.8722 |   48.3440 |   47.8694 |   47.3610 |   47.3924 |   47.3582 |   47.3849 |   47.8192 |   47.3715 |   47.3495 |   47.3726 |   47.2962 |   47.3137 |   47.7526 |   47.3179 |   47.2925 |   47.3220 |   47.2842 |   47.3212 |
|          AVX DP [MFLOP/s]         |    2.5622 |         0 |         0 |         0 |         0 |         0 |         0 |         0 |         0 |         0 |         0 |         0 |         0 |         0 |         0 |         0 |         0 |         0 |         0 |         0 |         0 |         0 |         0 |         0 |
|          Packed [MUOPS/s]         |    0.3858 |         0 |         0 |         0 |         0 |         0 |         0 |         0 |         0 |         0 |         0 |         0 |         0 |         0 |         0 |         0 |         0 |         0 |         0 |         0 |         0 |         0 |         0 |         0 |
|          Scalar [MUOPS/s]         |   67.8323 |   47.8803 |   47.8787 |   47.8754 |   47.8745 |   47.8722 |   48.3440 |   47.8694 |   47.3610 |   47.3924 |   47.3582 |   47.3849 |   47.8192 |   47.3715 |   47.3495 |   47.3726 |   47.2962 |   47.3137 |   47.7526 |   47.3179 |   47.2925 |   47.3220 |   47.2842 |   47.3212 |
|  Memory read bandwidth [MBytes/s] | 1229.7922 |         0 |         0 |         0 |         0 |         0 |   65.6077 |         0 |         0 |         0 |         0 |         0 |   70.5836 |         0 |         0 |         0 |         0 |         0 |  336.7244 |         0 |         0 |         0 |         0 |         0 |
|  Memory read data volume [GBytes] |    0.5737 |         0 |         0 |         0 |         0 |         0 |    0.0306 |         0 |         0 |         0 |         0 |         0 |    0.0329 |         0 |         0 |         0 |         0 |         0 |    0.1570 |         0 |         0 |         0 |         0 |         0 |
| Memory write bandwidth [MBytes/s] | 1380.7580 |         0 |         0 |         0 |         0 |         0 |  113.7241 |         0 |         0 |         0 |         0 |         0 |  120.2116 |         0 |         0 |         0 |         0 |         0 |  345.5082 |         0 |         0 |         0 |         0 |         0 |
| Memory write data volume [GBytes] |    0.6441 |         0 |         0 |         0 |         0 |         0 |    0.0530 |         0 |         0 |         0 |         0 |         0 |    0.0561 |         0 |         0 |         0 |         0 |         0 |    0.1611 |         0 |         0 |         0 |         0 |         0 |
|    Memory bandwidth [MBytes/s]    | 2610.5502 |         0 |         0 |         0 |         0 |         0 |  179.3318 |         0 |         0 |         0 |         0 |         0 |  190.7952 |         0 |         0 |         0 |         0 |         0 |  682.2326 |         0 |         0 |         0 |         0 |         0 |
|    Memory data volume [GBytes]    |    1.2177 |         0 |         0 |         0 |         0 |         0 |    0.0836 |         0 |         0 |         0 |         0 |         0 |    0.0890 |         0 |         0 |         0 |         0 |         0 |    0.3182 |         0 |         0 |         0 |         0 |         0 |
|       Operational intensity       |    0.0270 |    0.0185 |    0.0185 |    0.0185 |    0.0185 |    0.0185 |    0.2696 |    0.2696 |    0.2666 |    0.2668 |    0.2667 |    0.2668 |    0.2506 |    0.2507 |    0.2506 |    0.2507 |    0.2503 |    0.2504 |    0.0700 |    0.0700 |    0.0700 |    0.0700 |    0.0700 |    0.0700 |
+-----------------------------------+-----------+-----------+-----------+-----------+-----------+-----------+-----------+-----------+-----------+-----------+-----------+-----------+-----------+-----------+-----------+-----------+-----------+-----------+-----------+-----------+-----------+-----------+-----------+-----------+
+----------------------------------------+------------+-----------+-----------+-----------+
|                 Metric                 |     Sum    |    Min    |    Max    |    Avg    |
+----------------------------------------+------------+-----------+-----------+-----------+
|        Runtime (RDTSC) [s] STAT        |    11.2848 |    0.4664 |    0.4710 |    0.4702 |
|        Runtime unhalted [s] STAT       |     2.7237 |    0.0994 |    0.1434 |    0.1135 |
|            Clock [MHz] STAT            | 45392.3098 | 1887.4065 | 1894.2052 | 1891.3462 |
|                CPI STAT                |    69.0482 |    1.0947 |    3.5872 |    2.8770 |
|             Energy [J] STAT            |    65.3636 |         0 |   17.8265 |    2.7235 |
|             Power [W] STAT             |   140.1395 |         0 |   38.2160 |    5.8391 |
|          Energy DRAM [J] STAT          |     7.4084 |         0 |    2.4820 |    0.3087 |
|           Power DRAM [W] STAT          |    15.8836 |         0 |    5.3209 |    0.6618 |
|            DP [MFLOP/s] STAT           |  1164.3972 |   47.2842 |   70.4931 |   48.5166 |
|          AVX DP [MFLOP/s] STAT         |     2.5622 |         0 |    2.5622 |    0.1068 |
|          Packed [MUOPS/s] STAT         |     0.3858 |         0 |    0.3858 |    0.0161 |
|          Scalar [MUOPS/s] STAT         |  1161.7364 |   47.2842 |   67.8323 |   48.4057 |
|  Memory read bandwidth [MBytes/s] STAT |  1702.7079 |         0 | 1229.7922 |   70.9462 |
|  Memory read data volume [GBytes] STAT |     0.7942 |         0 |    0.5737 |    0.0331 |
| Memory write bandwidth [MBytes/s] STAT |  1960.2019 |         0 | 1380.7580 |   81.6751 |
| Memory write data volume [GBytes] STAT |     0.9143 |         0 |    0.6441 |    0.0381 |
|    Memory bandwidth [MBytes/s] STAT    |  3662.9098 |         0 | 2610.5502 |  152.6212 |
|    Memory data volume [GBytes] STAT    |     1.7085 |         0 |    1.2177 |    0.0712 |
|       Operational intensity STAT       |     3.6489 |    0.0185 |    0.2696 |    0.1520 |
+----------------------------------------+------------+-----------+-----------+-----------+
--------------------------------------------------------------------------------
CPU name:	Intel(R) Xeon(R) Gold 6132 CPU @ 2.60GHz
CPU type:	Intel Skylake SP processor
CPU clock:	2.59 GHz
--------------------------------------------------------------------------------
Region Solve, Group 1: MEM_DP
+-------------------+----------+----------+----------+----------+----------+----------+----------+----------+----------+----------+----------+----------+----------+----------+----------+----------+----------+----------+----------+----------+----------+----------+----------+----------+
|    Region Info    |  Core 0  |  Core 1  |  Core 2  |  Core 3  |  Core 4  |  Core 5  |  Core 14 |  Core 15 |  Core 16 |  Core 17 |  Core 18 |  Core 19 |  Core 28 |  Core 29 |  Core 30 |  Core 31 |  Core 32 |  Core 33 |  Core 42 |  Core 43 |  Core 44 |  Core 45 |  Core 46 |  Core 47 |
+-------------------+----------+----------+----------+----------+----------+----------+----------+----------+----------+----------+----------+----------+----------+----------+----------+----------+----------+----------+----------+----------+----------+----------+----------+----------+
| RDTSC Runtime [s] | 4.549361 | 4.551828 | 4.551821 | 4.551832 | 4.551823 | 4.551830 | 4.549351 | 4.551821 | 4.551825 | 4.551823 | 4.551834 | 4.551827 | 4.549351 | 4.551823 | 4.551818 | 4.551829 | 4.551837 | 4.551829 | 4.549362 | 4.551828 | 4.551832 | 4.551834 | 4.551825 | 4.551829 |
|     call count    |        1 |        1 |        1 |        1 |        1 |        1 |        1 |        1 |        1 |        1 |        1 |        1 |        1 |        1 |        1 |        1 |        1 |        1 |        1 |        1 |        1 |        1 |        1 |        1 |
+-------------------+----------+----------+----------+----------+----------+----------+----------+----------+----------+----------+----------+----------+----------+----------+----------+----------+----------+----------+----------+----------+----------+----------+----------+----------+
+------------------------------------------+---------+-------------+-------------+-------------+-------------+-------------+-------------+-------------+-------------+-------------+-------------+-------------+-------------+-------------+-------------+-------------+-------------+-------------+-------------+-------------+-------------+-------------+-------------+-------------+-------------+
|                   Event                  | Counter |    Core 0   |    Core 1   |    Core 2   |    Core 3   |    Core 4   |    Core 5   |   Core 14   |   Core 15   |   Core 16   |   Core 17   |   Core 18   |   Core 19   |   Core 28   |   Core 29   |   Core 30   |   Core 31   |   Core 32   |   Core 33   |   Core 42   |   Core 43   |   Core 44   |   Core 45   |   Core 46   |   Core 47   |
+------------------------------------------+---------+-------------+-------------+-------------+-------------+-------------+-------------+-------------+-------------+-------------+-------------+-------------+-------------+-------------+-------------+-------------+-------------+-------------+-------------+-------------+-------------+-------------+-------------+-------------+-------------+
|             INSTR_RETIRED_ANY            |  FIXC0  | 12544260000 | 10184120000 | 10242230000 | 10239750000 | 10186540000 | 10160330000 | 10067410000 | 10072140000 | 10028730000 | 10027620000 |  9991762000 |  9960930000 |  9969003000 |  9985210000 | 10019480000 | 10017180000 |  9896122000 |  9898712000 |  9970867000 | 10012650000 | 10061690000 | 10068180000 | 10015380000 |  9960682000 |
|           CPU_CLK_UNHALTED_CORE          |  FIXC1  |  5506747000 |  8545800000 |  8544470000 |  8544366000 |  8544117000 |  8542324000 |  8453568000 |  8455720000 |  8457697000 |  8456585000 |  8458732000 |  8451926000 |  8447376000 |  8456617000 |  8457243000 |  8456592000 |  8458761000 |  8455823000 |  8456073000 |  8462986000 |  8443747000 |  8466372000 |  8462751000 |  8423641000 |
|           CPU_CLK_UNHALTED_REF           |  FIXC2  |  7535363000 | 11694250000 | 11692420000 | 11692280000 | 11691930000 | 11689490000 | 11568060000 | 11571000000 | 11573700000 | 11572190000 | 11575120000 | 11565810000 | 11559690000 | 11572230000 | 11573090000 | 11572380000 | 11575410000 | 11571120000 | 11571460000 | 11580930000 | 11554600000 | 11585560000 | 11580610000 | 11527100000 |
|              PWR_PKG_ENERGY              |   PWR0  |    210.2672 |           0 |           0 |           0 |           0 |           0 |    185.7148 |           0 |           0 |           0 |           0 |           0 |    198.3369 |           0 |           0 |           0 |           0 |           0 |    187.9326 |           0 |           0 |           0 |           0 |           0 |
|              PWR_DRAM_ENERGY             |   PWR3  |     24.2877 |           0 |           0 |           0 |           0 |           0 |     24.9161 |           0 |           0 |           0 |           0 |           0 |     19.9740 |           0 |           0 |           0 |           0 |           0 |     22.1206 |           0 |           0 |           0 |           0 |           0 |
| FP_ARITH_INST_RETIRED_128B_PACKED_DOUBLE |   PMC0  |       65560 |           0 |           0 |           0 |           0 |           0 |           0 |           0 |           0 |           0 |           0 |           0 |           0 |           0 |           0 |           0 |           0 |           0 |           0 |           0 |           0 |           0 |           0 |           0 |
|    FP_ARITH_INST_RETIRED_SCALAR_DOUBLE   |   PMC1  |  2691651000 |  2702713000 |  2749641000 |  2745440000 |  2706224000 |  2692900000 |  2671020000 |  2671230000 |  2656208000 |  2635206000 |  2605466000 |  2600336000 |  2603603000 |  2604940000 |  2636711000 |  2654791000 |  2627564000 |  2628724000 |  2646539000 |  2666428000 |  2705527000 |  2710159000 |  2665783000 |  2638207000 |
| FP_ARITH_INST_RETIRED_256B_PACKED_DOUBLE |   PMC2  |       83556 |           0 |           0 |           0 |           0 |           0 |           0 |           0 |           0 |           0 |           0 |           0 |           0 |           0 |           0 |           0 |           0 |           0 |           0 |           0 |           0 |           0 |           0 |           0 |
| FP_ARITH_INST_RETIRED_512B_PACKED_DOUBLE |   PMC3  |      417868 |           0 |           0 |           0 |           0 |           0 |           0 |           0 |           0 |           0 |           0 |           0 |           0 |           0 |           0 |           0 |           0 |           0 |           0 |           0 |           0 |           0 |           0 |           0 |
|               CAS_COUNT_RD               | MBOX0C0 |    28321000 |           0 |           0 |           0 |           0 |           0 |    28835320 |           0 |           0 |           0 |           0 |           0 |    27245870 |           0 |           0 |           0 |           0 |           0 |    28108110 |           0 |           0 |           0 |           0 |           0 |
|               CAS_COUNT_WR               | MBOX0C1 |     8126329 |           0 |           0 |           0 |           0 |           0 |    10567320 |           0 |           0 |           0 |           0 |           0 |     7655040 |           0 |           0 |           0 |           0 |           0 |     6323896 |           0 |           0 |           0 |           0 |           0 |
|               CAS_COUNT_RD               | MBOX1C0 |    28362160 |           0 |           0 |           0 |           0 |           0 |    28873010 |           0 |           0 |           0 |           0 |           0 |    27215210 |           0 |           0 |           0 |           0 |           0 |    28255290 |           0 |           0 |           0 |           0 |           0 |
|               CAS_COUNT_WR               | MBOX1C1 |     8094520 |           0 |           0 |           0 |           0 |           0 |    10594480 |           0 |           0 |           0 |           0 |           0 |     7606446 |           0 |           0 |           0 |           0 |           0 |     6444000 |           0 |           0 |           0 |           0 |           0 |
|               CAS_COUNT_RD               | MBOX2C0 |    28492480 |           0 |           0 |           0 |           0 |           0 |    29021640 |           0 |           0 |           0 |           0 |           0 |    27097260 |           0 |           0 |           0 |           0 |           0 |    28106500 |           0 |           0 |           0 |           0 |           0 |
|               CAS_COUNT_WR               | MBOX2C1 |     8097358 |           0 |           0 |           0 |           0 |           0 |    10696620 |           0 |           0 |           0 |           0 |           0 |     7568150 |           0 |           0 |           0 |           0 |           0 |     6295607 |           0 |           0 |           0 |           0 |           0 |
|               CAS_COUNT_RD               | MBOX3C0 |    29228900 |           0 |           0 |           0 |           0 |           0 |    28746670 |           0 |           0 |           0 |           0 |           0 |    26843230 |           0 |           0 |           0 |           0 |           0 |    27860150 |           0 |           0 |           0 |           0 |           0 |
|               CAS_COUNT_WR               | MBOX3C1 |     8470271 |           0 |           0 |           0 |           0 |           0 |    10495660 |           0 |           0 |           0 |           0 |           0 |     7413132 |           0 |           0 |           0 |           0 |           0 |     6294466 |           0 |           0 |           0 |           0 |           0 |
|               CAS_COUNT_RD               | MBOX4C0 |    28125210 |           0 |           0 |           0 |           0 |           0 |    28599410 |           0 |           0 |           0 |           0 |           0 |    26934210 |           0 |           0 |           0 |           0 |           0 |    27906780 |           0 |           0 |           0 |           0 |           0 |
|               CAS_COUNT_WR               | MBOX4C1 |     8052908 |           0 |           0 |           0 |           0 |           0 |    10439190 |           0 |           0 |           0 |           0 |           0 |     7480123 |           0 |           0 |           0 |           0 |           0 |     6372353 |           0 |           0 |           0 |           0 |           0 |
|               CAS_COUNT_RD               | MBOX5C0 |    28016060 |           0 |           0 |           0 |           0 |           0 |    28595830 |           0 |           0 |           0 |           0 |           0 |    26962920 |           0 |           0 |           0 |           0 |           0 |    28174720 |           0 |           0 |           0 |           0 |           0 |
|               CAS_COUNT_WR               | MBOX5C1 |     7912268 |           0 |           0 |           0 |           0 |           0 |    10443360 |           0 |           0 |           0 |           0 |           0 |     7469357 |           0 |           0 |           0 |           0 |           0 |     6585878 |           0 |           0 |           0 |           0 |           0 |
+------------------------------------------+---------+-------------+-------------+-------------+-------------+-------------+-------------+-------------+-------------+-------------+-------------+-------------+-------------+-------------+-------------+-------------+-------------+-------------+-------------+-------------+-------------+-------------+-------------+-------------+-------------+
+-----------------------------------------------+---------+--------------+------------+-------------+--------------+
|                     Event                     | Counter |      Sum     |     Min    |     Max     |      Avg     |
+-----------------------------------------------+---------+--------------+------------+-------------+--------------+
|             INSTR_RETIRED_ANY STAT            |  FIXC0  | 243580978000 | 9896122000 | 12544260000 | 1.014921e+10 |
|           CPU_CLK_UNHALTED_CORE STAT          |  FIXC1  | 200410034000 | 5506747000 |  8545800000 | 8.350418e+09 |
|           CPU_CLK_UNHALTED_REF STAT           |  FIXC2  | 274245793000 | 7535363000 | 11694250000 | 1.142691e+10 |
|              PWR_PKG_ENERGY STAT              |   PWR0  |     782.2515 |          0 |    210.2672 |      32.5938 |
|              PWR_DRAM_ENERGY STAT             |   PWR3  |      91.2984 |          0 |     24.9161 |       3.8041 |
| FP_ARITH_INST_RETIRED_128B_PACKED_DOUBLE STAT |   PMC0  |        65560 |          0 |       65560 |    2731.6667 |
|    FP_ARITH_INST_RETIRED_SCALAR_DOUBLE STAT   |   PMC1  |  63917011000 | 2600336000 |  2749641000 | 2.663209e+09 |
| FP_ARITH_INST_RETIRED_256B_PACKED_DOUBLE STAT |   PMC2  |        83556 |          0 |       83556 |    3481.5000 |
| FP_ARITH_INST_RETIRED_512B_PACKED_DOUBLE STAT |   PMC3  |       417868 |          0 |      417868 |   17411.1667 |
|               CAS_COUNT_RD STAT               | MBOX0C0 |    112510300 |          0 |    28835320 | 4.687929e+06 |
|               CAS_COUNT_WR STAT               | MBOX0C1 |     32672585 |          0 |    10567320 | 1.361358e+06 |
|               CAS_COUNT_RD STAT               | MBOX1C0 |    112705670 |          0 |    28873010 | 4.696070e+06 |
|               CAS_COUNT_WR STAT               | MBOX1C1 |     32739446 |          0 |    10594480 | 1.364144e+06 |
|               CAS_COUNT_RD STAT               | MBOX2C0 |    112717880 |          0 |    29021640 | 4.696578e+06 |
|               CAS_COUNT_WR STAT               | MBOX2C1 |     32657735 |          0 |    10696620 | 1.360739e+06 |
|               CAS_COUNT_RD STAT               | MBOX3C0 |    112678950 |          0 |    29228900 | 4.694956e+06 |
|               CAS_COUNT_WR STAT               | MBOX3C1 |     32673529 |          0 |    10495660 | 1.361397e+06 |
|               CAS_COUNT_RD STAT               | MBOX4C0 |    111565610 |          0 |    28599410 | 4.648567e+06 |
|               CAS_COUNT_WR STAT               | MBOX4C1 |     32344574 |          0 |    10439190 | 1.347691e+06 |
|               CAS_COUNT_RD STAT               | MBOX5C0 |    111749530 |          0 |    28595830 | 4.656230e+06 |
|               CAS_COUNT_WR STAT               | MBOX5C1 |     32410863 |          0 |    10443360 | 1.350453e+06 |
+-----------------------------------------------+---------+--------------+------------+-------------+--------------+
+-----------------------------------+-----------+-----------+-----------+-----------+-----------+-----------+-----------+-----------+-----------+-----------+-----------+-----------+-----------+-----------+-----------+-----------+-----------+-----------+-----------+-----------+-----------+-----------+-----------+-----------+
|               Metric              |   Core 0  |   Core 1  |   Core 2  |   Core 3  |   Core 4  |   Core 5  |  Core 14  |  Core 15  |  Core 16  |  Core 17  |  Core 18  |  Core 19  |  Core 28  |  Core 29  |  Core 30  |  Core 31  |  Core 32  |  Core 33  |  Core 42  |  Core 43  |  Core 44  |  Core 45  |  Core 46  |  Core 47  |
+-----------------------------------+-----------+-----------+-----------+-----------+-----------+-----------+-----------+-----------+-----------+-----------+-----------+-----------+-----------+-----------+-----------+-----------+-----------+-----------+-----------+-----------+-----------+-----------+-----------+-----------+
|        Runtime (RDTSC) [s]        |    4.5494 |    4.5518 |    4.5518 |    4.5518 |    4.5518 |    4.5518 |    4.5494 |    4.5518 |    4.5518 |    4.5518 |    4.5518 |    4.5518 |    4.5494 |    4.5518 |    4.5518 |    4.5518 |    4.5518 |    4.5518 |    4.5494 |    4.5518 |    4.5518 |    4.5518 |    4.5518 |    4.5518 |
|        Runtime unhalted [s]       |    2.1231 |    3.2947 |    3.2942 |    3.2942 |    3.2941 |    3.2934 |    3.2592 |    3.2600 |    3.2608 |    3.2603 |    3.2612 |    3.2585 |    3.2568 |    3.2604 |    3.2606 |    3.2603 |    3.2612 |    3.2600 |    3.2601 |    3.2628 |    3.2554 |    3.2641 |    3.2627 |    3.2476 |
|            Clock [MHz]            | 1895.4964 | 1895.4502 | 1895.4518 | 1895.4514 | 1895.4529 | 1895.4507 | 1895.4465 | 1895.4473 | 1895.4482 | 1895.4463 | 1895.4476 | 1895.4470 | 1895.4296 | 1895.4469 | 1895.4464 | 1895.4167 | 1895.4066 | 1895.4508 | 1895.4511 | 1895.4494 | 1895.4499 | 1895.4500 | 1895.4492 | 1895.4477 |
|                CPI                |    0.4390 |    0.8391 |    0.8342 |    0.8344 |    0.8388 |    0.8408 |    0.8397 |    0.8395 |    0.8433 |    0.8433 |    0.8466 |    0.8485 |    0.8474 |    0.8469 |    0.8441 |    0.8442 |    0.8548 |    0.8542 |    0.8481 |    0.8452 |    0.8392 |    0.8409 |    0.8450 |    0.8457 |
|             Energy [J]            |  210.2672 |         0 |         0 |         0 |         0 |         0 |  185.7148 |         0 |         0 |         0 |         0 |         0 |  198.3369 |         0 |         0 |         0 |         0 |         0 |  187.9326 |         0 |         0 |         0 |         0 |         0 |
|             Power [W]             |   46.2191 |         0 |         0 |         0 |         0 |         0 |   40.8223 |         0 |         0 |         0 |         0 |         0 |   43.5967 |         0 |         0 |         0 |         0 |         0 |   41.3097 |         0 |         0 |         0 |         0 |         0 |
|          Energy DRAM [J]          |   24.2877 |         0 |         0 |         0 |         0 |         0 |   24.9161 |         0 |         0 |         0 |         0 |         0 |   19.9740 |         0 |         0 |         0 |         0 |         0 |   22.1206 |         0 |         0 |         0 |         0 |         0 |
|           Power DRAM [W]          |    5.3387 |         0 |         0 |         0 |         0 |         0 |    5.4768 |         0 |         0 |         0 |         0 |         0 |    4.3905 |         0 |         0 |         0 |         0 |         0 |    4.8623 |         0 |         0 |         0 |         0 |         0 |
|            DP [MFLOP/s]           |  592.4918 |  593.7643 |  604.0749 |  603.1506 |  594.5363 |  591.6082 |  587.1211 |  586.8486 |  583.5479 |  578.9342 |  572.3992 |  571.2730 |  572.3021 |  572.2850 |  579.2655 |  583.2361 |  577.2535 |  577.5094 |  581.7385 |  585.7928 |  594.3820 |  595.3993 |  585.6515 |  579.5927 |
|          AVX DP [MFLOP/s]         |    0.8083 |         0 |         0 |         0 |         0 |         0 |         0 |         0 |         0 |         0 |         0 |         0 |         0 |         0 |         0 |         0 |         0 |         0 |         0 |         0 |         0 |         0 |         0 |         0 |
|          Packed [MUOPS/s]         |    0.1246 |         0 |         0 |         0 |         0 |         0 |         0 |         0 |         0 |         0 |         0 |         0 |         0 |         0 |         0 |         0 |         0 |         0 |         0 |         0 |         0 |         0 |         0 |         0 |
|          Scalar [MUOPS/s]         |  591.6547 |  593.7643 |  604.0749 |  603.1506 |  594.5363 |  591.6082 |  587.1211 |  586.8486 |  583.5479 |  578.9342 |  572.3992 |  571.2730 |  572.3021 |  572.2850 |  579.2655 |  583.2361 |  577.2535 |  577.5094 |  581.7385 |  585.7928 |  594.3820 |  595.3993 |  585.6515 |  579.5927 |
|  Memory read bandwidth [MBytes/s] | 2399.2231 |         0 |         0 |         0 |         0 |         0 | 2429.1378 |         0 |         0 |         0 |         0 |         0 | 2283.2085 |         0 |         0 |         0 |         0 |         0 | 2369.1980 |         0 |         0 |         0 |         0 |         0 |
|  Memory read data volume [GBytes] |   10.9149 |         0 |         0 |         0 |         0 |         0 |   11.0510 |         0 |         0 |         0 |         0 |         0 |   10.3871 |         0 |         0 |         0 |         0 |         0 |   10.7783 |         0 |         0 |         0 |         0 |         0 |
| Memory write bandwidth [MBytes/s] |  685.8620 |         0 |         0 |         0 |         0 |         0 |  889.6092 |         0 |         0 |         0 |         0 |         0 |  635.7619 |         0 |         0 |         0 |         0 |         0 |  539.0287 |         0 |         0 |         0 |         0 |         0 |
| Memory write data volume [GBytes] |    3.1202 |         0 |         0 |         0 |         0 |         0 |    4.0471 |         0 |         0 |         0 |         0 |         0 |    2.8923 |         0 |         0 |         0 |         0 |         0 |    2.4522 |         0 |         0 |         0 |         0 |         0 |
|    Memory bandwidth [MBytes/s]    | 3085.0851 |         0 |         0 |         0 |         0 |         0 | 3318.7469 |         0 |         0 |         0 |         0 |         0 | 2918.9703 |         0 |         0 |         0 |         0 |         0 | 2908.2267 |         0 |         0 |         0 |         0 |         0 |
|    Memory data volume [GBytes]    |   14.0352 |         0 |         0 |         0 |         0 |         0 |   15.0981 |         0 |         0 |         0 |         0 |         0 |   13.2794 |         0 |         0 |         0 |         0 |         0 |   13.2306 |         0 |         0 |         0 |         0 |         0 |
|       Operational intensity       |    0.1921 |    0.1926 |    0.1959 |    0.1956 |    0.1928 |    0.1919 |    0.1769 |    0.1769 |    0.1759 |    0.1745 |    0.1726 |    0.1722 |    0.1961 |    0.1962 |    0.1986 |    0.1999 |    0.1979 |    0.1980 |    0.2000 |    0.2015 |    0.2045 |    0.2048 |    0.2015 |    0.1994 |
+-----------------------------------+-----------+-----------+-----------+-----------+-----------+-----------+-----------+-----------+-----------+-----------+-----------+-----------+-----------+-----------+-----------+-----------+-----------+-----------+-----------+-----------+-----------+-----------+-----------+-----------+
+----------------------------------------+------------+-----------+-----------+-----------+
|                 Metric                 |     Sum    |    Min    |    Max    |    Avg    |
+----------------------------------------+------------+-----------+-----------+-----------+
|        Runtime (RDTSC) [s] STAT        |   109.2336 |    4.5494 |    4.5518 |    4.5514 |
|        Runtime unhalted [s] STAT       |    77.2657 |    2.1231 |    3.2947 |    3.2194 |
|            Clock [MHz] STAT            | 45490.7306 | 1895.4066 | 1895.4964 | 1895.4471 |
|                CPI STAT                |    19.8429 |    0.4390 |    0.8548 |    0.8268 |
|             Energy [J] STAT            |   782.2515 |         0 |  210.2672 |   32.5938 |
|             Power [W] STAT             |   171.9478 |         0 |   46.2191 |    7.1645 |
|          Energy DRAM [J] STAT          |    91.2984 |         0 |   24.9161 |    3.8041 |
|           Power DRAM [W] STAT          |    20.0683 |         0 |    5.4768 |    0.8362 |
|            DP [MFLOP/s] STAT           | 14044.1585 |  571.2730 |  604.0749 |  585.1733 |
|          AVX DP [MFLOP/s] STAT         |     0.8083 |         0 |    0.8083 |    0.0337 |
|          Packed [MUOPS/s] STAT         |     0.1246 |         0 |    0.1246 |    0.0052 |
|          Scalar [MUOPS/s] STAT         | 14043.3214 |  571.2730 |  604.0749 |  585.1384 |
|  Memory read bandwidth [MBytes/s] STAT |  9480.7674 |         0 | 2429.1378 |  395.0320 |
|  Memory read data volume [GBytes] STAT |    43.1313 |         0 |   11.0510 |    1.7971 |
| Memory write bandwidth [MBytes/s] STAT |  2750.2618 |         0 |  889.6092 |  114.5942 |
| Memory write data volume [GBytes] STAT |    12.5118 |         0 |    4.0471 |    0.5213 |
|    Memory bandwidth [MBytes/s] STAT    | 12231.0290 |         0 | 3318.7469 |  509.6262 |
|    Memory data volume [GBytes] STAT    |    55.6433 |         0 |   15.0981 |    2.3185 |
|       Operational intensity STAT       |     4.6083 |    0.1722 |    0.2048 |    0.1920 |
+----------------------------------------+------------+-----------+-----------+-----------+
