--------------------------------------------------------------------------------
CPU name:	Intel(R) Xeon(R) Gold 6132 CPU @ 2.60GHz
CPU type:	Intel Skylake SP processor
CPU clock:	2.59 GHz
--------------------------------------------------------------------------------
Region Setup, Group 1: MEM_DP
+-------------------+----------+----------+----------+----------+----------+----------+----------+----------+----------+----------+----------+----------+----------+----------+----------+----------+----------+----------+----------+----------+----------+----------+----------+----------+----------+----------+----------+
|    Region Info    |  Core 0  |  Core 1  |  Core 2  |  Core 3  |  Core 4  |  Core 5  |  Core 6  |  Core 14 |  Core 15 |  Core 16 |  Core 17 |  Core 18 |  Core 19 |  Core 20 |  Core 28 |  Core 29 |  Core 30 |  Core 31 |  Core 32 |  Core 33 |  Core 34 |  Core 42 |  Core 43 |  Core 44 |  Core 45 |  Core 46 |  Core 47 |
+-------------------+----------+----------+----------+----------+----------+----------+----------+----------+----------+----------+----------+----------+----------+----------+----------+----------+----------+----------+----------+----------+----------+----------+----------+----------+----------+----------+----------+
| RDTSC Runtime [s] | 0.482929 | 0.467530 | 0.467439 | 0.467472 | 0.467530 | 0.467572 | 0.467470 | 0.482957 | 0.467420 | 0.467409 | 0.467401 | 0.487660 | 0.467491 | 0.467430 | 0.482959 | 0.467431 | 0.467417 | 0.487639 | 0.467421 | 0.467477 | 0.467400 | 0.482950 | 0.467454 | 0.467499 | 0.467449 | 0.467464 | 0.467460 |
|     call count    |        2 |        2 |        2 |        2 |        2 |        2 |        2 |        2 |        2 |        2 |        2 |        2 |        2 |        2 |        2 |        2 |        2 |        2 |        2 |        2 |        2 |        2 |        2 |        2 |        2 |        2 |        2 |
+-------------------+----------+----------+----------+----------+----------+----------+----------+----------+----------+----------+----------+----------+----------+----------+----------+----------+----------+----------+----------+----------+----------+----------+----------+----------+----------+----------+----------+
+------------------------------------------+---------+-----------+-----------+-----------+-----------+-----------+-----------+-----------+-----------+-----------+-----------+-----------+-----------+-----------+-----------+-----------+-----------+-----------+-----------+-----------+-----------+-----------+-----------+-----------+-----------+-----------+-----------+-----------+
|                   Event                  | Counter |   Core 0  |   Core 1  |   Core 2  |   Core 3  |   Core 4  |   Core 5  |   Core 6  |  Core 14  |  Core 15  |  Core 16  |  Core 17  |  Core 18  |  Core 19  |  Core 20  |  Core 28  |  Core 29  |  Core 30  |  Core 31  |  Core 32  |  Core 33  |  Core 34  |  Core 42  |  Core 43  |  Core 44  |  Core 45  |  Core 46  |  Core 47  |
+------------------------------------------+---------+-----------+-----------+-----------+-----------+-----------+-----------+-----------+-----------+-----------+-----------+-----------+-----------+-----------+-----------+-----------+-----------+-----------+-----------+-----------+-----------+-----------+-----------+-----------+-----------+-----------+-----------+-----------+
|             INSTR_RETIRED_ANY            |  FIXC0  | 289031600 |  94162100 |  94033790 |  94131200 |  93142950 |  93351140 |  93005470 |  89816680 |  88345850 |  88468710 |  88532400 |  90517700 |  88423840 |  88535400 |  89579850 |  88177100 |  88004260 |  89563940 |  88233800 |  88125310 |  87978540 |  89730020 |  87804140 |  87370600 |  87679780 |  86839170 |  86448830 |
|           CPU_CLK_UNHALTED_CORE          |  FIXC1  | 347164100 | 361878000 | 360003400 | 361972400 | 359119500 | 361615200 | 356527700 | 293854900 | 265002500 | 265534400 | 269138400 | 308661900 | 266974500 | 268868600 | 292700200 | 260841800 | 271349300 | 302010400 | 276215800 | 271879000 | 271317700 | 305767300 | 269186900 | 275209000 | 282903500 | 268723400 | 264413400 |
|           CPU_CLK_UNHALTED_REF           |  FIXC2  | 475232100 | 495296600 | 492723200 | 495417000 | 491525700 | 494926500 | 487969700 | 402350100 | 362869800 | 363636800 | 368805600 | 422667000 | 365536200 | 368167400 | 400794800 | 357188500 | 371569400 | 413561900 | 378196900 | 372304200 | 371503900 | 419179500 | 369130600 | 377899000 | 387911100 | 368510500 | 362576800 |
|              PWR_PKG_ENERGY              |   PWR0  |   18.7099 |         0 |         0 |         0 |         0 |         0 |         0 |   16.1484 |         0 |         0 |         0 |         0 |         0 |         0 |   17.3165 |         0 |         0 |         0 |         0 |         0 |         0 |   16.3242 |         0 |         0 |         0 |         0 |         0 |
|              PWR_DRAM_ENERGY             |   PWR3  |    2.5654 |         0 |         0 |         0 |         0 |         0 |         0 |    1.8859 |         0 |         0 |         0 |         0 |         0 |         0 |    1.3851 |         0 |         0 |         0 |         0 |         0 |         0 |    1.7648 |         0 |         0 |         0 |         0 |         0 |
| FP_ARITH_INST_RETIRED_128B_PACKED_DOUBLE |   PMC0  |     23000 |         0 |         0 |         0 |         0 |         0 |         0 |         0 |         0 |         0 |         0 |         0 |         0 |         0 |         0 |         0 |         0 |         0 |         0 |         0 |         0 |         0 |         0 |         0 |         0 |         0 |         0 |
|    FP_ARITH_INST_RETIRED_SCALAR_DOUBLE   |   PMC1  |  28978480 |  20152680 |  20152780 |  20152930 |  19916510 |  19940470 |  19915550 |  19938440 |  19914090 |  19938640 |  19913590 |  19938480 |  19913610 |  19929880 |  19905440 |  19929940 |  19869750 |  19894730 |  19870220 |  19894860 |  19867930 |  19892860 |  19853950 |  19646260 |  19635100 |  19617560 |  19597450 |
| FP_ARITH_INST_RETIRED_256B_PACKED_DOUBLE |   PMC2  |     15090 |         0 |         0 |         0 |         0 |         0 |         0 |         0 |         0 |         0 |         0 |         0 |         0 |         0 |         0 |         0 |         0 |         0 |         0 |         0 |         0 |         0 |         0 |         0 |         0 |         0 |         0 |
| FP_ARITH_INST_RETIRED_512B_PACKED_DOUBLE |   PMC3  |    141851 |         0 |         0 |         0 |         0 |         0 |         0 |         0 |         0 |         0 |         0 |         0 |         0 |         0 |         0 |         0 |         0 |         0 |         0 |         0 |         0 |         0 |         0 |         0 |         0 |         0 |         0 |
|               CAS_COUNT_RD               | MBOX0C0 |   1234581 |         0 |         0 |         0 |         0 |         0 |         0 |     92910 |         0 |         0 |         0 |         0 |         0 |         0 |     87745 |         0 |         0 |         0 |         0 |         0 |         0 |    370117 |         0 |         0 |         0 |         0 |         0 |
|               CAS_COUNT_WR               | MBOX0C1 |   1620655 |         0 |         0 |         0 |         0 |         0 |         0 |    153922 |         0 |         0 |         0 |         0 |         0 |         0 |    151272 |         0 |         0 |         0 |         0 |         0 |         0 |    340216 |         0 |         0 |         0 |         0 |         0 |
|               CAS_COUNT_RD               | MBOX1C0 |   1284675 |         0 |         0 |         0 |         0 |         0 |         0 |     93095 |         0 |         0 |         0 |         0 |         0 |         0 |     92427 |         0 |         0 |         0 |         0 |         0 |         0 |    143560 |         0 |         0 |         0 |         0 |         0 |
|               CAS_COUNT_WR               | MBOX1C1 |   1641653 |         0 |         0 |         0 |         0 |         0 |         0 |    155498 |         0 |         0 |         0 |         0 |         0 |         0 |    155492 |         0 |         0 |         0 |         0 |         0 |         0 |    170627 |         0 |         0 |         0 |         0 |         0 |
|               CAS_COUNT_RD               | MBOX2C0 |   1613319 |         0 |         0 |         0 |         0 |         0 |         0 |     94967 |         0 |         0 |         0 |         0 |         0 |         0 |     94368 |         0 |         0 |         0 |         0 |         0 |         0 |    328004 |         0 |         0 |         0 |         0 |         0 |
|               CAS_COUNT_WR               | MBOX2C1 |   1669181 |         0 |         0 |         0 |         0 |         0 |         0 |    160339 |         0 |         0 |         0 |         0 |         0 |         0 |    162227 |         0 |         0 |         0 |         0 |         0 |         0 |    313347 |         0 |         0 |         0 |         0 |         0 |
|               CAS_COUNT_RD               | MBOX3C0 |   2154811 |         0 |         0 |         0 |         0 |         0 |         0 |     66525 |         0 |         0 |         0 |         0 |         0 |         0 |     65117 |         0 |         0 |         0 |         0 |         0 |         0 |    704809 |         0 |         0 |         0 |         0 |         0 |
|               CAS_COUNT_WR               | MBOX3C1 |   1769744 |         0 |         0 |         0 |         0 |         0 |         0 |    134740 |         0 |         0 |         0 |         0 |         0 |         0 |    136430 |         0 |         0 |         0 |         0 |         0 |         0 |    655766 |         0 |         0 |         0 |         0 |         0 |
|               CAS_COUNT_RD               | MBOX4C0 |   1111591 |         0 |         0 |         0 |         0 |         0 |         0 |     66878 |         0 |         0 |         0 |         0 |         0 |         0 |     67094 |         0 |         0 |         0 |         0 |         0 |         0 |    699508 |         0 |         0 |         0 |         0 |         0 |
|               CAS_COUNT_WR               | MBOX4C1 |   1552525 |         0 |         0 |         0 |         0 |         0 |         0 |    134705 |         0 |         0 |         0 |         0 |         0 |         0 |    138554 |         0 |         0 |         0 |         0 |         0 |         0 |    674625 |         0 |         0 |         0 |         0 |         0 |
|               CAS_COUNT_RD               | MBOX5C0 |   1508802 |         0 |         0 |         0 |         0 |         0 |         0 |     65630 |         0 |         0 |         0 |         0 |         0 |         0 |     68269 |         0 |         0 |         0 |         0 |         0 |         0 |    143419 |         0 |         0 |         0 |         0 |         0 |
|               CAS_COUNT_WR               | MBOX5C1 |   1813380 |         0 |         0 |         0 |         0 |         0 |         0 |    134003 |         0 |         0 |         0 |         0 |         0 |         0 |    138112 |         0 |         0 |         0 |         0 |         0 |         0 |    176456 |         0 |         0 |         0 |         0 |         0 |
+------------------------------------------+---------+-----------+-----------+-----------+-----------+-----------+-----------+-----------+-----------+-----------+-----------+-----------+-----------+-----------+-----------+-----------+-----------+-----------+-----------+-----------+-----------+-----------+-----------+-----------+-----------+-----------+-----------+-----------+
+-----------------------------------------------+---------+-------------+-----------+-----------+--------------+
|                     Event                     | Counter |     Sum     |    Min    |    Max    |      Avg     |
+-----------------------------------------------+---------+-------------+-----------+-----------+--------------+
|             INSTR_RETIRED_ANY STAT            |  FIXC0  |  2619034170 |  86448830 | 289031600 | 9.700127e+07 |
|           CPU_CLK_UNHALTED_CORE STAT          |  FIXC1  |  8058833200 | 260841800 | 361972400 | 2.984753e+08 |
|           CPU_CLK_UNHALTED_REF STAT           |  FIXC2  | 11037450800 | 357188500 | 495417000 | 4.087945e+08 |
|              PWR_PKG_ENERGY STAT              |   PWR0  |     68.4990 |         0 |   18.7099 |       2.5370 |
|              PWR_DRAM_ENERGY STAT             |   PWR3  |      7.6012 |         0 |    2.5654 |       0.2815 |
| FP_ARITH_INST_RETIRED_128B_PACKED_DOUBLE STAT |   PMC0  |       23000 |         0 |     23000 |     851.8519 |
|    FP_ARITH_INST_RETIRED_SCALAR_DOUBLE STAT   |   PMC1  |   546172180 |  19597450 |  28978480 | 2.022860e+07 |
| FP_ARITH_INST_RETIRED_256B_PACKED_DOUBLE STAT |   PMC2  |       15090 |         0 |     15090 |     558.8889 |
| FP_ARITH_INST_RETIRED_512B_PACKED_DOUBLE STAT |   PMC3  |      141851 |         0 |    141851 |    5253.7407 |
|               CAS_COUNT_RD STAT               | MBOX0C0 |     1785353 |         0 |   1234581 |   66124.1852 |
|               CAS_COUNT_WR STAT               | MBOX0C1 |     2266065 |         0 |   1620655 |   83928.3333 |
|               CAS_COUNT_RD STAT               | MBOX1C0 |     1613757 |         0 |   1284675 |   59768.7778 |
|               CAS_COUNT_WR STAT               | MBOX1C1 |     2123270 |         0 |   1641653 |   78639.6296 |
|               CAS_COUNT_RD STAT               | MBOX2C0 |     2130658 |         0 |   1613319 |   78913.2593 |
|               CAS_COUNT_WR STAT               | MBOX2C1 |     2305094 |         0 |   1669181 |   85373.8519 |
|               CAS_COUNT_RD STAT               | MBOX3C0 |     2991262 |         0 |   2154811 |  110787.4815 |
|               CAS_COUNT_WR STAT               | MBOX3C1 |     2696680 |         0 |   1769744 |   99877.0370 |
|               CAS_COUNT_RD STAT               | MBOX4C0 |     1945071 |         0 |   1111591 |   72039.6667 |
|               CAS_COUNT_WR STAT               | MBOX4C1 |     2500409 |         0 |   1552525 |   92607.7407 |
|               CAS_COUNT_RD STAT               | MBOX5C0 |     1786120 |         0 |   1508802 |   66152.5926 |
|               CAS_COUNT_WR STAT               | MBOX5C1 |     2261951 |         0 |   1813380 |   83775.9630 |
+-----------------------------------------------+---------+-------------+-----------+-----------+--------------+
+-----------------------------------+-----------+-----------+-----------+-----------+-----------+-----------+-----------+-----------+-----------+-----------+-----------+-----------+-----------+-----------+-----------+-----------+-----------+-----------+-----------+-----------+-----------+-----------+-----------+-----------+-----------+-----------+-----------+
|               Metric              |   Core 0  |   Core 1  |   Core 2  |   Core 3  |   Core 4  |   Core 5  |   Core 6  |  Core 14  |  Core 15  |  Core 16  |  Core 17  |  Core 18  |  Core 19  |  Core 20  |  Core 28  |  Core 29  |  Core 30  |  Core 31  |  Core 32  |  Core 33  |  Core 34  |  Core 42  |  Core 43  |  Core 44  |  Core 45  |  Core 46  |  Core 47  |
+-----------------------------------+-----------+-----------+-----------+-----------+-----------+-----------+-----------+-----------+-----------+-----------+-----------+-----------+-----------+-----------+-----------+-----------+-----------+-----------+-----------+-----------+-----------+-----------+-----------+-----------+-----------+-----------+-----------+
|        Runtime (RDTSC) [s]        |    0.4829 |    0.4675 |    0.4674 |    0.4675 |    0.4675 |    0.4676 |    0.4675 |    0.4830 |    0.4674 |    0.4674 |    0.4674 |    0.4877 |    0.4675 |    0.4674 |    0.4830 |    0.4674 |    0.4674 |    0.4876 |    0.4674 |    0.4675 |    0.4674 |    0.4830 |    0.4675 |    0.4675 |    0.4674 |    0.4675 |    0.4675 |
|        Runtime unhalted [s]       |    0.1338 |    0.1395 |    0.1388 |    0.1396 |    0.1385 |    0.1394 |    0.1375 |    0.1133 |    0.1022 |    0.1024 |    0.1038 |    0.1190 |    0.1029 |    0.1037 |    0.1128 |    0.1006 |    0.1046 |    0.1164 |    0.1065 |    0.1048 |    0.1046 |    0.1179 |    0.1038 |    0.1061 |    0.1091 |    0.1036 |    0.1019 |
|            Clock [MHz]            | 1894.7916 | 1895.0874 | 1895.1169 | 1895.1211 | 1895.0696 | 1895.1273 | 1895.1030 | 1894.3544 | 1894.2250 | 1894.0235 | 1892.8255 | 1894.1619 | 1894.4005 | 1894.2058 | 1894.2328 | 1894.1402 | 1894.1797 | 1894.1475 | 1894.3619 | 1894.1315 | 1894.2930 | 1892.0099 | 1891.4997 | 1888.9449 | 1891.6401 | 1891.4202 | 1891.5414 |
|                CPI                |    1.2011 |    3.8431 |    3.8284 |    3.8454 |    3.8556 |    3.8737 |    3.8334 |    3.2717 |    2.9996 |    3.0014 |    3.0400 |    3.4100 |    3.0193 |    3.0368 |    3.2675 |    2.9582 |    3.0834 |    3.3720 |    3.1305 |    3.0851 |    3.0839 |    3.4076 |    3.0658 |    3.1499 |    3.2266 |    3.0945 |    3.0586 |
|             Energy [J]            |   18.7099 |         0 |         0 |         0 |         0 |         0 |         0 |   16.1484 |         0 |         0 |         0 |         0 |         0 |         0 |   17.3165 |         0 |         0 |         0 |         0 |         0 |         0 |   16.3242 |         0 |         0 |         0 |         0 |         0 |
|             Power [W]             |   38.7426 |         0 |         0 |         0 |         0 |         0 |         0 |   33.4366 |         0 |         0 |         0 |         0 |         0 |         0 |   35.8551 |         0 |         0 |         0 |         0 |         0 |         0 |   33.8009 |         0 |         0 |         0 |         0 |         0 |
|          Energy DRAM [J]          |    2.5654 |         0 |         0 |         0 |         0 |         0 |         0 |    1.8859 |         0 |         0 |         0 |         0 |         0 |         0 |    1.3851 |         0 |         0 |         0 |         0 |         0 |         0 |    1.7648 |         0 |         0 |         0 |         0 |         0 |
|           Power DRAM [W]          |    5.3121 |         0 |         0 |         0 |         0 |         0 |         0 |    3.9048 |         0 |         0 |         0 |         0 |         0 |         0 |    2.8680 |         0 |         0 |         0 |         0 |         0 |         0 |    3.6542 |         0 |         0 |         0 |         0 |         0 |
|            DP [MFLOP/s]           |   62.5758 |   43.1046 |   43.1132 |   43.1104 |   42.5994 |   42.6468 |   42.6028 |   41.2841 |   42.6043 |   42.6578 |   42.6049 |   40.8860 |   42.5968 |   42.6371 |   41.2156 |   42.6372 |   42.5097 |   40.7980 |   42.5104 |   42.5580 |   42.5074 |   41.1903 |   42.4725 |   42.0242 |   42.0048 |   41.9659 |   41.9232 |
|          AVX DP [MFLOP/s]         |    2.4748 |         0 |         0 |         0 |         0 |         0 |         0 |         0 |         0 |         0 |         0 |         0 |         0 |         0 |         0 |         0 |         0 |         0 |         0 |         0 |         0 |         0 |         0 |         0 |         0 |         0 |         0 |
|          Packed [MUOPS/s]         |    0.3726 |         0 |         0 |         0 |         0 |         0 |         0 |         0 |         0 |         0 |         0 |         0 |         0 |         0 |         0 |         0 |         0 |         0 |         0 |         0 |         0 |         0 |         0 |         0 |         0 |         0 |         0 |
|          Scalar [MUOPS/s]         |   60.0057 |   43.1046 |   43.1132 |   43.1104 |   42.5994 |   42.6468 |   42.6028 |   41.2841 |   42.6043 |   42.6578 |   42.6049 |   40.8860 |   42.5968 |   42.6371 |   41.2156 |   42.6372 |   42.5097 |   40.7980 |   42.5104 |   42.5580 |   42.5074 |   41.1903 |   42.4725 |   42.0242 |   42.0048 |   41.9659 |   41.9232 |
|  Memory read bandwidth [MBytes/s] | 1180.5006 |         0 |         0 |         0 |         0 |         0 |         0 |   63.6088 |         0 |         0 |         0 |         0 |         0 |         0 |   62.9480 |         0 |         0 |         0 |         0 |         0 |         0 |  316.6428 |         0 |         0 |         0 |         0 |         0 |
|  Memory read data volume [GBytes] |    0.5701 |         0 |         0 |         0 |         0 |         0 |         0 |    0.0307 |         0 |         0 |         0 |         0 |         0 |         0 |    0.0304 |         0 |         0 |         0 |         0 |         0 |         0 |    0.1529 |         0 |         0 |         0 |         0 |         0 |
| Memory write bandwidth [MBytes/s] | 1334.1443 |         0 |         0 |         0 |         0 |         0 |         0 |  115.7147 |         0 |         0 |         0 |         0 |         0 |         0 |  116.8911 |         0 |         0 |         0 |         0 |         0 |         0 |  308.9064 |         0 |         0 |         0 |         0 |         0 |
| Memory write data volume [GBytes] |    0.6443 |         0 |         0 |         0 |         0 |         0 |         0 |    0.0559 |         0 |         0 |         0 |         0 |         0 |         0 |    0.0565 |         0 |         0 |         0 |         0 |         0 |         0 |    0.1492 |         0 |         0 |         0 |         0 |         0 |
|    Memory bandwidth [MBytes/s]    | 2514.6449 |         0 |         0 |         0 |         0 |         0 |         0 |  179.3235 |         0 |         0 |         0 |         0 |         0 |         0 |  179.8391 |         0 |         0 |         0 |         0 |         0 |         0 |  625.5492 |         0 |         0 |         0 |         0 |         0 |
|    Memory data volume [GBytes]    |    1.2144 |         0 |         0 |         0 |         0 |         0 |         0 |    0.0866 |         0 |         0 |         0 |         0 |         0 |         0 |    0.0869 |         0 |         0 |         0 |         0 |         0 |         0 |    0.3021 |         0 |         0 |         0 |         0 |         0 |
|       Operational intensity       |    0.0249 |    0.0166 |    0.0166 |    0.0166 |    0.0164 |    0.0164 |    0.0164 |    0.2302 |    0.2299 |    0.2302 |    0.2299 |    0.2302 |    0.2299 |    0.2301 |    0.2292 |    0.2295 |    0.2288 |    0.2291 |    0.2288 |    0.2291 |    0.2287 |    0.0658 |    0.0657 |    0.0650 |    0.0650 |    0.0649 |    0.0649 |
+-----------------------------------+-----------+-----------+-----------+-----------+-----------+-----------+-----------+-----------+-----------+-----------+-----------+-----------+-----------+-----------+-----------+-----------+-----------+-----------+-----------+-----------+-----------+-----------+-----------+-----------+-----------+-----------+-----------+
+----------------------------------------+------------+-----------+-----------+-----------+
|                 Metric                 |     Sum    |    Min    |    Max    |    Avg    |
+----------------------------------------+------------+-----------+-----------+-----------+
|        Runtime (RDTSC) [s] STAT        |    12.7238 |    0.4674 |    0.4877 |    0.4713 |
|        Runtime unhalted [s] STAT       |     3.1071 |    0.1006 |    0.1396 |    0.1151 |
|            Clock [MHz] STAT            | 51130.1563 | 1888.9449 | 1895.1273 | 1893.7095 |
|                CPI STAT                |    87.0431 |    1.2011 |    3.8737 |    3.2238 |
|             Energy [J] STAT            |    68.4990 |         0 |   18.7099 |    2.5370 |
|             Power [W] STAT             |   141.8352 |         0 |   38.7426 |    5.2532 |
|          Energy DRAM [J] STAT          |     7.6012 |         0 |    2.5654 |    0.2815 |
|           Power DRAM [W] STAT          |    15.7391 |         0 |    5.3121 |    0.5829 |
|            DP [MFLOP/s] STAT           |  1161.3412 |   40.7980 |   62.5758 |   43.0126 |
|          AVX DP [MFLOP/s] STAT         |     2.4748 |         0 |    2.4748 |    0.0917 |
|          Packed [MUOPS/s] STAT         |     0.3726 |         0 |    0.3726 |    0.0138 |
|          Scalar [MUOPS/s] STAT         |  1158.7711 |   40.7980 |   60.0057 |   42.9174 |
|  Memory read bandwidth [MBytes/s] STAT |  1623.7002 |         0 | 1180.5006 |   60.1370 |
|  Memory read data volume [GBytes] STAT |     0.7841 |         0 |    0.5701 |    0.0290 |
| Memory write bandwidth [MBytes/s] STAT |  1875.6565 |         0 | 1334.1443 |   69.4688 |
| Memory write data volume [GBytes] STAT |     0.9059 |         0 |    0.6443 |    0.0336 |
|    Memory bandwidth [MBytes/s] STAT    |  3499.3567 |         0 | 2514.6449 |  129.6058 |
|    Memory data volume [GBytes] STAT    |     1.6900 |         0 |    1.2144 |    0.0626 |
|       Operational intensity STAT       |     3.7288 |    0.0164 |    0.2302 |    0.1381 |
+----------------------------------------+------------+-----------+-----------+-----------+
--------------------------------------------------------------------------------
CPU name:	Intel(R) Xeon(R) Gold 6132 CPU @ 2.60GHz
CPU type:	Intel Skylake SP processor
CPU clock:	2.59 GHz
--------------------------------------------------------------------------------
Region Solve, Group 1: MEM_DP
+-------------------+----------+----------+----------+----------+----------+----------+----------+----------+----------+----------+----------+----------+----------+----------+----------+----------+----------+----------+----------+----------+----------+----------+----------+----------+----------+----------+----------+
|    Region Info    |  Core 0  |  Core 1  |  Core 2  |  Core 3  |  Core 4  |  Core 5  |  Core 6  |  Core 14 |  Core 15 |  Core 16 |  Core 17 |  Core 18 |  Core 19 |  Core 20 |  Core 28 |  Core 29 |  Core 30 |  Core 31 |  Core 32 |  Core 33 |  Core 34 |  Core 42 |  Core 43 |  Core 44 |  Core 45 |  Core 46 |  Core 47 |
+-------------------+----------+----------+----------+----------+----------+----------+----------+----------+----------+----------+----------+----------+----------+----------+----------+----------+----------+----------+----------+----------+----------+----------+----------+----------+----------+----------+----------+
| RDTSC Runtime [s] | 4.343971 | 4.346451 | 4.346447 | 4.346469 | 4.346474 | 4.346447 | 4.346485 | 4.343910 | 4.346384 | 4.346383 | 4.346478 | 4.346376 | 4.346382 | 4.346381 | 4.343927 | 4.346482 | 4.346485 | 4.346384 | 4.346391 | 4.346512 | 4.346495 | 4.343983 | 4.346382 | 4.346394 | 4.346452 | 4.346446 | 4.346444 |
|     call count    |        1 |        1 |        1 |        1 |        1 |        1 |        1 |        1 |        1 |        1 |        1 |        1 |        1 |        1 |        1 |        1 |        1 |        1 |        1 |        1 |        1 |        1 |        1 |        1 |        1 |        1 |        1 |
+-------------------+----------+----------+----------+----------+----------+----------+----------+----------+----------+----------+----------+----------+----------+----------+----------+----------+----------+----------+----------+----------+----------+----------+----------+----------+----------+----------+----------+
+------------------------------------------+---------+-------------+-------------+-------------+-------------+-------------+-------------+-------------+-------------+-------------+-------------+-------------+-------------+-------------+-------------+-------------+-------------+-------------+-------------+-------------+-------------+-------------+-------------+-------------+-------------+-------------+-------------+-------------+
|                   Event                  | Counter |    Core 0   |    Core 1   |    Core 2   |    Core 3   |    Core 4   |    Core 5   |    Core 6   |   Core 14   |   Core 15   |   Core 16   |   Core 17   |   Core 18   |   Core 19   |   Core 20   |   Core 28   |   Core 29   |   Core 30   |   Core 31   |   Core 32   |   Core 33   |   Core 34   |   Core 42   |   Core 43   |   Core 44   |   Core 45   |   Core 46   |   Core 47   |
+------------------------------------------+---------+-------------+-------------+-------------+-------------+-------------+-------------+-------------+-------------+-------------+-------------+-------------+-------------+-------------+-------------+-------------+-------------+-------------+-------------+-------------+-------------+-------------+-------------+-------------+-------------+-------------+-------------+-------------+
|             INSTR_RETIRED_ANY            |  FIXC0  | 11337610000 |  9138682000 |  9190410000 |  9207998000 |  9097376000 |  9033535000 |  9041739000 |  8952019000 |  8962838000 |  9002606000 |  9006879000 |  8976820000 |  8960196000 |  8903955000 |  8941952000 |  8925319000 |  8904295000 |  8897294000 |  8858472000 |  8847359000 |  8921835000 |  8902665000 |  8946183000 |  8913061000 |  8887367000 |  8775369000 |  8707733000 |
|           CPU_CLK_UNHALTED_CORE          |  FIXC1  |  5101273000 |  8158335000 |  8158460000 |  8153156000 |  8156861000 |  8156694000 |  8153888000 |  8071858000 |  8072914000 |  8071645000 |  8070941000 |  8072819000 |  8068672000 |  8067561000 |  8067341000 |  8072303000 |  8073101000 |  8072284000 |  8075394000 |  8071564000 |  8069484000 |  8070167000 |  8080266000 |  8080445000 |  8058095000 |  8084053000 |  8055464000 |
|           CPU_CLK_UNHALTED_REF           |  FIXC2  |  6981052000 | 11164040000 | 11164210000 | 11156950000 | 11162020000 | 11161800000 | 11157940000 | 11045710000 | 11047150000 | 11045420000 | 11044460000 | 11047030000 | 11041350000 | 11039830000 | 11039510000 | 11046310000 | 11047400000 | 11046280000 | 11050540000 | 11045290000 | 11042450000 | 11043380000 | 11057220000 | 11057450000 | 11026870000 | 11062390000 | 11023270000 |
|              PWR_PKG_ENERGY              |   PWR0  |    201.0381 |           0 |           0 |           0 |           0 |           0 |           0 |    177.0847 |           0 |           0 |           0 |           0 |           0 |           0 |    189.5999 |           0 |           0 |           0 |           0 |           0 |           0 |    170.7730 |           0 |           0 |           0 |           0 |           0 |
|              PWR_DRAM_ENERGY             |   PWR3  |     23.9735 |           0 |           0 |           0 |           0 |           0 |           0 |     23.7039 |           0 |           0 |           0 |           0 |           0 |           0 |     19.4704 |           0 |           0 |           0 |           0 |           0 |           0 |     20.2311 |           0 |           0 |           0 |           0 |           0 |
| FP_ARITH_INST_RETIRED_128B_PACKED_DOUBLE |   PMC0  |       65560 |           0 |           0 |           0 |           0 |           0 |           0 |           0 |           0 |           0 |           0 |           0 |           0 |           0 |           0 |           0 |           0 |           0 |           0 |           0 |           0 |           0 |           0 |           0 |           0 |           0 |           0 |
|    FP_ARITH_INST_RETIRED_SCALAR_DOUBLE   |   PMC1  |  2368959000 |  2417073000 |  2457097000 |  2471606000 |  2419735000 |  2386849000 |  2389474000 |  2366919000 |  2368990000 |  2378861000 |  2366492000 |  2337995000 |  2331723000 |  2319693000 |  2327531000 |  2326238000 |  2343289000 |  2354034000 |  2343652000 |  2341749000 |  2361894000 |  2358221000 |  2386600000 |  2392209000 |  2375858000 |  2324031000 |  2300243000 |
| FP_ARITH_INST_RETIRED_256B_PACKED_DOUBLE |   PMC2  |       83556 |           0 |           0 |           0 |           0 |           0 |           0 |           0 |           0 |           0 |           0 |           0 |           0 |           0 |           0 |           0 |           0 |           0 |           0 |           0 |           0 |           0 |           0 |           0 |           0 |           0 |           0 |
| FP_ARITH_INST_RETIRED_512B_PACKED_DOUBLE |   PMC3  |      417868 |           0 |           0 |           0 |           0 |           0 |           0 |           0 |           0 |           0 |           0 |           0 |           0 |           0 |           0 |           0 |           0 |           0 |           0 |           0 |           0 |           0 |           0 |           0 |           0 |           0 |           0 |
|               CAS_COUNT_RD               | MBOX0C0 |    30974340 |           0 |           0 |           0 |           0 |           0 |           0 |    28766210 |           0 |           0 |           0 |           0 |           0 |           0 |    28221580 |           0 |           0 |           0 |           0 |           0 |           0 |    23241870 |           0 |           0 |           0 |           0 |           0 |
|               CAS_COUNT_WR               | MBOX0C1 |     9826497 |           0 |           0 |           0 |           0 |           0 |           0 |     9285253 |           0 |           0 |           0 |           0 |           0 |           0 |     8042514 |           0 |           0 |           0 |           0 |           0 |           0 |     5116260 |           0 |           0 |           0 |           0 |           0 |
|               CAS_COUNT_RD               | MBOX1C0 |    30949440 |           0 |           0 |           0 |           0 |           0 |           0 |    28941330 |           0 |           0 |           0 |           0 |           0 |           0 |    28249870 |           0 |           0 |           0 |           0 |           0 |           0 |    23158620 |           0 |           0 |           0 |           0 |           0 |
|               CAS_COUNT_WR               | MBOX1C1 |     9862935 |           0 |           0 |           0 |           0 |           0 |           0 |     9525732 |           0 |           0 |           0 |           0 |           0 |           0 |     8051901 |           0 |           0 |           0 |           0 |           0 |           0 |     5063160 |           0 |           0 |           0 |           0 |           0 |
|               CAS_COUNT_RD               | MBOX2C0 |    31401420 |           0 |           0 |           0 |           0 |           0 |           0 |    28804810 |           0 |           0 |           0 |           0 |           0 |           0 |    28187470 |           0 |           0 |           0 |           0 |           0 |           0 |    23253440 |           0 |           0 |           0 |           0 |           0 |
|               CAS_COUNT_WR               | MBOX2C1 |    10046580 |           0 |           0 |           0 |           0 |           0 |           0 |     9289349 |           0 |           0 |           0 |           0 |           0 |           0 |     8070001 |           0 |           0 |           0 |           0 |           0 |           0 |     5150532 |           0 |           0 |           0 |           0 |           0 |
|               CAS_COUNT_RD               | MBOX3C0 |    31686640 |           0 |           0 |           0 |           0 |           0 |           0 |    28532940 |           0 |           0 |           0 |           0 |           0 |           0 |    27896310 |           0 |           0 |           0 |           0 |           0 |           0 |    23261600 |           0 |           0 |           0 |           0 |           0 |
|               CAS_COUNT_WR               | MBOX3C1 |     9973123 |           0 |           0 |           0 |           0 |           0 |           0 |     9109885 |           0 |           0 |           0 |           0 |           0 |           0 |     7884341 |           0 |           0 |           0 |           0 |           0 |           0 |     5347819 |           0 |           0 |           0 |           0 |           0 |
|               CAS_COUNT_RD               | MBOX4C0 |    30731590 |           0 |           0 |           0 |           0 |           0 |           0 |    28501320 |           0 |           0 |           0 |           0 |           0 |           0 |    27926360 |           0 |           0 |           0 |           0 |           0 |           0 |    23251360 |           0 |           0 |           0 |           0 |           0 |
|               CAS_COUNT_WR               | MBOX4C1 |     9746285 |           0 |           0 |           0 |           0 |           0 |           0 |     9121948 |           0 |           0 |           0 |           0 |           0 |           0 |     7883737 |           0 |           0 |           0 |           0 |           0 |           0 |     5333949 |           0 |           0 |           0 |           0 |           0 |
|               CAS_COUNT_RD               | MBOX5C0 |    31271100 |           0 |           0 |           0 |           0 |           0 |           0 |    28516660 |           0 |           0 |           0 |           0 |           0 |           0 |    27952390 |           0 |           0 |           0 |           0 |           0 |           0 |    22863080 |           0 |           0 |           0 |           0 |           0 |
|               CAS_COUNT_WR               | MBOX5C1 |    10144080 |           0 |           0 |           0 |           0 |           0 |           0 |     9185229 |           0 |           0 |           0 |           0 |           0 |           0 |     7859932 |           0 |           0 |           0 |           0 |           0 |           0 |     4955461 |           0 |           0 |           0 |           0 |           0 |
+------------------------------------------+---------+-------------+-------------+-------------+-------------+-------------+-------------+-------------+-------------+-------------+-------------+-------------+-------------+-------------+-------------+-------------+-------------+-------------+-------------+-------------+-------------+-------------+-------------+-------------+-------------+-------------+-------------+-------------+
+-----------------------------------------------+---------+--------------+------------+-------------+--------------+
|                     Event                     | Counter |      Sum     |     Min    |     Max     |      Avg     |
+-----------------------------------------------+---------+--------------+------------+-------------+--------------+
|             INSTR_RETIRED_ANY STAT            |  FIXC0  | 244241567000 | 8707733000 | 11337610000 | 9.045984e+09 |
|           CPU_CLK_UNHALTED_CORE STAT          |  FIXC1  | 215465038000 | 5101273000 |  8158460000 | 7.980187e+09 |
|           CPU_CLK_UNHALTED_REF STAT           |  FIXC2  | 294847322000 | 6981052000 | 11164210000 | 1.092027e+10 |
|              PWR_PKG_ENERGY STAT              |   PWR0  |     738.4957 |          0 |    201.0381 |      27.3517 |
|              PWR_DRAM_ENERGY STAT             |   PWR3  |      87.3789 |          0 |     23.9735 |       3.2363 |
| FP_ARITH_INST_RETIRED_128B_PACKED_DOUBLE STAT |   PMC0  |        65560 |          0 |       65560 |    2428.1481 |
|    FP_ARITH_INST_RETIRED_SCALAR_DOUBLE STAT   |   PMC1  |  63917015000 | 2300243000 |  2471606000 | 2.367297e+09 |
| FP_ARITH_INST_RETIRED_256B_PACKED_DOUBLE STAT |   PMC2  |        83556 |          0 |       83556 |    3094.6667 |
| FP_ARITH_INST_RETIRED_512B_PACKED_DOUBLE STAT |   PMC3  |       417868 |          0 |      417868 |   15476.5926 |
|               CAS_COUNT_RD STAT               | MBOX0C0 |    111204000 |          0 |    30974340 | 4.118667e+06 |
|               CAS_COUNT_WR STAT               | MBOX0C1 |     32270524 |          0 |     9826497 | 1.195205e+06 |
|               CAS_COUNT_RD STAT               | MBOX1C0 |    111299260 |          0 |    30949440 | 4.122195e+06 |
|               CAS_COUNT_WR STAT               | MBOX1C1 |     32503728 |          0 |     9862935 | 1.203842e+06 |
|               CAS_COUNT_RD STAT               | MBOX2C0 |    111647140 |          0 |    31401420 | 4.135079e+06 |
|               CAS_COUNT_WR STAT               | MBOX2C1 |     32556462 |          0 |    10046580 | 1.205795e+06 |
|               CAS_COUNT_RD STAT               | MBOX3C0 |    111377490 |          0 |    31686640 | 4.125092e+06 |
|               CAS_COUNT_WR STAT               | MBOX3C1 |     32315168 |          0 |     9973123 | 1.196858e+06 |
|               CAS_COUNT_RD STAT               | MBOX4C0 |    110410630 |          0 |    30731590 | 4.089283e+06 |
|               CAS_COUNT_WR STAT               | MBOX4C1 |     32085919 |          0 |     9746285 | 1.188367e+06 |
|               CAS_COUNT_RD STAT               | MBOX5C0 |    110603230 |          0 |    31271100 | 4.096416e+06 |
|               CAS_COUNT_WR STAT               | MBOX5C1 |     32144702 |          0 |    10144080 | 1.190545e+06 |
+-----------------------------------------------+---------+--------------+------------+-------------+--------------+
+-----------------------------------+-----------+-----------+-----------+-----------+-----------+-----------+-----------+-----------+-----------+-----------+-----------+-----------+-----------+-----------+-----------+-----------+-----------+-----------+-----------+-----------+-----------+-----------+-----------+-----------+-----------+-----------+-----------+
|               Metric              |   Core 0  |   Core 1  |   Core 2  |   Core 3  |   Core 4  |   Core 5  |   Core 6  |  Core 14  |  Core 15  |  Core 16  |  Core 17  |  Core 18  |  Core 19  |  Core 20  |  Core 28  |  Core 29  |  Core 30  |  Core 31  |  Core 32  |  Core 33  |  Core 34  |  Core 42  |  Core 43  |  Core 44  |  Core 45  |  Core 46  |  Core 47  |
+-----------------------------------+-----------+-----------+-----------+-----------+-----------+-----------+-----------+-----------+-----------+-----------+-----------+-----------+-----------+-----------+-----------+-----------+-----------+-----------+-----------+-----------+-----------+-----------+-----------+-----------+-----------+-----------+-----------+
|        Runtime (RDTSC) [s]        |    4.3440 |    4.3465 |    4.3464 |    4.3465 |    4.3465 |    4.3464 |    4.3465 |    4.3439 |    4.3464 |    4.3464 |    4.3465 |    4.3464 |    4.3464 |    4.3464 |    4.3439 |    4.3465 |    4.3465 |    4.3464 |    4.3464 |    4.3465 |    4.3465 |    4.3440 |    4.3464 |    4.3464 |    4.3465 |    4.3464 |    4.3464 |
|        Runtime unhalted [s]       |    1.9667 |    3.1454 |    3.1454 |    3.1434 |    3.1448 |    3.1447 |    3.1436 |    3.1120 |    3.1124 |    3.1119 |    3.1117 |    3.1124 |    3.1108 |    3.1104 |    3.1103 |    3.1122 |    3.1125 |    3.1122 |    3.1134 |    3.1119 |    3.1111 |    3.1114 |    3.1153 |    3.1153 |    3.1067 |    3.1167 |    3.1057 |
|            Clock [MHz]            | 1895.3530 | 1895.4510 | 1895.4512 | 1895.4515 | 1895.4515 | 1895.4500 | 1895.4535 | 1895.4498 | 1895.4507 | 1895.4495 | 1895.4490 | 1895.4489 | 1895.4498 | 1895.4498 | 1895.4530 | 1895.4513 | 1895.4517 | 1895.4520 | 1895.4513 | 1895.4528 | 1895.4517 | 1895.4525 | 1895.4491 | 1895.4516 | 1895.4509 | 1895.4511 | 1895.4508 |
|                CPI                |    0.4499 |    0.8927 |    0.8877 |    0.8854 |    0.8966 |    0.9029 |    0.9018 |    0.9017 |    0.9007 |    0.8966 |    0.8961 |    0.8993 |    0.9005 |    0.9061 |    0.9022 |    0.9044 |    0.9067 |    0.9073 |    0.9116 |    0.9123 |    0.9045 |    0.9065 |    0.9032 |    0.9066 |    0.9067 |    0.9212 |    0.9251 |
|             Energy [J]            |  201.0381 |         0 |         0 |         0 |         0 |         0 |         0 |  177.0847 |         0 |         0 |         0 |         0 |         0 |         0 |  189.5999 |         0 |         0 |         0 |         0 |         0 |         0 |  170.7730 |         0 |         0 |         0 |         0 |         0 |
|             Power [W]             |   46.2798 |         0 |         0 |         0 |         0 |         0 |         0 |   40.7662 |         0 |         0 |         0 |         0 |         0 |         0 |   43.6471 |         0 |         0 |         0 |         0 |         0 |         0 |   39.3125 |         0 |         0 |         0 |         0 |         0 |
|          Energy DRAM [J]          |   23.9735 |         0 |         0 |         0 |         0 |         0 |         0 |   23.7039 |         0 |         0 |         0 |         0 |         0 |         0 |   19.4704 |         0 |         0 |         0 |         0 |         0 |         0 |   20.2311 |         0 |         0 |         0 |         0 |         0 |
|           Power DRAM [W]          |    5.5188 |         0 |         0 |         0 |         0 |         0 |         0 |    5.4568 |         0 |         0 |         0 |         0 |         0 |         0 |    4.4822 |         0 |         0 |         0 |         0 |         0 |         0 |    4.6573 |         0 |         0 |         0 |         0 |         0 |
|            DP [MFLOP/s]           |  546.2208 |  556.1027 |  565.3116 |  568.6469 |  556.7122 |  549.1495 |  549.7486 |  544.8821 |  545.0485 |  547.3197 |  544.4620 |  537.9183 |  536.4745 |  533.7068 |  535.8126 |  535.2002 |  539.1228 |  541.6075 |  539.2179 |  538.7651 |  543.4020 |  542.8707 |  549.1004 |  550.3894 |  546.6201 |  534.6969 |  529.2241 |
|          AVX DP [MFLOP/s]         |    0.8465 |         0 |         0 |         0 |         0 |         0 |         0 |         0 |         0 |         0 |         0 |         0 |         0 |         0 |         0 |         0 |         0 |         0 |         0 |         0 |         0 |         0 |         0 |         0 |         0 |         0 |         0 |
|          Packed [MUOPS/s]         |    0.1305 |         0 |         0 |         0 |         0 |         0 |         0 |         0 |         0 |         0 |         0 |         0 |         0 |         0 |         0 |         0 |         0 |         0 |         0 |         0 |         0 |         0 |         0 |         0 |         0 |         0 |         0 |
|          Scalar [MUOPS/s]         |  545.3441 |  556.1027 |  565.3116 |  568.6469 |  556.7122 |  549.1495 |  549.7486 |  544.8821 |  545.0485 |  547.3197 |  544.4620 |  537.9183 |  536.4745 |  533.7068 |  535.8126 |  535.2002 |  539.1228 |  541.6075 |  539.2179 |  538.7651 |  543.4020 |  542.8707 |  549.1004 |  550.3894 |  546.6201 |  534.6969 |  529.2241 |
|  Memory read bandwidth [MBytes/s] | 2755.2969 |         0 |         0 |         0 |         0 |         0 |         0 | 2535.0547 |         0 |         0 |         0 |         0 |         0 |         0 | 2481.5736 |         0 |         0 |         0 |         0 |         0 |         0 | 2048.3317 |         0 |         0 |         0 |         0 |         0 |
|  Memory read data volume [GBytes] |   11.9689 |         0 |         0 |         0 |         0 |         0 |         0 |   11.0120 |         0 |         0 |         0 |         0 |         0 |         0 |   10.7798 |         0 |         0 |         0 |         0 |         0 |         0 |    8.8979 |         0 |         0 |         0 |         0 |         0 |
| Memory write bandwidth [MBytes/s] |  878.0832 |         0 |         0 |         0 |         0 |         0 |         0 |  817.9528 |         0 |         0 |         0 |         0 |         0 |         0 |  704.1360 |         0 |         0 |         0 |         0 |         0 |         0 |  456.2402 |         0 |         0 |         0 |         0 |         0 |
| Memory write data volume [GBytes] |    3.8144 |         0 |         0 |         0 |         0 |         0 |         0 |    3.5531 |         0 |         0 |         0 |         0 |         0 |         0 |    3.0587 |         0 |         0 |         0 |         0 |         0 |         0 |    1.9819 |         0 |         0 |         0 |         0 |         0 |
|    Memory bandwidth [MBytes/s]    | 3633.3801 |         0 |         0 |         0 |         0 |         0 |         0 | 3353.0075 |         0 |         0 |         0 |         0 |         0 |         0 | 3185.7096 |         0 |         0 |         0 |         0 |         0 |         0 | 2504.5719 |         0 |         0 |         0 |         0 |         0 |
|    Memory data volume [GBytes]    |   15.7833 |         0 |         0 |         0 |         0 |         0 |         0 |   14.5652 |         0 |         0 |         0 |         0 |         0 |         0 |   13.8385 |         0 |         0 |         0 |         0 |         0 |         0 |   10.8798 |         0 |         0 |         0 |         0 |         0 |
|       Operational intensity       |    0.1503 |    0.1531 |    0.1557 |    0.1566 |    0.1533 |    0.1512 |    0.1514 |    0.1625 |    0.1626 |    0.1633 |    0.1625 |    0.1605 |    0.1601 |    0.1593 |    0.1682 |    0.1681 |    0.1693 |    0.1701 |    0.1694 |    0.1692 |    0.1707 |    0.2168 |    0.2194 |    0.2199 |    0.2184 |    0.2136 |    0.2114 |
+-----------------------------------+-----------+-----------+-----------+-----------+-----------+-----------+-----------+-----------+-----------+-----------+-----------+-----------+-----------+-----------+-----------+-----------+-----------+-----------+-----------+-----------+-----------+-----------+-----------+-----------+-----------+-----------+-----------+
+----------------------------------------+------------+-----------+-----------+-----------+
|                 Metric                 |     Sum    |    Min    |    Max    |    Avg    |
+----------------------------------------+------------+-----------+-----------+-----------+
|        Runtime (RDTSC) [s] STAT        |   117.3440 |    4.3439 |    4.3465 |    4.3461 |
|        Runtime unhalted [s] STAT       |    83.0703 |    1.9667 |    3.1454 |    3.0767 |
|            Clock [MHz] STAT            | 51177.0790 | 1895.3530 | 1895.4535 | 1895.4474 |
|                CPI STAT                |    23.9363 |    0.4499 |    0.9251 |    0.8865 |
|             Energy [J] STAT            |   738.4957 |         0 |  201.0381 |   27.3517 |
|             Power [W] STAT             |   170.0056 |         0 |   46.2798 |    6.2965 |
|          Energy DRAM [J] STAT          |    87.3789 |         0 |   23.9735 |    3.2363 |
|           Power DRAM [W] STAT          |    20.1151 |         0 |    5.5188 |    0.7450 |
|            DP [MFLOP/s] STAT           | 14707.7339 |  529.2241 |  568.6469 |  544.7309 |
|          AVX DP [MFLOP/s] STAT         |     0.8465 |         0 |    0.8465 |    0.0314 |
|          Packed [MUOPS/s] STAT         |     0.1305 |         0 |    0.1305 |    0.0048 |
|          Scalar [MUOPS/s] STAT         | 14706.8572 |  529.2241 |  568.6469 |  544.6984 |
|  Memory read bandwidth [MBytes/s] STAT |  9820.2569 |         0 | 2755.2969 |  363.7132 |
|  Memory read data volume [GBytes] STAT |    42.6586 |         0 |   11.9689 |    1.5799 |
| Memory write bandwidth [MBytes/s] STAT |  2856.4122 |         0 |  878.0832 |  105.7930 |
| Memory write data volume [GBytes] STAT |    12.4081 |         0 |    3.8144 |    0.4596 |
|    Memory bandwidth [MBytes/s] STAT    | 12676.6691 |         0 | 3633.3801 |  469.5063 |
|    Memory data volume [GBytes] STAT    |    55.0668 |         0 |   15.7833 |    2.0395 |
|       Operational intensity STAT       |     4.6869 |    0.1503 |    0.2199 |    0.1736 |
+----------------------------------------+------------+-----------+-----------+-----------+
