--------------------------------------------------------------------------------
CPU name:	Intel(R) Xeon(R) Gold 6132 CPU @ 2.60GHz
CPU type:	Intel Skylake SP processor
CPU clock:	2.59 GHz
--------------------------------------------------------------------------------
Region Setup, Group 1: MEM_DP
+-------------------+----------+----------+----------+----------+----------+----------+----------+----------+----------+----------+----------+----------+----------+----------+----------+----------+----------+----------+----------+----------+----------+----------+----------+----------+----------+----------+----------+----------+----------+
|    Region Info    |  Core 0  |  Core 1  |  Core 2  |  Core 3  |  Core 4  |  Core 5  |  Core 6  |  Core 7  |  Core 8  |  Core 9  |  Core 10 |  Core 11 |  Core 12 |  Core 13 |  Core 14 |  Core 15 |  Core 16 |  Core 17 |  Core 18 |  Core 19 |  Core 20 |  Core 21 |  Core 22 |  Core 23 |  Core 24 |  Core 25 |  Core 26 |  Core 27 |  Core 28 |
+-------------------+----------+----------+----------+----------+----------+----------+----------+----------+----------+----------+----------+----------+----------+----------+----------+----------+----------+----------+----------+----------+----------+----------+----------+----------+----------+----------+----------+----------+----------+
| RDTSC Runtime [s] | 0.091841 | 0.068285 | 0.068329 | 0.095539 | 0.068407 | 0.068473 | 0.068324 | 0.068324 | 0.068307 | 0.068255 | 0.068303 | 0.068302 | 0.068292 | 0.068297 | 0.091904 | 0.068428 | 0.068367 | 0.068366 | 0.068414 | 0.068370 | 0.095530 | 0.068387 | 0.068401 | 0.095501 | 0.068394 | 0.095486 | 0.068401 | 0.068378 | 0.091823 |
|     call count    |        2 |        2 |        2 |        2 |        2 |        2 |        2 |        2 |        2 |        2 |        2 |        2 |        2 |        2 |        2 |        2 |        2 |        2 |        2 |        2 |        2 |        2 |        2 |        2 |        2 |        2 |        2 |        2 |        2 |
+-------------------+----------+----------+----------+----------+----------+----------+----------+----------+----------+----------+----------+----------+----------+----------+----------+----------+----------+----------+----------+----------+----------+----------+----------+----------+----------+----------+----------+----------+----------+
+------------------------------------------+---------+-----------+-----------+-----------+-----------+-----------+-----------+-----------+-----------+-----------+-----------+-----------+-----------+-----------+-----------+-----------+-----------+-----------+-----------+-----------+-----------+-----------+-----------+-----------+-----------+-----------+-----------+-----------+-----------+-----------+
|                   Event                  | Counter |   Core 0  |   Core 1  |   Core 2  |   Core 3  |   Core 4  |   Core 5  |   Core 6  |   Core 7  |   Core 8  |   Core 9  |  Core 10  |  Core 11  |  Core 12  |  Core 13  |  Core 14  |  Core 15  |  Core 16  |  Core 17  |  Core 18  |  Core 19  |  Core 20  |  Core 21  |  Core 22  |  Core 23  |  Core 24  |  Core 25  |  Core 26  |  Core 27  |  Core 28  |
+------------------------------------------+---------+-----------+-----------+-----------+-----------+-----------+-----------+-----------+-----------+-----------+-----------+-----------+-----------+-----------+-----------+-----------+-----------+-----------+-----------+-----------+-----------+-----------+-----------+-----------+-----------+-----------+-----------+-----------+-----------+-----------+
|             INSTR_RETIRED_ANY            |  FIXC0  |  70142230 |  26645180 |  26580640 |  28120020 |  25548310 |  25442100 |  25483160 |  25424350 |  25278560 |  25020890 |  24856850 |  24717700 |  25014580 |  24626740 |  26895070 |  24609710 |  24062870 |  24042180 |  24183490 |  24029590 |  25882290 |  23728070 |  23011480 |  25297240 |  23207330 |  24830760 |  22923710 |  22623550 |  24879080 |
|           CPU_CLK_UNHALTED_CORE          |  FIXC1  |  95835540 |  86404830 |  86218440 | 132307400 |  87438920 |  85625020 |  87644450 |  85286010 |  87126150 |  85609840 |  88897890 |  84884330 |  92247640 |  84940240 | 133974300 |  84846680 |  84497710 |  86278620 |  90334380 |  87840030 | 130728900 |  85257100 |  85616590 | 132684300 |  89696340 | 130167600 |  91156710 |  87541270 | 135329800 |
|           CPU_CLK_UNHALTED_REF           |  FIXC2  | 131226100 | 118470100 | 118250900 | 181219900 | 120083300 | 117618700 | 120186900 | 116965700 | 119436000 | 117389700 | 121980400 | 116406300 | 126466300 | 116477300 | 183334300 | 116104800 | 115627000 | 118065200 | 123615000 | 120201500 | 178892600 | 116668800 | 117158600 | 181567900 | 122741600 | 178123400 | 124743100 | 119794300 | 185758800 |
|              PWR_PKG_ENERGY              |   PWR0  |    3.9926 |         0 |         0 |         0 |         0 |         0 |         0 |         0 |         0 |         0 |         0 |         0 |         0 |         0 |    4.1225 |         0 |         0 |         0 |         0 |         0 |         0 |         0 |         0 |         0 |         0 |         0 |         0 |         0 |    2.8786 |
|              PWR_DRAM_ENERGY             |   PWR3  |    0.3804 |         0 |         0 |         0 |         0 |         0 |         0 |         0 |         0 |         0 |         0 |         0 |         0 |         0 |    0.3239 |         0 |         0 |         0 |         0 |         0 |         0 |         0 |         0 |         0 |         0 |         0 |         0 |         0 |    0.3040 |
| FP_ARITH_INST_RETIRED_128B_PACKED_DOUBLE |   PMC0  |      4800 |         0 |         0 |         0 |         0 |         0 |         0 |         0 |         0 |         0 |         0 |         0 |         0 |         0 |         0 |         0 |         0 |         0 |         0 |         0 |         0 |         0 |         0 |         0 |         0 |         0 |         0 |         0 |         0 |
|    FP_ARITH_INST_RETIRED_SCALAR_DOUBLE   |   PMC1  |   9067845 |   6720950 |   6703208 |   6491902 |   6354181 |   6349112 |   6339802 |   6348496 |   6278773 |   6219979 |   6132338 |   6141899 |   6132561 |   6114846 |   6105470 |   6113392 |   5982556 |   5949788 |   5940908 |   5926754 |   5881866 |   5877547 |   5668922 |   5672166 |   5668982 |   5564403 |   5561219 |   5510568 |   5491904 |
| FP_ARITH_INST_RETIRED_256B_PACKED_DOUBLE |   PMC2  |      2800 |         0 |         0 |         0 |         0 |         0 |         0 |         0 |         0 |         0 |         0 |         0 |         0 |         0 |         0 |         0 |         0 |         0 |         0 |         0 |         0 |         0 |         0 |         0 |         0 |         0 |         0 |         0 |         0 |
| FP_ARITH_INST_RETIRED_512B_PACKED_DOUBLE |   PMC3  |     11152 |         0 |         0 |         0 |         0 |         0 |         0 |         0 |         0 |         0 |         0 |         0 |         0 |         0 |         0 |         0 |         0 |         0 |         0 |         0 |         0 |         0 |         0 |         0 |         0 |         0 |         0 |         0 |         0 |
|               CAS_COUNT_RD               | MBOX0C0 |     62618 |         0 |         0 |         0 |         0 |         0 |         0 |         0 |         0 |         0 |         0 |         0 |         0 |         0 |     11322 |         0 |         0 |         0 |         0 |         0 |         0 |         0 |         0 |         0 |         0 |         0 |         0 |         0 |      1504 |
|               CAS_COUNT_WR               | MBOX0C1 |    128511 |         0 |         0 |         0 |         0 |         0 |         0 |         0 |         0 |         0 |         0 |         0 |         0 |         0 |     18464 |         0 |         0 |         0 |         0 |         0 |         0 |         0 |         0 |         0 |         0 |         0 |         0 |         0 |      5367 |
|               CAS_COUNT_RD               | MBOX1C0 |     43564 |         0 |         0 |         0 |         0 |         0 |         0 |         0 |         0 |         0 |         0 |         0 |         0 |         0 |     11255 |         0 |         0 |         0 |         0 |         0 |         0 |         0 |         0 |         0 |         0 |         0 |         0 |         0 |      1724 |
|               CAS_COUNT_WR               | MBOX1C1 |    101024 |         0 |         0 |         0 |         0 |         0 |         0 |         0 |         0 |         0 |         0 |         0 |         0 |         0 |     18210 |         0 |         0 |         0 |         0 |         0 |         0 |         0 |         0 |         0 |         0 |         0 |         0 |         0 |      5535 |
|               CAS_COUNT_RD               | MBOX2C0 |     49194 |         0 |         0 |         0 |         0 |         0 |         0 |         0 |         0 |         0 |         0 |         0 |         0 |         0 |     15399 |         0 |         0 |         0 |         0 |         0 |         0 |         0 |         0 |         0 |         0 |         0 |         0 |         0 |      5029 |
|               CAS_COUNT_WR               | MBOX2C1 |    104930 |         0 |         0 |         0 |         0 |         0 |         0 |         0 |         0 |         0 |         0 |         0 |         0 |         0 |     23801 |         0 |         0 |         0 |         0 |         0 |         0 |         0 |         0 |         0 |         0 |         0 |         0 |         0 |     10220 |
|               CAS_COUNT_RD               | MBOX3C0 |     29603 |         0 |         0 |         0 |         0 |         0 |         0 |         0 |         0 |         0 |         0 |         0 |         0 |         0 |      7009 |         0 |         0 |         0 |         0 |         0 |         0 |         0 |         0 |         0 |         0 |         0 |         0 |         0 |      1252 |
|               CAS_COUNT_WR               | MBOX3C1 |     90070 |         0 |         0 |         0 |         0 |         0 |         0 |         0 |         0 |         0 |         0 |         0 |         0 |         0 |     14793 |         0 |         0 |         0 |         0 |         0 |         0 |         0 |         0 |         0 |         0 |         0 |         0 |         0 |      5484 |
|               CAS_COUNT_RD               | MBOX4C0 |     28398 |         0 |         0 |         0 |         0 |         0 |         0 |         0 |         0 |         0 |         0 |         0 |         0 |         0 |      6873 |         0 |         0 |         0 |         0 |         0 |         0 |         0 |         0 |         0 |         0 |         0 |         0 |         0 |      1295 |
|               CAS_COUNT_WR               | MBOX4C1 |     89290 |         0 |         0 |         0 |         0 |         0 |         0 |         0 |         0 |         0 |         0 |         0 |         0 |         0 |     14708 |         0 |         0 |         0 |         0 |         0 |         0 |         0 |         0 |         0 |         0 |         0 |         0 |         0 |      5644 |
|               CAS_COUNT_RD               | MBOX5C0 |     26980 |         0 |         0 |         0 |         0 |         0 |         0 |         0 |         0 |         0 |         0 |         0 |         0 |         0 |      6810 |         0 |         0 |         0 |         0 |         0 |         0 |         0 |         0 |         0 |         0 |         0 |         0 |         0 |      1188 |
|               CAS_COUNT_WR               | MBOX5C1 |     86216 |         0 |         0 |         0 |         0 |         0 |         0 |         0 |         0 |         0 |         0 |         0 |         0 |         0 |     14494 |         0 |         0 |         0 |         0 |         0 |         0 |         0 |         0 |         0 |         0 |         0 |         0 |         0 |      5598 |
+------------------------------------------+---------+-----------+-----------+-----------+-----------+-----------+-----------+-----------+-----------+-----------+-----------+-----------+-----------+-----------+-----------+-----------+-----------+-----------+-----------+-----------+-----------+-----------+-----------+-----------+-----------+-----------+-----------+-----------+-----------+-----------+
+-----------------------------------------------+---------+------------+-----------+-----------+--------------+
|                     Event                     | Counter |     Sum    |    Min    |    Max    |      Avg     |
+-----------------------------------------------+---------+------------+-----------+-----------+--------------+
|             INSTR_RETIRED_ANY STAT            |  FIXC0  |  767107730 |  22623550 |  70142230 | 2.645199e+07 |
|           CPU_CLK_UNHALTED_CORE STAT          |  FIXC1  | 2806417030 |  84497710 | 135329800 | 9.677300e+07 |
|           CPU_CLK_UNHALTED_REF STAT           |  FIXC2  | 3844574500 | 115627000 | 185758800 | 1.325715e+08 |
|              PWR_PKG_ENERGY STAT              |   PWR0  |    10.9937 |         0 |    4.1225 |       0.3791 |
|              PWR_DRAM_ENERGY STAT             |   PWR3  |     1.0083 |         0 |    0.3804 |       0.0348 |
| FP_ARITH_INST_RETIRED_128B_PACKED_DOUBLE STAT |   PMC0  |       4800 |         0 |      4800 |     165.5172 |
|    FP_ARITH_INST_RETIRED_SCALAR_DOUBLE STAT   |   PMC1  |  178312337 |   5491904 |   9067845 | 6.148701e+06 |
| FP_ARITH_INST_RETIRED_256B_PACKED_DOUBLE STAT |   PMC2  |       2800 |         0 |      2800 |      96.5517 |
| FP_ARITH_INST_RETIRED_512B_PACKED_DOUBLE STAT |   PMC3  |      11152 |         0 |     11152 |     384.5517 |
|               CAS_COUNT_RD STAT               | MBOX0C0 |      75444 |         0 |     62618 |    2601.5172 |
|               CAS_COUNT_WR STAT               | MBOX0C1 |     152342 |         0 |    128511 |    5253.1724 |
|               CAS_COUNT_RD STAT               | MBOX1C0 |      56543 |         0 |     43564 |    1949.7586 |
|               CAS_COUNT_WR STAT               | MBOX1C1 |     124769 |         0 |    101024 |    4302.3793 |
|               CAS_COUNT_RD STAT               | MBOX2C0 |      69622 |         0 |     49194 |    2400.7586 |
|               CAS_COUNT_WR STAT               | MBOX2C1 |     138951 |         0 |    104930 |    4791.4138 |
|               CAS_COUNT_RD STAT               | MBOX3C0 |      37864 |         0 |     29603 |    1305.6552 |
|               CAS_COUNT_WR STAT               | MBOX3C1 |     110347 |         0 |     90070 |    3805.0690 |
|               CAS_COUNT_RD STAT               | MBOX4C0 |      36566 |         0 |     28398 |    1260.8966 |
|               CAS_COUNT_WR STAT               | MBOX4C1 |     109642 |         0 |     89290 |    3780.7586 |
|               CAS_COUNT_RD STAT               | MBOX5C0 |      34978 |         0 |     26980 |    1206.1379 |
|               CAS_COUNT_WR STAT               | MBOX5C1 |     106308 |         0 |     86216 |    3665.7931 |
+-----------------------------------------------+---------+------------+-----------+-----------+--------------+
+-----------------------------------+-----------+-----------+-----------+-----------+-----------+-----------+-----------+-----------+-----------+-----------+-----------+-----------+-----------+-----------+-----------+-----------+-----------+-----------+-----------+-----------+-----------+-----------+-----------+-----------+-----------+-----------+-----------+-----------+-----------+
|               Metric              |   Core 0  |   Core 1  |   Core 2  |   Core 3  |   Core 4  |   Core 5  |   Core 6  |   Core 7  |   Core 8  |   Core 9  |  Core 10  |  Core 11  |  Core 12  |  Core 13  |  Core 14  |  Core 15  |  Core 16  |  Core 17  |  Core 18  |  Core 19  |  Core 20  |  Core 21  |  Core 22  |  Core 23  |  Core 24  |  Core 25  |  Core 26  |  Core 27  |  Core 28  |
+-----------------------------------+-----------+-----------+-----------+-----------+-----------+-----------+-----------+-----------+-----------+-----------+-----------+-----------+-----------+-----------+-----------+-----------+-----------+-----------+-----------+-----------+-----------+-----------+-----------+-----------+-----------+-----------+-----------+-----------+-----------+
|        Runtime (RDTSC) [s]        |    0.0918 |    0.0683 |    0.0683 |    0.0955 |    0.0684 |    0.0685 |    0.0683 |    0.0683 |    0.0683 |    0.0683 |    0.0683 |    0.0683 |    0.0683 |    0.0683 |    0.0919 |    0.0684 |    0.0684 |    0.0684 |    0.0684 |    0.0684 |    0.0955 |    0.0684 |    0.0684 |    0.0955 |    0.0684 |    0.0955 |    0.0684 |    0.0684 |    0.0918 |
|        Runtime unhalted [s]       |    0.0369 |    0.0333 |    0.0332 |    0.0510 |    0.0337 |    0.0330 |    0.0338 |    0.0329 |    0.0336 |    0.0330 |    0.0343 |    0.0327 |    0.0356 |    0.0327 |    0.0517 |    0.0327 |    0.0326 |    0.0333 |    0.0348 |    0.0339 |    0.0504 |    0.0329 |    0.0330 |    0.0512 |    0.0346 |    0.0502 |    0.0351 |    0.0338 |    0.0522 |
|            Clock [MHz]            | 1894.2529 | 1891.7374 | 1891.1557 | 1893.6941 | 1888.6599 | 1888.2344 | 1891.4675 | 1891.2584 | 1892.1034 | 1891.5825 | 1890.3098 | 1891.3967 | 1891.9604 | 1891.4888 | 1895.4370 | 1895.4672 | 1895.4715 | 1895.4523 | 1895.4550 | 1895.4580 | 1895.4434 | 1895.4285 | 1895.4631 | 1895.4488 | 1895.4596 | 1895.4551 | 1895.4123 | 1895.4323 | 1889.6250 |
|                CPI                |    1.3663 |    3.2428 |    3.2437 |    4.7051 |    3.4225 |    3.3655 |    3.4393 |    3.3545 |    3.4466 |    3.4215 |    3.5764 |    3.4342 |    3.6878 |    3.4491 |    4.9814 |    3.4477 |    3.5115 |    3.5886 |    3.7354 |    3.6555 |    5.0509 |    3.5931 |    3.7206 |    5.2450 |    3.8650 |    5.2422 |    3.9765 |    3.8695 |    5.4395 |
|             Energy [J]            |    3.9926 |         0 |         0 |         0 |         0 |         0 |         0 |         0 |         0 |         0 |         0 |         0 |         0 |         0 |    4.1225 |         0 |         0 |         0 |         0 |         0 |         0 |         0 |         0 |         0 |         0 |         0 |         0 |         0 |    2.8786 |
|             Power [W]             |   43.4731 |         0 |         0 |         0 |         0 |         0 |         0 |         0 |         0 |         0 |         0 |         0 |         0 |         0 |   44.8566 |         0 |         0 |         0 |         0 |         0 |         0 |         0 |         0 |         0 |         0 |         0 |         0 |         0 |   31.3494 |
|          Energy DRAM [J]          |    0.3804 |         0 |         0 |         0 |         0 |         0 |         0 |         0 |         0 |         0 |         0 |         0 |         0 |         0 |    0.3239 |         0 |         0 |         0 |         0 |         0 |         0 |         0 |         0 |         0 |         0 |         0 |         0 |         0 |    0.3040 |
|           Power DRAM [W]          |    4.1418 |         0 |         0 |         0 |         0 |         0 |         0 |         0 |         0 |         0 |         0 |         0 |         0 |         0 |    3.5240 |         0 |         0 |         0 |         0 |         0 |         0 |         0 |         0 |         0 |         0 |         0 |         0 |         0 |    3.3109 |
|            DP [MFLOP/s]           |   99.9319 |   98.4243 |   98.1025 |   67.9499 |   92.8872 |   92.7249 |   92.7900 |   92.9180 |   91.9200 |   91.1290 |   89.7815 |   89.9222 |   89.7986 |   89.5334 |   66.4331 |   89.3410 |   87.5061 |   87.0289 |   86.8382 |   86.6863 |   61.5712 |   85.9448 |   82.8775 |   59.3940 |   82.8872 |   58.2748 |   81.3034 |   80.5903 |   59.8096 |
|          AVX DP [MFLOP/s]         |    1.0934 |         0 |         0 |         0 |         0 |         0 |         0 |         0 |         0 |         0 |         0 |         0 |         0 |         0 |         0 |         0 |         0 |         0 |         0 |         0 |         0 |         0 |         0 |         0 |         0 |         0 |         0 |         0 |         0 |
|          Packed [MUOPS/s]         |    0.2042 |         0 |         0 |         0 |         0 |         0 |         0 |         0 |         0 |         0 |         0 |         0 |         0 |         0 |         0 |         0 |         0 |         0 |         0 |         0 |         0 |         0 |         0 |         0 |         0 |         0 |         0 |         0 |         0 |
|          Scalar [MUOPS/s]         |   98.7340 |   98.4243 |   98.1025 |   67.9499 |   92.8872 |   92.7249 |   92.7900 |   92.9180 |   91.9200 |   91.1290 |   89.7815 |   89.9222 |   89.7986 |   89.5334 |   66.4331 |   89.3410 |   87.5061 |   87.0289 |   86.8382 |   86.6863 |   61.5712 |   85.9448 |   82.8775 |   59.3940 |   82.8872 |   58.2748 |   81.3034 |   80.5903 |   59.8096 |
|  Memory read bandwidth [MBytes/s] |  167.4941 |         0 |         0 |         0 |         0 |         0 |         0 |         0 |         0 |         0 |         0 |         0 |         0 |         0 |   40.8552 |         0 |         0 |         0 |         0 |         0 |         0 |         0 |         0 |         0 |         0 |         0 |         0 |         0 |    8.3583 |
|  Memory read data volume [GBytes] |    0.0154 |         0 |         0 |         0 |         0 |         0 |         0 |         0 |         0 |         0 |         0 |         0 |         0 |         0 |    0.0038 |         0 |         0 |         0 |         0 |         0 |         0 |         0 |         0 |         0 |         0 |         0 |         0 |         0 |    0.0008 |
| Memory write bandwidth [MBytes/s] |  418.1419 |         0 |         0 |         0 |         0 |         0 |         0 |         0 |         0 |         0 |         0 |         0 |         0 |         0 |   72.7507 |         0 |         0 |         0 |         0 |         0 |         0 |         0 |         0 |         0 |         0 |         0 |         0 |         0 |   26.3798 |
| Memory write data volume [GBytes] |    0.0384 |         0 |         0 |         0 |         0 |         0 |         0 |         0 |         0 |         0 |         0 |         0 |         0 |         0 |    0.0067 |         0 |         0 |         0 |         0 |         0 |         0 |         0 |         0 |         0 |         0 |         0 |         0 |         0 |    0.0024 |
|    Memory bandwidth [MBytes/s]    |  585.6361 |         0 |         0 |         0 |         0 |         0 |         0 |         0 |         0 |         0 |         0 |         0 |         0 |         0 |  113.6059 |         0 |         0 |         0 |         0 |         0 |         0 |         0 |         0 |         0 |         0 |         0 |         0 |         0 |   34.7381 |
|    Memory data volume [GBytes]    |    0.0538 |         0 |         0 |         0 |         0 |         0 |         0 |         0 |         0 |         0 |         0 |         0 |         0 |         0 |    0.0104 |         0 |         0 |         0 |         0 |         0 |         0 |         0 |         0 |         0 |         0 |         0 |         0 |         0 |    0.0032 |
|       Operational intensity       |    0.1706 |    0.1250 |    0.1246 |    0.1207 |    0.1181 |    0.1180 |    0.1179 |    0.1180 |    0.1167 |    0.1156 |    0.1140 |    0.1142 |    0.1140 |    0.1137 |    0.5848 |    0.5855 |    0.5730 |    0.5699 |    0.5690 |    0.5677 |    0.5634 |    0.5629 |    0.5430 |    0.5433 |    0.5430 |    0.5329 |    0.5326 |    0.5278 |    1.7217 |
+-----------------------------------+-----------+-----------+-----------+-----------+-----------+-----------+-----------+-----------+-----------+-----------+-----------+-----------+-----------+-----------+-----------+-----------+-----------+-----------+-----------+-----------+-----------+-----------+-----------+-----------+-----------+-----------+-----------+-----------+-----------+
+----------------------------------------+------------+-----------+-----------+-----------+
|                 Metric                 |     Sum    |    Min    |    Max    |    Avg    |
+----------------------------------------+------------+-----------+-----------+-----------+
|        Runtime (RDTSC) [s] STAT        |     2.1614 |    0.0683 |    0.0955 |    0.0745 |
|        Runtime unhalted [s] STAT       |     1.0821 |    0.0326 |    0.0522 |    0.0373 |
|            Clock [MHz] STAT            | 54905.2110 | 1888.2344 | 1895.4715 | 1893.2831 |
|                CPI STAT                |   110.0777 |    1.3663 |    5.4395 |    3.7958 |
|             Energy [J] STAT            |    10.9937 |         0 |    4.1225 |    0.3791 |
|             Power [W] STAT             |   119.6791 |         0 |   44.8566 |    4.1269 |
|          Energy DRAM [J] STAT          |     1.0083 |         0 |    0.3804 |    0.0348 |
|           Power DRAM [W] STAT          |    10.9767 |         0 |    4.1418 |    0.3785 |
|            DP [MFLOP/s] STAT           |  2434.2998 |   58.2748 |   99.9319 |   83.9414 |
|          AVX DP [MFLOP/s] STAT         |     1.0934 |         0 |    1.0934 |    0.0377 |
|          Packed [MUOPS/s] STAT         |     0.2042 |         0 |    0.2042 |    0.0070 |
|          Scalar [MUOPS/s] STAT         |  2433.1019 |   58.2748 |   98.7340 |   83.9001 |
|  Memory read bandwidth [MBytes/s] STAT |   216.7076 |         0 |  167.4941 |    7.4727 |
|  Memory read data volume [GBytes] STAT |     0.0200 |         0 |    0.0154 |    0.0007 |
| Memory write bandwidth [MBytes/s] STAT |   517.2724 |         0 |  418.1419 |   17.8370 |
| Memory write data volume [GBytes] STAT |     0.0475 |         0 |    0.0384 |    0.0016 |
|    Memory bandwidth [MBytes/s] STAT    |   733.9801 |         0 |  585.6361 |   25.3097 |
|    Memory data volume [GBytes] STAT    |     0.0674 |         0 |    0.0538 |    0.0023 |
|       Operational intensity STAT       |    11.2216 |    0.1137 |    1.7217 |    0.3870 |
+----------------------------------------+------------+-----------+-----------+-----------+
--------------------------------------------------------------------------------
CPU name:	Intel(R) Xeon(R) Gold 6132 CPU @ 2.60GHz
CPU type:	Intel Skylake SP processor
CPU clock:	2.59 GHz
--------------------------------------------------------------------------------
Region Solve, Group 1: MEM_DP
+-------------------+----------+----------+----------+----------+----------+----------+----------+----------+----------+----------+----------+----------+----------+----------+----------+----------+----------+----------+----------+----------+----------+----------+----------+----------+----------+----------+----------+----------+----------+
|    Region Info    |  Core 0  |  Core 1  |  Core 2  |  Core 3  |  Core 4  |  Core 5  |  Core 6  |  Core 7  |  Core 8  |  Core 9  |  Core 10 |  Core 11 |  Core 12 |  Core 13 |  Core 14 |  Core 15 |  Core 16 |  Core 17 |  Core 18 |  Core 19 |  Core 20 |  Core 21 |  Core 22 |  Core 23 |  Core 24 |  Core 25 |  Core 26 |  Core 27 |  Core 28 |
+-------------------+----------+----------+----------+----------+----------+----------+----------+----------+----------+----------+----------+----------+----------+----------+----------+----------+----------+----------+----------+----------+----------+----------+----------+----------+----------+----------+----------+----------+----------+
| RDTSC Runtime [s] | 2.775697 | 2.777669 | 2.777659 | 2.777665 | 2.777673 | 2.777675 | 2.777671 | 2.777672 | 2.777667 | 2.777672 | 2.777669 | 2.777736 | 2.777669 | 2.777672 | 2.775696 | 2.777659 | 2.777664 | 2.777723 | 2.777666 | 2.777726 | 2.777729 | 2.777723 | 2.777724 | 2.777668 | 2.777732 | 2.777737 | 2.777726 | 2.777724 | 2.775762 |
|     call count    |        1 |        1 |        1 |        1 |        1 |        1 |        1 |        1 |        1 |        1 |        1 |        1 |        1 |        1 |        1 |        1 |        1 |        1 |        1 |        1 |        1 |        1 |        1 |        1 |        1 |        1 |        1 |        1 |        1 |
+-------------------+----------+----------+----------+----------+----------+----------+----------+----------+----------+----------+----------+----------+----------+----------+----------+----------+----------+----------+----------+----------+----------+----------+----------+----------+----------+----------+----------+----------+----------+
+------------------------------------------+---------+------------+------------+------------+------------+------------+------------+------------+------------+------------+------------+------------+------------+------------+------------+------------+------------+------------+------------+------------+------------+------------+------------+------------+------------+------------+------------+------------+------------+------------+
|                   Event                  | Counter |   Core 0   |   Core 1   |   Core 2   |   Core 3   |   Core 4   |   Core 5   |   Core 6   |   Core 7   |   Core 8   |   Core 9   |   Core 10  |   Core 11  |   Core 12  |   Core 13  |   Core 14  |   Core 15  |   Core 16  |   Core 17  |   Core 18  |   Core 19  |   Core 20  |   Core 21  |   Core 22  |   Core 23  |   Core 24  |   Core 25  |   Core 26  |   Core 27  |   Core 28  |
+------------------------------------------+---------+------------+------------+------------+------------+------------+------------+------------+------------+------------+------------+------------+------------+------------+------------+------------+------------+------------+------------+------------+------------+------------+------------+------------+------------+------------+------------+------------+------------+------------+
|             INSTR_RETIRED_ANY            |  FIXC0  | 5869198000 | 5800219000 | 5743180000 | 5717146000 | 5586374000 | 5574840000 | 5619846000 | 5490119000 | 5469504000 | 5452960000 | 5428885000 | 5425950000 | 5482800000 | 5279420000 | 5266510000 | 5275891000 | 5205919000 | 5192510000 | 5192795000 | 5100942000 | 5061983000 | 5070077000 | 4986693000 | 4998382000 | 5100640000 | 4686157000 | 4680580000 | 4659015000 | 5168184000 |
|           CPU_CLK_UNHALTED_CORE          |  FIXC1  | 5172581000 | 5204643000 | 5230677000 | 5177933000 | 5233513000 | 5233863000 | 5134225000 | 5235032000 | 5233227000 | 5234584000 | 5233863000 | 5235510000 | 5037957000 | 5234055000 | 5215186000 | 5221431000 | 5223394000 | 5223517000 | 5223000000 | 5223859000 | 5225042000 | 5225044000 | 5224986000 | 5220923000 | 4828226000 | 5224893000 | 5225408000 | 5226405000 | 4415835000 |
|           CPU_CLK_UNHALTED_REF           |  FIXC2  | 7078279000 | 7122139000 | 7157777000 | 7085529000 | 7161656000 | 7162135000 | 7025765000 | 7163733000 | 7161265000 | 7163119000 | 7162140000 | 7164389000 | 6894146000 | 7162394000 | 7136584000 | 7145124000 | 7147813000 | 7147979000 | 7147266000 | 7148444000 | 7150067000 | 7150059000 | 7149991000 | 7144430000 | 6607086000 | 7149867000 | 7150568000 | 7151934000 | 6042652000 |
|              PWR_PKG_ENERGY              |   PWR0  |   149.3776 |          0 |          0 |          0 |          0 |          0 |          0 |          0 |          0 |          0 |          0 |          0 |          0 |          0 |   153.1209 |          0 |          0 |          0 |          0 |          0 |          0 |          0 |          0 |          0 |          0 |          0 |          0 |          0 |    86.5492 |
|              PWR_DRAM_ENERGY             |   PWR3  |    10.5880 |          0 |          0 |          0 |          0 |          0 |          0 |          0 |          0 |          0 |          0 |          0 |          0 |          0 |    10.1698 |          0 |          0 |          0 |          0 |          0 |          0 |          0 |          0 |          0 |          0 |          0 |          0 |          0 |     8.7617 |
| FP_ARITH_INST_RETIRED_128B_PACKED_DOUBLE |   PMC0  |      22816 |          0 |          0 |          0 |          0 |          0 |          0 |          0 |          0 |          0 |          0 |          0 |          0 |          0 |          0 |          0 |          0 |          0 |          0 |          0 |          0 |          0 |          0 |          0 |          0 |          0 |          0 |          0 |          0 |
|    FP_ARITH_INST_RETIRED_SCALAR_DOUBLE   |   PMC1  | 1706630000 | 1683304000 | 1688387000 | 1656517000 | 1632314000 | 1624589000 | 1607544000 | 1599364000 | 1592448000 | 1586415000 | 1577832000 | 1572671000 | 1538228000 | 1526431000 | 1523450000 | 1525288000 | 1498735000 | 1498299000 | 1502015000 | 1476060000 | 1464596000 | 1466807000 | 1438683000 | 1443495000 | 1393633000 | 1354627000 | 1349475000 | 1337556000 | 1325496000 |
| FP_ARITH_INST_RETIRED_256B_PACKED_DOUBLE |   PMC2  |      26128 |          0 |          0 |          0 |          0 |          0 |          0 |          0 |          0 |          0 |          0 |          0 |          0 |          0 |          0 |          0 |          0 |          0 |          0 |          0 |          0 |          0 |          0 |          0 |          0 |          0 |          0 |          0 |          0 |
| FP_ARITH_INST_RETIRED_512B_PACKED_DOUBLE |   PMC3  |      58742 |          0 |          0 |          0 |          0 |          0 |          0 |          0 |          0 |          0 |          0 |          0 |          0 |          0 |          0 |          0 |          0 |          0 |          0 |          0 |          0 |          0 |          0 |          0 |          0 |          0 |          0 |          0 |          0 |
|               CAS_COUNT_RD               | MBOX0C0 |    2517147 |          0 |          0 |          0 |          0 |          0 |          0 |          0 |          0 |          0 |          0 |          0 |          0 |          0 |    1336486 |          0 |          0 |          0 |          0 |          0 |          0 |          0 |          0 |          0 |          0 |          0 |          0 |          0 |     148100 |
|               CAS_COUNT_WR               | MBOX0C1 |    2670685 |          0 |          0 |          0 |          0 |          0 |          0 |          0 |          0 |          0 |          0 |          0 |          0 |          0 |    1426681 |          0 |          0 |          0 |          0 |          0 |          0 |          0 |          0 |          0 |          0 |          0 |          0 |          0 |     160624 |
|               CAS_COUNT_RD               | MBOX1C0 |    2366477 |          0 |          0 |          0 |          0 |          0 |          0 |          0 |          0 |          0 |          0 |          0 |          0 |          0 |    1453366 |          0 |          0 |          0 |          0 |          0 |          0 |          0 |          0 |          0 |          0 |          0 |          0 |          0 |     145687 |
|               CAS_COUNT_WR               | MBOX1C1 |    2490240 |          0 |          0 |          0 |          0 |          0 |          0 |          0 |          0 |          0 |          0 |          0 |          0 |          0 |    1530075 |          0 |          0 |          0 |          0 |          0 |          0 |          0 |          0 |          0 |          0 |          0 |          0 |          0 |     156542 |
|               CAS_COUNT_RD               | MBOX2C0 |    2335424 |          0 |          0 |          0 |          0 |          0 |          0 |          0 |          0 |          0 |          0 |          0 |          0 |          0 |    1297226 |          0 |          0 |          0 |          0 |          0 |          0 |          0 |          0 |          0 |          0 |          0 |          0 |          0 |     162813 |
|               CAS_COUNT_WR               | MBOX2C1 |    2459101 |          0 |          0 |          0 |          0 |          0 |          0 |          0 |          0 |          0 |          0 |          0 |          0 |          0 |    1375504 |          0 |          0 |          0 |          0 |          0 |          0 |          0 |          0 |          0 |          0 |          0 |          0 |          0 |     181617 |
|               CAS_COUNT_RD               | MBOX3C0 |    2317688 |          0 |          0 |          0 |          0 |          0 |          0 |          0 |          0 |          0 |          0 |          0 |          0 |          0 |    1288907 |          0 |          0 |          0 |          0 |          0 |          0 |          0 |          0 |          0 |          0 |          0 |          0 |          0 |     148901 |
|               CAS_COUNT_WR               | MBOX3C1 |    2427032 |          0 |          0 |          0 |          0 |          0 |          0 |          0 |          0 |          0 |          0 |          0 |          0 |          0 |    1350713 |          0 |          0 |          0 |          0 |          0 |          0 |          0 |          0 |          0 |          0 |          0 |          0 |          0 |     165889 |
|               CAS_COUNT_RD               | MBOX4C0 |    2353158 |          0 |          0 |          0 |          0 |          0 |          0 |          0 |          0 |          0 |          0 |          0 |          0 |          0 |    1281644 |          0 |          0 |          0 |          0 |          0 |          0 |          0 |          0 |          0 |          0 |          0 |          0 |          0 |     135013 |
|               CAS_COUNT_WR               | MBOX4C1 |    2460369 |          0 |          0 |          0 |          0 |          0 |          0 |          0 |          0 |          0 |          0 |          0 |          0 |          0 |    1353510 |          0 |          0 |          0 |          0 |          0 |          0 |          0 |          0 |          0 |          0 |          0 |          0 |          0 |     146683 |
|               CAS_COUNT_RD               | MBOX5C0 |    2273468 |          0 |          0 |          0 |          0 |          0 |          0 |          0 |          0 |          0 |          0 |          0 |          0 |          0 |    1237877 |          0 |          0 |          0 |          0 |          0 |          0 |          0 |          0 |          0 |          0 |          0 |          0 |          0 |     141263 |
|               CAS_COUNT_WR               | MBOX5C1 |    2382457 |          0 |          0 |          0 |          0 |          0 |          0 |          0 |          0 |          0 |          0 |          0 |          0 |          0 |    1298458 |          0 |          0 |          0 |          0 |          0 |          0 |          0 |          0 |          0 |          0 |          0 |          0 |          0 |     151611 |
+------------------------------------------+---------+------------+------------+------------+------------+------------+------------+------------+------------+------------+------------+------------+------------+------------+------------+------------+------------+------------+------------+------------+------------+------------+------------+------------+------------+------------+------------+------------+------------+------------+
+-----------------------------------------------+---------+--------------+------------+------------+--------------+
|                     Event                     | Counter |      Sum     |     Min    |     Max    |      Avg     |
+-----------------------------------------------+---------+--------------+------------+------------+--------------+
|             INSTR_RETIRED_ANY STAT            |  FIXC0  | 153586719000 | 4659015000 | 5869198000 | 5.296094e+09 |
|           CPU_CLK_UNHALTED_CORE STAT          |  FIXC1  | 149978812000 | 4415835000 | 5235510000 | 5.171683e+09 |
|           CPU_CLK_UNHALTED_REF STAT           |  FIXC2  | 205234330000 | 6042652000 | 7164389000 | 7.077046e+09 |
|              PWR_PKG_ENERGY STAT              |   PWR0  |     389.0477 |          0 |   153.1209 |      13.4154 |
|              PWR_DRAM_ENERGY STAT             |   PWR3  |      29.5195 |          0 |    10.5880 |       1.0179 |
| FP_ARITH_INST_RETIRED_128B_PACKED_DOUBLE STAT |   PMC0  |        22816 |          0 |      22816 |     786.7586 |
|    FP_ARITH_INST_RETIRED_SCALAR_DOUBLE STAT   |   PMC1  |  44190889000 | 1325496000 | 1706630000 | 1.523824e+09 |
| FP_ARITH_INST_RETIRED_256B_PACKED_DOUBLE STAT |   PMC2  |        26128 |          0 |      26128 |     900.9655 |
| FP_ARITH_INST_RETIRED_512B_PACKED_DOUBLE STAT |   PMC3  |        58742 |          0 |      58742 |    2025.5862 |
|               CAS_COUNT_RD STAT               | MBOX0C0 |      4001733 |          0 |    2517147 |  137990.7931 |
|               CAS_COUNT_WR STAT               | MBOX0C1 |      4257990 |          0 |    2670685 |  146827.2414 |
|               CAS_COUNT_RD STAT               | MBOX1C0 |      3965530 |          0 |    2366477 |  136742.4138 |
|               CAS_COUNT_WR STAT               | MBOX1C1 |      4176857 |          0 |    2490240 |  144029.5517 |
|               CAS_COUNT_RD STAT               | MBOX2C0 |      3795463 |          0 |    2335424 |  130878.0345 |
|               CAS_COUNT_WR STAT               | MBOX2C1 |      4016222 |          0 |    2459101 |  138490.4138 |
|               CAS_COUNT_RD STAT               | MBOX3C0 |      3755496 |          0 |    2317688 |  129499.8621 |
|               CAS_COUNT_WR STAT               | MBOX3C1 |      3943634 |          0 |    2427032 |  135987.3793 |
|               CAS_COUNT_RD STAT               | MBOX4C0 |      3769815 |          0 |    2353158 |  129993.6207 |
|               CAS_COUNT_WR STAT               | MBOX4C1 |      3960562 |          0 |    2460369 |  136571.1034 |
|               CAS_COUNT_RD STAT               | MBOX5C0 |      3652608 |          0 |    2273468 |       125952 |
|               CAS_COUNT_WR STAT               | MBOX5C1 |      3832526 |          0 |    2382457 |  132156.0690 |
+-----------------------------------------------+---------+--------------+------------+------------+--------------+
+-----------------------------------+-----------+-----------+-----------+-----------+-----------+-----------+-----------+-----------+-----------+-----------+-----------+-----------+-----------+-----------+-----------+-----------+-----------+-----------+-----------+-----------+-----------+-----------+-----------+-----------+-----------+-----------+-----------+-----------+-----------+
|               Metric              |   Core 0  |   Core 1  |   Core 2  |   Core 3  |   Core 4  |   Core 5  |   Core 6  |   Core 7  |   Core 8  |   Core 9  |  Core 10  |  Core 11  |  Core 12  |  Core 13  |  Core 14  |  Core 15  |  Core 16  |  Core 17  |  Core 18  |  Core 19  |  Core 20  |  Core 21  |  Core 22  |  Core 23  |  Core 24  |  Core 25  |  Core 26  |  Core 27  |  Core 28  |
+-----------------------------------+-----------+-----------+-----------+-----------+-----------+-----------+-----------+-----------+-----------+-----------+-----------+-----------+-----------+-----------+-----------+-----------+-----------+-----------+-----------+-----------+-----------+-----------+-----------+-----------+-----------+-----------+-----------+-----------+-----------+
|        Runtime (RDTSC) [s]        |    2.7757 |    2.7777 |    2.7777 |    2.7777 |    2.7777 |    2.7777 |    2.7777 |    2.7777 |    2.7777 |    2.7777 |    2.7777 |    2.7777 |    2.7777 |    2.7777 |    2.7757 |    2.7777 |    2.7777 |    2.7777 |    2.7777 |    2.7777 |    2.7777 |    2.7777 |    2.7777 |    2.7777 |    2.7777 |    2.7777 |    2.7777 |    2.7777 |    2.7758 |
|        Runtime unhalted [s]       |    1.9942 |    2.0066 |    2.0166 |    1.9963 |    2.0177 |    2.0179 |    1.9794 |    2.0183 |    2.0176 |    2.0181 |    2.0179 |    2.0185 |    1.9423 |    2.0179 |    2.0107 |    2.0131 |    2.0138 |    2.0139 |    2.0137 |    2.0140 |    2.0145 |    2.0145 |    2.0144 |    2.0129 |    1.8615 |    2.0144 |    2.0146 |    2.0150 |    1.7025 |
|            Clock [MHz]            | 1895.4451 | 1895.4489 | 1895.4456 | 1895.4648 | 1895.4461 | 1895.4461 | 1895.4523 | 1895.4465 | 1895.4460 | 1895.4468 | 1895.4448 | 1895.4460 | 1895.4205 | 1895.4471 | 1895.4442 | 1895.4458 | 1895.4450 | 1895.4456 | 1895.4471 | 1895.4464 | 1895.4453 | 1895.4482 | 1895.4452 | 1895.4454 | 1895.4364 | 1895.4443 | 1895.4453 | 1895.4448 | 1895.4697 |
|                CPI                |    0.8813 |    0.8973 |    0.9108 |    0.9057 |    0.9368 |    0.9388 |    0.9136 |    0.9535 |    0.9568 |    0.9600 |    0.9641 |    0.9649 |    0.9189 |    0.9914 |    0.9903 |    0.9897 |    1.0034 |    1.0060 |    1.0058 |    1.0241 |    1.0322 |    1.0306 |    1.0478 |    1.0445 |    0.9466 |    1.1150 |    1.1164 |    1.1218 |    0.8544 |
|             Energy [J]            |  149.3776 |         0 |         0 |         0 |         0 |         0 |         0 |         0 |         0 |         0 |         0 |         0 |         0 |         0 |  153.1209 |         0 |         0 |         0 |         0 |         0 |         0 |         0 |         0 |         0 |         0 |         0 |         0 |         0 |   86.5492 |
|             Power [W]             |   53.8162 |         0 |         0 |         0 |         0 |         0 |         0 |         0 |         0 |         0 |         0 |         0 |         0 |         0 |   55.1649 |         0 |         0 |         0 |         0 |         0 |         0 |         0 |         0 |         0 |         0 |         0 |         0 |         0 |   31.1803 |
|          Energy DRAM [J]          |   10.5880 |         0 |         0 |         0 |         0 |         0 |         0 |         0 |         0 |         0 |         0 |         0 |         0 |         0 |   10.1698 |         0 |         0 |         0 |         0 |         0 |         0 |         0 |         0 |         0 |         0 |         0 |         0 |         0 |    8.7617 |
|           Power DRAM [W]          |    3.8145 |         0 |         0 |         0 |         0 |         0 |         0 |         0 |         0 |         0 |         0 |         0 |         0 |         0 |    3.6639 |         0 |         0 |         0 |         0 |         0 |         0 |         0 |         0 |         0 |         0 |         0 |         0 |         0 |    3.1565 |
|            DP [MFLOP/s]           |  615.0708 |  606.0132 |  607.8453 |  596.3703 |  587.6552 |  584.8737 |  578.7381 |  575.7930 |  573.3041 |  571.1311 |  568.0418 |  566.1701 |  553.7838 |  549.5361 |  548.8533 |  549.1272 |  539.5667 |  539.3983 |  540.7472 |  531.3915 |  527.2638 |  528.0609 |  517.9359 |  519.6787 |  501.7161 |  487.6729 |  485.8201 |  481.5295 |  477.5251 |
|          AVX DP [MFLOP/s]         |    0.2070 |         0 |         0 |         0 |         0 |         0 |         0 |         0 |         0 |         0 |         0 |         0 |         0 |         0 |         0 |         0 |         0 |         0 |         0 |         0 |         0 |         0 |         0 |         0 |         0 |         0 |         0 |         0 |         0 |
|          Packed [MUOPS/s]         |    0.0388 |         0 |         0 |         0 |         0 |         0 |         0 |         0 |         0 |         0 |         0 |         0 |         0 |         0 |         0 |         0 |         0 |         0 |         0 |         0 |         0 |         0 |         0 |         0 |         0 |         0 |         0 |         0 |         0 |
|          Scalar [MUOPS/s]         |  614.8474 |  606.0132 |  607.8453 |  596.3703 |  587.6552 |  584.8737 |  578.7381 |  575.7930 |  573.3041 |  571.1311 |  568.0418 |  566.1701 |  553.7838 |  549.5361 |  548.8533 |  549.1272 |  539.5667 |  539.3983 |  540.7472 |  531.3915 |  527.2638 |  528.0609 |  517.9359 |  519.6787 |  501.7161 |  487.6729 |  485.8201 |  481.5295 |  477.5251 |
|  Memory read bandwidth [MBytes/s] |  326.5685 |         0 |         0 |         0 |         0 |         0 |         0 |         0 |         0 |         0 |         0 |         0 |         0 |         0 |  182.0489 |         0 |         0 |         0 |         0 |         0 |         0 |         0 |         0 |         0 |         0 |         0 |         0 |         0 |   20.3309 |
|  Memory read data volume [GBytes] |    0.9065 |         0 |         0 |         0 |         0 |         0 |         0 |         0 |         0 |         0 |         0 |         0 |         0 |         0 |    0.5053 |         0 |         0 |         0 |         0 |         0 |         0 |         0 |         0 |         0 |         0 |         0 |         0 |         0 |    0.0564 |
| Memory write bandwidth [MBytes/s] |  343.3201 |         0 |         0 |         0 |         0 |         0 |         0 |         0 |         0 |         0 |         0 |         0 |         0 |         0 |  192.1811 |         0 |         0 |         0 |         0 |         0 |         0 |         0 |         0 |         0 |         0 |         0 |         0 |         0 |   22.2028 |
| Memory write data volume [GBytes] |    0.9530 |         0 |         0 |         0 |         0 |         0 |         0 |         0 |         0 |         0 |         0 |         0 |         0 |         0 |    0.5334 |         0 |         0 |         0 |         0 |         0 |         0 |         0 |         0 |         0 |         0 |         0 |         0 |         0 |    0.0616 |
|    Memory bandwidth [MBytes/s]    |  669.8886 |         0 |         0 |         0 |         0 |         0 |         0 |         0 |         0 |         0 |         0 |         0 |         0 |         0 |  374.2300 |         0 |         0 |         0 |         0 |         0 |         0 |         0 |         0 |         0 |         0 |         0 |         0 |         0 |   42.5337 |
|    Memory data volume [GBytes]    |    1.8594 |         0 |         0 |         0 |         0 |         0 |         0 |         0 |         0 |         0 |         0 |         0 |         0 |         0 |    1.0387 |         0 |         0 |         0 |         0 |         0 |         0 |         0 |         0 |         0 |         0 |         0 |         0 |         0 |    0.1181 |
|       Operational intensity       |    0.9182 |    0.9053 |    0.9080 |    0.8909 |    0.8779 |    0.8737 |    0.8645 |    0.8601 |    0.8564 |    0.8532 |    0.8486 |    0.8458 |    0.8273 |    0.8209 |    1.4666 |    1.4684 |    1.4428 |    1.4424 |    1.4460 |    1.4210 |    1.4100 |    1.4121 |    1.3850 |    1.3896 |    1.3416 |    1.3041 |    1.2991 |    1.2877 |   11.2270 |
+-----------------------------------+-----------+-----------+-----------+-----------+-----------+-----------+-----------+-----------+-----------+-----------+-----------+-----------+-----------+-----------+-----------+-----------+-----------+-----------+-----------+-----------+-----------+-----------+-----------+-----------+-----------+-----------+-----------+-----------+-----------+
+----------------------------------------+------------+-----------+-----------+-----------+
|                 Metric                 |     Sum    |    Min    |    Max    |    Avg    |
+----------------------------------------+------------+-----------+-----------+-----------+
|        Runtime (RDTSC) [s] STAT        |    80.5474 |    2.7757 |    2.7777 |    2.7775 |
|        Runtime unhalted [s] STAT       |    57.8228 |    1.7025 |    2.0185 |    1.9939 |
|            Clock [MHz] STAT            | 54967.9453 | 1895.4205 | 1895.4697 | 1895.4464 |
|                CPI STAT                |    28.4225 |    0.8544 |    1.1218 |    0.9801 |
|             Energy [J] STAT            |   389.0477 |         0 |  153.1209 |   13.4154 |
|             Power [W] STAT             |   140.1614 |         0 |   55.1649 |    4.8332 |
|          Energy DRAM [J] STAT          |    29.5195 |         0 |   10.5880 |    1.0179 |
|           Power DRAM [W] STAT          |    10.6349 |         0 |    3.8145 |    0.3667 |
|            DP [MFLOP/s] STAT           | 15910.6138 |  477.5251 |  615.0708 |  548.6419 |
|          AVX DP [MFLOP/s] STAT         |     0.2070 |         0 |    0.2070 |    0.0071 |
|          Packed [MUOPS/s] STAT         |     0.0388 |         0 |    0.0388 |    0.0013 |
|          Scalar [MUOPS/s] STAT         | 15910.3904 |  477.5251 |  614.8474 |  548.6342 |
|  Memory read bandwidth [MBytes/s] STAT |   528.9483 |         0 |  326.5685 |   18.2396 |
|  Memory read data volume [GBytes] STAT |     1.4682 |         0 |    0.9065 |    0.0506 |
| Memory write bandwidth [MBytes/s] STAT |   557.7040 |         0 |  343.3201 |   19.2312 |
| Memory write data volume [GBytes] STAT |     1.5480 |         0 |    0.9530 |    0.0534 |
|    Memory bandwidth [MBytes/s] STAT    |  1086.6523 |         0 |  669.8886 |   37.4708 |
|    Memory data volume [GBytes] STAT    |     3.0162 |         0 |    1.8594 |    0.1040 |
|       Operational intensity STAT       |    42.8942 |    0.8209 |   11.2270 |    1.4791 |
+----------------------------------------+------------+-----------+-----------+-----------+
