--------------------------------------------------------------------------------
CPU name:	Intel(R) Xeon(R) Gold 6132 CPU @ 2.60GHz
CPU type:	Intel Skylake SP processor
CPU clock:	2.59 GHz
--------------------------------------------------------------------------------
Region Setup, Group 1: MEM_DP
+-------------------+----------+----------+----------+----------+----------+----------+----------+----------+----------+----------+----------+----------+----------+----------+----------+----------+----------+----------+----------+----------+----------+----------+----------+----------+----------+----------+----------+----------+----------+----------+----------+----------+----------+----------+
|    Region Info    |  Core 0  |  Core 1  |  Core 2  |  Core 3  |  Core 4  |  Core 5  |  Core 6  |  Core 7  |  Core 8  |  Core 9  |  Core 10 |  Core 11 |  Core 12 |  Core 13 |  Core 14 |  Core 15 |  Core 16 |  Core 17 |  Core 18 |  Core 19 |  Core 20 |  Core 21 |  Core 22 |  Core 23 |  Core 24 |  Core 25 |  Core 26 |  Core 27 |  Core 28 |  Core 29 |  Core 30 |  Core 31 |  Core 32 |  Core 33 |
+-------------------+----------+----------+----------+----------+----------+----------+----------+----------+----------+----------+----------+----------+----------+----------+----------+----------+----------+----------+----------+----------+----------+----------+----------+----------+----------+----------+----------+----------+----------+----------+----------+----------+----------+----------+
| RDTSC Runtime [s] | 0.068784 | 0.072273 | 0.072332 | 0.072417 | 0.072331 | 0.072406 | 0.072310 | 0.072309 | 0.072306 | 0.072194 | 0.072323 | 0.072355 | 0.072284 | 0.072367 | 0.068858 | 0.072336 | 0.072269 | 0.072304 | 0.072330 | 0.072393 | 0.072283 | 0.072329 | 0.072363 | 0.072305 | 0.072266 | 0.072294 | 0.072356 | 0.072283 | 0.068841 | 0.072293 | 0.072333 | 0.072252 | 0.072331 | 0.072344 |
|     call count    |        2 |        2 |        2 |        2 |        2 |        2 |        2 |        2 |        2 |        2 |        2 |        2 |        2 |        2 |        2 |        2 |        2 |        2 |        2 |        2 |        2 |        2 |        2 |        2 |        2 |        2 |        2 |        2 |        2 |        2 |        2 |        2 |        2 |        2 |
+-------------------+----------+----------+----------+----------+----------+----------+----------+----------+----------+----------+----------+----------+----------+----------+----------+----------+----------+----------+----------+----------+----------+----------+----------+----------+----------+----------+----------+----------+----------+----------+----------+----------+----------+----------+
+------------------------------------------+---------+----------+-----------+-----------+-----------+-----------+-----------+-----------+-----------+-----------+-----------+-----------+-----------+-----------+-----------+-----------+-----------+-----------+-----------+-----------+-----------+-----------+-----------+-----------+-----------+-----------+-----------+-----------+-----------+-----------+-----------+-----------+-----------+-----------+-----------+
|                   Event                  | Counter |  Core 0  |   Core 1  |   Core 2  |   Core 3  |   Core 4  |   Core 5  |   Core 6  |   Core 7  |   Core 8  |   Core 9  |  Core 10  |  Core 11  |  Core 12  |  Core 13  |  Core 14  |  Core 15  |  Core 16  |  Core 17  |  Core 18  |  Core 19  |  Core 20  |  Core 21  |  Core 22  |  Core 23  |  Core 24  |  Core 25  |  Core 26  |  Core 27  |  Core 28  |  Core 29  |  Core 30  |  Core 31  |  Core 32  |  Core 33  |
+------------------------------------------+---------+----------+-----------+-----------+-----------+-----------+-----------+-----------+-----------+-----------+-----------+-----------+-----------+-----------+-----------+-----------+-----------+-----------+-----------+-----------+-----------+-----------+-----------+-----------+-----------+-----------+-----------+-----------+-----------+-----------+-----------+-----------+-----------+-----------+-----------+
|             INSTR_RETIRED_ANY            |  FIXC0  | 64869550 |  22805780 |  22618990 |  22884070 |  22794130 |  22400800 |  22499420 |  22757610 |  22221010 |  21918180 |  22080820 |  21944120 |  22290920 |  22007370 |  22175000 |  22545740 |  21460270 |  21262500 |  21266210 |  21085040 |  21603700 |  20996900 |  21454450 |  21013370 |  21066920 |  21257340 |  20918300 |  21038690 |  21205490 |  21009210 |  20637770 |  21119340 |  20216410 |  20227550 |
|           CPU_CLK_UNHALTED_CORE          |  FIXC1  | 52321640 |  86854960 |  87291550 |  91905100 |  96499720 |  88493050 |  91800840 |  95924480 |  91643630 |  85525660 |  90843430 |  86692910 |  95272630 |  88253990 |  93189230 | 102600000 |  91054240 |  92537280 |  94082490 |  88919850 | 101112700 |  87991970 |  98872120 |  88227780 |  90619420 |  93487900 |  87730310 |  89048490 |  93640760 |  93397130 |  86753640 |  95751750 |  90949070 |  97731030 |
|           CPU_CLK_UNHALTED_REF           |  FIXC2  | 71582160 | 118854700 | 119457000 | 125765700 | 132052300 | 121095600 | 125627300 | 131266300 | 125408100 | 117035500 | 124312200 | 118631800 | 130374000 | 120767700 | 127548000 | 140421400 | 124624300 | 126655300 | 128769300 | 121704900 | 138389600 | 120434800 | 135323100 | 120756200 | 124032600 | 127953800 | 120076100 | 121879000 | 128190600 | 127833400 | 118739000 | 131069000 | 124524300 | 133766700 |
|              PWR_PKG_ENERGY              |   PWR0  |   3.3275 |         0 |         0 |         0 |         0 |         0 |         0 |         0 |         0 |         0 |         0 |         0 |         0 |         0 |    3.4037 |         0 |         0 |         0 |         0 |         0 |         0 |         0 |         0 |         0 |         0 |         0 |         0 |         0 |    2.6050 |         0 |         0 |         0 |         0 |         0 |
|              PWR_DRAM_ENERGY             |   PWR3  |   0.3075 |         0 |         0 |         0 |         0 |         0 |         0 |         0 |         0 |         0 |         0 |         0 |         0 |         0 |    0.2496 |         0 |         0 |         0 |         0 |         0 |         0 |         0 |         0 |         0 |         0 |         0 |         0 |         0 |    0.2377 |         0 |         0 |         0 |         0 |         0 |
| FP_ARITH_INST_RETIRED_128B_PACKED_DOUBLE |   PMC0  |     4800 |         0 |         0 |         0 |         0 |         0 |         0 |         0 |         0 |         0 |         0 |         0 |         0 |         0 |         0 |         0 |         0 |         0 |         0 |         0 |         0 |         0 |         0 |         0 |         0 |         0 |         0 |         0 |         0 |         0 |         0 |         0 |         0 |         0 |
|    FP_ARITH_INST_RETIRED_SCALAR_DOUBLE   |   PMC1  |  8093062 |   5549816 |   5499408 |   5503126 |   5416624 |   5411619 |   5402405 |   5411105 |   5314229 |   5302614 |   5286671 |   5295836 |   5286650 |   5296224 |   5286906 |   5259196 |   5128292 |   5041627 |   5032237 |   5041453 |   5032237 |   5028236 |   5019100 |   5028388 |   5019240 |   5028312 |   5019246 |   5028492 |   5019276 |   4956812 |   4947596 |   4955788 |   4727436 |   4643348 |
| FP_ARITH_INST_RETIRED_256B_PACKED_DOUBLE |   PMC2  |     2800 |         0 |         0 |         0 |         0 |         0 |         0 |         0 |         0 |         0 |         0 |         0 |         0 |         0 |         0 |         0 |         0 |         0 |         0 |         0 |         0 |         0 |         0 |         0 |         0 |         0 |         0 |         0 |         0 |         0 |         0 |         0 |         0 |         0 |
| FP_ARITH_INST_RETIRED_512B_PACKED_DOUBLE |   PMC3  |    11152 |         0 |         0 |         0 |         0 |         0 |         0 |         0 |         0 |         0 |         0 |         0 |         0 |         0 |         0 |         0 |         0 |         0 |         0 |         0 |         0 |         0 |         0 |         0 |         0 |         0 |         0 |         0 |         0 |         0 |         0 |         0 |         0 |         0 |
|               CAS_COUNT_RD               | MBOX0C0 |    32759 |         0 |         0 |         0 |         0 |         0 |         0 |         0 |         0 |         0 |         0 |         0 |         0 |         0 |      8819 |         0 |         0 |         0 |         0 |         0 |         0 |         0 |         0 |         0 |         0 |         0 |         0 |         0 |      4291 |         0 |         0 |         0 |         0 |         0 |
|               CAS_COUNT_WR               | MBOX0C1 |    93775 |         0 |         0 |         0 |         0 |         0 |         0 |         0 |         0 |         0 |         0 |         0 |         0 |         0 |     18131 |         0 |         0 |         0 |         0 |         0 |         0 |         0 |         0 |         0 |         0 |         0 |         0 |         0 |     10523 |         0 |         0 |         0 |         0 |         0 |
|               CAS_COUNT_RD               | MBOX1C0 |    44655 |         0 |         0 |         0 |         0 |         0 |         0 |         0 |         0 |         0 |         0 |         0 |         0 |         0 |      8655 |         0 |         0 |         0 |         0 |         0 |         0 |         0 |         0 |         0 |         0 |         0 |         0 |         0 |      4391 |         0 |         0 |         0 |         0 |         0 |
|               CAS_COUNT_WR               | MBOX1C1 |   105128 |         0 |         0 |         0 |         0 |         0 |         0 |         0 |         0 |         0 |         0 |         0 |         0 |         0 |     17768 |         0 |         0 |         0 |         0 |         0 |         0 |         0 |         0 |         0 |         0 |         0 |         0 |         0 |     10455 |         0 |         0 |         0 |         0 |         0 |
|               CAS_COUNT_RD               | MBOX2C0 |    50240 |         0 |         0 |         0 |         0 |         0 |         0 |         0 |         0 |         0 |         0 |         0 |         0 |         0 |     13061 |         0 |         0 |         0 |         0 |         0 |         0 |         0 |         0 |         0 |         0 |         0 |         0 |         0 |      7671 |         0 |         0 |         0 |         0 |         0 |
|               CAS_COUNT_WR               | MBOX2C1 |   109337 |         0 |         0 |         0 |         0 |         0 |         0 |         0 |         0 |         0 |         0 |         0 |         0 |         0 |     23479 |         0 |         0 |         0 |         0 |         0 |         0 |         0 |         0 |         0 |         0 |         0 |         0 |         0 |     14926 |         0 |         0 |         0 |         0 |         0 |
|               CAS_COUNT_RD               | MBOX3C0 |    26920 |         0 |         0 |         0 |         0 |         0 |         0 |         0 |         0 |         0 |         0 |         0 |         0 |         0 |      5626 |         0 |         0 |         0 |         0 |         0 |         0 |         0 |         0 |         0 |         0 |         0 |         0 |         0 |      2475 |         0 |         0 |         0 |         0 |         0 |
|               CAS_COUNT_WR               | MBOX3C1 |    90256 |         0 |         0 |         0 |         0 |         0 |         0 |         0 |         0 |         0 |         0 |         0 |         0 |         0 |     15582 |         0 |         0 |         0 |         0 |         0 |         0 |         0 |         0 |         0 |         0 |         0 |         0 |         0 |      9320 |         0 |         0 |         0 |         0 |         0 |
|               CAS_COUNT_RD               | MBOX4C0 |    40922 |         0 |         0 |         0 |         0 |         0 |         0 |         0 |         0 |         0 |         0 |         0 |         0 |         0 |      5723 |         0 |         0 |         0 |         0 |         0 |         0 |         0 |         0 |         0 |         0 |         0 |         0 |         0 |      2748 |         0 |         0 |         0 |         0 |         0 |
|               CAS_COUNT_WR               | MBOX4C1 |   109501 |         0 |         0 |         0 |         0 |         0 |         0 |         0 |         0 |         0 |         0 |         0 |         0 |         0 |     15785 |         0 |         0 |         0 |         0 |         0 |         0 |         0 |         0 |         0 |         0 |         0 |         0 |         0 |      9629 |         0 |         0 |         0 |         0 |         0 |
|               CAS_COUNT_RD               | MBOX5C0 |    30964 |         0 |         0 |         0 |         0 |         0 |         0 |         0 |         0 |         0 |         0 |         0 |         0 |         0 |      5642 |         0 |         0 |         0 |         0 |         0 |         0 |         0 |         0 |         0 |         0 |         0 |         0 |         0 |      2763 |         0 |         0 |         0 |         0 |         0 |
|               CAS_COUNT_WR               | MBOX5C1 |    93059 |         0 |         0 |         0 |         0 |         0 |         0 |         0 |         0 |         0 |         0 |         0 |         0 |         0 |     15705 |         0 |         0 |         0 |         0 |         0 |         0 |         0 |         0 |         0 |         0 |         0 |         0 |         0 |      9660 |         0 |         0 |         0 |         0 |         0 |
+------------------------------------------+---------+----------+-----------+-----------+-----------+-----------+-----------+-----------+-----------+-----------+-----------+-----------+-----------+-----------+-----------+-----------+-----------+-----------+-----------+-----------+-----------+-----------+-----------+-----------+-----------+-----------+-----------+-----------+-----------+-----------+-----------+-----------+-----------+-----------+-----------+
+-----------------------------------------------+---------+------------+----------+-----------+--------------+
|                     Event                     | Counter |     Sum    |    Min   |    Max    |      Avg     |
+-----------------------------------------------+---------+------------+----------+-----------+--------------+
|             INSTR_RETIRED_ANY STAT            |  FIXC0  |  779652970 | 20216410 |  64869550 | 2.293097e+07 |
|           CPU_CLK_UNHALTED_CORE STAT          |  FIXC1  | 3087020750 | 52321640 | 102600000 | 9.079473e+07 |
|           CPU_CLK_UNHALTED_REF STAT           |  FIXC2  | 4224921760 | 71582160 | 140421400 | 1.242624e+08 |
|              PWR_PKG_ENERGY STAT              |   PWR0  |     9.3362 |        0 |    3.4037 |       0.2746 |
|              PWR_DRAM_ENERGY STAT             |   PWR3  |     0.7948 |        0 |    0.3075 |       0.0234 |
| FP_ARITH_INST_RETIRED_128B_PACKED_DOUBLE STAT |   PMC0  |       4800 |        0 |      4800 |     141.1765 |
|    FP_ARITH_INST_RETIRED_SCALAR_DOUBLE STAT   |   PMC1  |  178312607 |  4643348 |   8093062 | 5.244488e+06 |
| FP_ARITH_INST_RETIRED_256B_PACKED_DOUBLE STAT |   PMC2  |       2800 |        0 |      2800 |      82.3529 |
| FP_ARITH_INST_RETIRED_512B_PACKED_DOUBLE STAT |   PMC3  |      11152 |        0 |     11152 |          328 |
|               CAS_COUNT_RD STAT               | MBOX0C0 |      45869 |        0 |     32759 |    1349.0882 |
|               CAS_COUNT_WR STAT               | MBOX0C1 |     122429 |        0 |     93775 |    3600.8529 |
|               CAS_COUNT_RD STAT               | MBOX1C0 |      57701 |        0 |     44655 |    1697.0882 |
|               CAS_COUNT_WR STAT               | MBOX1C1 |     133351 |        0 |    105128 |    3922.0882 |
|               CAS_COUNT_RD STAT               | MBOX2C0 |      70972 |        0 |     50240 |    2087.4118 |
|               CAS_COUNT_WR STAT               | MBOX2C1 |     147742 |        0 |    109337 |    4345.3529 |
|               CAS_COUNT_RD STAT               | MBOX3C0 |      35021 |        0 |     26920 |    1030.0294 |
|               CAS_COUNT_WR STAT               | MBOX3C1 |     115158 |        0 |     90256 |         3387 |
|               CAS_COUNT_RD STAT               | MBOX4C0 |      49393 |        0 |     40922 |    1452.7353 |
|               CAS_COUNT_WR STAT               | MBOX4C1 |     134915 |        0 |    109501 |    3968.0882 |
|               CAS_COUNT_RD STAT               | MBOX5C0 |      39369 |        0 |     30964 |    1157.9118 |
|               CAS_COUNT_WR STAT               | MBOX5C1 |     118424 |        0 |     93059 |    3483.0588 |
+-----------------------------------------------+---------+------------+----------+-----------+--------------+
+-----------------------------------+-----------+-----------+-----------+-----------+-----------+-----------+-----------+-----------+-----------+-----------+-----------+-----------+-----------+-----------+-----------+-----------+-----------+-----------+-----------+-----------+-----------+-----------+-----------+-----------+-----------+-----------+-----------+-----------+-----------+-----------+-----------+-----------+-----------+-----------+
|               Metric              |   Core 0  |   Core 1  |   Core 2  |   Core 3  |   Core 4  |   Core 5  |   Core 6  |   Core 7  |   Core 8  |   Core 9  |  Core 10  |  Core 11  |  Core 12  |  Core 13  |  Core 14  |  Core 15  |  Core 16  |  Core 17  |  Core 18  |  Core 19  |  Core 20  |  Core 21  |  Core 22  |  Core 23  |  Core 24  |  Core 25  |  Core 26  |  Core 27  |  Core 28  |  Core 29  |  Core 30  |  Core 31  |  Core 32  |  Core 33  |
+-----------------------------------+-----------+-----------+-----------+-----------+-----------+-----------+-----------+-----------+-----------+-----------+-----------+-----------+-----------+-----------+-----------+-----------+-----------+-----------+-----------+-----------+-----------+-----------+-----------+-----------+-----------+-----------+-----------+-----------+-----------+-----------+-----------+-----------+-----------+-----------+
|        Runtime (RDTSC) [s]        |    0.0688 |    0.0723 |    0.0723 |    0.0724 |    0.0723 |    0.0724 |    0.0723 |    0.0723 |    0.0723 |    0.0722 |    0.0723 |    0.0724 |    0.0723 |    0.0724 |    0.0689 |    0.0723 |    0.0723 |    0.0723 |    0.0723 |    0.0724 |    0.0723 |    0.0723 |    0.0724 |    0.0723 |    0.0723 |    0.0723 |    0.0724 |    0.0723 |    0.0688 |    0.0723 |    0.0723 |    0.0723 |    0.0723 |    0.0723 |
|        Runtime unhalted [s]       |    0.0202 |    0.0335 |    0.0337 |    0.0354 |    0.0372 |    0.0341 |    0.0354 |    0.0370 |    0.0353 |    0.0330 |    0.0350 |    0.0334 |    0.0367 |    0.0340 |    0.0359 |    0.0396 |    0.0351 |    0.0357 |    0.0363 |    0.0343 |    0.0390 |    0.0339 |    0.0381 |    0.0340 |    0.0349 |    0.0360 |    0.0338 |    0.0343 |    0.0361 |    0.0360 |    0.0334 |    0.0369 |    0.0351 |    0.0377 |
|            Clock [MHz]            | 1895.7446 | 1895.3157 | 1895.2386 | 1895.3119 | 1895.3236 | 1895.3267 | 1895.2474 | 1895.3067 | 1895.3088 | 1895.3181 | 1895.3222 | 1895.3340 | 1895.3109 | 1895.3388 | 1894.9395 | 1895.0355 | 1894.9630 | 1894.9452 | 1894.9587 | 1894.9334 | 1894.9840 | 1894.9351 | 1894.9825 | 1894.9563 | 1894.9106 | 1894.9838 | 1894.9440 | 1894.9640 | 1894.5760 | 1894.9270 | 1894.9494 | 1894.7417 | 1894.2943 | 1894.9064 |
|                CPI                |    0.8066 |    3.8085 |    3.8592 |    4.0161 |    4.2335 |    3.9504 |    4.0801 |    4.2151 |    4.1242 |    3.9020 |    4.1141 |    3.9506 |    4.2741 |    4.0102 |    4.2024 |    4.5507 |    4.2429 |    4.3521 |    4.4240 |    4.2172 |    4.6803 |    4.1907 |    4.6085 |    4.1986 |    4.3015 |    4.3979 |    4.1940 |    4.2326 |    4.4159 |    4.4455 |    4.2036 |    4.5338 |    4.4988 |    4.8316 |
|             Energy [J]            |    3.3275 |         0 |         0 |         0 |         0 |         0 |         0 |         0 |         0 |         0 |         0 |         0 |         0 |         0 |    3.4037 |         0 |         0 |         0 |         0 |         0 |         0 |         0 |         0 |         0 |         0 |         0 |         0 |         0 |    2.6050 |         0 |         0 |         0 |         0 |         0 |
|             Power [W]             |   48.3764 |         0 |         0 |         0 |         0 |         0 |         0 |         0 |         0 |         0 |         0 |         0 |         0 |         0 |   49.4315 |         0 |         0 |         0 |         0 |         0 |         0 |         0 |         0 |         0 |         0 |         0 |         0 |         0 |   37.8412 |         0 |         0 |         0 |         0 |         0 |
|          Energy DRAM [J]          |    0.3075 |         0 |         0 |         0 |         0 |         0 |         0 |         0 |         0 |         0 |         0 |         0 |         0 |         0 |    0.2496 |         0 |         0 |         0 |         0 |         0 |         0 |         0 |         0 |         0 |         0 |         0 |         0 |         0 |    0.2377 |         0 |         0 |         0 |         0 |         0 |
|           Power DRAM [W]          |    4.4705 |         0 |         0 |         0 |         0 |         0 |         0 |         0 |         0 |         0 |         0 |         0 |         0 |         0 |    3.6256 |         0 |         0 |         0 |         0 |         0 |         0 |         0 |         0 |         0 |         0 |         0 |         0 |         0 |    3.4535 |         0 |         0 |         0 |         0 |         0 |
|            DP [MFLOP/s]           |  119.2588 |   76.7897 |   76.0304 |   75.9927 |   74.8866 |   74.7396 |   74.7118 |   74.8329 |   73.4962 |   73.4494 |   73.0976 |   73.1920 |   73.1376 |   73.1860 |   76.7800 |   72.7053 |   70.9612 |   69.7281 |   69.5729 |   69.6404 |   69.6187 |   69.5191 |   69.3597 |   69.5442 |   69.4549 |   69.5537 |   69.3692 |   69.5665 |   72.9106 |   68.5660 |   68.4005 |   68.5899 |   65.3581 |   64.1845 |
|          AVX DP [MFLOP/s]         |    1.4599 |         0 |         0 |         0 |         0 |         0 |         0 |         0 |         0 |         0 |         0 |         0 |         0 |         0 |         0 |         0 |         0 |         0 |         0 |         0 |         0 |         0 |         0 |         0 |         0 |         0 |         0 |         0 |         0 |         0 |         0 |         0 |         0 |         0 |
|          Packed [MUOPS/s]         |    0.2726 |         0 |         0 |         0 |         0 |         0 |         0 |         0 |         0 |         0 |         0 |         0 |         0 |         0 |         0 |         0 |         0 |         0 |         0 |         0 |         0 |         0 |         0 |         0 |         0 |         0 |         0 |         0 |         0 |         0 |         0 |         0 |         0 |         0 |
|          Scalar [MUOPS/s]         |  117.6594 |   76.7897 |   76.0304 |   75.9927 |   74.8866 |   74.7396 |   74.7118 |   74.8329 |   73.4962 |   73.4494 |   73.0976 |   73.1920 |   73.1376 |   73.1860 |   76.7800 |   72.7053 |   70.9612 |   69.7281 |   69.5729 |   69.6404 |   69.6187 |   69.5191 |   69.3597 |   69.5442 |   69.4549 |   69.5537 |   69.3692 |   69.5665 |   72.9106 |   68.5660 |   68.4005 |   68.5899 |   65.3581 |   64.1845 |
|  Memory read bandwidth [MBytes/s] |  210.7100 |         0 |         0 |         0 |         0 |         0 |         0 |         0 |         0 |         0 |         0 |         0 |         0 |         0 |   44.1731 |         0 |         0 |         0 |         0 |         0 |         0 |         0 |         0 |         0 |         0 |         0 |         0 |         0 |   22.6273 |         0 |         0 |         0 |         0 |         0 |
|  Memory read data volume [GBytes] |    0.0145 |         0 |         0 |         0 |         0 |         0 |         0 |         0 |         0 |         0 |         0 |         0 |         0 |         0 |    0.0030 |         0 |         0 |         0 |         0 |         0 |         0 |         0 |         0 |         0 |         0 |         0 |         0 |         0 |    0.0016 |         0 |         0 |         0 |         0 |         0 |
| Memory write bandwidth [MBytes/s] |  559.2533 |         0 |         0 |         0 |         0 |         0 |         0 |         0 |         0 |         0 |         0 |         0 |         0 |         0 |   98.9401 |         0 |         0 |         0 |         0 |         0 |         0 |         0 |         0 |         0 |         0 |         0 |         0 |         0 |   59.9759 |         0 |         0 |         0 |         0 |         0 |
| Memory write data volume [GBytes] |    0.0385 |         0 |         0 |         0 |         0 |         0 |         0 |         0 |         0 |         0 |         0 |         0 |         0 |         0 |    0.0068 |         0 |         0 |         0 |         0 |         0 |         0 |         0 |         0 |         0 |         0 |         0 |         0 |         0 |    0.0041 |         0 |         0 |         0 |         0 |         0 |
|    Memory bandwidth [MBytes/s]    |  769.9633 |         0 |         0 |         0 |         0 |         0 |         0 |         0 |         0 |         0 |         0 |         0 |         0 |         0 |  143.1132 |         0 |         0 |         0 |         0 |         0 |         0 |         0 |         0 |         0 |         0 |         0 |         0 |         0 |   82.6032 |         0 |         0 |         0 |         0 |         0 |
|    Memory data volume [GBytes]    |    0.0530 |         0 |         0 |         0 |         0 |         0 |         0 |         0 |         0 |         0 |         0 |         0 |         0 |         0 |    0.0099 |         0 |         0 |         0 |         0 |         0 |         0 |         0 |         0 |         0 |         0 |         0 |         0 |         0 |    0.0057 |         0 |         0 |         0 |         0 |         0 |
|       Operational intensity       |    0.1549 |    0.1048 |    0.1038 |    0.1039 |    0.1023 |    0.1022 |    0.1020 |    0.1022 |    0.1003 |    0.1001 |    0.0998 |    0.1000 |    0.0998 |    0.1000 |    0.5365 |    0.5337 |    0.5204 |    0.5116 |    0.5107 |    0.5116 |    0.5107 |    0.5102 |    0.5093 |    0.5103 |    0.5093 |    0.5103 |    0.5093 |    0.5103 |    0.8827 |    0.8717 |    0.8701 |    0.8715 |    0.8313 |    0.8166 |
+-----------------------------------+-----------+-----------+-----------+-----------+-----------+-----------+-----------+-----------+-----------+-----------+-----------+-----------+-----------+-----------+-----------+-----------+-----------+-----------+-----------+-----------+-----------+-----------+-----------+-----------+-----------+-----------+-----------+-----------+-----------+-----------+-----------+-----------+-----------+-----------+
+----------------------------------------+------------+-----------+-----------+-----------+
|                 Metric                 |     Sum    |    Min    |    Max    |    Avg    |
+----------------------------------------+------------+-----------+-----------+-----------+
|        Runtime (RDTSC) [s] STAT        |     2.4484 |    0.0688 |    0.0724 |    0.0720 |
|        Runtime unhalted [s] STAT       |     1.1900 |    0.0202 |    0.0396 |    0.0350 |
|            Clock [MHz] STAT            | 64432.5784 | 1894.2943 | 1895.7446 | 1895.0758 |
|                CPI STAT                |   141.0673 |    0.8066 |    4.8316 |    4.1490 |
|             Energy [J] STAT            |     9.3362 |         0 |    3.4037 |    0.2746 |
|             Power [W] STAT             |   135.6491 |         0 |   49.4315 |    3.9897 |
|          Energy DRAM [J] STAT          |     0.7948 |         0 |    0.3075 |    0.0234 |
|           Power DRAM [W] STAT          |    11.5496 |         0 |    4.4705 |    0.3397 |
|            DP [MFLOP/s] STAT           |  2480.1848 |   64.1845 |  119.2588 |   72.9466 |
|          AVX DP [MFLOP/s] STAT         |     1.4599 |         0 |    1.4599 |    0.0429 |
|          Packed [MUOPS/s] STAT         |     0.2726 |         0 |    0.2726 |    0.0080 |
|          Scalar [MUOPS/s] STAT         |  2478.5854 |   64.1845 |  117.6594 |   72.8996 |
|  Memory read bandwidth [MBytes/s] STAT |   277.5104 |         0 |  210.7100 |    8.1621 |
|  Memory read data volume [GBytes] STAT |     0.0191 |         0 |    0.0145 |    0.0006 |
| Memory write bandwidth [MBytes/s] STAT |   718.1693 |         0 |  559.2533 |   21.1226 |
| Memory write data volume [GBytes] STAT |     0.0494 |         0 |    0.0385 |    0.0015 |
|    Memory bandwidth [MBytes/s] STAT    |   995.6797 |         0 |  769.9633 |   29.2847 |
|    Memory data volume [GBytes] STAT    |     0.0686 |         0 |    0.0530 |    0.0020 |
|       Operational intensity STAT       |    13.8242 |    0.0998 |    0.8827 |    0.4066 |
+----------------------------------------+------------+-----------+-----------+-----------+
--------------------------------------------------------------------------------
CPU name:	Intel(R) Xeon(R) Gold 6132 CPU @ 2.60GHz
CPU type:	Intel Skylake SP processor
CPU clock:	2.59 GHz
--------------------------------------------------------------------------------
Region Solve, Group 1: MEM_DP
+-------------------+----------+----------+----------+----------+----------+----------+----------+----------+----------+----------+----------+----------+----------+----------+----------+----------+----------+----------+----------+----------+----------+----------+----------+----------+----------+----------+----------+----------+----------+----------+----------+----------+----------+----------+
|    Region Info    |  Core 0  |  Core 1  |  Core 2  |  Core 3  |  Core 4  |  Core 5  |  Core 6  |  Core 7  |  Core 8  |  Core 9  |  Core 10 |  Core 11 |  Core 12 |  Core 13 |  Core 14 |  Core 15 |  Core 16 |  Core 17 |  Core 18 |  Core 19 |  Core 20 |  Core 21 |  Core 22 |  Core 23 |  Core 24 |  Core 25 |  Core 26 |  Core 27 |  Core 28 |  Core 29 |  Core 30 |  Core 31 |  Core 32 |  Core 33 |
+-------------------+----------+----------+----------+----------+----------+----------+----------+----------+----------+----------+----------+----------+----------+----------+----------+----------+----------+----------+----------+----------+----------+----------+----------+----------+----------+----------+----------+----------+----------+----------+----------+----------+----------+----------+
| RDTSC Runtime [s] | 2.583814 | 2.585776 | 2.585764 | 2.585775 | 2.585770 | 2.585766 | 2.585790 | 2.585772 | 2.585779 | 2.585778 | 2.585705 | 2.585775 | 2.585770 | 2.585778 | 2.583807 | 2.585784 | 2.585786 | 2.585782 | 2.585786 | 2.585798 | 2.585794 | 2.585721 | 2.585726 | 2.585790 | 2.585789 | 2.585793 | 2.585772 | 2.585716 | 2.583810 | 2.585703 | 2.585704 | 2.585780 | 2.585711 | 2.585791 |
|     call count    |        1 |        1 |        1 |        1 |        1 |        1 |        1 |        1 |        1 |        1 |        1 |        1 |        1 |        1 |        1 |        1 |        1 |        1 |        1 |        1 |        1 |        1 |        1 |        1 |        1 |        1 |        1 |        1 |        1 |        1 |        1 |        1 |        1 |        1 |
+-------------------+----------+----------+----------+----------+----------+----------+----------+----------+----------+----------+----------+----------+----------+----------+----------+----------+----------+----------+----------+----------+----------+----------+----------+----------+----------+----------+----------+----------+----------+----------+----------+----------+----------+----------+
+------------------------------------------+---------+------------+------------+------------+------------+------------+------------+------------+------------+------------+------------+------------+------------+------------+------------+------------+------------+------------+------------+------------+------------+------------+------------+------------+------------+------------+------------+------------+------------+------------+------------+------------+------------+------------+------------+
|                   Event                  | Counter |   Core 0   |   Core 1   |   Core 2   |   Core 3   |   Core 4   |   Core 5   |   Core 6   |   Core 7   |   Core 8   |   Core 9   |   Core 10  |   Core 11  |   Core 12  |   Core 13  |   Core 14  |   Core 15  |   Core 16  |   Core 17  |   Core 18  |   Core 19  |   Core 20  |   Core 21  |   Core 22  |   Core 23  |   Core 24  |   Core 25  |   Core 26  |   Core 27  |   Core 28  |   Core 29  |   Core 30  |   Core 31  |   Core 32  |   Core 33  |
+------------------------------------------+---------+------------+------------+------------+------------+------------+------------+------------+------------+------------+------------+------------+------------+------------+------------+------------+------------+------------+------------+------------+------------+------------+------------+------------+------------+------------+------------+------------+------------+------------+------------+------------+------------+------------+------------+
|             INSTR_RETIRED_ANY            |  FIXC0  | 5131500000 | 4967579000 | 4857748000 | 4926601000 | 4819590000 | 4814220000 | 4885264000 | 4761081000 | 4739647000 | 4724699000 | 4724336000 | 4730041000 | 4854826000 | 4655492000 | 4614783000 | 4577547000 | 4498082000 | 4470582000 | 4365947000 | 4368604000 | 4373395000 | 4373197000 | 4366701000 | 4361266000 | 4561495000 | 4222838000 | 4165100000 | 4174020000 | 4182640000 | 4157369000 | 4128442000 | 4118916000 | 4009513000 | 4507071000 |
|           CPU_CLK_UNHALTED_CORE          |  FIXC1  | 4811966000 | 4851045000 | 4876232000 | 4824145000 | 4878121000 | 4877886000 | 4779294000 | 4878145000 | 4877104000 | 4878496000 | 4878589000 | 4878055000 | 4680088000 | 4876054000 | 4857071000 | 4862662000 | 4864496000 | 4865566000 | 4864211000 | 4863668000 | 4863919000 | 4864365000 | 4864220000 | 4862114000 | 4467880000 | 4864574000 | 4863792000 | 4864122000 | 4864675000 | 4866089000 | 4869311000 | 4869207000 | 4868479000 | 4069999000 |
|           CPU_CLK_UNHALTED_REF           |  FIXC2  | 6584802000 | 6638275000 | 6672747000 | 6601419000 | 6675329000 | 6675013000 | 6540131000 | 6675368000 | 6673941000 | 6675849000 | 6675965000 | 6675246000 | 6404391000 | 6672500000 | 6646522000 | 6654168000 | 6656691000 | 6658150000 | 6656293000 | 6655554000 | 6655888000 | 6656503000 | 6656310000 | 6653425000 | 6113978000 | 6656795000 | 6655717000 | 6656171000 | 6656931000 | 6658868000 | 6663279000 | 6663133000 | 6662138000 | 5569071000 |
|              PWR_PKG_ENERGY              |   PWR0  |   137.4218 |          0 |          0 |          0 |          0 |          0 |          0 |          0 |          0 |          0 |          0 |          0 |          0 |          0 |   141.3474 |          0 |          0 |          0 |          0 |          0 |          0 |          0 |          0 |          0 |          0 |          0 |          0 |          0 |   100.4001 |          0 |          0 |          0 |          0 |          0 |
|              PWR_DRAM_ENERGY             |   PWR3  |     9.8603 |          0 |          0 |          0 |          0 |          0 |          0 |          0 |          0 |          0 |          0 |          0 |          0 |          0 |     9.3351 |          0 |          0 |          0 |          0 |          0 |          0 |          0 |          0 |          0 |          0 |          0 |          0 |          0 |     8.3846 |          0 |          0 |          0 |          0 |          0 |
| FP_ARITH_INST_RETIRED_128B_PACKED_DOUBLE |   PMC0  |      22816 |          0 |          0 |          0 |          0 |          0 |          0 |          0 |          0 |          0 |          0 |          0 |          0 |          0 |          0 |          0 |          0 |          0 |          0 |          0 |          0 |          0 |          0 |          0 |          0 |          0 |          0 |          0 |          0 |          0 |          0 |          0 |          0 |          0 |
|    FP_ARITH_INST_RETIRED_SCALAR_DOUBLE   |   PMC1  | 1481813000 | 1427210000 | 1416083000 | 1419099000 | 1407527000 | 1402841000 | 1391058000 | 1383444000 | 1376461000 | 1372149000 | 1371816000 | 1373630000 | 1361047000 | 1346990000 | 1331651000 | 1319689000 | 1290803000 | 1281588000 | 1250646000 | 1252389000 | 1257070000 | 1259962000 | 1258885000 | 1257475000 | 1231245000 | 1214162000 | 1197605000 | 1201613000 | 1206699000 | 1201090000 | 1192196000 | 1185280000 | 1141501000 | 1128177000 |
| FP_ARITH_INST_RETIRED_256B_PACKED_DOUBLE |   PMC2  |      26128 |          0 |          0 |          0 |          0 |          0 |          0 |          0 |          0 |          0 |          0 |          0 |          0 |          0 |          0 |          0 |          0 |          0 |          0 |          0 |          0 |          0 |          0 |          0 |          0 |          0 |          0 |          0 |          0 |          0 |          0 |          0 |          0 |          0 |
| FP_ARITH_INST_RETIRED_512B_PACKED_DOUBLE |   PMC3  |      58742 |          0 |          0 |          0 |          0 |          0 |          0 |          0 |          0 |          0 |          0 |          0 |          0 |          0 |          0 |          0 |          0 |          0 |          0 |          0 |          0 |          0 |          0 |          0 |          0 |          0 |          0 |          0 |          0 |          0 |          0 |          0 |          0 |          0 |
|               CAS_COUNT_RD               | MBOX0C0 |    2101206 |          0 |          0 |          0 |          0 |          0 |          0 |          0 |          0 |          0 |          0 |          0 |          0 |          0 |    1083106 |          0 |          0 |          0 |          0 |          0 |          0 |          0 |          0 |          0 |          0 |          0 |          0 |          0 |     531306 |          0 |          0 |          0 |          0 |          0 |
|               CAS_COUNT_WR               | MBOX0C1 |    2511608 |          0 |          0 |          0 |          0 |          0 |          0 |          0 |          0 |          0 |          0 |          0 |          0 |          0 |    1216665 |          0 |          0 |          0 |          0 |          0 |          0 |          0 |          0 |          0 |          0 |          0 |          0 |          0 |     611750 |          0 |          0 |          0 |          0 |          0 |
|               CAS_COUNT_RD               | MBOX1C0 |    2288194 |          0 |          0 |          0 |          0 |          0 |          0 |          0 |          0 |          0 |          0 |          0 |          0 |          0 |    1208711 |          0 |          0 |          0 |          0 |          0 |          0 |          0 |          0 |          0 |          0 |          0 |          0 |          0 |     530302 |          0 |          0 |          0 |          0 |          0 |
|               CAS_COUNT_WR               | MBOX1C1 |    2662517 |          0 |          0 |          0 |          0 |          0 |          0 |          0 |          0 |          0 |          0 |          0 |          0 |          0 |    1388135 |          0 |          0 |          0 |          0 |          0 |          0 |          0 |          0 |          0 |          0 |          0 |          0 |          0 |     582896 |          0 |          0 |          0 |          0 |          0 |
|               CAS_COUNT_RD               | MBOX2C0 |    2081674 |          0 |          0 |          0 |          0 |          0 |          0 |          0 |          0 |          0 |          0 |          0 |          0 |          0 |    1090914 |          0 |          0 |          0 |          0 |          0 |          0 |          0 |          0 |          0 |          0 |          0 |          0 |          0 |     502273 |          0 |          0 |          0 |          0 |          0 |
|               CAS_COUNT_WR               | MBOX2C1 |    2504448 |          0 |          0 |          0 |          0 |          0 |          0 |          0 |          0 |          0 |          0 |          0 |          0 |          0 |    1234665 |          0 |          0 |          0 |          0 |          0 |          0 |          0 |          0 |          0 |          0 |          0 |          0 |          0 |     593212 |          0 |          0 |          0 |          0 |          0 |
|               CAS_COUNT_RD               | MBOX3C0 |    2115933 |          0 |          0 |          0 |          0 |          0 |          0 |          0 |          0 |          0 |          0 |          0 |          0 |          0 |    1032314 |          0 |          0 |          0 |          0 |          0 |          0 |          0 |          0 |          0 |          0 |          0 |          0 |          0 |     472297 |          0 |          0 |          0 |          0 |          0 |
|               CAS_COUNT_WR               | MBOX3C1 |    2566221 |          0 |          0 |          0 |          0 |          0 |          0 |          0 |          0 |          0 |          0 |          0 |          0 |          0 |    1166702 |          0 |          0 |          0 |          0 |          0 |          0 |          0 |          0 |          0 |          0 |          0 |          0 |          0 |     547673 |          0 |          0 |          0 |          0 |          0 |
|               CAS_COUNT_RD               | MBOX4C0 |    2097319 |          0 |          0 |          0 |          0 |          0 |          0 |          0 |          0 |          0 |          0 |          0 |          0 |          0 |    1062145 |          0 |          0 |          0 |          0 |          0 |          0 |          0 |          0 |          0 |          0 |          0 |          0 |          0 |     482309 |          0 |          0 |          0 |          0 |          0 |
|               CAS_COUNT_WR               | MBOX4C1 |    2477911 |          0 |          0 |          0 |          0 |          0 |          0 |          0 |          0 |          0 |          0 |          0 |          0 |          0 |    1203289 |          0 |          0 |          0 |          0 |          0 |          0 |          0 |          0 |          0 |          0 |          0 |          0 |          0 |     566522 |          0 |          0 |          0 |          0 |          0 |
|               CAS_COUNT_RD               | MBOX5C0 |    2118038 |          0 |          0 |          0 |          0 |          0 |          0 |          0 |          0 |          0 |          0 |          0 |          0 |          0 |    1038313 |          0 |          0 |          0 |          0 |          0 |          0 |          0 |          0 |          0 |          0 |          0 |          0 |          0 |     488159 |          0 |          0 |          0 |          0 |          0 |
|               CAS_COUNT_WR               | MBOX5C1 |    2522286 |          0 |          0 |          0 |          0 |          0 |          0 |          0 |          0 |          0 |          0 |          0 |          0 |          0 |    1173440 |          0 |          0 |          0 |          0 |          0 |          0 |          0 |          0 |          0 |          0 |          0 |          0 |          0 |     550610 |          0 |          0 |          0 |          0 |          0 |
+------------------------------------------+---------+------------+------------+------------+------------+------------+------------+------------+------------+------------+------------+------------+------------+------------+------------+------------+------------+------------+------------+------------+------------+------------+------------+------------+------------+------------+------------+------------+------------+------------+------------+------------+------------+------------+------------+
+-----------------------------------------------+---------+--------------+------------+------------+--------------+
|                     Event                     | Counter |      Sum     |     Min    |     Max    |      Avg     |
+-----------------------------------------------+---------+--------------+------------+------------+--------------+
|             INSTR_RETIRED_ANY STAT            |  FIXC0  | 154190132000 | 4009513000 | 5131500000 | 4.535004e+09 |
|           CPU_CLK_UNHALTED_CORE STAT          |  FIXC1  | 163945640000 | 4069999000 | 4878589000 | 4.821931e+09 |
|           CPU_CLK_UNHALTED_REF STAT           |  FIXC2  | 224346561000 | 5569071000 | 6675965000 | 6.598428e+09 |
|              PWR_PKG_ENERGY STAT              |   PWR0  |     379.1693 |          0 |   141.3474 |      11.1520 |
|              PWR_DRAM_ENERGY STAT             |   PWR3  |      27.5800 |          0 |     9.8603 |       0.8112 |
| FP_ARITH_INST_RETIRED_128B_PACKED_DOUBLE STAT |   PMC0  |        22816 |          0 |      22816 |     671.0588 |
|    FP_ARITH_INST_RETIRED_SCALAR_DOUBLE STAT   |   PMC1  |  44190894000 | 1128177000 | 1481813000 | 1.299732e+09 |
| FP_ARITH_INST_RETIRED_256B_PACKED_DOUBLE STAT |   PMC2  |        26128 |          0 |      26128 |     768.4706 |
| FP_ARITH_INST_RETIRED_512B_PACKED_DOUBLE STAT |   PMC3  |        58742 |          0 |      58742 |    1727.7059 |
|               CAS_COUNT_RD STAT               | MBOX0C0 |      3715618 |          0 |    2101206 |  109282.8824 |
|               CAS_COUNT_WR STAT               | MBOX0C1 |      4340023 |          0 |    2511608 |  127647.7353 |
|               CAS_COUNT_RD STAT               | MBOX1C0 |      4027207 |          0 |    2288194 |  118447.2647 |
|               CAS_COUNT_WR STAT               | MBOX1C1 |      4633548 |          0 |    2662517 |  136280.8235 |
|               CAS_COUNT_RD STAT               | MBOX2C0 |      3674861 |          0 |    2081674 |  108084.1471 |
|               CAS_COUNT_WR STAT               | MBOX2C1 |      4332325 |          0 |    2504448 |  127421.3235 |
|               CAS_COUNT_RD STAT               | MBOX3C0 |      3620544 |          0 |    2115933 |  106486.5882 |
|               CAS_COUNT_WR STAT               | MBOX3C1 |      4280596 |          0 |    2566221 |  125899.8824 |
|               CAS_COUNT_RD STAT               | MBOX4C0 |      3641773 |          0 |    2097319 |  107110.9706 |
|               CAS_COUNT_WR STAT               | MBOX4C1 |      4247722 |          0 |    2477911 |       124933 |
|               CAS_COUNT_RD STAT               | MBOX5C0 |      3644510 |          0 |    2118038 |  107191.4706 |
|               CAS_COUNT_WR STAT               | MBOX5C1 |      4246336 |          0 |    2522286 |  124892.2353 |
+-----------------------------------------------+---------+--------------+------------+------------+--------------+
+-----------------------------------+-----------+-----------+-----------+-----------+-----------+-----------+-----------+-----------+-----------+-----------+-----------+-----------+-----------+-----------+-----------+-----------+-----------+-----------+-----------+-----------+-----------+-----------+-----------+-----------+-----------+-----------+-----------+-----------+-----------+-----------+-----------+-----------+-----------+-----------+
|               Metric              |   Core 0  |   Core 1  |   Core 2  |   Core 3  |   Core 4  |   Core 5  |   Core 6  |   Core 7  |   Core 8  |   Core 9  |  Core 10  |  Core 11  |  Core 12  |  Core 13  |  Core 14  |  Core 15  |  Core 16  |  Core 17  |  Core 18  |  Core 19  |  Core 20  |  Core 21  |  Core 22  |  Core 23  |  Core 24  |  Core 25  |  Core 26  |  Core 27  |  Core 28  |  Core 29  |  Core 30  |  Core 31  |  Core 32  |  Core 33  |
+-----------------------------------+-----------+-----------+-----------+-----------+-----------+-----------+-----------+-----------+-----------+-----------+-----------+-----------+-----------+-----------+-----------+-----------+-----------+-----------+-----------+-----------+-----------+-----------+-----------+-----------+-----------+-----------+-----------+-----------+-----------+-----------+-----------+-----------+-----------+-----------+
|        Runtime (RDTSC) [s]        |    2.5838 |    2.5858 |    2.5858 |    2.5858 |    2.5858 |    2.5858 |    2.5858 |    2.5858 |    2.5858 |    2.5858 |    2.5857 |    2.5858 |    2.5858 |    2.5858 |    2.5838 |    2.5858 |    2.5858 |    2.5858 |    2.5858 |    2.5858 |    2.5858 |    2.5857 |    2.5857 |    2.5858 |    2.5858 |    2.5858 |    2.5858 |    2.5857 |    2.5838 |    2.5857 |    2.5857 |    2.5858 |    2.5857 |    2.5858 |
|        Runtime unhalted [s]       |    1.8553 |    1.8704 |    1.8801 |    1.8600 |    1.8808 |    1.8807 |    1.8427 |    1.8808 |    1.8804 |    1.8810 |    1.8810 |    1.8808 |    1.8045 |    1.8800 |    1.8727 |    1.8749 |    1.8756 |    1.8760 |    1.8755 |    1.8753 |    1.8754 |    1.8755 |    1.8755 |    1.8747 |    1.7227 |    1.8756 |    1.8753 |    1.8754 |    1.8756 |    1.8762 |    1.8774 |    1.8774 |    1.8771 |    1.5692 |
|            Clock [MHz]            | 1895.3225 | 1895.3235 | 1895.3219 | 1895.3366 | 1895.3228 | 1895.3212 | 1895.3115 | 1895.3210 | 1895.3217 | 1895.3208 | 1895.3240 | 1895.3207 | 1895.3066 | 1895.3229 | 1895.3233 | 1895.3246 | 1895.3209 | 1895.3223 | 1895.3231 | 1895.3220 | 1895.3247 | 1895.3233 | 1895.3218 | 1895.3227 | 1895.3129 | 1895.3216 | 1895.3239 | 1895.3232 | 1895.3223 | 1895.3217 | 1895.3211 | 1895.3222 | 1895.3218 | 1895.4609 |
|                CPI                |    0.9377 |    0.9765 |    1.0038 |    0.9792 |    1.0121 |    1.0132 |    0.9783 |    1.0246 |    1.0290 |    1.0326 |    1.0327 |    1.0313 |    0.9640 |    1.0474 |    1.0525 |    1.0623 |    1.0815 |    1.0884 |    1.1141 |    1.1133 |    1.1122 |    1.1123 |    1.1139 |    1.1148 |    0.9795 |    1.1520 |    1.1677 |    1.1653 |    1.1631 |    1.1705 |    1.1795 |    1.1822 |    1.2142 |    0.9030 |
|             Energy [J]            |  137.4218 |         0 |         0 |         0 |         0 |         0 |         0 |         0 |         0 |         0 |         0 |         0 |         0 |         0 |  141.3474 |         0 |         0 |         0 |         0 |         0 |         0 |         0 |         0 |         0 |         0 |         0 |         0 |         0 |  100.4001 |         0 |         0 |         0 |         0 |         0 |
|             Power [W]             |   53.1856 |         0 |         0 |         0 |         0 |         0 |         0 |         0 |         0 |         0 |         0 |         0 |         0 |         0 |   54.7051 |         0 |         0 |         0 |         0 |         0 |         0 |         0 |         0 |         0 |         0 |         0 |         0 |         0 |   38.8574 |         0 |         0 |         0 |         0 |         0 |
|          Energy DRAM [J]          |    9.8603 |         0 |         0 |         0 |         0 |         0 |         0 |         0 |         0 |         0 |         0 |         0 |         0 |         0 |    9.3351 |         0 |         0 |         0 |         0 |         0 |         0 |         0 |         0 |         0 |         0 |         0 |         0 |         0 |    8.3846 |         0 |         0 |         0 |         0 |         0 |
|           Power DRAM [W]          |    3.8162 |         0 |         0 |         0 |         0 |         0 |         0 |         0 |         0 |         0 |         0 |         0 |         0 |         0 |    3.6129 |         0 |         0 |         0 |         0 |         0 |         0 |         0 |         0 |         0 |         0 |         0 |         0 |         0 |    3.2450 |         0 |         0 |         0 |         0 |         0 |
|            DP [MFLOP/s]           |  573.7383 |  551.9465 |  547.6459 |  548.8099 |  544.3357 |  542.5243 |  537.9625 |  535.0216 |  532.3197 |  530.6523 |  530.5385 |  531.2256 |  526.3604 |  520.9225 |  515.3833 |  510.3632 |  499.1917 |  495.6288 |  483.6618 |  484.3337 |  486.1447 |  487.2769 |  486.8594 |  486.3021 |  476.1583 |  469.5511 |  463.1518 |  464.7119 |  467.0231 |  464.5120 |  461.0721 |  458.3839 |  441.4650 |  436.2986 |
|          AVX DP [MFLOP/s]         |    0.2223 |         0 |         0 |         0 |         0 |         0 |         0 |         0 |         0 |         0 |         0 |         0 |         0 |         0 |         0 |         0 |         0 |         0 |         0 |         0 |         0 |         0 |         0 |         0 |         0 |         0 |         0 |         0 |         0 |         0 |         0 |         0 |         0 |         0 |
|          Packed [MUOPS/s]         |    0.0417 |         0 |         0 |         0 |         0 |         0 |         0 |         0 |         0 |         0 |         0 |         0 |         0 |         0 |         0 |         0 |         0 |         0 |         0 |         0 |         0 |         0 |         0 |         0 |         0 |         0 |         0 |         0 |         0 |         0 |         0 |         0 |         0 |         0 |
|          Scalar [MUOPS/s]         |  573.4983 |  551.9465 |  547.6459 |  548.8099 |  544.3357 |  542.5243 |  537.9625 |  535.0216 |  532.3197 |  530.6523 |  530.5385 |  531.2256 |  526.3604 |  520.9225 |  515.3833 |  510.3632 |  499.1917 |  495.6288 |  483.6618 |  484.3337 |  486.1447 |  487.2769 |  486.8594 |  486.3021 |  476.1583 |  469.5511 |  463.1518 |  464.7119 |  467.0231 |  464.5120 |  461.0721 |  458.3839 |  441.4650 |  436.2986 |
|  Memory read bandwidth [MBytes/s] |  317.1092 |         0 |         0 |         0 |         0 |         0 |         0 |         0 |         0 |         0 |         0 |         0 |         0 |         0 |  161.3867 |         0 |         0 |         0 |         0 |         0 |         0 |         0 |         0 |         0 |         0 |         0 |         0 |         0 |   74.4735 |         0 |         0 |         0 |         0 |         0 |
|  Memory read data volume [GBytes] |    0.8194 |         0 |         0 |         0 |         0 |         0 |         0 |         0 |         0 |         0 |         0 |         0 |         0 |         0 |    0.4170 |         0 |         0 |         0 |         0 |         0 |         0 |         0 |         0 |         0 |         0 |         0 |         0 |         0 |    0.1924 |         0 |         0 |         0 |         0 |         0 |
| Memory write bandwidth [MBytes/s] |  377.6121 |         0 |         0 |         0 |         0 |         0 |         0 |         0 |         0 |         0 |         0 |         0 |         0 |         0 |  182.8718 |         0 |         0 |         0 |         0 |         0 |         0 |         0 |         0 |         0 |         0 |         0 |         0 |         0 |   85.5212 |         0 |         0 |         0 |         0 |         0 |
| Memory write data volume [GBytes] |    0.9757 |         0 |         0 |         0 |         0 |         0 |         0 |         0 |         0 |         0 |         0 |         0 |         0 |         0 |    0.4725 |         0 |         0 |         0 |         0 |         0 |         0 |         0 |         0 |         0 |         0 |         0 |         0 |         0 |    0.2210 |         0 |         0 |         0 |         0 |         0 |
|    Memory bandwidth [MBytes/s]    |  694.7213 |         0 |         0 |         0 |         0 |         0 |         0 |         0 |         0 |         0 |         0 |         0 |         0 |         0 |  344.2585 |         0 |         0 |         0 |         0 |         0 |         0 |         0 |         0 |         0 |         0 |         0 |         0 |         0 |  159.9946 |         0 |         0 |         0 |         0 |         0 |
|    Memory data volume [GBytes]    |    1.7950 |         0 |         0 |         0 |         0 |         0 |         0 |         0 |         0 |         0 |         0 |         0 |         0 |         0 |    0.8895 |         0 |         0 |         0 |         0 |         0 |         0 |         0 |         0 |         0 |         0 |         0 |         0 |         0 |    0.4134 |         0 |         0 |         0 |         0 |         0 |
|       Operational intensity       |    0.8259 |    0.7951 |    0.7889 |    0.7906 |    0.7841 |    0.7815 |    0.7749 |    0.7707 |    0.7668 |    0.7644 |    0.7642 |    0.7652 |    0.7582 |    0.7504 |    1.4971 |    1.4836 |    1.4512 |    1.4408 |    1.4060 |    1.4080 |    1.4132 |    1.4165 |    1.4153 |    1.4137 |    1.3842 |    1.3650 |    1.3464 |    1.3509 |    2.9190 |    2.9054 |    2.8839 |    2.8672 |    2.7613 |    2.7290 |
+-----------------------------------+-----------+-----------+-----------+-----------+-----------+-----------+-----------+-----------+-----------+-----------+-----------+-----------+-----------+-----------+-----------+-----------+-----------+-----------+-----------+-----------+-----------+-----------+-----------+-----------+-----------+-----------+-----------+-----------+-----------+-----------+-----------+-----------+-----------+-----------+
+----------------------------------------+------------+-----------+-----------+-----------+
|                 Metric                 |     Sum    |    Min    |    Max    |    Avg    |
+----------------------------------------+------------+-----------+-----------+-----------+
|        Runtime (RDTSC) [s] STAT        |    87.9105 |    2.5838 |    2.5858 |    2.5856 |
|        Runtime unhalted [s] STAT       |    63.2115 |    1.5692 |    1.8810 |    1.8592 |
|            Clock [MHz] STAT            | 64441.0780 | 1895.3066 | 1895.4609 | 1895.3258 |
|                CPI STAT                |    36.3047 |    0.9030 |    1.2142 |    1.0678 |
|             Energy [J] STAT            |   379.1693 |         0 |  141.3474 |   11.1520 |
|             Power [W] STAT             |   146.7481 |         0 |   54.7051 |    4.3161 |
|          Energy DRAM [J] STAT          |    27.5800 |         0 |    9.8603 |    0.8112 |
|           Power DRAM [W] STAT          |    10.6741 |         0 |    3.8162 |    0.3139 |
|            DP [MFLOP/s] STAT           | 17091.4771 |  436.2986 |  573.7383 |  502.6905 |
|          AVX DP [MFLOP/s] STAT         |     0.2223 |         0 |    0.2223 |    0.0065 |
|          Packed [MUOPS/s] STAT         |     0.0417 |         0 |    0.0417 |    0.0012 |
|          Scalar [MUOPS/s] STAT         | 17091.2371 |  436.2986 |  573.4983 |  502.6834 |
|  Memory read bandwidth [MBytes/s] STAT |   552.9694 |         0 |  317.1092 |   16.2638 |
|  Memory read data volume [GBytes] STAT |     1.4288 |         0 |    0.8194 |    0.0420 |
| Memory write bandwidth [MBytes/s] STAT |   646.0051 |         0 |  377.6121 |   19.0001 |
| Memory write data volume [GBytes] STAT |     1.6692 |         0 |    0.9757 |    0.0491 |
|    Memory bandwidth [MBytes/s] STAT    |  1198.9744 |         0 |  694.7213 |   35.2640 |
|    Memory data volume [GBytes] STAT    |     3.0979 |         0 |    1.7950 |    0.0911 |
|       Operational intensity STAT       |    47.7386 |    0.7504 |    2.9190 |    1.4041 |
+----------------------------------------+------------+-----------+-----------+-----------+
