--------------------------------------------------------------------------------
CPU name:	Intel(R) Xeon(R) Gold 6132 CPU @ 2.60GHz
CPU type:	Intel Skylake SP processor
CPU clock:	2.59 GHz
--------------------------------------------------------------------------------
Region Setup, Group 1: MEM_DP
+-------------------+----------+----------+----------+----------+----------+----------+----------+----------+----------+----------+----------+----------+----------+----------+----------+----------+----------+
|    Region Info    |  Core 0  |  Core 1  |  Core 2  |  Core 3  |  Core 4  |  Core 5  |  Core 6  |  Core 7  |  Core 8  |  Core 9  |  Core 10 |  Core 11 |  Core 12 |  Core 13 |  Core 14 |  Core 15 |  Core 16 |
+-------------------+----------+----------+----------+----------+----------+----------+----------+----------+----------+----------+----------+----------+----------+----------+----------+----------+----------+
| RDTSC Runtime [s] | 0.067653 | 0.069640 | 0.069616 | 0.069639 | 0.069679 | 0.069637 | 0.069638 | 0.069691 | 0.069583 | 0.069659 | 0.069610 | 0.069649 | 0.069586 | 0.069695 | 0.067870 | 0.069618 | 0.069607 |
|     call count    |        2 |        2 |        2 |        2 |        2 |        2 |        2 |        2 |        2 |        2 |        2 |        2 |        2 |        2 |        2 |        2 |        2 |
+-------------------+----------+----------+----------+----------+----------+----------+----------+----------+----------+----------+----------+----------+----------+----------+----------+----------+----------+
+------------------------------------------+---------+----------+-----------+-----------+-----------+-----------+-----------+-----------+-----------+-----------+-----------+-----------+-----------+-----------+-----------+-----------+-----------+-----------+
|                   Event                  | Counter |  Core 0  |   Core 1  |   Core 2  |   Core 3  |   Core 4  |   Core 5  |   Core 6  |   Core 7  |   Core 8  |   Core 9  |  Core 10  |  Core 11  |  Core 12  |  Core 13  |  Core 14  |  Core 15  |  Core 16  |
+------------------------------------------+---------+----------+-----------+-----------+-----------+-----------+-----------+-----------+-----------+-----------+-----------+-----------+-----------+-----------+-----------+-----------+-----------+-----------+
|             INSTR_RETIRED_ANY            |  FIXC0  | 81737230 |  39816220 |  39690870 |  39719560 |  39398150 |  39535700 |  39389110 |  39320000 |  39070070 |  39080640 |  38965750 |  38986540 |  38713580 |  38731680 |  38781950 |  37912030 |  37130980 |
|           CPU_CLK_UNHALTED_CORE          |  FIXC1  | 56223480 |  89881260 |  90323240 |  91174150 |  90596000 |  95020240 |  91909700 |  90451030 |  91001760 |  92926200 |  90988840 |  91463790 |  90989580 |  91239020 |  92661790 |  90492780 |  91188710 |
|           CPU_CLK_UNHALTED_REF           |  FIXC2  | 76951060 | 122995200 | 123599900 | 124764000 | 123973100 | 130028000 | 125771900 | 123774700 | 124528000 | 127163100 | 124512800 | 125160800 | 124512200 | 124852800 | 126874200 | 123921700 | 124868100 |
|              PWR_PKG_ENERGY              |   PWR0  |   3.2928 |         0 |         0 |         0 |         0 |         0 |         0 |         0 |         0 |         0 |         0 |         0 |         0 |         0 |    2.2944 |         0 |         0 |
|              PWR_DRAM_ENERGY             |   PWR3  |   0.2886 |         0 |         0 |         0 |         0 |         0 |         0 |         0 |         0 |         0 |         0 |         0 |         0 |         0 |    0.2308 |         0 |         0 |
| FP_ARITH_INST_RETIRED_128B_PACKED_DOUBLE |   PMC0  |     4800 |         0 |         0 |         0 |         0 |         0 |         0 |         0 |         0 |         0 |         0 |         0 |         0 |         0 |         0 |         0 |         0 |
|    FP_ARITH_INST_RETIRED_SCALAR_DOUBLE   |   PMC1  | 13134530 |  10582070 |  10541050 |  10535580 |  10444570 |  10430480 |  10430820 |  10430460 |  10342600 |  10321130 |  10314560 |  10315090 |  10243550 |  10243760 |  10243790 |  10001100 |   9756542 |
| FP_ARITH_INST_RETIRED_256B_PACKED_DOUBLE |   PMC2  |     2800 |         0 |         0 |         0 |         0 |         0 |         0 |         0 |         0 |         0 |         0 |         0 |         0 |         0 |         0 |         0 |         0 |
| FP_ARITH_INST_RETIRED_512B_PACKED_DOUBLE |   PMC3  |    11152 |         0 |         0 |         0 |         0 |         0 |         0 |         0 |         0 |         0 |         0 |         0 |         0 |         0 |         0 |         0 |         0 |
|               CAS_COUNT_RD               | MBOX0C0 |    38808 |         0 |         0 |         0 |         0 |         0 |         0 |         0 |         0 |         0 |         0 |         0 |         0 |         0 |      5407 |         0 |         0 |
|               CAS_COUNT_WR               | MBOX0C1 |    89563 |         0 |         0 |         0 |         0 |         0 |         0 |         0 |         0 |         0 |         0 |         0 |         0 |         0 |     10589 |         0 |         0 |
|               CAS_COUNT_RD               | MBOX1C0 |    39194 |         0 |         0 |         0 |         0 |         0 |         0 |         0 |         0 |         0 |         0 |         0 |         0 |         0 |      5290 |         0 |         0 |
|               CAS_COUNT_WR               | MBOX1C1 |    90559 |         0 |         0 |         0 |         0 |         0 |         0 |         0 |         0 |         0 |         0 |         0 |         0 |         0 |     10518 |         0 |         0 |
|               CAS_COUNT_RD               | MBOX2C0 |    39704 |         0 |         0 |         0 |         0 |         0 |         0 |         0 |         0 |         0 |         0 |         0 |         0 |         0 |      5916 |         0 |         0 |
|               CAS_COUNT_WR               | MBOX2C1 |    91328 |         0 |         0 |         0 |         0 |         0 |         0 |         0 |         0 |         0 |         0 |         0 |         0 |         0 |     11283 |         0 |         0 |
|               CAS_COUNT_RD               | MBOX3C0 |    27346 |         0 |         0 |         0 |         0 |         0 |         0 |         0 |         0 |         0 |         0 |         0 |         0 |         0 |      2928 |         0 |         0 |
|               CAS_COUNT_WR               | MBOX3C1 |    86037 |         0 |         0 |         0 |         0 |         0 |         0 |         0 |         0 |         0 |         0 |         0 |         0 |         0 |      8680 |         0 |         0 |
|               CAS_COUNT_RD               | MBOX4C0 |    44328 |         0 |         0 |         0 |         0 |         0 |         0 |         0 |         0 |         0 |         0 |         0 |         0 |         0 |      3454 |         0 |         0 |
|               CAS_COUNT_WR               | MBOX4C1 |   108889 |         0 |         0 |         0 |         0 |         0 |         0 |         0 |         0 |         0 |         0 |         0 |         0 |         0 |      9448 |         0 |         0 |
|               CAS_COUNT_RD               | MBOX5C0 |    23188 |         0 |         0 |         0 |         0 |         0 |         0 |         0 |         0 |         0 |         0 |         0 |         0 |         0 |      2825 |         0 |         0 |
|               CAS_COUNT_WR               | MBOX5C1 |    80779 |         0 |         0 |         0 |         0 |         0 |         0 |         0 |         0 |         0 |         0 |         0 |         0 |         0 |      8503 |         0 |         0 |
+------------------------------------------+---------+----------+-----------+-----------+-----------+-----------+-----------+-----------+-----------+-----------+-----------+-----------+-----------+-----------+-----------+-----------+-----------+-----------+
+-----------------------------------------------+---------+------------+----------+-----------+--------------+
|                     Event                     | Counter |     Sum    |    Min   |    Max    |      Avg     |
+-----------------------------------------------+---------+------------+----------+-----------+--------------+
|             INSTR_RETIRED_ANY STAT            |  FIXC0  |  705980060 | 37130980 |  81737230 | 4.152824e+07 |
|           CPU_CLK_UNHALTED_CORE STAT          |  FIXC1  | 1518531570 | 56223480 |  95020240 | 8.932539e+07 |
|           CPU_CLK_UNHALTED_REF STAT           |  FIXC2  | 2078251560 | 76951060 | 130028000 | 1.222501e+08 |
|              PWR_PKG_ENERGY STAT              |   PWR0  |     5.5872 |        0 |    3.2928 |       0.3287 |
|              PWR_DRAM_ENERGY STAT             |   PWR3  |     0.5194 |        0 |    0.2886 |       0.0306 |
| FP_ARITH_INST_RETIRED_128B_PACKED_DOUBLE STAT |   PMC0  |       4800 |        0 |      4800 |     282.3529 |
|    FP_ARITH_INST_RETIRED_SCALAR_DOUBLE STAT   |   PMC1  |  178311682 |  9756542 |  13134530 | 1.048892e+07 |
| FP_ARITH_INST_RETIRED_256B_PACKED_DOUBLE STAT |   PMC2  |       2800 |        0 |      2800 |     164.7059 |
| FP_ARITH_INST_RETIRED_512B_PACKED_DOUBLE STAT |   PMC3  |      11152 |        0 |     11152 |          656 |
|               CAS_COUNT_RD STAT               | MBOX0C0 |      44215 |        0 |     38808 |    2600.8824 |
|               CAS_COUNT_WR STAT               | MBOX0C1 |     100152 |        0 |     89563 |    5891.2941 |
|               CAS_COUNT_RD STAT               | MBOX1C0 |      44484 |        0 |     39194 |    2616.7059 |
|               CAS_COUNT_WR STAT               | MBOX1C1 |     101077 |        0 |     90559 |    5945.7059 |
|               CAS_COUNT_RD STAT               | MBOX2C0 |      45620 |        0 |     39704 |    2683.5294 |
|               CAS_COUNT_WR STAT               | MBOX2C1 |     102611 |        0 |     91328 |    6035.9412 |
|               CAS_COUNT_RD STAT               | MBOX3C0 |      30274 |        0 |     27346 |    1780.8235 |
|               CAS_COUNT_WR STAT               | MBOX3C1 |      94717 |        0 |     86037 |    5571.5882 |
|               CAS_COUNT_RD STAT               | MBOX4C0 |      47782 |        0 |     44328 |    2810.7059 |
|               CAS_COUNT_WR STAT               | MBOX4C1 |     118337 |        0 |    108889 |         6961 |
|               CAS_COUNT_RD STAT               | MBOX5C0 |      26013 |        0 |     23188 |    1530.1765 |
|               CAS_COUNT_WR STAT               | MBOX5C1 |      89282 |        0 |     80779 |    5251.8824 |
+-----------------------------------------------+---------+------------+----------+-----------+--------------+
+-----------------------------------+-----------+-----------+-----------+-----------+-----------+-----------+-----------+-----------+-----------+-----------+-----------+-----------+-----------+-----------+-----------+-----------+-----------+
|               Metric              |   Core 0  |   Core 1  |   Core 2  |   Core 3  |   Core 4  |   Core 5  |   Core 6  |   Core 7  |   Core 8  |   Core 9  |  Core 10  |  Core 11  |  Core 12  |  Core 13  |  Core 14  |  Core 15  |  Core 16  |
+-----------------------------------+-----------+-----------+-----------+-----------+-----------+-----------+-----------+-----------+-----------+-----------+-----------+-----------+-----------+-----------+-----------+-----------+-----------+
|        Runtime (RDTSC) [s]        |    0.0677 |    0.0696 |    0.0696 |    0.0696 |    0.0697 |    0.0696 |    0.0696 |    0.0697 |    0.0696 |    0.0697 |    0.0696 |    0.0696 |    0.0696 |    0.0697 |    0.0679 |    0.0696 |    0.0696 |
|        Runtime unhalted [s]       |    0.0217 |    0.0347 |    0.0348 |    0.0352 |    0.0349 |    0.0366 |    0.0354 |    0.0349 |    0.0351 |    0.0358 |    0.0351 |    0.0353 |    0.0351 |    0.0352 |    0.0357 |    0.0349 |    0.0352 |
|            Clock [MHz]            | 1895.1104 | 1895.4503 | 1895.4520 | 1895.4566 | 1895.4528 | 1895.4426 | 1895.4360 | 1895.4531 | 1895.4581 | 1895.4332 | 1895.4203 | 1895.4497 | 1895.4449 | 1895.4561 | 1894.3437 | 1894.0785 | 1894.1788 |
|                CPI                |    0.6879 |    2.2574 |    2.2757 |    2.2954 |    2.2995 |    2.4034 |    2.3334 |    2.3004 |    2.3292 |    2.3778 |    2.3351 |    2.3460 |    2.3503 |    2.3557 |    2.3893 |    2.3869 |    2.4559 |
|             Energy [J]            |    3.2928 |         0 |         0 |         0 |         0 |         0 |         0 |         0 |         0 |         0 |         0 |         0 |         0 |         0 |    2.2944 |         0 |         0 |
|             Power [W]             |   48.6716 |         0 |         0 |         0 |         0 |         0 |         0 |         0 |         0 |         0 |         0 |         0 |         0 |         0 |   33.8065 |         0 |         0 |
|          Energy DRAM [J]          |    0.2886 |         0 |         0 |         0 |         0 |         0 |         0 |         0 |         0 |         0 |         0 |         0 |         0 |         0 |    0.2308 |         0 |         0 |
|           Power DRAM [W]          |    4.2653 |         0 |         0 |         0 |         0 |         0 |         0 |         0 |         0 |         0 |         0 |         0 |         0 |         0 |    3.4000 |         0 |         0 |
|            DP [MFLOP/s]           |  195.7715 |  151.9549 |  151.4178 |  151.2886 |  149.8964 |  149.7835 |  149.7871 |  149.6681 |  148.6366 |  148.1662 |  148.1774 |  148.1003 |  147.2075 |  146.9802 |  150.9336 |  143.6568 |  140.1664 |
|          AVX DP [MFLOP/s]         |    1.4843 |         0 |         0 |         0 |         0 |         0 |         0 |         0 |         0 |         0 |         0 |         0 |         0 |         0 |         0 |         0 |         0 |
|          Packed [MUOPS/s]         |    0.2772 |         0 |         0 |         0 |         0 |         0 |         0 |         0 |         0 |         0 |         0 |         0 |         0 |         0 |         0 |         0 |         0 |
|          Scalar [MUOPS/s]         |  194.1453 |  151.9549 |  151.4178 |  151.2886 |  149.8964 |  149.7835 |  149.7871 |  149.6681 |  148.6366 |  148.1662 |  148.1774 |  148.1003 |  147.2075 |  146.9802 |  150.9336 |  143.6568 |  140.1664 |
|  Memory read bandwidth [MBytes/s] |  201.0899 |         0 |         0 |         0 |         0 |         0 |         0 |         0 |         0 |         0 |         0 |         0 |         0 |         0 |   24.3479 |         0 |         0 |
|  Memory read data volume [GBytes] |    0.0136 |         0 |         0 |         0 |         0 |         0 |         0 |         0 |         0 |         0 |         0 |         0 |         0 |         0 |    0.0017 |         0 |         0 |
| Memory write bandwidth [MBytes/s] |  517.6101 |         0 |         0 |         0 |         0 |         0 |         0 |         0 |         0 |         0 |         0 |         0 |         0 |         0 |   55.6560 |         0 |         0 |
| Memory write data volume [GBytes] |    0.0350 |         0 |         0 |         0 |         0 |         0 |         0 |         0 |         0 |         0 |         0 |         0 |         0 |         0 |    0.0038 |         0 |         0 |
|    Memory bandwidth [MBytes/s]    |  718.7001 |         0 |         0 |         0 |         0 |         0 |         0 |         0 |         0 |         0 |         0 |         0 |         0 |         0 |   80.0039 |         0 |         0 |
|    Memory data volume [GBytes]    |    0.0486 |         0 |         0 |         0 |         0 |         0 |         0 |         0 |         0 |         0 |         0 |         0 |         0 |         0 |    0.0054 |         0 |         0 |
|       Operational intensity       |    0.2724 |    0.2176 |    0.2168 |    0.2167 |    0.2148 |    0.2145 |    0.2145 |    0.2145 |    0.2127 |    0.2123 |    0.2121 |    0.2121 |    0.2107 |    0.2107 |    1.8866 |    1.8419 |    1.7968 |
+-----------------------------------+-----------+-----------+-----------+-----------+-----------+-----------+-----------+-----------+-----------+-----------+-----------+-----------+-----------+-----------+-----------+-----------+-----------+
+----------------------------------------+------------+-----------+-----------+-----------+
|                 Metric                 |     Sum    |    Min    |    Max    |    Avg    |
+----------------------------------------+------------+-----------+-----------+-----------+
|        Runtime (RDTSC) [s] STAT        |     1.1800 |    0.0677 |    0.0697 |    0.0694 |
|        Runtime unhalted [s] STAT       |     0.5856 |    0.0217 |    0.0366 |    0.0344 |
|            Clock [MHz] STAT            | 32218.5171 | 1894.0785 | 1895.4581 | 1895.2069 |
|                CPI STAT                |    38.1793 |    0.6879 |    2.4559 |    2.2458 |
|             Energy [J] STAT            |     5.5872 |         0 |    3.2928 |    0.3287 |
|             Power [W] STAT             |    82.4781 |         0 |   48.6716 |    4.8517 |
|          Energy DRAM [J] STAT          |     0.5194 |         0 |    0.2886 |    0.0306 |
|           Power DRAM [W] STAT          |     7.6653 |         0 |    4.2653 |    0.4509 |
|            DP [MFLOP/s] STAT           |  2571.5929 |  140.1664 |  195.7715 |  151.2702 |
|          AVX DP [MFLOP/s] STAT         |     1.4843 |         0 |    1.4843 |    0.0873 |
|          Packed [MUOPS/s] STAT         |     0.2772 |         0 |    0.2772 |    0.0163 |
|          Scalar [MUOPS/s] STAT         |  2569.9667 |  140.1664 |  194.1453 |  151.1745 |
|  Memory read bandwidth [MBytes/s] STAT |   225.4378 |         0 |  201.0899 |   13.2610 |
|  Memory read data volume [GBytes] STAT |     0.0153 |         0 |    0.0136 |    0.0009 |
| Memory write bandwidth [MBytes/s] STAT |   573.2661 |         0 |  517.6101 |   33.7215 |
| Memory write data volume [GBytes] STAT |     0.0388 |         0 |    0.0350 |    0.0023 |
|    Memory bandwidth [MBytes/s] STAT    |   798.7040 |         0 |  718.7001 |   46.9826 |
|    Memory data volume [GBytes] STAT    |     0.0540 |         0 |    0.0486 |    0.0032 |
|       Operational intensity STAT       |     8.5777 |    0.2107 |    1.8866 |    0.5046 |
+----------------------------------------+------------+-----------+-----------+-----------+
--------------------------------------------------------------------------------
CPU name:	Intel(R) Xeon(R) Gold 6132 CPU @ 2.60GHz
CPU type:	Intel Skylake SP processor
CPU clock:	2.59 GHz
--------------------------------------------------------------------------------
Region Solve, Group 1: MEM_DP
+-------------------+----------+----------+----------+----------+----------+----------+----------+----------+----------+----------+----------+----------+----------+----------+----------+----------+----------+
|    Region Info    |  Core 0  |  Core 1  |  Core 2  |  Core 3  |  Core 4  |  Core 5  |  Core 6  |  Core 7  |  Core 8  |  Core 9  |  Core 10 |  Core 11 |  Core 12 |  Core 13 |  Core 14 |  Core 15 |  Core 16 |
+-------------------+----------+----------+----------+----------+----------+----------+----------+----------+----------+----------+----------+----------+----------+----------+----------+----------+----------+
| RDTSC Runtime [s] | 3.549345 | 3.550375 | 3.550376 | 3.550379 | 3.550379 | 3.550374 | 3.550431 | 3.550379 | 3.550376 | 3.550379 | 3.550379 | 3.550383 | 3.550386 | 3.550376 | 3.549373 | 3.550376 | 3.550442 |
|     call count    |        1 |        1 |        1 |        1 |        1 |        1 |        1 |        1 |        1 |        1 |        1 |        1 |        1 |        1 |        1 |        1 |        1 |
+-------------------+----------+----------+----------+----------+----------+----------+----------+----------+----------+----------+----------+----------+----------+----------+----------+----------+----------+
+------------------------------------------+---------+------------+------------+------------+------------+------------+------------+------------+------------+------------+------------+------------+------------+------------+------------+------------+------------+------------+
|                   Event                  | Counter |   Core 0   |   Core 1   |   Core 2   |   Core 3   |   Core 4   |   Core 5   |   Core 6   |   Core 7   |   Core 8   |   Core 9   |   Core 10  |   Core 11  |   Core 12  |   Core 13  |   Core 14  |   Core 15  |   Core 16  |
+------------------------------------------+---------+------------+------------+------------+------------+------------+------------+------------+------------+------------+------------+------------+------------+------------+------------+------------+------------+------------+
|             INSTR_RETIRED_ANY            |  FIXC0  | 9474178000 | 9230661000 | 9117898000 | 9151701000 | 9019320000 | 9014843000 | 9108458000 | 8901418000 | 8792606000 | 8746676000 | 8759306000 | 8744279000 | 8838978000 | 8634679000 | 8630724000 | 8498055000 | 9167794000 |
|           CPU_CLK_UNHALTED_CORE          |  FIXC1  | 6639814000 | 6668959000 | 6699756000 | 6650325000 | 6699831000 | 6700883000 | 6601197000 | 6701801000 | 6701428000 | 6702449000 | 6700798000 | 6701786000 | 6502979000 | 6700548000 | 6689896000 | 6698600000 | 5491303000 |
|           CPU_CLK_UNHALTED_REF           |  FIXC2  | 9086069000 | 9125962000 | 9168097000 | 9100375000 | 9168200000 | 9169636000 | 9033207000 | 9170887000 | 9170387000 | 9171773000 | 9169516000 | 9170872000 | 8898875000 | 9169176000 | 9154600000 | 9166525000 | 7515783000 |
|              PWR_PKG_ENERGY              |   PWR0  |   197.4442 |          0 |          0 |          0 |          0 |          0 |          0 |          0 |          0 |          0 |          0 |          0 |          0 |          0 |   125.2197 |          0 |          0 |
|              PWR_DRAM_ENERGY             |   PWR3  |    13.8378 |          0 |          0 |          0 |          0 |          0 |          0 |          0 |          0 |          0 |          0 |          0 |          0 |          0 |    12.5115 |          0 |          0 |
| FP_ARITH_INST_RETIRED_128B_PACKED_DOUBLE |   PMC0  |      22816 |          0 |          0 |          0 |          0 |          0 |          0 |          0 |          0 |          0 |          0 |          0 |          0 |          0 |          0 |          0 |          0 |
|    FP_ARITH_INST_RETIRED_SCALAR_DOUBLE   |   PMC1  | 2772746000 | 2706098000 | 2692181000 | 2671141000 | 2652637000 | 2651085000 | 2643194000 | 2600651000 | 2567469000 | 2553377000 | 2567594000 | 2568043000 | 2547287000 | 2535704000 | 2543265000 | 2495397000 | 2423014000 |
| FP_ARITH_INST_RETIRED_256B_PACKED_DOUBLE |   PMC2  |      26128 |          0 |          0 |          0 |          0 |          0 |          0 |          0 |          0 |          0 |          0 |          0 |          0 |          0 |          0 |          0 |          0 |
| FP_ARITH_INST_RETIRED_512B_PACKED_DOUBLE |   PMC3  |      58742 |          0 |          0 |          0 |          0 |          0 |          0 |          0 |          0 |          0 |          0 |          0 |          0 |          0 |          0 |          0 |          0 |
|               CAS_COUNT_RD               | MBOX0C0 |    4623951 |          0 |          0 |          0 |          0 |          0 |          0 |          0 |          0 |          0 |          0 |          0 |          0 |          0 |     618578 |          0 |          0 |
|               CAS_COUNT_WR               | MBOX0C1 |    2036192 |          0 |          0 |          0 |          0 |          0 |          0 |          0 |          0 |          0 |          0 |          0 |          0 |          0 |     704551 |          0 |          0 |
|               CAS_COUNT_RD               | MBOX1C0 |    4634638 |          0 |          0 |          0 |          0 |          0 |          0 |          0 |          0 |          0 |          0 |          0 |          0 |          0 |     606848 |          0 |          0 |
|               CAS_COUNT_WR               | MBOX1C1 |    2043071 |          0 |          0 |          0 |          0 |          0 |          0 |          0 |          0 |          0 |          0 |          0 |          0 |          0 |     716216 |          0 |          0 |
|               CAS_COUNT_RD               | MBOX2C0 |    4644856 |          0 |          0 |          0 |          0 |          0 |          0 |          0 |          0 |          0 |          0 |          0 |          0 |          0 |     625248 |          0 |          0 |
|               CAS_COUNT_WR               | MBOX2C1 |    2041175 |          0 |          0 |          0 |          0 |          0 |          0 |          0 |          0 |          0 |          0 |          0 |          0 |          0 |     741089 |          0 |          0 |
|               CAS_COUNT_RD               | MBOX3C0 |    4658471 |          0 |          0 |          0 |          0 |          0 |          0 |          0 |          0 |          0 |          0 |          0 |          0 |          0 |     560928 |          0 |          0 |
|               CAS_COUNT_WR               | MBOX3C1 |    2061832 |          0 |          0 |          0 |          0 |          0 |          0 |          0 |          0 |          0 |          0 |          0 |          0 |          0 |     654193 |          0 |          0 |
|               CAS_COUNT_RD               | MBOX4C0 |    4603404 |          0 |          0 |          0 |          0 |          0 |          0 |          0 |          0 |          0 |          0 |          0 |          0 |          0 |     603429 |          0 |          0 |
|               CAS_COUNT_WR               | MBOX4C1 |    2034044 |          0 |          0 |          0 |          0 |          0 |          0 |          0 |          0 |          0 |          0 |          0 |          0 |          0 |     690376 |          0 |          0 |
|               CAS_COUNT_RD               | MBOX5C0 |    4607211 |          0 |          0 |          0 |          0 |          0 |          0 |          0 |          0 |          0 |          0 |          0 |          0 |          0 |     744405 |          0 |          0 |
|               CAS_COUNT_WR               | MBOX5C1 |    2025882 |          0 |          0 |          0 |          0 |          0 |          0 |          0 |          0 |          0 |          0 |          0 |          0 |          0 |     914084 |          0 |          0 |
+------------------------------------------+---------+------------+------------+------------+------------+------------+------------+------------+------------+------------+------------+------------+------------+------------+------------+------------+------------+------------+
+-----------------------------------------------+---------+--------------+------------+------------+--------------+
|                     Event                     | Counter |      Sum     |     Min    |     Max    |      Avg     |
+-----------------------------------------------+---------+--------------+------------+------------+--------------+
|             INSTR_RETIRED_ANY STAT            |  FIXC0  | 151831574000 | 8498055000 | 9474178000 | 8.931269e+09 |
|           CPU_CLK_UNHALTED_CORE STAT          |  FIXC1  | 112252353000 | 5491303000 | 6702449000 | 6.603080e+09 |
|           CPU_CLK_UNHALTED_REF STAT           |  FIXC2  | 153609940000 | 7515783000 | 9171773000 | 9.035879e+09 |
|              PWR_PKG_ENERGY STAT              |   PWR0  |     322.6639 |          0 |   197.4442 |      18.9802 |
|              PWR_DRAM_ENERGY STAT             |   PWR3  |      26.3493 |          0 |    13.8378 |       1.5500 |
| FP_ARITH_INST_RETIRED_128B_PACKED_DOUBLE STAT |   PMC0  |        22816 |          0 |      22816 |    1342.1176 |
|    FP_ARITH_INST_RETIRED_SCALAR_DOUBLE STAT   |   PMC1  |  44190883000 | 2423014000 | 2772746000 | 2.599464e+09 |
| FP_ARITH_INST_RETIRED_256B_PACKED_DOUBLE STAT |   PMC2  |        26128 |          0 |      26128 |    1536.9412 |
| FP_ARITH_INST_RETIRED_512B_PACKED_DOUBLE STAT |   PMC3  |        58742 |          0 |      58742 |    3455.4118 |
|               CAS_COUNT_RD STAT               | MBOX0C0 |      5242529 |          0 |    4623951 |  308384.0588 |
|               CAS_COUNT_WR STAT               | MBOX0C1 |      2740743 |          0 |    2036192 |  161220.1765 |
|               CAS_COUNT_RD STAT               | MBOX1C0 |      5241486 |          0 |    4634638 |  308322.7059 |
|               CAS_COUNT_WR STAT               | MBOX1C1 |      2759287 |          0 |    2043071 |       162311 |
|               CAS_COUNT_RD STAT               | MBOX2C0 |      5270104 |          0 |    4644856 |  310006.1176 |
|               CAS_COUNT_WR STAT               | MBOX2C1 |      2782264 |          0 |    2041175 |  163662.5882 |
|               CAS_COUNT_RD STAT               | MBOX3C0 |      5219399 |          0 |    4658471 |  307023.4706 |
|               CAS_COUNT_WR STAT               | MBOX3C1 |      2716025 |          0 |    2061832 |  159766.1765 |
|               CAS_COUNT_RD STAT               | MBOX4C0 |      5206833 |          0 |    4603404 |  306284.2941 |
|               CAS_COUNT_WR STAT               | MBOX4C1 |      2724420 |          0 |    2034044 |       160260 |
|               CAS_COUNT_RD STAT               | MBOX5C0 |      5351616 |          0 |    4607211 |  314800.9412 |
|               CAS_COUNT_WR STAT               | MBOX5C1 |      2939966 |          0 |    2025882 |  172939.1765 |
+-----------------------------------------------+---------+--------------+------------+------------+--------------+
+-----------------------------------+-----------+-----------+-----------+-----------+-----------+-----------+-----------+-----------+-----------+-----------+-----------+-----------+-----------+-----------+-----------+-----------+-----------+
|               Metric              |   Core 0  |   Core 1  |   Core 2  |   Core 3  |   Core 4  |   Core 5  |   Core 6  |   Core 7  |   Core 8  |   Core 9  |  Core 10  |  Core 11  |  Core 12  |  Core 13  |  Core 14  |  Core 15  |  Core 16  |
+-----------------------------------+-----------+-----------+-----------+-----------+-----------+-----------+-----------+-----------+-----------+-----------+-----------+-----------+-----------+-----------+-----------+-----------+-----------+
|        Runtime (RDTSC) [s]        |    3.5493 |    3.5504 |    3.5504 |    3.5504 |    3.5504 |    3.5504 |    3.5504 |    3.5504 |    3.5504 |    3.5504 |    3.5504 |    3.5504 |    3.5504 |    3.5504 |    3.5494 |    3.5504 |    3.5504 |
|        Runtime unhalted [s]       |    2.5599 |    2.5711 |    2.5830 |    2.5640 |    2.5830 |    2.5835 |    2.5450 |    2.5838 |    2.5837 |    2.5841 |    2.5834 |    2.5838 |    2.5072 |    2.5833 |    2.5792 |    2.5826 |    2.1171 |
|            Clock [MHz]            | 1895.4455 | 1895.4433 | 1895.4450 | 1895.4616 | 1895.4450 | 1895.4457 | 1895.4492 | 1895.4468 | 1895.4446 | 1895.4469 | 1895.4465 | 1895.4456 | 1895.4339 | 1895.4460 | 1895.4459 | 1895.4430 | 1895.1020 |
|                CPI                |    0.7008 |    0.7225 |    0.7348 |    0.7267 |    0.7428 |    0.7433 |    0.7247 |    0.7529 |    0.7622 |    0.7663 |    0.7650 |    0.7664 |    0.7357 |    0.7760 |    0.7751 |    0.7883 |    0.5990 |
|             Energy [J]            |  197.4442 |         0 |         0 |         0 |         0 |         0 |         0 |         0 |         0 |         0 |         0 |         0 |         0 |         0 |  125.2197 |         0 |         0 |
|             Power [W]             |   55.6283 |         0 |         0 |         0 |         0 |         0 |         0 |         0 |         0 |         0 |         0 |         0 |         0 |         0 |   35.2794 |         0 |         0 |
|          Energy DRAM [J]          |   13.8378 |         0 |         0 |         0 |         0 |         0 |         0 |         0 |         0 |         0 |         0 |         0 |         0 |         0 |   12.5115 |         0 |         0 |
|           Power DRAM [W]          |    3.8987 |         0 |         0 |         0 |         0 |         0 |         0 |         0 |         0 |         0 |         0 |         0 |         0 |         0 |    3.5250 |         0 |         0 |
|            DP [MFLOP/s]           |  781.3741 |  762.2006 |  758.2805 |  752.3538 |  747.1419 |  746.7058 |  744.4713 |  732.4995 |  723.1541 |  719.1843 |  723.1887 |  723.3144 |  717.4676 |  714.2072 |  716.5392 |  702.8543 |  682.4542 |
|          AVX DP [MFLOP/s]         |    0.1618 |         0 |         0 |         0 |         0 |         0 |         0 |         0 |         0 |         0 |         0 |         0 |         0 |         0 |         0 |         0 |         0 |
|          Packed [MUOPS/s]         |    0.0303 |         0 |         0 |         0 |         0 |         0 |         0 |         0 |         0 |         0 |         0 |         0 |         0 |         0 |         0 |         0 |         0 |
|          Scalar [MUOPS/s]         |  781.1993 |  762.2006 |  758.2805 |  752.3538 |  747.1419 |  746.7058 |  744.4713 |  732.4995 |  723.1541 |  719.1843 |  723.1887 |  723.3144 |  717.4676 |  714.2072 |  716.5392 |  702.8543 |  682.4542 |
|  Memory read bandwidth [MBytes/s] |  500.7803 |         0 |         0 |         0 |         0 |         0 |         0 |         0 |         0 |         0 |         0 |         0 |         0 |         0 |   67.7877 |         0 |         0 |
|  Memory read data volume [GBytes] |    1.7774 |         0 |         0 |         0 |         0 |         0 |         0 |         0 |         0 |         0 |         0 |         0 |         0 |         0 |    0.2406 |         0 |         0 |
| Memory write bandwidth [MBytes/s] |  220.7451 |         0 |         0 |         0 |         0 |         0 |         0 |         0 |         0 |         0 |         0 |         0 |         0 |         0 |   79.7078 |         0 |         0 |
| Memory write data volume [GBytes] |    0.7835 |         0 |         0 |         0 |         0 |         0 |         0 |         0 |         0 |         0 |         0 |         0 |         0 |         0 |    0.2829 |         0 |         0 |
|    Memory bandwidth [MBytes/s]    |  721.5254 |         0 |         0 |         0 |         0 |         0 |         0 |         0 |         0 |         0 |         0 |         0 |         0 |         0 |  147.4955 |         0 |         0 |
|    Memory data volume [GBytes]    |    2.5609 |         0 |         0 |         0 |         0 |         0 |         0 |         0 |         0 |         0 |         0 |         0 |         0 |         0 |    0.5235 |         0 |         0 |
|       Operational intensity       |    1.0829 |    1.0567 |    1.0512 |    1.0430 |    1.0358 |    1.0352 |    1.0321 |    1.0155 |    1.0025 |    0.9970 |    1.0026 |    1.0028 |    0.9947 |    0.9901 |    4.8580 |    4.7666 |    4.6283 |
+-----------------------------------+-----------+-----------+-----------+-----------+-----------+-----------+-----------+-----------+-----------+-----------+-----------+-----------+-----------+-----------+-----------+-----------+-----------+
+----------------------------------------+------------+-----------+-----------+-----------+
|                 Metric                 |     Sum    |    Min    |    Max    |    Avg    |
+----------------------------------------+------------+-----------+-----------+-----------+
|        Runtime (RDTSC) [s] STAT        |    60.3547 |    3.5493 |    3.5504 |    3.5503 |
|        Runtime unhalted [s] STAT       |    43.2777 |    2.1171 |    2.5841 |    2.5457 |
|            Clock [MHz] STAT            | 32222.2365 | 1895.1020 | 1895.4616 | 1895.4257 |
|                CPI STAT                |    12.5825 |    0.5990 |    0.7883 |    0.7401 |
|             Energy [J] STAT            |   322.6639 |         0 |  197.4442 |   18.9802 |
|             Power [W] STAT             |    90.9077 |         0 |   55.6283 |    5.3475 |
|          Energy DRAM [J] STAT          |    26.3493 |         0 |   13.8378 |    1.5500 |
|           Power DRAM [W] STAT          |     7.4237 |         0 |    3.8987 |    0.4367 |
|            DP [MFLOP/s] STAT           | 12447.3915 |  682.4542 |  781.3741 |  732.1995 |
|          AVX DP [MFLOP/s] STAT         |     0.1618 |         0 |    0.1618 |    0.0095 |
|          Packed [MUOPS/s] STAT         |     0.0303 |         0 |    0.0303 |    0.0018 |
|          Scalar [MUOPS/s] STAT         | 12447.2167 |  682.4542 |  781.1993 |  732.1892 |
|  Memory read bandwidth [MBytes/s] STAT |   568.5680 |         0 |  500.7803 |   33.4452 |
|  Memory read data volume [GBytes] STAT |     2.0180 |         0 |    1.7774 |    0.1187 |
| Memory write bandwidth [MBytes/s] STAT |   300.4529 |         0 |  220.7451 |   17.6737 |
| Memory write data volume [GBytes] STAT |     1.0664 |         0 |    0.7835 |    0.0627 |
|    Memory bandwidth [MBytes/s] STAT    |   869.0209 |         0 |  721.5254 |   51.1189 |
|    Memory data volume [GBytes] STAT    |     3.0844 |         0 |    2.5609 |    0.1814 |
|       Operational intensity STAT       |    28.5950 |    0.9901 |    4.8580 |    1.6821 |
+----------------------------------------+------------+-----------+-----------+-----------+
