--------------------------------------------------------------------------------
CPU name:	Intel(R) Xeon(R) Gold 6132 CPU @ 2.60GHz
CPU type:	Intel Skylake SP processor
CPU clock:	2.59 GHz
--------------------------------------------------------------------------------
Region Setup, Group 1: MEM_DP
+-------------------+----------+----------+----------+----------+----------+----------+----------+----------+----------+----------+----------+----------+----------+----------+----------+----------+----------+----------+----------+----------+----------+----------+----------+----------+----------+----------+----------+----------+----------+----------+
|    Region Info    |  Core 0  |  Core 1  |  Core 2  |  Core 3  |  Core 4  |  Core 5  |  Core 6  |  Core 7  |  Core 14 |  Core 15 |  Core 16 |  Core 17 |  Core 18 |  Core 19 |  Core 20 |  Core 21 |  Core 28 |  Core 29 |  Core 30 |  Core 31 |  Core 32 |  Core 33 |  Core 34 |  Core 42 |  Core 43 |  Core 44 |  Core 45 |  Core 46 |  Core 47 |  Core 48 |
+-------------------+----------+----------+----------+----------+----------+----------+----------+----------+----------+----------+----------+----------+----------+----------+----------+----------+----------+----------+----------+----------+----------+----------+----------+----------+----------+----------+----------+----------+----------+----------+
| RDTSC Runtime [s] | 0.071917 | 0.076671 | 0.076560 | 0.076660 | 0.076604 | 0.076510 | 0.076647 | 0.076620 | 0.072002 | 0.076659 | 0.076605 | 0.076627 | 0.076600 | 0.076664 | 0.076619 | 0.076618 | 0.072020 | 0.076641 | 0.076688 | 0.076585 | 0.076636 | 0.076667 | 0.076586 | 0.071996 | 0.076525 | 0.076595 | 0.076557 | 0.076573 | 0.076593 | 0.076543 |
|     call count    |        2 |        2 |        2 |        2 |        2 |        2 |        2 |        2 |        2 |        2 |        2 |        2 |        2 |        2 |        2 |        2 |        2 |        2 |        2 |        2 |        2 |        2 |        2 |        2 |        2 |        2 |        2 |        2 |        2 |        2 |
+-------------------+----------+----------+----------+----------+----------+----------+----------+----------+----------+----------+----------+----------+----------+----------+----------+----------+----------+----------+----------+----------+----------+----------+----------+----------+----------+----------+----------+----------+----------+----------+
+------------------------------------------+---------+----------+-----------+-----------+-----------+-----------+-----------+-----------+-----------+-----------+-----------+-----------+-----------+-----------+-----------+-----------+-----------+-----------+-----------+-----------+-----------+-----------+-----------+-----------+-----------+-----------+-----------+-----------+-----------+-----------+-----------+
|                   Event                  | Counter |  Core 0  |   Core 1  |   Core 2  |   Core 3  |   Core 4  |   Core 5  |   Core 6  |   Core 7  |  Core 14  |  Core 15  |  Core 16  |  Core 17  |  Core 18  |  Core 19  |  Core 20  |  Core 21  |  Core 28  |  Core 29  |  Core 30  |  Core 31  |  Core 32  |  Core 33  |  Core 34  |  Core 42  |  Core 43  |  Core 44  |  Core 45  |  Core 46  |  Core 47  |  Core 48  |
+------------------------------------------+---------+----------+-----------+-----------+-----------+-----------+-----------+-----------+-----------+-----------+-----------+-----------+-----------+-----------+-----------+-----------+-----------+-----------+-----------+-----------+-----------+-----------+-----------+-----------+-----------+-----------+-----------+-----------+-----------+-----------+-----------+
|             INSTR_RETIRED_ANY            |  FIXC0  | 67996100 |  26763890 |  26220630 |  25676950 |  25835010 |  25517880 |  25478690 |  24974110 |  24430590 |  24886420 |  25497610 |  24224800 |  23955560 |  24081750 |  24422220 |  24214620 |  23313280 |  23572950 |  23312800 |  23510170 |  23209510 |  22797040 |  23188600 |  22408420 |  23129250 |  22693970 |  22721380 |  22841310 |  23331780 |  22828380 |
|           CPU_CLK_UNHALTED_CORE          |  FIXC1  | 54773960 |  92148110 |  97191500 |  93361720 | 100816500 |  96722940 |  94794410 |  90721390 |  82045020 |  94448150 | 106531400 |  95488770 |  90441880 |  94264460 | 100328300 |  97298260 |  87371580 |  97110680 |  90583790 |  98580460 |  98454250 |  91719330 |  99099560 |  83611230 |  97517600 |  93234250 |  92696800 |  96291670 | 105528100 |  95806690 |
|           CPU_CLK_UNHALTED_REF           |  FIXC2  | 75007300 | 126125000 | 133027900 | 127810800 | 138022200 | 132411000 | 129785400 | 124182100 | 112330800 | 129766300 | 145814900 | 130845100 | 123806400 | 129032600 | 137358800 | 133202200 | 119582900 | 132942700 | 123974300 | 134968500 | 134793800 | 125567500 | 135641400 | 114460700 | 133513800 | 127655600 | 126890100 | 131809500 | 144446800 | 131163000 |
|              PWR_PKG_ENERGY              |   PWR0  |   3.0183 |         0 |         0 |         0 |         0 |         0 |         0 |         0 |    2.6525 |         0 |         0 |         0 |         0 |         0 |         0 |         0 |    2.7029 |         0 |         0 |         0 |         0 |         0 |         0 |    2.6588 |         0 |         0 |         0 |         0 |         0 |         0 |
|              PWR_DRAM_ENERGY             |   PWR3  |   0.3205 |         0 |         0 |         0 |         0 |         0 |         0 |         0 |    0.3082 |         0 |         0 |         0 |         0 |         0 |         0 |         0 |    0.2082 |         0 |         0 |         0 |         0 |         0 |         0 |    0.2502 |         0 |         0 |         0 |         0 |         0 |         0 |
| FP_ARITH_INST_RETIRED_128B_PACKED_DOUBLE |   PMC0  |     4800 |         0 |         0 |         0 |         0 |         0 |         0 |         0 |         0 |         0 |         0 |         0 |         0 |         0 |         0 |         0 |         0 |         0 |         0 |         0 |         0 |         0 |         0 |         0 |         0 |         0 |         0 |         0 |         0 |         0 |
|    FP_ARITH_INST_RETIRED_SCALAR_DOUBLE   |   PMC1  |  9020708 |   6673813 |   6426797 |   6313779 |   6245789 |   6222288 |   6231470 |   6149938 |   6098695 |   6068492 |   6070963 |   5862353 |   5838840 |   5835542 |   5838596 |   5834288 |   5715726 |   5670558 |   5673838 |   5635018 |   5530471 |   5514042 |   5517046 |   5514048 |   5517250 |   5460231 |   5463415 |   5460231 |   5463415 |   5444751 |
| FP_ARITH_INST_RETIRED_256B_PACKED_DOUBLE |   PMC2  |     2800 |         0 |         0 |         0 |         0 |         0 |         0 |         0 |         0 |         0 |         0 |         0 |         0 |         0 |         0 |         0 |         0 |         0 |         0 |         0 |         0 |         0 |         0 |         0 |         0 |         0 |         0 |         0 |         0 |         0 |
| FP_ARITH_INST_RETIRED_512B_PACKED_DOUBLE |   PMC3  |    11152 |         0 |         0 |         0 |         0 |         0 |         0 |         0 |         0 |         0 |         0 |         0 |         0 |         0 |         0 |         0 |         0 |         0 |         0 |         0 |         0 |         0 |         0 |         0 |         0 |         0 |         0 |         0 |         0 |         0 |
|               CAS_COUNT_RD               | MBOX0C0 |    52613 |         0 |         0 |         0 |         0 |         0 |         0 |         0 |     10585 |         0 |         0 |         0 |         0 |         0 |         0 |         0 |      6388 |         0 |         0 |         0 |         0 |         0 |         0 |      7414 |         0 |         0 |         0 |         0 |         0 |         0 |
|               CAS_COUNT_WR               | MBOX0C1 |    95049 |         0 |         0 |         0 |         0 |         0 |         0 |         0 |     18715 |         0 |         0 |         0 |         0 |         0 |         0 |         0 |     12113 |         0 |         0 |         0 |         0 |         0 |         0 |     14313 |         0 |         0 |         0 |         0 |         0 |         0 |
|               CAS_COUNT_RD               | MBOX1C0 |    34328 |         0 |         0 |         0 |         0 |         0 |         0 |         0 |     37709 |         0 |         0 |         0 |         0 |         0 |         0 |         0 |      6007 |         0 |         0 |         0 |         0 |         0 |         0 |      7882 |         0 |         0 |         0 |         0 |         0 |         0 |
|               CAS_COUNT_WR               | MBOX1C1 |    86562 |         0 |         0 |         0 |         0 |         0 |         0 |         0 |     45012 |         0 |         0 |         0 |         0 |         0 |         0 |         0 |     12014 |         0 |         0 |         0 |         0 |         0 |         0 |     14799 |         0 |         0 |         0 |         0 |         0 |         0 |
|               CAS_COUNT_RD               | MBOX2C0 |    33361 |         0 |         0 |         0 |         0 |         0 |         0 |         0 |     16862 |         0 |         0 |         0 |         0 |         0 |         0 |         0 |     10507 |         0 |         0 |         0 |         0 |         0 |         0 |     11201 |         0 |         0 |         0 |         0 |         0 |         0 |
|               CAS_COUNT_WR               | MBOX2C1 |    81117 |         0 |         0 |         0 |         0 |         0 |         0 |         0 |     25599 |         0 |         0 |         0 |         0 |         0 |         0 |         0 |     18266 |         0 |         0 |         0 |         0 |         0 |         0 |     20735 |         0 |         0 |         0 |         0 |         0 |         0 |
|               CAS_COUNT_RD               | MBOX3C0 |    27767 |         0 |         0 |         0 |         0 |         0 |         0 |         0 |      8434 |         0 |         0 |         0 |         0 |         0 |         0 |         0 |      4424 |         0 |         0 |         0 |         0 |         0 |         0 |      6639 |         0 |         0 |         0 |         0 |         0 |         0 |
|               CAS_COUNT_WR               | MBOX3C1 |    79891 |         0 |         0 |         0 |         0 |         0 |         0 |         0 |     16888 |         0 |         0 |         0 |         0 |         0 |         0 |         0 |     10533 |         0 |         0 |         0 |         0 |         0 |         0 |     14338 |         0 |         0 |         0 |         0 |         0 |         0 |
|               CAS_COUNT_RD               | MBOX4C0 |    23570 |         0 |         0 |         0 |         0 |         0 |         0 |         0 |     10425 |         0 |         0 |         0 |         0 |         0 |         0 |         0 |      4236 |         0 |         0 |         0 |         0 |         0 |         0 |      6659 |         0 |         0 |         0 |         0 |         0 |         0 |
|               CAS_COUNT_WR               | MBOX4C1 |    76641 |         0 |         0 |         0 |         0 |         0 |         0 |         0 |     18855 |         0 |         0 |         0 |         0 |         0 |         0 |         0 |     10624 |         0 |         0 |         0 |         0 |         0 |         0 |     14356 |         0 |         0 |         0 |         0 |         0 |         0 |
|               CAS_COUNT_RD               | MBOX5C0 |    20690 |         0 |         0 |         0 |         0 |         0 |         0 |         0 |     10019 |         0 |         0 |         0 |         0 |         0 |         0 |         0 |      4895 |         0 |         0 |         0 |         0 |         0 |         0 |      5712 |         0 |         0 |         0 |         0 |         0 |         0 |
|               CAS_COUNT_WR               | MBOX5C1 |    74852 |         0 |         0 |         0 |         0 |         0 |         0 |         0 |     19350 |         0 |         0 |         0 |         0 |         0 |         0 |         0 |     11176 |         0 |         0 |         0 |         0 |         0 |         0 |     13477 |         0 |         0 |         0 |         0 |         0 |         0 |
+------------------------------------------+---------+----------+-----------+-----------+-----------+-----------+-----------+-----------+-----------+-----------+-----------+-----------+-----------+-----------+-----------+-----------+-----------+-----------+-----------+-----------+-----------+-----------+-----------+-----------+-----------+-----------+-----------+-----------+-----------+-----------+-----------+
+-----------------------------------------------+---------+------------+----------+-----------+--------------+
|                     Event                     | Counter |     Sum    |    Min   |    Max    |      Avg     |
+-----------------------------------------------+---------+------------+----------+-----------+--------------+
|             INSTR_RETIRED_ANY STAT            |  FIXC0  |  767035670 | 22408420 |  67996100 | 2.556786e+07 |
|           CPU_CLK_UNHALTED_CORE STAT          |  FIXC1  | 2808982760 | 54773960 | 106531400 | 9.363276e+07 |
|           CPU_CLK_UNHALTED_REF STAT           |  FIXC2  | 3845939400 | 75007300 | 145814900 |    128197980 |
|              PWR_PKG_ENERGY STAT              |   PWR0  |    11.0325 |        0 |    3.0183 |       0.3677 |
|              PWR_DRAM_ENERGY STAT             |   PWR3  |     1.0871 |        0 |    0.3205 |       0.0362 |
| FP_ARITH_INST_RETIRED_128B_PACKED_DOUBLE STAT |   PMC0  |       4800 |        0 |      4800 |          160 |
|    FP_ARITH_INST_RETIRED_SCALAR_DOUBLE STAT   |   PMC1  |  178312391 |  5444751 |   9020708 | 5.943746e+06 |
| FP_ARITH_INST_RETIRED_256B_PACKED_DOUBLE STAT |   PMC2  |       2800 |        0 |      2800 |      93.3333 |
| FP_ARITH_INST_RETIRED_512B_PACKED_DOUBLE STAT |   PMC3  |      11152 |        0 |     11152 |     371.7333 |
|               CAS_COUNT_RD STAT               | MBOX0C0 |      77000 |        0 |     52613 |    2566.6667 |
|               CAS_COUNT_WR STAT               | MBOX0C1 |     140190 |        0 |     95049 |         4673 |
|               CAS_COUNT_RD STAT               | MBOX1C0 |      85926 |        0 |     37709 |    2864.2000 |
|               CAS_COUNT_WR STAT               | MBOX1C1 |     158387 |        0 |     86562 |    5279.5667 |
|               CAS_COUNT_RD STAT               | MBOX2C0 |      71931 |        0 |     33361 |    2397.7000 |
|               CAS_COUNT_WR STAT               | MBOX2C1 |     145717 |        0 |     81117 |    4857.2333 |
|               CAS_COUNT_RD STAT               | MBOX3C0 |      47264 |        0 |     27767 |    1575.4667 |
|               CAS_COUNT_WR STAT               | MBOX3C1 |     121650 |        0 |     79891 |         4055 |
|               CAS_COUNT_RD STAT               | MBOX4C0 |      44890 |        0 |     23570 |    1496.3333 |
|               CAS_COUNT_WR STAT               | MBOX4C1 |     120476 |        0 |     76641 |    4015.8667 |
|               CAS_COUNT_RD STAT               | MBOX5C0 |      41316 |        0 |     20690 |    1377.2000 |
|               CAS_COUNT_WR STAT               | MBOX5C1 |     118855 |        0 |     74852 |    3961.8333 |
+-----------------------------------------------+---------+------------+----------+-----------+--------------+
+-----------------------------------+-----------+-----------+-----------+-----------+-----------+-----------+-----------+-----------+-----------+-----------+-----------+-----------+-----------+-----------+-----------+-----------+-----------+-----------+-----------+-----------+-----------+-----------+-----------+-----------+-----------+-----------+-----------+-----------+-----------+-----------+
|               Metric              |   Core 0  |   Core 1  |   Core 2  |   Core 3  |   Core 4  |   Core 5  |   Core 6  |   Core 7  |  Core 14  |  Core 15  |  Core 16  |  Core 17  |  Core 18  |  Core 19  |  Core 20  |  Core 21  |  Core 28  |  Core 29  |  Core 30  |  Core 31  |  Core 32  |  Core 33  |  Core 34  |  Core 42  |  Core 43  |  Core 44  |  Core 45  |  Core 46  |  Core 47  |  Core 48  |
+-----------------------------------+-----------+-----------+-----------+-----------+-----------+-----------+-----------+-----------+-----------+-----------+-----------+-----------+-----------+-----------+-----------+-----------+-----------+-----------+-----------+-----------+-----------+-----------+-----------+-----------+-----------+-----------+-----------+-----------+-----------+-----------+
|        Runtime (RDTSC) [s]        |    0.0719 |    0.0767 |    0.0766 |    0.0767 |    0.0766 |    0.0765 |    0.0766 |    0.0766 |    0.0720 |    0.0767 |    0.0766 |    0.0766 |    0.0766 |    0.0767 |    0.0766 |    0.0766 |    0.0720 |    0.0766 |    0.0767 |    0.0766 |    0.0766 |    0.0767 |    0.0766 |    0.0720 |    0.0765 |    0.0766 |    0.0766 |    0.0766 |    0.0766 |    0.0765 |
|        Runtime unhalted [s]       |    0.0211 |    0.0355 |    0.0375 |    0.0360 |    0.0389 |    0.0373 |    0.0365 |    0.0350 |    0.0316 |    0.0364 |    0.0411 |    0.0368 |    0.0349 |    0.0363 |    0.0387 |    0.0375 |    0.0337 |    0.0374 |    0.0349 |    0.0380 |    0.0380 |    0.0354 |    0.0382 |    0.0322 |    0.0376 |    0.0359 |    0.0357 |    0.0371 |    0.0407 |    0.0369 |
|            Clock [MHz]            | 1894.0994 | 1895.0357 | 1895.0370 | 1894.6694 | 1894.5882 | 1894.6874 | 1894.4757 | 1894.8849 | 1894.4604 | 1887.8335 | 1894.9942 | 1892.8970 | 1894.7793 | 1894.8755 | 1894.5197 | 1894.6362 | 1895.1049 | 1894.6747 | 1895.1822 | 1894.4824 | 1894.5091 | 1894.5923 | 1895.0105 | 1894.6996 | 1894.4755 | 1894.3829 | 1894.8252 | 1894.8470 | 1894.9264 | 1894.5961 |
|                CPI                |    0.8055 |    3.4430 |    3.7067 |    3.6360 |    3.9023 |    3.7904 |    3.7205 |    3.6326 |    3.3583 |    3.7952 |    4.1781 |    3.9418 |    3.7754 |    3.9144 |    4.1081 |    4.0182 |    3.7477 |    4.1196 |    3.8856 |    4.1931 |    4.2420 |    4.0233 |    4.2736 |    3.7312 |    4.2162 |    4.1083 |    4.0797 |    4.2157 |    4.5229 |    4.1968 |
|             Energy [J]            |    3.0183 |         0 |         0 |         0 |         0 |         0 |         0 |         0 |    2.6525 |         0 |         0 |         0 |         0 |         0 |         0 |         0 |    2.7029 |         0 |         0 |         0 |         0 |         0 |         0 |    2.6588 |         0 |         0 |         0 |         0 |         0 |         0 |
|             Power [W]             |   41.9683 |         0 |         0 |         0 |         0 |         0 |         0 |         0 |   36.8394 |         0 |         0 |         0 |         0 |         0 |         0 |         0 |   37.5293 |         0 |         0 |         0 |         0 |         0 |         0 |   36.9293 |         0 |         0 |         0 |         0 |         0 |         0 |
|          Energy DRAM [J]          |    0.3205 |         0 |         0 |         0 |         0 |         0 |         0 |         0 |    0.3082 |         0 |         0 |         0 |         0 |         0 |         0 |         0 |    0.2082 |         0 |         0 |         0 |         0 |         0 |         0 |    0.2502 |         0 |         0 |         0 |         0 |         0 |         0 |
|           Power DRAM [W]          |    4.4560 |         0 |         0 |         0 |         0 |         0 |         0 |         0 |    4.2806 |         0 |         0 |         0 |         0 |         0 |         0 |         0 |    2.8911 |         0 |         0 |         0 |         0 |         0 |         0 |    3.4754 |         0 |         0 |         0 |         0 |         0 |         0 |
|            DP [MFLOP/s]           |  126.9612 |   87.0453 |   83.9446 |   82.3611 |   81.5336 |   81.3260 |   81.3008 |   80.2655 |   84.7013 |   79.1618 |   79.2506 |   76.5052 |   76.2248 |   76.1184 |   76.2029 |   76.1478 |   79.3625 |   73.9885 |   73.9863 |   73.5783 |   72.1656 |   71.9217 |   72.0369 |   76.5885 |   72.0974 |   71.2874 |   71.3642 |   71.3072 |   71.3306 |   71.1336 |
|          AVX DP [MFLOP/s]         |    1.3963 |         0 |         0 |         0 |         0 |         0 |         0 |         0 |         0 |         0 |         0 |         0 |         0 |         0 |         0 |         0 |         0 |         0 |         0 |         0 |         0 |         0 |         0 |         0 |         0 |         0 |         0 |         0 |         0 |         0 |
|          Packed [MUOPS/s]         |    0.2607 |         0 |         0 |         0 |         0 |         0 |         0 |         0 |         0 |         0 |         0 |         0 |         0 |         0 |         0 |         0 |         0 |         0 |         0 |         0 |         0 |         0 |         0 |         0 |         0 |         0 |         0 |         0 |         0 |         0 |
|          Scalar [MUOPS/s]         |  125.4314 |   87.0453 |   83.9446 |   82.3611 |   81.5336 |   81.3260 |   81.3008 |   80.2655 |   84.7013 |   79.1618 |   79.2506 |   76.5052 |   76.2248 |   76.1184 |   76.2029 |   76.1478 |   79.3625 |   73.9885 |   73.9863 |   73.5783 |   72.1656 |   71.9217 |   72.0369 |   76.5885 |   72.0974 |   71.2874 |   71.3642 |   71.3072 |   71.3306 |   71.1336 |
|  Memory read bandwidth [MBytes/s] |  171.1553 |         0 |         0 |         0 |         0 |         0 |         0 |         0 |   83.5830 |         0 |         0 |         0 |         0 |         0 |         0 |         0 |   32.3970 |         0 |         0 |         0 |         0 |         0 |         0 |   40.4530 |         0 |         0 |         0 |         0 |         0 |         0 |
|  Memory read data volume [GBytes] |    0.0123 |         0 |         0 |         0 |         0 |         0 |         0 |         0 |    0.0060 |         0 |         0 |         0 |         0 |         0 |         0 |         0 |    0.0023 |         0 |         0 |         0 |         0 |         0 |         0 |    0.0029 |         0 |         0 |         0 |         0 |         0 |         0 |
| Memory write bandwidth [MBytes/s] |  439.7148 |         0 |         0 |         0 |         0 |         0 |         0 |         0 |  128.3681 |         0 |         0 |         0 |         0 |         0 |         0 |         0 |   66.4042 |         0 |         0 |         0 |         0 |         0 |         0 |   81.7986 |         0 |         0 |         0 |         0 |         0 |         0 |
| Memory write data volume [GBytes] |    0.0316 |         0 |         0 |         0 |         0 |         0 |         0 |         0 |    0.0092 |         0 |         0 |         0 |         0 |         0 |         0 |         0 |    0.0048 |         0 |         0 |         0 |         0 |         0 |         0 |    0.0059 |         0 |         0 |         0 |         0 |         0 |         0 |
|    Memory bandwidth [MBytes/s]    |  610.8702 |         0 |         0 |         0 |         0 |         0 |         0 |         0 |  211.9511 |         0 |         0 |         0 |         0 |         0 |         0 |         0 |   98.8012 |         0 |         0 |         0 |         0 |         0 |         0 |  122.2516 |         0 |         0 |         0 |         0 |         0 |         0 |
|    Memory data volume [GBytes]    |    0.0439 |         0 |         0 |         0 |         0 |         0 |         0 |         0 |    0.0153 |         0 |         0 |         0 |         0 |         0 |         0 |         0 |    0.0071 |         0 |         0 |         0 |         0 |         0 |         0 |    0.0088 |         0 |         0 |         0 |         0 |         0 |         0 |
|       Operational intensity       |    0.2078 |    0.1519 |    0.1463 |    0.1437 |    0.1422 |    0.1416 |    0.1418 |    0.1400 |    0.3996 |    0.3976 |    0.3978 |    0.3841 |    0.3826 |    0.3824 |    0.3826 |    0.3823 |    0.8033 |    0.7969 |    0.7974 |    0.7919 |    0.7772 |    0.7749 |    0.7753 |    0.6265 |    0.6268 |    0.6204 |    0.6207 |    0.6204 |    0.6207 |    0.6186 |
+-----------------------------------+-----------+-----------+-----------+-----------+-----------+-----------+-----------+-----------+-----------+-----------+-----------+-----------+-----------+-----------+-----------+-----------+-----------+-----------+-----------+-----------+-----------+-----------+-----------+-----------+-----------+-----------+-----------+-----------+-----------+-----------+
+----------------------------------------+------------+-----------+-----------+-----------+
|                 Metric                 |     Sum    |    Min    |    Max    |    Avg    |
+----------------------------------------+------------+-----------+-----------+-----------+
|        Runtime (RDTSC) [s] STAT        |     2.2798 |    0.0719 |    0.0767 |    0.0760 |
|        Runtime unhalted [s] STAT       |     1.0828 |    0.0211 |    0.0411 |    0.0361 |
|            Clock [MHz] STAT            | 56832.7823 | 1887.8335 | 1895.1822 | 1894.4261 |
|                CPI STAT                |   115.2822 |    0.8055 |    4.5229 |    3.8427 |
|             Energy [J] STAT            |    11.0325 |         0 |    3.0183 |    0.3677 |
|             Power [W] STAT             |   153.2663 |         0 |   41.9683 |    5.1089 |
|          Energy DRAM [J] STAT          |     1.0871 |         0 |    0.3205 |    0.0362 |
|           Power DRAM [W] STAT          |    15.1031 |         0 |    4.4560 |    0.5034 |
|            DP [MFLOP/s] STAT           |  2351.1996 |   71.1336 |  126.9612 |   78.3733 |
|          AVX DP [MFLOP/s] STAT         |     1.3963 |         0 |    1.3963 |    0.0465 |
|          Packed [MUOPS/s] STAT         |     0.2607 |         0 |    0.2607 |    0.0087 |
|          Scalar [MUOPS/s] STAT         |  2349.6698 |   71.1336 |  125.4314 |   78.3223 |
|  Memory read bandwidth [MBytes/s] STAT |   327.5883 |         0 |  171.1553 |   10.9196 |
|  Memory read data volume [GBytes] STAT |     0.0235 |         0 |    0.0123 |    0.0008 |
| Memory write bandwidth [MBytes/s] STAT |   716.2857 |         0 |  439.7148 |   23.8762 |
| Memory write data volume [GBytes] STAT |     0.0515 |         0 |    0.0316 |    0.0017 |
|    Memory bandwidth [MBytes/s] STAT    |  1043.8741 |         0 |  610.8702 |   34.7958 |
|    Memory data volume [GBytes] STAT    |     0.0751 |         0 |    0.0439 |    0.0025 |
|       Operational intensity STAT       |    14.1953 |    0.1400 |    0.8033 |    0.4732 |
+----------------------------------------+------------+-----------+-----------+-----------+
--------------------------------------------------------------------------------
CPU name:	Intel(R) Xeon(R) Gold 6132 CPU @ 2.60GHz
CPU type:	Intel Skylake SP processor
CPU clock:	2.59 GHz
--------------------------------------------------------------------------------
Region Solve, Group 1: MEM_DP
+-------------------+----------+----------+----------+----------+----------+----------+----------+----------+----------+----------+----------+----------+----------+----------+----------+----------+----------+----------+----------+----------+----------+----------+----------+----------+----------+----------+----------+----------+----------+----------+
|    Region Info    |  Core 0  |  Core 1  |  Core 2  |  Core 3  |  Core 4  |  Core 5  |  Core 6  |  Core 7  |  Core 14 |  Core 15 |  Core 16 |  Core 17 |  Core 18 |  Core 19 |  Core 20 |  Core 21 |  Core 28 |  Core 29 |  Core 30 |  Core 31 |  Core 32 |  Core 33 |  Core 34 |  Core 42 |  Core 43 |  Core 44 |  Core 45 |  Core 46 |  Core 47 |  Core 48 |
+-------------------+----------+----------+----------+----------+----------+----------+----------+----------+----------+----------+----------+----------+----------+----------+----------+----------+----------+----------+----------+----------+----------+----------+----------+----------+----------+----------+----------+----------+----------+----------+
| RDTSC Runtime [s] | 2.838833 | 2.841283 | 2.841285 | 2.841375 | 2.841353 | 2.841290 | 2.841281 | 2.841203 | 2.838903 | 2.841318 | 2.841197 | 2.841328 | 2.841311 | 2.841205 | 2.841324 | 2.841282 | 2.838834 | 2.841207 | 2.841339 | 2.841203 | 2.841206 | 2.841282 | 2.841204 | 2.838831 | 2.841274 | 2.841304 | 2.841292 | 2.841275 | 2.841351 | 2.841359 |
|     call count    |        1 |        1 |        1 |        1 |        1 |        1 |        1 |        1 |        1 |        1 |        1 |        1 |        1 |        1 |        1 |        1 |        1 |        1 |        1 |        1 |        1 |        1 |        1 |        1 |        1 |        1 |        1 |        1 |        1 |        1 |
+-------------------+----------+----------+----------+----------+----------+----------+----------+----------+----------+----------+----------+----------+----------+----------+----------+----------+----------+----------+----------+----------+----------+----------+----------+----------+----------+----------+----------+----------+----------+----------+
+------------------------------------------+---------+------------+------------+------------+------------+------------+------------+------------+------------+------------+------------+------------+------------+------------+------------+------------+------------+------------+------------+------------+------------+------------+------------+------------+------------+------------+------------+------------+------------+------------+------------+
|                   Event                  | Counter |   Core 0   |   Core 1   |   Core 2   |   Core 3   |   Core 4   |   Core 5   |   Core 6   |   Core 7   |   Core 14  |   Core 15  |   Core 16  |   Core 17  |   Core 18  |   Core 19  |   Core 20  |   Core 21  |   Core 28  |   Core 29  |   Core 30  |   Core 31  |   Core 32  |   Core 33  |   Core 34  |   Core 42  |   Core 43  |   Core 44  |   Core 45  |   Core 46  |   Core 47  |   Core 48  |
+------------------------------------------+---------+------------+------------+------------+------------+------------+------------+------------+------------+------------+------------+------------+------------+------------+------------+------------+------------+------------+------------+------------+------------+------------+------------+------------+------------+------------+------------+------------+------------+------------+------------+
|             INSTR_RETIRED_ANY            |  FIXC0  | 5843346000 | 5782760000 | 5581920000 | 5610761000 | 5470609000 | 5462492000 | 5527813000 | 5379026000 | 5291546000 | 5294002000 | 5300348000 | 5216637000 | 5324125000 | 5124643000 | 5116239000 | 5117633000 | 4938337000 | 4924052000 | 4896964000 | 4860387000 | 4785895000 | 4780110000 | 4793568000 | 4792879000 | 5010208000 | 4653984000 | 4656909000 | 4650928000 | 4641218000 | 5149636000 |
|           CPU_CLK_UNHALTED_CORE          |  FIXC1  | 5319210000 | 5333601000 | 5359409000 | 5310809000 | 5360989000 | 5362510000 | 5259513000 | 5359575000 | 5335099000 | 5341234000 | 5342282000 | 5342044000 | 5146826000 | 5343822000 | 5345080000 | 5343174000 | 5335992000 | 5342760000 | 5344093000 | 5343534000 | 5344002000 | 5345271000 | 5341897000 | 5340687000 | 4941970000 | 5346638000 | 5345005000 | 5345547000 | 5345838000 | 4547154000 |
|           CPU_CLK_UNHALTED_REF           |  FIXC2  | 7278916000 | 7298615000 | 7333934000 | 7267382000 | 7336098000 | 7338183000 | 7197223000 | 7334165000 | 7300668000 | 7309065000 | 7310499000 | 7310173000 | 7043064000 | 7312604000 | 7314324000 | 7311714000 | 7301885000 | 7311155000 | 7312975000 | 7312212000 | 7312855000 | 7314584000 | 7309967000 | 7308314000 | 6762981000 | 7316456000 | 7314226000 | 7314969000 | 7315363000 | 6222141000 |
|              PWR_PKG_ENERGY              |   PWR0  |   127.0009 |          0 |          0 |          0 |          0 |          0 |          0 |          0 |   111.8186 |          0 |          0 |          0 |          0 |          0 |          0 |          0 |   114.8339 |          0 |          0 |          0 |          0 |          0 |          0 |   108.9209 |          0 |          0 |          0 |          0 |          0 |          0 |
|              PWR_DRAM_ENERGY             |   PWR3  |    11.4706 |          0 |          0 |          0 |          0 |          0 |          0 |          0 |    11.0231 |          0 |          0 |          0 |          0 |          0 |          0 |          0 |     7.9175 |          0 |          0 |          0 |          0 |          0 |          0 |     9.0947 |          0 |          0 |          0 |          0 |          0 |          0 |
| FP_ARITH_INST_RETIRED_128B_PACKED_DOUBLE |   PMC0  |      22816 |          0 |          0 |          0 |          0 |          0 |          0 |          0 |          0 |          0 |          0 |          0 |          0 |          0 |          0 |          0 |          0 |          0 |          0 |          0 |          0 |          0 |          0 |          0 |          0 |          0 |          0 |          0 |          0 |          0 |
|    FP_ARITH_INST_RETIRED_SCALAR_DOUBLE   |   PMC1  | 1699578000 | 1675934000 | 1633410000 | 1620943000 | 1597494000 | 1591152000 | 1579150000 | 1564969000 | 1540044000 | 1539991000 | 1541488000 | 1510722000 | 1489150000 | 1476412000 | 1475089000 | 1475956000 | 1417177000 | 1413664000 | 1409360000 | 1400658000 | 1376576000 | 1375005000 | 1379207000 | 1378616000 | 1358925000 | 1340378000 | 1343393000 | 1337893000 | 1330153000 | 1318407000 |
| FP_ARITH_INST_RETIRED_256B_PACKED_DOUBLE |   PMC2  |      26128 |          0 |          0 |          0 |          0 |          0 |          0 |          0 |          0 |          0 |          0 |          0 |          0 |          0 |          0 |          0 |          0 |          0 |          0 |          0 |          0 |          0 |          0 |          0 |          0 |          0 |          0 |          0 |          0 |          0 |
| FP_ARITH_INST_RETIRED_512B_PACKED_DOUBLE |   PMC3  |      58742 |          0 |          0 |          0 |          0 |          0 |          0 |          0 |          0 |          0 |          0 |          0 |          0 |          0 |          0 |          0 |          0 |          0 |          0 |          0 |          0 |          0 |          0 |          0 |          0 |          0 |          0 |          0 |          0 |          0 |
|               CAS_COUNT_RD               | MBOX0C0 |    3112623 |          0 |          0 |          0 |          0 |          0 |          0 |          0 |    1090172 |          0 |          0 |          0 |          0 |          0 |          0 |          0 |     695637 |          0 |          0 |          0 |          0 |          0 |          0 |     430201 |          0 |          0 |          0 |          0 |          0 |          0 |
|               CAS_COUNT_WR               | MBOX0C1 |    3560530 |          0 |          0 |          0 |          0 |          0 |          0 |          0 |    1300773 |          0 |          0 |          0 |          0 |          0 |          0 |          0 |     834946 |          0 |          0 |          0 |          0 |          0 |          0 |     475784 |          0 |          0 |          0 |          0 |          0 |          0 |
|               CAS_COUNT_RD               | MBOX1C0 |    2819152 |          0 |          0 |          0 |          0 |          0 |          0 |          0 |    1134126 |          0 |          0 |          0 |          0 |          0 |          0 |          0 |     691797 |          0 |          0 |          0 |          0 |          0 |          0 |     442789 |          0 |          0 |          0 |          0 |          0 |          0 |
|               CAS_COUNT_WR               | MBOX1C1 |    3296269 |          0 |          0 |          0 |          0 |          0 |          0 |          0 |    1338981 |          0 |          0 |          0 |          0 |          0 |          0 |          0 |     831516 |          0 |          0 |          0 |          0 |          0 |          0 |     493292 |          0 |          0 |          0 |          0 |          0 |          0 |
|               CAS_COUNT_RD               | MBOX2C0 |    2980465 |          0 |          0 |          0 |          0 |          0 |          0 |          0 |    1101193 |          0 |          0 |          0 |          0 |          0 |          0 |          0 |     723466 |          0 |          0 |          0 |          0 |          0 |          0 |     513389 |          0 |          0 |          0 |          0 |          0 |          0 |
|               CAS_COUNT_WR               | MBOX2C1 |    3434813 |          0 |          0 |          0 |          0 |          0 |          0 |          0 |    1323145 |          0 |          0 |          0 |          0 |          0 |          0 |          0 |     871304 |          0 |          0 |          0 |          0 |          0 |          0 |     571235 |          0 |          0 |          0 |          0 |          0 |          0 |
|               CAS_COUNT_RD               | MBOX3C0 |    3000536 |          0 |          0 |          0 |          0 |          0 |          0 |          0 |    1025103 |          0 |          0 |          0 |          0 |          0 |          0 |          0 |     685694 |          0 |          0 |          0 |          0 |          0 |          0 |     486507 |          0 |          0 |          0 |          0 |          0 |          0 |
|               CAS_COUNT_WR               | MBOX3C1 |    3262603 |          0 |          0 |          0 |          0 |          0 |          0 |          0 |    1231050 |          0 |          0 |          0 |          0 |          0 |          0 |          0 |     824289 |          0 |          0 |          0 |          0 |          0 |          0 |     518806 |          0 |          0 |          0 |          0 |          0 |          0 |
|               CAS_COUNT_RD               | MBOX4C0 |    2766773 |          0 |          0 |          0 |          0 |          0 |          0 |          0 |    1045836 |          0 |          0 |          0 |          0 |          0 |          0 |          0 |     641598 |          0 |          0 |          0 |          0 |          0 |          0 |     469125 |          0 |          0 |          0 |          0 |          0 |          0 |
|               CAS_COUNT_WR               | MBOX4C1 |    3272474 |          0 |          0 |          0 |          0 |          0 |          0 |          0 |    1244376 |          0 |          0 |          0 |          0 |          0 |          0 |          0 |     777167 |          0 |          0 |          0 |          0 |          0 |          0 |     515898 |          0 |          0 |          0 |          0 |          0 |          0 |
|               CAS_COUNT_RD               | MBOX5C0 |    2831342 |          0 |          0 |          0 |          0 |          0 |          0 |          0 |    1033831 |          0 |          0 |          0 |          0 |          0 |          0 |          0 |     653853 |          0 |          0 |          0 |          0 |          0 |          0 |     441021 |          0 |          0 |          0 |          0 |          0 |          0 |
|               CAS_COUNT_WR               | MBOX5C1 |    3241232 |          0 |          0 |          0 |          0 |          0 |          0 |          0 |    1235315 |          0 |          0 |          0 |          0 |          0 |          0 |          0 |     789385 |          0 |          0 |          0 |          0 |          0 |          0 |     485432 |          0 |          0 |          0 |          0 |          0 |          0 |
+------------------------------------------+---------+------------+------------+------------+------------+------------+------------+------------+------------+------------+------------+------------+------------+------------+------------+------------+------------+------------+------------+------------+------------+------------+------------+------------+------------+------------+------------+------------+------------+------------+------------+
+-----------------------------------------------+---------+--------------+------------+------------+--------------+
|                     Event                     | Counter |      Sum     |     Min    |     Max    |      Avg     |
+-----------------------------------------------+---------+--------------+------------+------------+--------------+
|             INSTR_RETIRED_ANY STAT            |  FIXC0  | 153978975000 | 4641218000 | 5843346000 |   5132632500 |
|           CPU_CLK_UNHALTED_CORE STAT          |  FIXC1  | 158815565000 | 4547154000 | 5362510000 | 5.293852e+09 |
|           CPU_CLK_UNHALTED_REF STAT           |  FIXC2  | 217326710000 | 6222141000 | 7338183000 | 7.244224e+09 |
|              PWR_PKG_ENERGY STAT              |   PWR0  |     462.5743 |          0 |   127.0009 |      15.4191 |
|              PWR_DRAM_ENERGY STAT             |   PWR3  |      39.5059 |          0 |    11.4706 |       1.3169 |
| FP_ARITH_INST_RETIRED_128B_PACKED_DOUBLE STAT |   PMC0  |        22816 |          0 |      22816 |     760.5333 |
|    FP_ARITH_INST_RETIRED_SCALAR_DOUBLE STAT   |   PMC1  |  44190894000 | 1318407000 | 1699578000 |   1473029800 |
| FP_ARITH_INST_RETIRED_256B_PACKED_DOUBLE STAT |   PMC2  |        26128 |          0 |      26128 |     870.9333 |
| FP_ARITH_INST_RETIRED_512B_PACKED_DOUBLE STAT |   PMC3  |        58742 |          0 |      58742 |    1958.0667 |
|               CAS_COUNT_RD STAT               | MBOX0C0 |      5328633 |          0 |    3112623 |  177621.1000 |
|               CAS_COUNT_WR STAT               | MBOX0C1 |      6172033 |          0 |    3560530 |  205734.4333 |
|               CAS_COUNT_RD STAT               | MBOX1C0 |      5087864 |          0 |    2819152 |  169595.4667 |
|               CAS_COUNT_WR STAT               | MBOX1C1 |      5960058 |          0 |    3296269 |  198668.6000 |
|               CAS_COUNT_RD STAT               | MBOX2C0 |      5318513 |          0 |    2980465 |  177283.7667 |
|               CAS_COUNT_WR STAT               | MBOX2C1 |      6200497 |          0 |    3434813 |  206683.2333 |
|               CAS_COUNT_RD STAT               | MBOX3C0 |      5197840 |          0 |    3000536 |  173261.3333 |
|               CAS_COUNT_WR STAT               | MBOX3C1 |      5836748 |          0 |    3262603 |  194558.2667 |
|               CAS_COUNT_RD STAT               | MBOX4C0 |      4923332 |          0 |    2766773 |  164111.0667 |
|               CAS_COUNT_WR STAT               | MBOX4C1 |      5809915 |          0 |    3272474 |  193663.8333 |
|               CAS_COUNT_RD STAT               | MBOX5C0 |      4960047 |          0 |    2831342 |  165334.9000 |
|               CAS_COUNT_WR STAT               | MBOX5C1 |      5751364 |          0 |    3241232 |  191712.1333 |
+-----------------------------------------------+---------+--------------+------------+------------+--------------+
+-----------------------------------+-----------+-----------+-----------+-----------+-----------+-----------+-----------+-----------+-----------+-----------+-----------+-----------+-----------+-----------+-----------+-----------+-----------+-----------+-----------+-----------+-----------+-----------+-----------+-----------+-----------+-----------+-----------+-----------+-----------+-----------+
|               Metric              |   Core 0  |   Core 1  |   Core 2  |   Core 3  |   Core 4  |   Core 5  |   Core 6  |   Core 7  |  Core 14  |  Core 15  |  Core 16  |  Core 17  |  Core 18  |  Core 19  |  Core 20  |  Core 21  |  Core 28  |  Core 29  |  Core 30  |  Core 31  |  Core 32  |  Core 33  |  Core 34  |  Core 42  |  Core 43  |  Core 44  |  Core 45  |  Core 46  |  Core 47  |  Core 48  |
+-----------------------------------+-----------+-----------+-----------+-----------+-----------+-----------+-----------+-----------+-----------+-----------+-----------+-----------+-----------+-----------+-----------+-----------+-----------+-----------+-----------+-----------+-----------+-----------+-----------+-----------+-----------+-----------+-----------+-----------+-----------+-----------+
|        Runtime (RDTSC) [s]        |    2.8388 |    2.8413 |    2.8413 |    2.8414 |    2.8414 |    2.8413 |    2.8413 |    2.8412 |    2.8389 |    2.8413 |    2.8412 |    2.8413 |    2.8413 |    2.8412 |    2.8413 |    2.8413 |    2.8388 |    2.8412 |    2.8413 |    2.8412 |    2.8412 |    2.8413 |    2.8412 |    2.8388 |    2.8413 |    2.8413 |    2.8413 |    2.8413 |    2.8414 |    2.8414 |
|        Runtime unhalted [s]       |    2.0508 |    2.0563 |    2.0663 |    2.0475 |    2.0669 |    2.0675 |    2.0277 |    2.0663 |    2.0569 |    2.0593 |    2.0597 |    2.0596 |    1.9843 |    2.0602 |    2.0607 |    2.0600 |    2.0572 |    2.0598 |    2.0604 |    2.0601 |    2.0603 |    2.0608 |    2.0595 |    2.0590 |    1.9053 |    2.0613 |    2.0607 |    2.0609 |    2.0610 |    1.7531 |
|            Clock [MHz]            | 1895.4511 | 1895.4495 | 1895.4488 | 1895.4610 | 1895.4483 | 1895.4474 | 1895.4517 | 1895.4478 | 1895.4487 | 1895.4482 | 1895.4483 | 1895.4484 | 1895.4398 | 1895.4489 | 1895.4493 | 1895.4497 | 1895.4500 | 1895.4478 | 1895.4488 | 1895.4483 | 1895.4477 | 1895.4496 | 1895.4496 | 1895.4489 | 1895.3704 | 1895.4493 | 1895.4481 | 1895.4477 | 1895.4488 | 1895.5357 |
|                CPI                |    0.9103 |    0.9223 |    0.9601 |    0.9465 |    0.9800 |    0.9817 |    0.9515 |    0.9964 |    1.0082 |    1.0089 |    1.0079 |    1.0240 |    0.9667 |    1.0428 |    1.0447 |    1.0441 |    1.0805 |    1.0850 |    1.0913 |    1.0994 |    1.1166 |    1.1182 |    1.1144 |    1.1143 |    0.9864 |    1.1488 |    1.1478 |    1.1494 |    1.1518 |    0.8830 |
|             Energy [J]            |  127.0009 |         0 |         0 |         0 |         0 |         0 |         0 |         0 |  111.8186 |         0 |         0 |         0 |         0 |         0 |         0 |         0 |  114.8339 |         0 |         0 |         0 |         0 |         0 |         0 |  108.9209 |         0 |         0 |         0 |         0 |         0 |         0 |
|             Power [W]             |   44.7370 |         0 |         0 |         0 |         0 |         0 |         0 |         0 |   39.3880 |         0 |         0 |         0 |         0 |         0 |         0 |         0 |   40.4511 |         0 |         0 |         0 |         0 |         0 |         0 |   38.3682 |         0 |         0 |         0 |         0 |         0 |         0 |
|          Energy DRAM [J]          |   11.4706 |         0 |         0 |         0 |         0 |         0 |         0 |         0 |   11.0231 |         0 |         0 |         0 |         0 |         0 |         0 |         0 |    7.9175 |         0 |         0 |         0 |         0 |         0 |         0 |    9.0947 |         0 |         0 |         0 |         0 |         0 |         0 |
|           Power DRAM [W]          |    4.0406 |         0 |         0 |         0 |         0 |         0 |         0 |         0 |    3.8829 |         0 |         0 |         0 |         0 |         0 |         0 |         0 |    2.7890 |         0 |         0 |         0 |         0 |         0 |         0 |    3.2037 |         0 |         0 |         0 |         0 |         0 |         0 |
|            DP [MFLOP/s]           |  598.9074 |  589.8511 |  574.8843 |  570.4784 |  562.2300 |  560.0104 |  555.7880 |  550.8121 |  542.4786 |  541.9988 |  542.5488 |  531.6957 |  524.1067 |  519.6429 |  519.1555 |  519.4683 |  499.2109 |  497.5576 |  496.0197 |  492.9806 |  484.5041 |  483.9382 |  485.4305 |  485.6281 |  478.2802 |  471.7475 |  472.8106 |  470.8777 |  468.1410 |  464.0058 |
|          AVX DP [MFLOP/s]         |    0.2024 |         0 |         0 |         0 |         0 |         0 |         0 |         0 |         0 |         0 |         0 |         0 |         0 |         0 |         0 |         0 |         0 |         0 |         0 |         0 |         0 |         0 |         0 |         0 |         0 |         0 |         0 |         0 |         0 |         0 |
|          Packed [MUOPS/s]         |    0.0379 |         0 |         0 |         0 |         0 |         0 |         0 |         0 |         0 |         0 |         0 |         0 |         0 |         0 |         0 |         0 |         0 |         0 |         0 |         0 |         0 |         0 |         0 |         0 |         0 |         0 |         0 |         0 |         0 |         0 |
|          Scalar [MUOPS/s]         |  598.6890 |  589.8511 |  574.8843 |  570.4784 |  562.2300 |  560.0104 |  555.7880 |  550.8121 |  542.4786 |  541.9988 |  542.5488 |  531.6957 |  524.1067 |  519.6429 |  519.1555 |  519.4683 |  499.2109 |  497.5576 |  496.0197 |  492.9806 |  484.5041 |  483.9382 |  485.4305 |  485.6281 |  478.2802 |  471.7475 |  472.8106 |  470.8777 |  468.1410 |  464.0058 |
|  Memory read bandwidth [MBytes/s] |  394.7738 |         0 |         0 |         0 |         0 |         0 |         0 |         0 |  144.9633 |         0 |         0 |         0 |         0 |         0 |         0 |         0 |   92.2530 |         0 |         0 |         0 |         0 |         0 |         0 |   62.7420 |         0 |         0 |         0 |         0 |         0 |         0 |
|  Memory read data volume [GBytes] |    1.1207 |         0 |         0 |         0 |         0 |         0 |         0 |         0 |    0.4115 |         0 |         0 |         0 |         0 |         0 |         0 |         0 |    0.2619 |         0 |         0 |         0 |         0 |         0 |         0 |    0.1781 |         0 |         0 |         0 |         0 |         0 |         0 |
| Memory write bandwidth [MBytes/s] |  452.4207 |         0 |         0 |         0 |         0 |         0 |         0 |         0 |  172.9939 |         0 |         0 |         0 |         0 |         0 |         0 |         0 |  111.1128 |         0 |         0 |         0 |         0 |         0 |         0 |   68.9962 |         0 |         0 |         0 |         0 |         0 |         0 |
| Memory write data volume [GBytes] |    1.2843 |         0 |         0 |         0 |         0 |         0 |         0 |         0 |    0.4911 |         0 |         0 |         0 |         0 |         0 |         0 |         0 |    0.3154 |         0 |         0 |         0 |         0 |         0 |         0 |    0.1959 |         0 |         0 |         0 |         0 |         0 |         0 |
|    Memory bandwidth [MBytes/s]    |  847.1946 |         0 |         0 |         0 |         0 |         0 |         0 |         0 |  317.9572 |         0 |         0 |         0 |         0 |         0 |         0 |         0 |  203.3658 |         0 |         0 |         0 |         0 |         0 |         0 |  131.7383 |         0 |         0 |         0 |         0 |         0 |         0 |
|    Memory data volume [GBytes]    |    2.4050 |         0 |         0 |         0 |         0 |         0 |         0 |         0 |    0.9026 |         0 |         0 |         0 |         0 |         0 |         0 |         0 |    0.5773 |         0 |         0 |         0 |         0 |         0 |         0 |    0.3740 |         0 |         0 |         0 |         0 |         0 |         0 |
|       Operational intensity       |    0.7069 |    0.6968 |    0.6792 |    0.6740 |    0.6642 |    0.6616 |    0.6566 |    0.6507 |    1.7061 |    1.7061 |    1.7077 |    1.6737 |    1.6498 |    1.6356 |    1.6342 |    1.6351 |    2.4547 |    2.4487 |    2.4412 |    2.4261 |    2.3844 |    2.3817 |    2.3890 |    3.6863 |    3.6337 |    3.5841 |    3.5921 |    3.5774 |    3.5567 |    3.5253 |
+-----------------------------------+-----------+-----------+-----------+-----------+-----------+-----------+-----------+-----------+-----------+-----------+-----------+-----------+-----------+-----------+-----------+-----------+-----------+-----------+-----------+-----------+-----------+-----------+-----------+-----------+-----------+-----------+-----------+-----------+-----------+-----------+
+----------------------------------------+------------+-----------+-----------+-----------+
|                 Metric                 |     Sum    |    Min    |    Max    |    Avg    |
+----------------------------------------+------------+-----------+-----------+-----------+
|        Runtime (RDTSC) [s] STAT        |    85.2288 |    2.8388 |    2.8414 |    2.8410 |
|        Runtime unhalted [s] STAT       |    61.2294 |    1.7531 |    2.0675 |    2.0410 |
|            Clock [MHz] STAT            | 56863.4776 | 1895.3704 | 1895.5357 | 1895.4493 |
|                CPI STAT                |    31.0830 |    0.8830 |    1.1518 |    1.0361 |
|             Energy [J] STAT            |   462.5743 |         0 |  127.0009 |   15.4191 |
|             Power [W] STAT             |   162.9443 |         0 |   44.7370 |    5.4315 |
|          Energy DRAM [J] STAT          |    39.5059 |         0 |   11.4706 |    1.3169 |
|           Power DRAM [W] STAT          |    13.9162 |         0 |    4.0406 |    0.4639 |
|            DP [MFLOP/s] STAT           | 15555.1895 |  464.0058 |  598.9074 |  518.5063 |
|          AVX DP [MFLOP/s] STAT         |     0.2024 |         0 |    0.2024 |    0.0067 |
|          Packed [MUOPS/s] STAT         |     0.0379 |         0 |    0.0379 |    0.0013 |
|          Scalar [MUOPS/s] STAT         | 15554.9711 |  464.0058 |  598.6890 |  518.4990 |
|  Memory read bandwidth [MBytes/s] STAT |   694.7321 |         0 |  394.7738 |   23.1577 |
|  Memory read data volume [GBytes] STAT |     1.9722 |         0 |    1.1207 |    0.0657 |
| Memory write bandwidth [MBytes/s] STAT |   805.5236 |         0 |  452.4207 |   26.8508 |
| Memory write data volume [GBytes] STAT |     2.2867 |         0 |    1.2843 |    0.0762 |
|    Memory bandwidth [MBytes/s] STAT    |  1500.2559 |         0 |  847.1946 |   50.0085 |
|    Memory data volume [GBytes] STAT    |     4.2589 |         0 |    2.4050 |    0.1420 |
|       Operational intensity STAT       |    60.8197 |    0.6507 |    3.6863 |    2.0273 |
+----------------------------------------+------------+-----------+-----------+-----------+
