--------------------------------------------------------------------------------
CPU name:	Intel(R) Xeon(R) Gold 6132 CPU @ 2.60GHz
CPU type:	Intel Skylake SP processor
CPU clock:	2.59 GHz
--------------------------------------------------------------------------------
Region Setup, Group 1: MEM_DP
+-------------------+----------+----------+----------+----------+----------+----------+----------+----------+----------+----------+----------+----------+----------+----------+----------+
|    Region Info    |  Core 0  |  Core 1  |  Core 2  |  Core 3  |  Core 14 |  Core 15 |  Core 16 |  Core 17 |  Core 28 |  Core 29 |  Core 30 |  Core 31 |  Core 42 |  Core 43 |  Core 44 |
+-------------------+----------+----------+----------+----------+----------+----------+----------+----------+----------+----------+----------+----------+----------+----------+----------+
| RDTSC Runtime [s] | 0.076832 | 0.081486 | 0.081535 | 0.081539 | 0.076845 | 0.081530 | 0.081524 | 0.081510 | 0.076806 | 0.081408 | 0.081405 | 0.081464 | 0.076855 | 0.081512 | 0.081501 |
|     call count    |        2 |        2 |        2 |        2 |        2 |        2 |        2 |        2 |        2 |        2 |        2 |        2 |        2 |        2 |        2 |
+-------------------+----------+----------+----------+----------+----------+----------+----------+----------+----------+----------+----------+----------+----------+----------+----------+
+------------------------------------------+---------+----------+-----------+-----------+-----------+-----------+-----------+-----------+-----------+-----------+-----------+-----------+-----------+-----------+-----------+-----------+
|                   Event                  | Counter |  Core 0  |   Core 1  |   Core 2  |   Core 3  |  Core 14  |  Core 15  |  Core 16  |  Core 17  |  Core 28  |  Core 29  |  Core 30  |  Core 31  |  Core 42  |  Core 43  |  Core 44  |
+------------------------------------------+---------+----------+-----------+-----------+-----------+-----------+-----------+-----------+-----------+-----------+-----------+-----------+-----------+-----------+-----------+-----------+
|             INSTR_RETIRED_ANY            |  FIXC0  | 87370360 |  46416680 |  45432370 |  45055060 |  44148090 |  44341410 |  44231840 |  44061870 |  43227030 |  43504620 |  43340450 |  42788190 |  42155040 |  42678850 |  42512150 |
|           CPU_CLK_UNHALTED_CORE          |  FIXC1  | 56465680 | 101095900 | 101691100 | 100286500 |  89736220 | 102240100 | 100844500 | 102683600 |  91608730 |  99138260 |  99602660 | 102586500 |  91094960 | 102030800 |  98753120 |
|           CPU_CLK_UNHALTED_REF           |  FIXC2  | 77300810 | 138373200 | 139165800 | 137247800 | 122825000 | 139940200 | 138031900 | 140552900 | 125435300 | 135858500 | 136485800 | 140599900 | 124776900 | 139711300 | 135211300 |
|              PWR_PKG_ENERGY              |   PWR0  |   2.8848 |         0 |         0 |         0 |    2.5319 |         0 |         0 |         0 |    2.7010 |         0 |         0 |         0 |    2.4753 |         0 |         0 |
|              PWR_DRAM_ENERGY             |   PWR3  |   0.3513 |         0 |         0 |         0 |    0.3151 |         0 |         0 |         0 |    0.2280 |         0 |         0 |         0 |    0.2706 |         0 |         0 |
| FP_ARITH_INST_RETIRED_128B_PACKED_DOUBLE |   PMC0  |     4800 |         0 |         0 |         0 |         0 |         0 |         0 |         0 |         0 |         0 |         0 |         0 |         0 |         0 |         0 |
|    FP_ARITH_INST_RETIRED_SCALAR_DOUBLE   |   PMC1  | 14855940 |  12402640 |  12097870 |  11987800 |  11880720 |  11752890 |  11745890 |  11667230 |  11611580 |  11584980 |  11531100 |  11325540 |  11298900 |  11298900 |  11269590 |
| FP_ARITH_INST_RETIRED_256B_PACKED_DOUBLE |   PMC2  |     2800 |         0 |         0 |         0 |         0 |         0 |         0 |         0 |         0 |         0 |         0 |         0 |         0 |         0 |         0 |
| FP_ARITH_INST_RETIRED_512B_PACKED_DOUBLE |   PMC3  |    11152 |         0 |         0 |         0 |         0 |         0 |         0 |         0 |         0 |         0 |         0 |         0 |         0 |         0 |         0 |
|               CAS_COUNT_RD               | MBOX0C0 |    73881 |         0 |         0 |         0 |      6529 |         0 |         0 |         0 |      7801 |         0 |         0 |         0 |      9724 |         0 |         0 |
|               CAS_COUNT_WR               | MBOX0C1 |   114348 |         0 |         0 |         0 |     12261 |         0 |         0 |         0 |     13787 |         0 |         0 |         0 |     15420 |         0 |         0 |
|               CAS_COUNT_RD               | MBOX1C0 |    59557 |         0 |         0 |         0 |      7171 |         0 |         0 |         0 |      7210 |         0 |         0 |         0 |      9594 |         0 |         0 |
|               CAS_COUNT_WR               | MBOX1C1 |   110025 |         0 |         0 |         0 |     13243 |         0 |         0 |         0 |     13063 |         0 |         0 |         0 |     15263 |         0 |         0 |
|               CAS_COUNT_RD               | MBOX2C0 |    88466 |         0 |         0 |         0 |     10041 |         0 |         0 |         0 |     11537 |         0 |         0 |         0 |     14875 |         0 |         0 |
|               CAS_COUNT_WR               | MBOX2C1 |   125631 |         0 |         0 |         0 |     18386 |         0 |         0 |         0 |     19580 |         0 |         0 |         0 |     23109 |         0 |         0 |
|               CAS_COUNT_RD               | MBOX3C0 |    81630 |         0 |         0 |         0 |      3680 |         0 |         0 |         0 |      4150 |         0 |         0 |         0 |      6604 |         0 |         0 |
|               CAS_COUNT_WR               | MBOX3C1 |   122455 |         0 |         0 |         0 |     10119 |         0 |         0 |         0 |     10470 |         0 |         0 |         0 |     12940 |         0 |         0 |
|               CAS_COUNT_RD               | MBOX4C0 |    42699 |         0 |         0 |         0 |      3798 |         0 |         0 |         0 |      4941 |         0 |         0 |         0 |      6314 |         0 |         0 |
|               CAS_COUNT_WR               | MBOX4C1 |    90677 |         0 |         0 |         0 |     10255 |         0 |         0 |         0 |     11296 |         0 |         0 |         0 |     12835 |         0 |         0 |
|               CAS_COUNT_RD               | MBOX5C0 |    42037 |         0 |         0 |         0 |      3599 |         0 |         0 |         0 |      5364 |         0 |         0 |         0 |      7747 |         0 |         0 |
|               CAS_COUNT_WR               | MBOX5C1 |    91247 |         0 |         0 |         0 |      9814 |         0 |         0 |         0 |     11959 |         0 |         0 |         0 |     14256 |         0 |         0 |
+------------------------------------------+---------+----------+-----------+-----------+-----------+-----------+-----------+-----------+-----------+-----------+-----------+-----------+-----------+-----------+-----------+-----------+
+-----------------------------------------------+---------+------------+----------+-----------+--------------+
|                     Event                     | Counter |     Sum    |    Min   |    Max    |      Avg     |
+-----------------------------------------------+---------+------------+----------+-----------+--------------+
|             INSTR_RETIRED_ANY STAT            |  FIXC0  |  701264010 | 42155040 |  87370360 |     46750934 |
|           CPU_CLK_UNHALTED_CORE STAT          |  FIXC1  | 1439858630 | 56465680 | 102683600 | 9.599058e+07 |
|           CPU_CLK_UNHALTED_REF STAT           |  FIXC2  | 1971516610 | 77300810 | 140599900 | 1.314344e+08 |
|              PWR_PKG_ENERGY STAT              |   PWR0  |    10.5930 |        0 |    2.8848 |       0.7062 |
|              PWR_DRAM_ENERGY STAT             |   PWR3  |     1.1650 |        0 |    0.3513 |       0.0777 |
| FP_ARITH_INST_RETIRED_128B_PACKED_DOUBLE STAT |   PMC0  |       4800 |        0 |      4800 |          320 |
|    FP_ARITH_INST_RETIRED_SCALAR_DOUBLE STAT   |   PMC1  |  178311570 | 11269590 |  14855940 |     11887438 |
| FP_ARITH_INST_RETIRED_256B_PACKED_DOUBLE STAT |   PMC2  |       2800 |        0 |      2800 |     186.6667 |
| FP_ARITH_INST_RETIRED_512B_PACKED_DOUBLE STAT |   PMC3  |      11152 |        0 |     11152 |     743.4667 |
|               CAS_COUNT_RD STAT               | MBOX0C0 |      97935 |        0 |     73881 |         6529 |
|               CAS_COUNT_WR STAT               | MBOX0C1 |     155816 |        0 |    114348 |   10387.7333 |
|               CAS_COUNT_RD STAT               | MBOX1C0 |      83532 |        0 |     59557 |    5568.8000 |
|               CAS_COUNT_WR STAT               | MBOX1C1 |     151594 |        0 |    110025 |   10106.2667 |
|               CAS_COUNT_RD STAT               | MBOX2C0 |     124919 |        0 |     88466 |    8327.9333 |
|               CAS_COUNT_WR STAT               | MBOX2C1 |     186706 |        0 |    125631 |   12447.0667 |
|               CAS_COUNT_RD STAT               | MBOX3C0 |      96064 |        0 |     81630 |    6404.2667 |
|               CAS_COUNT_WR STAT               | MBOX3C1 |     155984 |        0 |    122455 |   10398.9333 |
|               CAS_COUNT_RD STAT               | MBOX4C0 |      57752 |        0 |     42699 |    3850.1333 |
|               CAS_COUNT_WR STAT               | MBOX4C1 |     125063 |        0 |     90677 |    8337.5333 |
|               CAS_COUNT_RD STAT               | MBOX5C0 |      58747 |        0 |     42037 |    3916.4667 |
|               CAS_COUNT_WR STAT               | MBOX5C1 |     127276 |        0 |     91247 |    8485.0667 |
+-----------------------------------------------+---------+------------+----------+-----------+--------------+
+-----------------------------------+-----------+-----------+-----------+-----------+-----------+-----------+-----------+-----------+-----------+-----------+-----------+-----------+-----------+-----------+-----------+
|               Metric              |   Core 0  |   Core 1  |   Core 2  |   Core 3  |  Core 14  |  Core 15  |  Core 16  |  Core 17  |  Core 28  |  Core 29  |  Core 30  |  Core 31  |  Core 42  |  Core 43  |  Core 44  |
+-----------------------------------+-----------+-----------+-----------+-----------+-----------+-----------+-----------+-----------+-----------+-----------+-----------+-----------+-----------+-----------+-----------+
|        Runtime (RDTSC) [s]        |    0.0768 |    0.0815 |    0.0815 |    0.0815 |    0.0768 |    0.0815 |    0.0815 |    0.0815 |    0.0768 |    0.0814 |    0.0814 |    0.0815 |    0.0769 |    0.0815 |    0.0815 |
|        Runtime unhalted [s]       |    0.0218 |    0.0390 |    0.0392 |    0.0387 |    0.0346 |    0.0394 |    0.0389 |    0.0396 |    0.0353 |    0.0382 |    0.0384 |    0.0396 |    0.0351 |    0.0393 |    0.0381 |
|            Clock [MHz]            | 1894.6648 | 1895.0184 | 1895.3189 | 1895.2607 | 1895.0160 | 1895.0063 | 1894.9800 | 1894.9299 | 1894.3009 | 1892.7199 | 1892.8463 | 1892.5052 | 1893.6165 | 1894.2253 | 1894.3914 |
|                CPI                |    0.6463 |    2.1780 |    2.2383 |    2.2259 |    2.0326 |    2.3057 |    2.2799 |    2.3304 |    2.1192 |    2.2788 |    2.2981 |    2.3975 |    2.1610 |    2.3907 |    2.3229 |
|             Energy [J]            |    2.8848 |         0 |         0 |         0 |    2.5319 |         0 |         0 |         0 |    2.7010 |         0 |         0 |         0 |    2.4753 |         0 |         0 |
|             Power [W]             |   37.5466 |         0 |         0 |         0 |   32.9484 |         0 |         0 |         0 |   35.1662 |         0 |         0 |         0 |   32.2073 |         0 |         0 |
|          Energy DRAM [J]          |    0.3513 |         0 |         0 |         0 |    0.3151 |         0 |         0 |         0 |    0.2280 |         0 |         0 |         0 |    0.2706 |         0 |         0 |
|           Power DRAM [W]          |    4.5720 |         0 |         0 |         0 |    4.1010 |         0 |         0 |         0 |    2.9687 |         0 |         0 |         0 |    3.5203 |         0 |         0 |
|            DP [MFLOP/s]           |  194.7892 |  152.2050 |  148.3761 |  147.0201 |  154.6061 |  144.1534 |  144.0791 |  143.1378 |  151.1798 |  142.3082 |  141.6507 |  139.0248 |  147.0165 |  138.6169 |  138.2753 |
|          AVX DP [MFLOP/s]         |    1.3070 |         0 |         0 |         0 |         0 |         0 |         0 |         0 |         0 |         0 |         0 |         0 |         0 |         0 |         0 |
|          Packed [MUOPS/s]         |    0.2441 |         0 |         0 |         0 |         0 |         0 |         0 |         0 |         0 |         0 |         0 |         0 |         0 |         0 |         0 |
|          Scalar [MUOPS/s]         |  193.3573 |  152.2050 |  148.3761 |  147.0201 |  154.6061 |  144.1534 |  144.0791 |  143.1378 |  151.1798 |  142.3082 |  141.6507 |  139.0248 |  147.0165 |  138.6169 |  138.2753 |
|  Memory read bandwidth [MBytes/s] |  323.4256 |         0 |         0 |         0 |   28.9980 |         0 |         0 |         0 |   34.1663 |         0 |         0 |         0 |   45.6825 |         0 |         0 |
|  Memory read data volume [GBytes] |    0.0248 |         0 |         0 |         0 |    0.0022 |         0 |         0 |         0 |    0.0026 |         0 |         0 |         0 |    0.0035 |         0 |         0 |
| Memory write bandwidth [MBytes/s] |  545.0954 |         0 |         0 |         0 |   61.6955 |         0 |         0 |         0 |   66.7903 |         0 |         0 |         0 |   78.1303 |         0 |         0 |
| Memory write data volume [GBytes] |    0.0419 |         0 |         0 |         0 |    0.0047 |         0 |         0 |         0 |    0.0051 |         0 |         0 |         0 |    0.0060 |         0 |         0 |
|    Memory bandwidth [MBytes/s]    |  868.5209 |         0 |         0 |         0 |   90.6934 |         0 |         0 |         0 |  100.9566 |         0 |         0 |         0 |  123.8128 |         0 |         0 |
|    Memory data volume [GBytes]    |    0.0667 |         0 |         0 |         0 |    0.0070 |         0 |         0 |         0 |    0.0078 |         0 |         0 |         0 |    0.0095 |         0 |         0 |
|       Operational intensity       |    0.2243 |    0.1859 |    0.1813 |    0.1796 |    1.7047 |    1.6864 |    1.6854 |    1.6741 |    1.4975 |    1.4940 |    1.4871 |    1.4606 |    1.1874 |    1.1874 |    1.1843 |
+-----------------------------------+-----------+-----------+-----------+-----------+-----------+-----------+-----------+-----------+-----------+-----------+-----------+-----------+-----------+-----------+-----------+
+----------------------------------------+------------+-----------+-----------+-----------+
|                 Metric                 |     Sum    |    Min    |    Max    |    Avg    |
+----------------------------------------+------------+-----------+-----------+-----------+
|        Runtime (RDTSC) [s] STAT        |     1.2036 |    0.0768 |    0.0815 |    0.0802 |
|        Runtime unhalted [s] STAT       |     0.5552 |    0.0218 |    0.0396 |    0.0370 |
|            Clock [MHz] STAT            | 28414.8005 | 1892.5052 | 1895.3189 | 1894.3200 |
|                CPI STAT                |    32.2053 |    0.6463 |    2.3975 |    2.1470 |
|             Energy [J] STAT            |    10.5930 |         0 |    2.8848 |    0.7062 |
|             Power [W] STAT             |   137.8685 |         0 |   37.5466 |    9.1912 |
|          Energy DRAM [J] STAT          |     1.1650 |         0 |    0.3513 |    0.0777 |
|           Power DRAM [W] STAT          |    15.1620 |         0 |    4.5720 |    1.0108 |
|            DP [MFLOP/s] STAT           |  2226.4390 |  138.2753 |  194.7892 |  148.4293 |
|          AVX DP [MFLOP/s] STAT         |     1.3070 |         0 |    1.3070 |    0.0871 |
|          Packed [MUOPS/s] STAT         |     0.2441 |         0 |    0.2441 |    0.0163 |
|          Scalar [MUOPS/s] STAT         |  2225.0071 |  138.2753 |  193.3573 |  148.3338 |
|  Memory read bandwidth [MBytes/s] STAT |   432.2724 |         0 |  323.4256 |   28.8182 |
|  Memory read data volume [GBytes] STAT |     0.0331 |         0 |    0.0248 |    0.0022 |
| Memory write bandwidth [MBytes/s] STAT |   751.7115 |         0 |  545.0954 |   50.1141 |
| Memory write data volume [GBytes] STAT |     0.0577 |         0 |    0.0419 |    0.0038 |
|    Memory bandwidth [MBytes/s] STAT    |  1183.9837 |         0 |  868.5209 |   78.9322 |
|    Memory data volume [GBytes] STAT    |     0.0910 |         0 |    0.0667 |    0.0061 |
|       Operational intensity STAT       |    17.0200 |    0.1796 |    1.7047 |    1.1347 |
+----------------------------------------+------------+-----------+-----------+-----------+
--------------------------------------------------------------------------------
CPU name:	Intel(R) Xeon(R) Gold 6132 CPU @ 2.60GHz
CPU type:	Intel Skylake SP processor
CPU clock:	2.59 GHz
--------------------------------------------------------------------------------
Region Solve, Group 1: MEM_DP
+-------------------+----------+----------+----------+----------+----------+----------+----------+----------+----------+----------+----------+----------+----------+----------+----------+
|    Region Info    |  Core 0  |  Core 1  |  Core 2  |  Core 3  |  Core 14 |  Core 15 |  Core 16 |  Core 17 |  Core 28 |  Core 29 |  Core 30 |  Core 31 |  Core 42 |  Core 43 |  Core 44 |
+-------------------+----------+----------+----------+----------+----------+----------+----------+----------+----------+----------+----------+----------+----------+----------+----------+
| RDTSC Runtime [s] | 3.926815 | 3.929293 | 3.929291 | 3.929293 | 3.926805 | 3.929288 | 3.929293 | 3.929286 | 3.926797 | 3.929290 | 3.929287 | 3.929287 | 3.926806 | 3.929288 | 3.929292 |
|     call count    |        1 |        1 |        1 |        1 |        1 |        1 |        1 |        1 |        1 |        1 |        1 |        1 |        1 |        1 |        1 |
+-------------------+----------+----------+----------+----------+----------+----------+----------+----------+----------+----------+----------+----------+----------+----------+----------+
+------------------------------------------+---------+-------------+-------------+-------------+-------------+-------------+-------------+-------------+-------------+-------------+-------------+-------------+-------------+------------+-------------+-------------+
|                   Event                  | Counter |    Core 0   |    Core 1   |    Core 2   |    Core 3   |   Core 14   |   Core 15   |   Core 16   |   Core 17   |   Core 28   |   Core 29   |   Core 30   |   Core 31   |   Core 42  |   Core 43   |   Core 44   |
+------------------------------------------+---------+-------------+-------------+-------------+-------------+-------------+-------------+-------------+-------------+-------------+-------------+-------------+-------------+------------+-------------+-------------+
|             INSTR_RETIRED_ANY            |  FIXC0  | 10833730000 | 10621700000 | 10374180000 | 10326160000 | 10129490000 | 10086740000 | 10150330000 |  9985166000 |  9930490000 |  9868421000 |  9755890000 |  9692825000 | 9842399000 |  9655453000 | 10419580000 |
|           CPU_CLK_UNHALTED_CORE          |  FIXC1  |  7362008000 |  7383805000 |  7408470000 |  7360139000 |  7375889000 |  7377293000 |  7286505000 |  7383683000 |  7378738000 |  7384322000 |  7383989000 |  7383103000 | 7177133000 |  7386236000 |  6178027000 |
|           CPU_CLK_UNHALTED_REF           |  FIXC2  | 10074330000 | 10104160000 | 10137920000 | 10071740000 | 10093320000 | 10095240000 |  9970997000 | 10104000000 | 10097220000 | 10104870000 | 10104420000 | 10103210000 | 9821189000 | 10107480000 |  8454799000 |
|              PWR_PKG_ENERGY              |   PWR0  |    145.8427 |           0 |           0 |           0 |    131.2110 |           0 |           0 |           0 |    138.4362 |           0 |           0 |           0 |   126.8810 |           0 |           0 |
|              PWR_DRAM_ENERGY             |   PWR3  |     14.9971 |           0 |           0 |           0 |     14.8772 |           0 |           0 |           0 |     10.9715 |           0 |           0 |           0 |    12.6750 |           0 |           0 |
| FP_ARITH_INST_RETIRED_128B_PACKED_DOUBLE |   PMC0  |       22816 |           0 |           0 |           0 |           0 |           0 |           0 |           0 |           0 |           0 |           0 |           0 |          0 |           0 |           0 |
|    FP_ARITH_INST_RETIRED_SCALAR_DOUBLE   |   PMC1  |  3187999000 |  3131973000 |  3063279000 |  3017381000 |  2981115000 |  2962184000 |  2937032000 |  2918959000 |  2902068000 |  2895484000 |  2863616000 |  2841764000 | 2844928000 |  2841705000 |  2801400000 |
| FP_ARITH_INST_RETIRED_256B_PACKED_DOUBLE |   PMC2  |       26128 |           0 |           0 |           0 |           0 |           0 |           0 |           0 |           0 |           0 |           0 |           0 |          0 |           0 |           0 |
| FP_ARITH_INST_RETIRED_512B_PACKED_DOUBLE |   PMC3  |       58742 |           0 |           0 |           0 |           0 |           0 |           0 |           0 |           0 |           0 |           0 |           0 |          0 |           0 |           0 |
|               CAS_COUNT_RD               | MBOX0C0 |     2257338 |           0 |           0 |           0 |     1477222 |           0 |           0 |           0 |     1111775 |           0 |           0 |           0 |     697050 |           0 |           0 |
|               CAS_COUNT_WR               | MBOX0C1 |     2309472 |           0 |           0 |           0 |     1596657 |           0 |           0 |           0 |     1174518 |           0 |           0 |           0 |     786424 |           0 |           0 |
|               CAS_COUNT_RD               | MBOX1C0 |     2187539 |           0 |           0 |           0 |     1483665 |           0 |           0 |           0 |     1264364 |           0 |           0 |           0 |     695744 |           0 |           0 |
|               CAS_COUNT_WR               | MBOX1C1 |     2246976 |           0 |           0 |           0 |     1600399 |           0 |           0 |           0 |     1332188 |           0 |           0 |           0 |     767495 |           0 |           0 |
|               CAS_COUNT_RD               | MBOX2C0 |     2275089 |           0 |           0 |           0 |     1475735 |           0 |           0 |           0 |     1147170 |           0 |           0 |           0 |     671939 |           0 |           0 |
|               CAS_COUNT_WR               | MBOX2C1 |     2200497 |           0 |           0 |           0 |     1606603 |           0 |           0 |           0 |     1224802 |           0 |           0 |           0 |     764028 |           0 |           0 |
|               CAS_COUNT_RD               | MBOX3C0 |     2353611 |           0 |           0 |           0 |     1430377 |           0 |           0 |           0 |     1137920 |           0 |           0 |           0 |     627143 |           0 |           0 |
|               CAS_COUNT_WR               | MBOX3C1 |     2179935 |           0 |           0 |           0 |     1554244 |           0 |           0 |           0 |     1201962 |           0 |           0 |           0 |     710660 |           0 |           0 |
|               CAS_COUNT_RD               | MBOX4C0 |     2072711 |           0 |           0 |           0 |     1415182 |           0 |           0 |           0 |     1070388 |           0 |           0 |           0 |     668228 |           0 |           0 |
|               CAS_COUNT_WR               | MBOX4C1 |     2130237 |           0 |           0 |           0 |     1532660 |           0 |           0 |           0 |     1136876 |           0 |           0 |           0 |     756451 |           0 |           0 |
|               CAS_COUNT_RD               | MBOX5C0 |     2121236 |           0 |           0 |           0 |     1433819 |           0 |           0 |           0 |     1095726 |           0 |           0 |           0 |     751073 |           0 |           0 |
|               CAS_COUNT_WR               | MBOX5C1 |     2115866 |           0 |           0 |           0 |     1545098 |           0 |           0 |           0 |     1153207 |           0 |           0 |           0 |     798298 |           0 |           0 |
+------------------------------------------+---------+-------------+-------------+-------------+-------------+-------------+-------------+-------------+-------------+-------------+-------------+-------------+-------------+------------+-------------+-------------+
+-----------------------------------------------+---------+--------------+------------+-------------+--------------+
|                     Event                     | Counter |      Sum     |     Min    |     Max     |      Avg     |
+-----------------------------------------------+---------+--------------+------------+-------------+--------------+
|             INSTR_RETIRED_ANY STAT            |  FIXC0  | 151672554000 | 9655453000 | 10833730000 |  10111503600 |
|           CPU_CLK_UNHALTED_CORE STAT          |  FIXC1  | 109209340000 | 6178027000 |  7408470000 | 7.280623e+09 |
|           CPU_CLK_UNHALTED_REF STAT           |  FIXC2  | 149444895000 | 8454799000 | 10137920000 |   9962993000 |
|              PWR_PKG_ENERGY STAT              |   PWR0  |     542.3709 |          0 |    145.8427 |      36.1581 |
|              PWR_DRAM_ENERGY STAT             |   PWR3  |      53.5208 |          0 |     14.9971 |       3.5681 |
| FP_ARITH_INST_RETIRED_128B_PACKED_DOUBLE STAT |   PMC0  |        22816 |          0 |       22816 |    1521.0667 |
|    FP_ARITH_INST_RETIRED_SCALAR_DOUBLE STAT   |   PMC1  |  44190887000 | 2801400000 |  3187999000 | 2.946059e+09 |
| FP_ARITH_INST_RETIRED_256B_PACKED_DOUBLE STAT |   PMC2  |        26128 |          0 |       26128 |    1741.8667 |
| FP_ARITH_INST_RETIRED_512B_PACKED_DOUBLE STAT |   PMC3  |        58742 |          0 |       58742 |    3916.1333 |
|               CAS_COUNT_RD STAT               | MBOX0C0 |      5543385 |          0 |     2257338 |       369559 |
|               CAS_COUNT_WR STAT               | MBOX0C1 |      5867071 |          0 |     2309472 |  391138.0667 |
|               CAS_COUNT_RD STAT               | MBOX1C0 |      5631312 |          0 |     2187539 |  375420.8000 |
|               CAS_COUNT_WR STAT               | MBOX1C1 |      5947058 |          0 |     2246976 |  396470.5333 |
|               CAS_COUNT_RD STAT               | MBOX2C0 |      5569933 |          0 |     2275089 |  371328.8667 |
|               CAS_COUNT_WR STAT               | MBOX2C1 |      5795930 |          0 |     2200497 |  386395.3333 |
|               CAS_COUNT_RD STAT               | MBOX3C0 |      5549051 |          0 |     2353611 |  369936.7333 |
|               CAS_COUNT_WR STAT               | MBOX3C1 |      5646801 |          0 |     2179935 |  376453.4000 |
|               CAS_COUNT_RD STAT               | MBOX4C0 |      5226509 |          0 |     2072711 |  348433.9333 |
|               CAS_COUNT_WR STAT               | MBOX4C1 |      5556224 |          0 |     2130237 |  370414.9333 |
|               CAS_COUNT_RD STAT               | MBOX5C0 |      5401854 |          0 |     2121236 |  360123.6000 |
|               CAS_COUNT_WR STAT               | MBOX5C1 |      5612469 |          0 |     2115866 |  374164.6000 |
+-----------------------------------------------+---------+--------------+------------+-------------+--------------+
+-----------------------------------+-----------+-----------+-----------+-----------+-----------+-----------+-----------+-----------+-----------+-----------+-----------+-----------+-----------+-----------+-----------+
|               Metric              |   Core 0  |   Core 1  |   Core 2  |   Core 3  |  Core 14  |  Core 15  |  Core 16  |  Core 17  |  Core 28  |  Core 29  |  Core 30  |  Core 31  |  Core 42  |  Core 43  |  Core 44  |
+-----------------------------------+-----------+-----------+-----------+-----------+-----------+-----------+-----------+-----------+-----------+-----------+-----------+-----------+-----------+-----------+-----------+
|        Runtime (RDTSC) [s]        |    3.9268 |    3.9293 |    3.9293 |    3.9293 |    3.9268 |    3.9293 |    3.9293 |    3.9293 |    3.9268 |    3.9293 |    3.9293 |    3.9293 |    3.9268 |    3.9293 |    3.9293 |
|        Runtime unhalted [s]       |    2.8383 |    2.8467 |    2.8563 |    2.8376 |    2.8437 |    2.8442 |    2.8092 |    2.8467 |    2.8448 |    2.8469 |    2.8468 |    2.8465 |    2.7671 |    2.8477 |    2.3819 |
|            Clock [MHz]            | 1895.4485 | 1895.4480 | 1895.4465 | 1895.4546 | 1895.4494 | 1895.4497 | 1895.4510 | 1895.4467 | 1895.4492 | 1895.4475 | 1895.4465 | 1895.4460 | 1895.4782 | 1895.4493 | 1895.3019 |
|                CPI                |    0.6795 |    0.6952 |    0.7141 |    0.7128 |    0.7282 |    0.7314 |    0.7179 |    0.7395 |    0.7430 |    0.7483 |    0.7569 |    0.7617 |    0.7292 |    0.7650 |    0.5929 |
|             Energy [J]            |  145.8427 |         0 |         0 |         0 |  131.2110 |         0 |         0 |         0 |  138.4362 |         0 |         0 |         0 |  126.8810 |         0 |         0 |
|             Power [W]             |   37.1402 |         0 |         0 |         0 |   33.4142 |         0 |         0 |         0 |   35.2542 |         0 |         0 |         0 |   32.3115 |         0 |         0 |
|          Energy DRAM [J]          |   14.9971 |         0 |         0 |         0 |   14.8772 |         0 |         0 |         0 |   10.9715 |         0 |         0 |         0 |   12.6750 |         0 |         0 |
|           Power DRAM [W]          |    3.8192 |         0 |         0 |         0 |    3.7886 |         0 |         0 |         0 |    2.7940 |         0 |         0 |         0 |    3.2278 |         0 |         0 |
|            DP [MFLOP/s]           |  812.0115 |  797.0831 |  779.6010 |  767.9196 |  759.1706 |  753.8730 |  747.4709 |  742.8726 |  739.0420 |  736.8975 |  728.7877 |  723.2264 |  724.4891 |  723.2112 |  712.9529 |
|          AVX DP [MFLOP/s]         |    0.1463 |         0 |         0 |         0 |         0 |         0 |         0 |         0 |         0 |         0 |         0 |         0 |         0 |         0 |         0 |
|          Packed [MUOPS/s]         |    0.0274 |         0 |         0 |         0 |         0 |         0 |         0 |         0 |         0 |         0 |         0 |         0 |         0 |         0 |         0 |
|          Scalar [MUOPS/s]         |  811.8536 |  797.0831 |  779.6010 |  767.9196 |  759.1706 |  753.8730 |  747.4709 |  742.8726 |  739.0420 |  736.8975 |  728.7877 |  723.2264 |  724.4891 |  723.2112 |  712.9529 |
|  Memory read bandwidth [MBytes/s] |  216.2367 |         0 |         0 |         0 |  142.0554 |         0 |         0 |         0 |  111.2739 |         0 |         0 |         0 |   67.0049 |         0 |         0 |
|  Memory read data volume [GBytes] |    0.8491 |         0 |         0 |         0 |    0.5578 |         0 |         0 |         0 |    0.4369 |         0 |         0 |         0 |    0.2631 |         0 |         0 |
| Memory write bandwidth [MBytes/s] |  214.8588 |         0 |         0 |         0 |  153.7846 |         0 |         0 |         0 |  117.7314 |         0 |         0 |         0 |   74.7006 |         0 |         0 |
| Memory write data volume [GBytes] |    0.8437 |         0 |         0 |         0 |    0.6039 |         0 |         0 |         0 |    0.4623 |         0 |         0 |         0 |    0.2933 |         0 |         0 |
|    Memory bandwidth [MBytes/s]    |  431.0955 |         0 |         0 |         0 |  295.8401 |         0 |         0 |         0 |  229.0053 |         0 |         0 |         0 |  141.7055 |         0 |         0 |
|    Memory data volume [GBytes]    |    1.6928 |         0 |         0 |         0 |    1.1617 |         0 |         0 |         0 |    0.8993 |         0 |         0 |         0 |    0.5565 |         0 |         0 |
|       Operational intensity       |    1.8836 |    1.8501 |    1.8096 |    1.7824 |    2.5662 |    2.5499 |    2.5282 |    2.5126 |    3.2272 |    3.2199 |    3.1844 |    3.1601 |    5.1126 |    5.1068 |    5.0344 |
+-----------------------------------+-----------+-----------+-----------+-----------+-----------+-----------+-----------+-----------+-----------+-----------+-----------+-----------+-----------+-----------+-----------+
+----------------------------------------+------------+-----------+-----------+-----------+
|                 Metric                 |     Sum    |    Min    |    Max    |    Avg    |
+----------------------------------------+------------+-----------+-----------+-----------+
|        Runtime (RDTSC) [s] STAT        |    58.9295 |    3.9268 |    3.9293 |    3.9286 |
|        Runtime unhalted [s] STAT       |    42.1044 |    2.3819 |    2.8563 |    2.8070 |
|            Clock [MHz] STAT            | 28431.6130 | 1895.3019 | 1895.4782 | 1895.4409 |
|                CPI STAT                |    10.8156 |    0.5929 |    0.7650 |    0.7210 |
|             Energy [J] STAT            |   542.3709 |         0 |  145.8427 |   36.1581 |
|             Power [W] STAT             |   138.1201 |         0 |   37.1402 |    9.2080 |
|          Energy DRAM [J] STAT          |    53.5208 |         0 |   14.9971 |    3.5681 |
|           Power DRAM [W] STAT          |    13.6296 |         0 |    3.8192 |    0.9086 |
|            DP [MFLOP/s] STAT           | 11248.6091 |  712.9529 |  812.0115 |  749.9073 |
|          AVX DP [MFLOP/s] STAT         |     0.1463 |         0 |    0.1463 |    0.0098 |
|          Packed [MUOPS/s] STAT         |     0.0274 |         0 |    0.0274 |    0.0018 |
|          Scalar [MUOPS/s] STAT         | 11248.4512 |  712.9529 |  811.8536 |  749.8967 |
|  Memory read bandwidth [MBytes/s] STAT |   536.5709 |         0 |  216.2367 |   35.7714 |
|  Memory read data volume [GBytes] STAT |     2.1069 |         0 |    0.8491 |    0.1405 |
| Memory write bandwidth [MBytes/s] STAT |   561.0754 |         0 |  214.8588 |   37.4050 |
| Memory write data volume [GBytes] STAT |     2.2032 |         0 |    0.8437 |    0.1469 |
|    Memory bandwidth [MBytes/s] STAT    |  1097.6464 |         0 |  431.0955 |   73.1764 |
|    Memory data volume [GBytes] STAT    |     4.3103 |         0 |    1.6928 |    0.2874 |
|       Operational intensity STAT       |    45.5280 |    1.7824 |    5.1126 |    3.0352 |
+----------------------------------------+------------+-----------+-----------+-----------+
